6 0.0359375 0.38046875 0.07109375 0.16171875
6 0.19609375 0.3921875 0.16875 0.17734375
6 0.4328125 0.1875 0.23359375 0.24140625
6 0.81484375 0.24765625 0.0953125 0.09609375
6 0.8125 0.41328125 0.0953125 0.11875
6 0.81015625 0.55390625 0.1625 0.16875
6 0.41328125 0.47109375 0.09921875 0.08984375
6 0.39921875 0.53359375 0.08359375 0.05390625
6 0.38359375 0.5828125 0.075 0.0578125
6 0.3953125 0.63671875 0.0875 0.0625
6 0.3953125 0.7203125 0.11875 0.1046875
6 0.3703125 0.8765625 0.06796875 0.0609375
6 0.81796875 0.8578125 0.11953125 0.0859375