6 0.2921875 0.12734375 0.0984375 0.0640625
6 0.33125 0.040625 0.115625 0.08125
6 0.6703125 0.14375 0.09765625 0.1125
6 0.7359375 0.040625 0.04296875 0.05390625
6 0.9296875 0.2609375 0.1125 0.11875
6 0.871875 0.32890625 0.06953125 0.084375
6 0.5171875 0.3109375 0.1171875 0.1203125
6 0.40703125 0.4296875 0.103125 0.0796875
6 0.37578125 0.475 0.10390625 0.078125
6 0.33671875 0.51484375 0.0921875 0.0765625
6 0.2546875 0.603125 0.06875 0.065625
6 0.0265625 0.490625 0.053125 0.090625
6 0.109375 0.77578125 0.10078125 0.0984375
6 0.06796875 0.83203125 0.134375 0.1234375
6 0.046875 0.95859375 0.09375 0.0828125
6 0.603125 0.61796875 0.1015625 0.125
6 0.81796875 0.93359375 0.12265625 0.1328125
6 0.9515625 0.90078125 0.09609375 0.07734375