6 0.09375 0.09453125 0.0703125 0.06796875
6 0.26796875 0.07421875 0.140625 0.11953125
6 0.2359375 0.034375 0.090625 0.06875
6 0.24453125 0.2578125 0.20859375 0.22265625
6 0.259375 0.22421875 0.159375 0.1578125
6 0.20546875 0.565625 0.27890625 0.2953125
6 0.3640625 0.665625 0.259375 0.2265625
6 0.446875 0.5703125 0.1546875 0.1203125
6 0.18125 0.4109375 0.1015625 0.0703125
6 0.70390625 0.1390625 0.3359375 0.278125
6 0.06171875 0.76484375 0.12265625 0.1546875
6 0.2015625 0.74375 0.1265625 0.09375
6 0.171875 0.83046875 0.13984375 0.13359375
6 0.54375 0.74375 0.17578125 0.25390625
6 0.4484375 0.93046875 0.0953125 0.1109375