6 0.2984375 0.48671875 0.053125 0.0578125
6 0.43046875 0.415625 0.04375 0.0453125
6 0.4125 0.51015625 0.03984375 0.04453125
6 0.51171875 0.45625 0.0453125 0.05390625
6 0.3265625 0.571875 0.053125 0.06171875
6 0.40703125 0.60546875 0.04765625 0.0421875
6 0.50703125 0.54609375 0.05 0.05625
6 0.60625 0.48828125 0.04140625 0.04453125
6 0.60390625 0.3921875 0.0484375 0.0578125
6 0.51953125 0.359375 0.0578125 0.059375
6 0.44140625 0.3453125 0.0671875 0.05
6 0.37578125 0.38828125 0.0625 0.06015625
6 0.5390625 0.28671875 0.0765625 0.0703125
6 0.61171875 0.2921875 0.05703125 0.05390625
6 0.628125 0.2359375 0.05859375 0.0609375
6 0.69609375 0.2546875 0.04921875 0.06171875
6 0.69765625 0.33203125 0.06640625 0.07109375
6 0.77890625 0.3828125 0.0484375 0.04921875
6 0.2734375 0.2859375 0.04921875 0.0453125
6 0.65390625 0.0265625 0.0546875 0.0484375
6 0.6078125 0.0578125 0.07421875 0.07109375
6 0.5546875 0.0875 0.075 0.0734375
6 0.5109375 0.121875 0.053125 0.0546875
6 0.46171875 0.15625 0.04921875 0.04453125
6 0.41875 0.18125 0.04453125 0.046875
6 0.3625 0.215625 0.046875 0.05546875
6 0.3203125 0.24921875 0.03671875 0.034375
6 0.54140625 0.7953125 0.07734375 0.07265625
6 0.575 0.8765625 0.08125 0.08671875
6 0.6375 0.7390625 0.10703125 0.08359375
6 0.61328125 0.66484375 0.09609375 0.07421875
6 0.66328125 0.8140625 0.08515625 0.06875