6 0.246875 0.153125 0.11796875 0.12421875
6 0.17734375 0.2890625 0.1484375 0.128125
6 0.0796875 0.44609375 0.159375 0.1921875
6 0.02109375 0.36796875 0.0421875 0.078125
6 0.184375 0.63984375 0.1703125 0.22734375
6 0.37734375 0.6046875 0.13671875 0.134375
6 0.44765625 0.51015625 0.15625 0.13359375
6 0.29140625 0.47421875 0.125 0.1234375
6 0.2828125 0.37421875 0.14921875 0.11953125
6 0.46953125 0.1125 0.2421875 0.225
6 0.903125 0.0734375 0.12109375 0.146875
6 0.884375 0.2921875 0.1390625 0.12890625
6 0.54140625 0.30859375 0.14375 0.125
6 0.53828125 0.42734375 0.08046875 0.10390625
6 0.72890625 0.3984375 0.10546875 0.10546875
6 0.8953125 0.578125 0.03203125 0.04296875
6 0.93671875 0.684375 0.12578125 0.16171875
6 0.5609375 0.66484375 0.15390625 0.13359375
6 0.75546875 0.7859375 0.15390625 0.13203125
6 0.9171875 0.8078125 0.165625 0.153125
6 0.94140625 0.9328125 0.11640625 0.134375
6 0.82109375 0.8984375 0.12421875 0.1234375
6 0.278125 0.7703125 0.12578125 0.15703125
6 0.40078125 0.85859375 0.1484375 0.16953125
6 0.053125 0.753125 0.10625 0.159375
6 0.1828125 0.89609375 0.265625 0.2078125
6 0.5671875 0.75859375 0.1328125 0.09453125