4 0.24765625 0.246875 0.296875 0.22265625
4 0.07421875 0.2375 0.1484375 0.134375
6 0.384375 0.1890625 0.0375 0.0640625
6 0.43203125 0.2125 0.0484375 0.0484375
6 0.45703125 0.18125 0.0671875 0.071875
6 0.54140625 0.034375 0.0703125 0.06875
6 0.76875 0.1890625 0.11328125 0.1484375
6 0.8796875 0.1171875 0.0375 0.03828125
6 0.9421875 0.0546875 0.0296875 0.03515625
6 0.853125 0.02890625 0.0953125 0.05703125
6 0.25390625 0.39609375 0.1234375 0.09296875
6 0.04453125 0.42734375 0.0890625 0.0953125
6 0.29609375 0.5015625 0.075 0.06796875
6 0.23828125 0.68828125 0.07265625 0.07734375
6 0.23203125 0.771875 0.0890625 0.08515625
4 0.32421875 0.684375 0.084375 0.07109375
4 0.2796875 0.8578125 0.06015625 0.0703125
4 0.11171875 0.9796875 0.08671875 0.03984375
4 0.47421875 0.9671875 0.0828125 0.065625
4 0.57109375 0.825 0.1625 0.17734375
0 0.49921875 0.84296875 0.06953125 0.0953125
0 0.6 0.715625 0.103125 0.07890625
6 0.61953125 0.60625 0.0890625 0.08203125
6 0.728125 0.6078125 0.0890625 0.07421875
6 0.8015625 0.753125 0.2359375 0.2234375
6 0.853125 0.92265625 0.0546875 0.0671875