6 0.78828125 0.53359375 0.1546875 0.17421875
6 0.35859375 0.6875 0.09375 0.0953125
6 0.4265625 0.7484375 0.07109375 0.071875
6 0.4765625 0.80546875 0.0703125 0.07265625
6 0.51171875 0.88828125 0.0734375 0.07890625
6 0.41171875 0.95 0.06484375 0.0734375
6 0.3765625 0.97109375 0.03203125 0.034375
6 0.403125 0.84921875 0.05 0.0578125
6 0.34765625 0.584375 0.05234375 0.04453125
6 0.29921875 0.61875 0.1 0.09453125
6 0.2328125 0.66875 0.0921875 0.08046875
6 0.19375 0.59296875 0.0953125 0.0859375
6 0.06640625 0.59296875 0.1328125 0.103125
6 0.10078125 0.55546875 0.06015625 0.0375
6 0.10390625 0.6625 0.09375 0.0640625
6 0.16171875 0.71484375 0.103125 0.09453125
6 0.08515625 0.771875 0.1234375 0.10078125
6 0.04140625 0.6953125 0.0828125 0.1234375
6 0.02265625 0.83125 0.0453125 0.08828125
6 0.21875 0.803125 0.1328125 0.09765625
6 0.13828125 0.86171875 0.128125 0.10390625
6 0.05859375 0.91640625 0.1078125 0.10859375
6 0.17734375 0.93515625 0.08359375 0.07265625
6 0.2578125 0.86796875 0.06875 0.053125
6 0.29609375 0.9359375 0.12421875 0.11328125
6 0.73046875 0.11953125 0.17734375 0.153125
6 0.875 0.0828125 0.16640625 0.1640625