6 0.19921875 0.403125 0.11328125 0.1078125
6 0.0765625 0.25859375 0.10234375 0.09453125
6 0.03203125 0.56640625 0.0640625 0.1171875
6 0.07265625 0.7 0.14453125 0.1421875
6 0.46328125 0.8015625 0.14453125 0.1234375
6 0.29375 0.86796875 0.09453125 0.1265625
6 0.246875 0.70546875 0.1328125 0.1453125
6 0.2203125 0.628125 0.109375 0.0921875
6 0.63671875 0.05625 0.1109375 0.1125
6 0.809375 0.28828125 0.184375 0.20546875
6 0.91015625 0.36953125 0.17890625 0.17890625
6 0.90234375 0.53515625 0.1953125 0.1828125