6 0.74765625 0.05234375 0.06328125 0.059375
6 0.70546875 0.0921875 0.05546875 0.05078125
6 0.67109375 0.12109375 0.05234375 0.05390625
6 0.6421875 0.1890625 0.04375 0.05703125
6 0.60234375 0.22890625 0.0578125 0.05078125
6 0.56796875 0.2765625 0.06171875 0.0515625
6 0.5296875 0.31484375 0.05 0.040625
6 0.49375 0.3609375 0.03359375 0.03515625
6 0.45625 0.40390625 0.0484375 0.0453125
6 0.42265625 0.453125 0.0625 0.05859375
6 0.38359375 0.5015625 0.0640625 0.05390625
6 0.30390625 0.58671875 0.07734375 0.0625
6 0.23359375 0.671875 0.065625 0.06640625
6 0.190625 0.72265625 0.07734375 0.06796875
6 0.165625 0.76875 0.06484375 0.06953125
6 0.09140625 0.85390625 0.0765625 0.06953125
6 0.04921875 0.8953125 0.06328125 0.06328125
6 0.02734375 0.946875 0.03359375 0.03125