7 0.56953125 0.16953125 0.8609375 0.3390625
3 0.271875 0.40234375 0.0640625 0.06015625
3 0.20546875 0.41171875 0.06328125 0.06875
3 0.14296875 0.421875 0.0546875 0.0640625
3 0.10703125 0.409375 0.0671875 0.08515625
3 0.15 0.5 0.05703125 0.0484375
3 0.190625 0.52421875 0.06171875 0.05703125
3 0.05625 0.5203125 0.05234375 0.03828125
3 0.0625 0.66171875 0.078125 0.05390625
3 0.140625 0.66796875 0.0734375 0.06171875
3 0.2046875 0.5984375 0.06328125 0.06640625
3 0.2234375 0.6875 0.0796875 0.084375
3 0.5703125 0.9296875 0.05859375 0.05546875
3 0.6203125 0.97578125 0.04453125 0.0484375
6 0.47109375 0.83359375 0.18359375 0.17265625
3 0.49921875 0.90703125 0.04375 0.04140625
6 0.18359375 0.2 0.1265625 0.196875
6 0.19453125 0.03828125 0.071875 0.0765625
6 0.48359375 0.03203125 0.1265625 0.0640625
6 0.459375 0.09765625 0.18359375 0.10625
6 0.4359375 0.2046875 0.1046875 0.1203125
6 0.36484375 0.278125 0.14296875 0.1421875
6 0.35390625 0.15390625 0.11484375 0.09140625
6 0.3859375 0.39453125 0.11796875 0.1203125
6 0.48984375 0.4078125 0.12421875 0.13046875
6 0.6890625 0.153125 0.2078125 0.1703125
6 0.646875 0.2984375 0.19609375 0.13203125
6 0.5875 0.38046875 0.128125 0.09453125
6 0.5171875 0.246875 0.14765625 0.17578125
6 0.90703125 0.10859375 0.16953125 0.11015625
6 0.78828125 0.2125 0.1890625 0.18828125
6 0.9421875 0.2375 0.115625 0.196875
6 0.8515625 0.371875 0.1609375 0.18515625
6 0.9078125 0.44453125 0.1828125 0.1828125
6 0.91015625 0.60625 0.178125 0.2109375
6 0.77578125 0.61640625 0.175 0.20234375
6 0.12265625 0.59765625 0.08984375 0.07890625
6 0.08984375 0.79375 0.1453125 0.17421875
6 0.03984375 0.91015625 0.0796875 0.0984375
6 0.19453125 0.89921875 0.07109375 0.06796875
6 0.4203125 0.5703125 0.22109375 0.22578125
6 0.590625 0.7609375 0.1828125 0.15859375
3 0.278125 0.11015625 0.07265625 0.09765625
3 0.26484375 0.0234375 0.05625 0.04609375
3 0.28125 0.16484375 0.06796875 0.0640625