6 0.43359375 0.3703125 0.11015625 0.1203125
6 0.3328125 0.328125 0.12109375 0.0765625
6 0.29375 0.45078125 0.125 0.12265625
6 0.128125 0.45859375 0.034375 0.03046875
6 0.12265625 0.55390625 0.028125 0.021875
6 0.11484375 0.65625 0.0296875 0.02109375
6 0.11015625 0.759375 0.034375 0.0234375
6 0.103125 0.86171875 0.0375 0.0265625
6 0.0921875 0.9609375 0.034375 0.02890625
6 0.42578125 0.8671875 0.10625 0.11640625
6 0.59765625 0.9328125 0.2234375 0.134375
6 0.6828125 0.36640625 0.1078125 0.13515625
6 0.7875 0.3796875 0.109375 0.153125
6 0.76953125 0.55703125 0.10234375 0.08984375
6 0.64609375 0.4234375 0.071875 0.07109375
6 0.746875 0.46328125 0.07265625 0.0625
6 0.83828125 0.603125 0.06640625 0.0546875
6 0.91171875 0.63671875 0.06328125 0.0484375
6 0.97890625 0.67421875 0.0421875 0.0484375
6 0.7140625 0.62421875 0.08984375 0.103125
6 0.74609375 0.71171875 0.090625 0.078125
6 0.69296875 0.725 0.07421875 0.07421875
6 0.7140625 0.8 0.08203125 0.075
6 0.8359375 0.73671875 0.1015625 0.0921875
6 0.9375 0.803125 0.1078125 0.12265625
6 0.85625 0.83828125 0.0953125 0.1125