6 0.84609375 0.63046875 0.1109375 0.14453125
6 0.88984375 0.4640625 0.09765625 0.115625
6 0.81171875 0.51640625 0.0625 0.0703125
6 0.96328125 0.378125 0.0734375 0.1640625
6 0.92421875 0.321875 0.0828125 0.15078125
3 0.79609375 0.42578125 0.0546875 0.08359375
3 0.64609375 0.4328125 0.04296875 0.03359375
3 0.64375 0.46484375 0.05703125 0.034375
3 0.61171875 0.51171875 0.0421875 0.04765625
3 0.6484375 0.5390625 0.04453125 0.03828125
3 0.76640625 0.76640625 0.08203125 0.0796875
6 0.44453125 0.946875 0.12421875 0.10625
6 0.18203125 0.94921875 0.05078125 0.05
6 0.25546875 0.9640625 0.05546875 0.053125
6 0.303125 0.478125 0.08515625 0.109375
6 0.9546875 0.20625 0.07265625 0.0859375
3 0.7234375 0.43046875 0.04140625 0.04296875
3 0.6265625 0.6671875 0.04296875 0.0578125