6 0.1046875 0.14296875 0.12109375 0.153125
6 0.05 0.196875 0.1 0.12421875
6 0.171875 0.32265625 0.11953125 0.14609375
6 0.0625 0.31875 0.103125 0.0890625
6 0.0734375 0.40390625 0.1109375 0.10703125
6 0.0203125 0.51640625 0.040625 0.07734375
6 0.04375 0.56953125 0.0796875 0.0765625
6 0.46640625 0.534375 0.13671875 0.11796875
6 0.14375 0.74296875 0.11484375 0.1109375
6 0.59609375 0.884375 0.05 0.05703125
6 0.55078125 0.91640625 0.05 0.05390625
6 0.58984375 0.95625 0.1359375 0.0875
6 0.77421875 0.878125 0.1125 0.09453125
6 0.7171875 0.809375 0.071875 0.075
6 0.84296875 0.89609375 0.03203125 0.028125
6 0.890625 0.978125 0.12890625 0.04375
6 0.6 0.446875 0.06796875 0.07265625
6 0.69375 0.3734375 0.10859375 0.11328125
6 0.78125 0.32421875 0.09765625 0.0828125