6 0.3515625 0.63359375 0.14609375 0.11328125
6 0.33359375 0.51015625 0.146875 0.1453125
6 0.32265625 0.3890625 0.08515625 0.08671875
6 0.05 0.1578125 0.1 0.15
6 0.12578125 0.21796875 0.10234375 0.134375
6 0.18203125 0.128125 0.159375 0.10234375
6 0.24140625 0.24296875 0.1703125 0.146875
6 0.08515625 0.37734375 0.13046875 0.11953125
6 0.13671875 0.45859375 0.08125 0.06953125
6 0.05625 0.46875 0.08046875 0.0796875
6 0.021875 0.334375 0.04375 0.08125
6 0.17578125 0.4125 0.07421875 0.09140625
6 0.19375 0.35859375 0.08125 0.0734375
6 0.25234375 0.34765625 0.06875 0.05546875
6 0.25625 0.434375 0.08359375 0.06484375
6 0.0609375 0.74609375 0.09140625 0.09453125
6 0.14140625 0.83984375 0.17265625 0.18046875
6 0.27734375 0.8421875 0.09765625 0.1203125