6 0.42734375 0.39296875 0.121875 0.11875
6 0.58671875 0.23984375 0.1265625 0.115625
6 0.60078125 0.4109375 0.1453125 0.14296875
6 0.26171875 0.24609375 0.17109375 0.146875
6 0.2484375 0.08515625 0.16796875 0.15234375
6 0.4046875 0.06015625 0.14375 0.1203125
6 0.0828125 0.0734375 0.14765625 0.14140625
6 0.25234375 0.42578125 0.19921875 0.16328125
6 0.096875 0.42421875 0.16875 0.16484375
6 0.5734375 0.0703125 0.09609375 0.10390625
6 0.71484375 0.08359375 0.1015625 0.11484375
6 0.73984375 0.2609375 0.12890625 0.1296875
6 0.275 0.56171875 0.13984375 0.10234375
6 0.10546875 0.5375 0.2015625 0.1421875
6 0.43046875 0.5515625 0.15390625 0.1203125
6 0.56328125 0.53359375 0.15390625 0.1375