6 0.5984375 0.590625 0.125 0.1390625
6 0.3921875 0.590625 0.1 0.09765625
6 0.22734375 0.57109375 0.13828125 0.16640625
6 0.25703125 0.7359375 0.1546875 0.13125
6 0.07578125 0.75 0.13359375 0.14765625
6 0.25234375 0.91328125 0.121875 0.15234375
6 0.4078125 0.9234375 0.1625 0.153125
6 0.57734375 0.93359375 0.1265625 0.1328125
6 0.58046875 0.75 0.1296875 0.15546875
6 0.73125 0.41015625 0.14609375 0.13828125
6 0.37421875 0.40859375 0.10390625 0.12421875
6 0.228125 0.41171875 0.11953125 0.09453125
6 0.0625 0.40234375 0.1171875 0.128125
6 0.06328125 0.54921875 0.10859375 0.1421875
6 0.21796875 0.25234375 0.04765625 0.059375
6 0.04375 0.1171875 0.0875 0.21875
6 0.38203125 0.0859375 0.11796875 0.10703125
6 0.72890625 0.8734375 0.08359375 0.0875
6 0.74296875 0.2328125 0.0640625 0.06484375
6 0.55625 0.2203125 0.096875 0.10234375
6 0.9375 0.0859375 0.0984375 0.078125
6 0.88671875 0.1953125 0.0609375 0.0421875