7 0.54375 0.23046875 0.9125 0.4609375
6 0.6203125 0.54375 0.23359375 0.17421875
6 0.4578125 0.6 0.153125 0.19140625
6 0.79453125 0.42109375 0.1953125 0.11796875
6 0.88671875 0.5859375 0.18828125 0.2203125
6 0.90859375 0.79375 0.1828125 0.203125
6 0.16875 0.32578125 0.18359375 0.178125
6 0.27578125 0.3765625 0.15 0.11796875
6 0.209375 0.20234375 0.22109375 0.14140625
6 0.32109375 0.290625 0.15 0.11796875
6 0.453125 0.2546875 0.12265625 0.11328125
6 0.375 0.18828125 0.109375 0.1265625
6 0.46171875 0.059375 0.134375 0.11875
6 0.66484375 0.16015625 0.115625 0.1328125
6 0.81953125 0.28125 0.1796875 0.175
6 0.9515625 0.28046875 0.096875 0.2140625