6 0.09609375 0.59375 0.1921875 0.1953125
6 0.10390625 0.73203125 0.2078125 0.13515625
6 0.10703125 0.89609375 0.2140625 0.20703125
6 0.58203125 0.94921875 0.146875 0.1015625
6 0.40859375 0.50234375 0.04765625 0.053125
6 0.3390625 0.5421875 0.08984375 0.078125
6 0.36015625 0.42109375 0.078125 0.06015625
6 0.3953125 0.32265625 0.17734375 0.1640625
6 0.4359375 0.1703125 0.11328125 0.0765625
6 0.44609375 0.08984375 0.11875 0.103125
6 0.49296875 0.0375 0.159375 0.075
6 0.7421875 0.0953125 0.1 0.11015625
6 0.84921875 0.196875 0.15859375 0.25234375
6 0.7765625 0.3921875 0.1109375 0.1078125