6 0.0984375 0.39453125 0.096875 0.075
6 0.07890625 0.159375 0.07890625 0.09140625
6 0.05234375 0.1078125 0.0484375 0.05
6 0.2921875 0.0609375 0.15078125 0.11640625
6 0.1484375 0.07578125 0.14140625 0.134375
6 0.19296875 0.0234375 0.0890625 0.046875
6 0.05546875 0.03203125 0.084375 0.0640625
6 0.025 0.0765625 0.05 0.0609375
6 0.60703125 0.03515625 0.1328125 0.0703125
6 0.48046875 0.10546875 0.0828125 0.0765625
6 0.42109375 0.1359375 0.09765625 0.1078125
6 0.35078125 0.19921875 0.09375 0.1
6 0.29609375 0.24296875 0.11171875 0.109375
6 0.240625 0.28359375 0.0796875 0.1078125
6 0.1859375 0.30390625 0.0671875 0.046875
6 0.20859375 0.7640625 0.06796875 0.053125
6 0.47578125 0.8984375 0.0890625 0.0578125
6 0.6609375 0.96875 0.121875 0.0625