6 0.41953125 0.2640625 0.12734375 0.16796875
6 0.3359375 0.4296875 0.21796875 0.17578125
6 0.20859375 0.2875 0.35703125 0.28046875
6 0.1703125 0.0734375 0.340625 0.146875
6 0.58046875 0.48671875 0.17890625 0.14765625
6 0.6984375 0.57890625 0.12421875 0.11640625
6 0.1046875 0.5609375 0.1125 0.125
4 0.25234375 0.66015625 0.171875 0.140625
4 0.171875 0.7640625 0.10859375 0.125
4 0.1015625 0.81171875 0.09921875 0.090625
4 0.5546875 0.6703125 0.13125 0.109375
4 0.70703125 0.8046875 0.17109375 0.1609375
4 0.96875 0.84375 0.0625 0.159375
4 0.87734375 0.715625 0.203125 0.16796875
4 0.95234375 0.53984375 0.0953125 0.2265625
4 0.978125 0.39296875 0.04375 0.0734375
4 0.91875 0.34453125 0.09921875 0.10390625
4 0.8375 0.328125 0.071875 0.05390625
4 0.7875 0.2453125 0.1265625 0.0984375
0 0.9234375 0.16328125 0.153125 0.32578125