6 0.13203125 0.74453125 0.178125 0.11953125
6 0.03671875 0.78671875 0.0734375 0.2234375
6 0.115625 0.66953125 0.10078125 0.06328125
6 0.1875 0.8234375 0.1046875 0.09609375
4 0.52265625 0.8625 0.096875 0.12421875
4 0.35390625 0.696875 0.084375 0.06953125
4 0.35078125 0.803125 0.209375 0.153125
4 0.50546875 0.765625 0.06328125 0.06953125
4 0.25390625 0.346875 0.0703125 0.075
4 0.20234375 0.28515625 0.07265625 0.0828125
4 0.2109375 0.18515625 0.075 0.0984375
4 0.09140625 0.28984375 0.08125 0.078125
4 0.09375 0.16875 0.04453125 0.046875
4 0.3171875 0.22578125 0.11796875 0.1265625
4 0.2359375 0.4359375 0.0703125 0.046875
4 0.43984375 0.53046875 0.05703125 0.04921875