6 0.25390625 0.60078125 0.19765625 0.20078125
6 0.51171875 0.6484375 0.12421875 0.1203125
6 0.4125 0.44296875 0.2125 0.19765625
6 0.52265625 0.8171875 0.17578125 0.175
6 0.49296875 0.9546875 0.09609375 0.08984375
6 0.0796875 0.8515625 0.1171875 0.1234375
6 0.1265625 0.7734375 0.16328125 0.14296875
6 0.11171875 0.659375 0.10078125 0.08125
4 0.18671875 0.31171875 0.103125 0.09453125
6 0.17578125 0.403125 0.0484375 0.0484375
2 0.18359375 0.43984375 0.08359375 0.05078125
2 0.19296875 0.48515625 0.09375 0.053125
4 0.9296875 0.1390625 0.075 0.05859375
4 0.86875 0.11015625 0.04921875 0.08671875
6 0.81171875 0.09296875 0.06015625 0.0796875
6 0.74921875 0.084375 0.06171875 0.078125
4 0.6921875 0.0859375 0.05859375 0.059375
6 0.63359375 0.071875 0.06171875 0.071875
4 0.5703125 0.07265625 0.05859375 0.07421875
4 0.45625 0.07265625 0.053125 0.0484375
4 0.51171875 0.07421875 0.04140625 0.03828125
4 0.40078125 0.07578125 0.04765625 0.04140625