1 0.45546875 0.884375 0.11953125 0.11875
1 0.10859375 0.30546875 0.12421875 0.11796875
1 0.50390625 0.7984375 0.0953125 0.1046875
1 0.33984375 0.8875 0.09921875 0.10234375
6 0.278125 0.48046875 0.16484375 0.14921875
6 0.32265625 0.43359375 0.0953125 0.11796875
1 0.08046875 0.4671875 0.09375 0.08515625
1 0.125 0.3828125 0.0828125 0.0765625
1 0.21796875 0.3578125 0.09296875 0.11015625
3 0.32734375 0.28984375 0.07890625 0.07421875
1 0.50625 0.959375 0.12578125 0.08125
1 0.54140625 0.6859375 0.1140625 0.096875
1 0.3546875 0.3421875 0.065625 0.04609375
6 0.2125 0.734375 0.10390625 0.08828125
1 0.2796875 0.31640625 0.03828125 0.03671875
6 0.97578125 0.146875 0.0484375 0.09609375
1 0.41171875 0.46796875 0.11015625 0.08671875
6 0.928125 0.0609375 0.04375 0.0453125
3 0.05 0.12734375 0.084375 0.0828125
6 0.11640625 0.80390625 0.2109375 0.24609375
1 0.0625 0.9359375 0.125 0.128125
6 0.1734375 0.5875 0.22421875 0.225
3 0.03515625 0.1 0.0625 0.06171875
3 0.2609375 0.27265625 0.08203125 0.06328125
3 0.26328125 0.2234375 0.0703125 0.06484375
3 0.22578125 0.2046875 0.0703125 0.084375
6 0.58984375 0.8390625 0.15078125 0.11953125
6 0.6078125 0.9203125 0.121875 0.08046875
3 0.665625 0.64375 0.08125 0.07578125
6 0.95078125 0.59609375 0.09765625 0.103125
6 0.2375 0.96171875 0.1546875 0.0765625