6 0.43359375 0.9421875 0.0453125 0.0890625
6 0.5234375 0.53125 0.103125 0.1203125
6 0.6328125 0.47890625 0.2140625 0.18125
6 0.478125 0.33828125 0.20390625 0.153125
6 0.4734375 0.08515625 0.2375 0.1703125
6 0.61328125 0.10390625 0.1953125 0.15
6 0.70703125 0.1765625 0.16796875 0.175
3 0.61640625 0.2921875 0.05546875 0.0546875
3 0.65390625 0.2765625 0.05078125 0.05
1 0.81953125 0.31640625 0.09375 0.14453125
3 0.9546875 0.31171875 0.0515625 0.0546875
3 0.94453125 0.26015625 0.05390625 0.05390625
3 0.9140625 0.32109375 0.0515625 0.0515625
3 0.89296875 0.271875 0.05078125 0.03828125
6 0.4453125 0.48125 0.22109375 0.2296875
1 0.57890625 0.24609375 0.0890625 0.08828125
1 0.5265625 0.2171875 0.09765625 0.103125
1 0.6546875 0.33515625 0.09765625 0.09140625
1 0.684375 0.40625 0.096875 0.0921875
1 0.77109375 0.37890625 0.0890625 0.08203125