1 0.6171875 0.19921875 0.084375 0.07109375
1 0.92421875 0.0546875 0.1515625 0.109375
6 0.68125 0.6625 0.140625 0.14921875
1 0.45390625 0.14765625 0.16875 0.16796875
1 0.1 0.3375 0.16640625 0.1625
1 0.078125 0.5796875 0.14765625 0.16171875
1 0.48046875 0.7265625 0.11328125 0.1078125
1 0.38203125 0.7234375 0.1140625 0.13984375
1 0.92265625 0.27265625 0.1546875 0.15234375
1 0.41171875 0.29765625 0.1703125 0.140625
1 0.93046875 0.14453125 0.1390625 0.15078125
1 0.0390625 0.67578125 0.078125 0.1546875
1 0.51953125 0.3609375 0.13984375 0.13515625
6 0.240625 0.77109375 0.1359375 0.1203125
1 0.834375 0.20078125 0.1484375 0.12890625
1 0.30390625 0.35703125 0.1328125 0.121875
1 0.7125 0.24453125 0.165625 0.178125
6 0.75859375 0.8625 0.1328125 0.13359375
6 0.8015625 0.659375 0.15234375 0.15546875
6 0.91015625 0.61171875 0.07109375 0.0765625
6 0.88984375 0.78359375 0.21953125 0.30390625
1 0.39765625 0.5359375 0.13828125 0.159375
1 0.5109375 0.48671875 0.1453125 0.17890625
1 0.6140625 0.55703125 0.140625 0.1359375
1 0.7140625 0.4921875 0.1421875 0.1421875
1 0.80625 0.5484375 0.18046875 0.16171875
1 0.92421875 0.5078125 0.15 0.15546875
1 0.828125 0.4453125 0.15625 0.12109375
1 0.92734375 0.390625 0.14375 0.1640625
1 0.6796875 0.10078125 0.15703125 0.1625
1 0.32734375 0.15859375 0.1390625 0.146875
1 0.10078125 0.20859375 0.17734375 0.1546875
1 0.30390625 0.46328125 0.13828125 0.14453125
1 0.19140625 0.5171875 0.15078125 0.16015625
1 0.30234375 0.58359375 0.165625 0.15
1 0.0890625 0.078125 0.17578125 0.15390625
1 0.2015625 0.16328125 0.134375 0.1078125
1 0.20703125 0.27265625 0.1671875 0.1484375
1 0.20234375 0.39375 0.13828125 0.1328125
1 0.2046875 0.6515625 0.15390625 0.1484375
1 0.5296875 0.67421875 0.134375 0.15390625
1 0.41875 0.40859375 0.15625 0.1421875
1 0.5140625 0.23515625 0.14765625 0.134375
1 0.57421875 0.1140625 0.13671875 0.16328125
1 0.61875 0.28984375 0.13984375 0.1421875
1 0.60390625 0.42265625 0.14765625 0.1515625
1 0.71953125 0.38046875 0.14609375 0.140625
1 0.8375 0.32421875 0.16328125 0.15390625
1 0.3046875 0.22578125 0.13046875 0.13203125
1 0.8078125 0.07265625 0.15390625 0.14453125
1 0.08828125 0.4484375 0.15390625 0.128125