6 0.17109375 0.0671875 0.11171875 0.096875
6 0.32734375 0.13359375 0.21328125 0.19609375
6 0.41640625 0.1765625 0.0875 0.090625
6 0.48515625 0.17109375 0.0984375 0.07265625
6 0.61484375 0.228125 0.14921875 0.14140625
6 0.47578125 0.23984375 0.09609375 0.09375
6 0.3890625 0.2609375 0.10859375 0.1046875
6 0.9671875 0.32890625 0.06484375 0.103125
6 0.84140625 0.38046875 0.08046875 0.07578125
6 0.86875 0.43984375 0.096875 0.078125
6 0.86640625 0.48515625 0.1 0.08359375
6 0.61953125 0.86328125 0.13671875 0.1140625
6 0.175 0.88984375 0.1125 0.11953125
6 0.1765625 0.97109375 0.11875 0.0578125
6 0.08984375 0.8875 0.11171875 0.1078125
6 0.22890625 0.6734375 0.2046875 0.21875
6 0.275 0.5015625 0.07265625 0.0609375