1 0.54453125 0.5875 0.08515625 0.1203125
1 0.06015625 0.0984375 0.11953125 0.1578125
1 0.2046875 0.1984375 0.1171875 0.13828125
1 0.09609375 0.25625 0.16484375 0.15390625
1 0.08203125 0.48046875 0.1609375 0.1796875
1 0.1046875 0.36875 0.171875 0.14921875
1 0.321875 0.31640625 0.11953125 0.10859375
1 0.29296875 0.39921875 0.1265625 0.1265625
1 0.40390625 0.4546875 0.14921875 0.1578125
1 0.28984375 0.50859375 0.1328125 0.14296875
1 0.171875 0.5796875 0.1625 0.15859375
1 0.06484375 0.7609375 0.1296875 0.1625
1 0.13984375 0.8109375 0.16484375 0.14375
1 0.36328125 0.946875 0.1765625 0.10625
1 0.4640625 0.8875 0.1296875 0.13203125
1 0.50390625 0.76796875 0.15234375 0.13203125
1 0.3859375 0.7203125 0.12421875 0.134375
1 0.2890625 0.7359375 0.1609375 0.1125
1 0.0703125 0.6171875 0.13984375 0.153125
1 0.3703125 0.596875 0.14765625 0.15546875
1 0.20234375 0.334375 0.1609375 0.1515625
1 0.08046875 0.91875 0.1609375 0.159375
1 0.271875 0.6390625 0.14140625 0.1359375
1 0.18125 0.4578125 0.14140625 0.13515625
1 0.49609375 0.525 0.10859375 0.121875
1 0.50703125 0.409375 0.1625 0.1515625
1 0.475 0.67265625 0.11796875 0.1296875
1 0.15859375 0.70390625 0.16796875 0.15625
1 0.396875 0.846875 0.1484375 0.15625
3 0.55546875 0.03671875 0.071875 0.0734375
3 0.50234375 0.08046875 0.078125 0.071875
3 0.553125 0.10859375 0.0671875 0.06796875
3 0.51953125 0.1375 0.07890625 0.05625