1 0.5125 0.803125 0.15546875 0.15
1 0.4765625 0.090625 0.1640625 0.1640625
1 0.36953125 0.28046875 0.146875 0.13984375
1 0.8640625 0.72265625 0.15 0.12578125
1 0.4734375 0.33671875 0.14921875 0.14375
1 0.34140625 0.86171875 0.13984375 0.14921875
1 0.5609375 0.6578125 0.15546875 0.14765625
1 0.0609375 0.91796875 0.11796875 0.12109375
1 0.58046875 0.16796875 0.159375 0.159375
1 0.115625 0.421875 0.1390625 0.175
1 0.05 0.7953125 0.1 0.1375
1 0.5828125 0.2828125 0.15234375 0.12109375
1 0.24140625 0.45078125 0.1484375 0.14921875
1 0.3140625 0.36015625 0.16484375 0.1359375
1 0.30390625 0.56640625 0.14921875 0.14609375
1 0.39921875 0.77421875 0.1375 0.15625
1 0.66875 0.70703125 0.1515625 0.13046875
1 0.15859375 0.93984375 0.14609375 0.1203125
1 0.1421875 0.8265625 0.16328125 0.1515625
1 0.25546875 0.91484375 0.1453125 0.1703125
1 0.23203125 0.77890625 0.18515625 0.16484375
1 0.084375 0.709375 0.16015625 0.1703125
1 0.1765625 0.66875 0.14453125 0.14609375
1 0.10234375 0.56171875 0.1484375 0.14921875
1 0.26015625 0.6359375 0.12890625 0.14140625
1 0.36015625 0.665625 0.15625 0.14453125
1 0.47265625 0.6671875 0.1625 0.14140625
1 0.428125 0.57265625 0.13125 0.12265625
1 0.3734375 0.45859375 0.15390625 0.16953125
1 0.4671875 0.44296875 0.1390625 0.16796875
1 0.57265625 0.3953125 0.17578125 0.16015625
1 0.5765625 0.52109375 0.15625 0.14609375
1 0.1796875 0.3421875 0.14375 0.1359375
1 0.25 0.26484375 0.146875 0.1265625
1 0.125 0.25703125 0.13671875 0.1359375
1 0.07421875 0.29921875 0.14609375 0.16796875
1 0.0703125 0.153125 0.13984375 0.15546875
1 0.11796875 0.07109375 0.14375 0.13125
1 0.18984375 0.15625 0.14375 0.13125
1 0.27734375 0.078125 0.13359375 0.13984375
1 0.29453125 0.19296875 0.13125 0.12890625
1 0.384375 0.12890625 0.1609375 0.15859375
1 0.48046875 0.2109375 0.12890625 0.14609375
1 0.6984375 0.2203125 0.14609375 0.153125
1 0.6984375 0.090625 0.15625 0.14453125
1 0.8046875 0.1640625 0.14921875 0.13984375
1 0.809375 0.05234375 0.153125 0.1046875
1 0.915625 0.10703125 0.1625 0.175
1 0.9046875 0.23828125 0.153125 0.14921875
1 0.790625 0.2921875 0.17734375 0.153125
1 0.68125 0.4609375 0.153125 0.17578125
1 0.7796875 0.41953125 0.1625 0.1734375
1 0.89609375 0.47734375 0.16953125 0.178125
1 0.778125 0.54375 0.146875 0.15390625
1 0.88671875 0.6046875 0.15546875 0.13984375
1 0.65390625 0.82890625 0.1609375 0.15625
1 0.73671875 0.81328125 0.1296875 0.15390625
1 0.55390625 0.89921875 0.13203125 0.16484375
1 0.4515625 0.884375 0.14453125 0.165625
1 0.653125 0.934375 0.14921875 0.13125
1 0.75703125 0.8984375 0.1515625 0.1421875
1 0.86640625 0.8453125 0.15859375 0.1515625
1 0.94765625 0.915625 0.1046875 0.16796875
1 0.8625 0.946875 0.14375 0.10625
1 0.95078125 0.79375 0.0984375 0.1625
1 0.95546875 0.66484375 0.0890625 0.1484375
1 0.19296875 0.5375 0.121875 0.1234375
1 0.67578125 0.5953125 0.13359375 0.13046875
1 0.90234375 0.35546875 0.14609375 0.159375