1 0.95546875 0.22421875 0.0890625 0.1328125
1 0.8984375 0.53046875 0.11015625 0.14765625
1 0.94765625 0.7203125 0.10390625 0.134375
1 0.946875 0.840625 0.10625 0.13828125
1 0.9453125 0.946875 0.10859375 0.10625
6 0.07265625 0.85546875 0.06328125 0.053125
6 0.59765625 0.11015625 0.1171875 0.09921875
6 0.50625 0.875 0.17265625 0.13984375
1 0.5796875 0.721875 0.1203125 0.103125
6 0.02109375 0.0328125 0.04140625 0.065625
1 0.709375 0.2 0.1078125 0.1078125
3 0.0203125 0.14375 0.03984375 0.0703125
6 0.02734375 0.81796875 0.05390625 0.0828125
1 0.78046875 0.0265625 0.090625 0.053125
1 0.6546875 0.8859375 0.13359375 0.13359375
1 0.66171875 0.03984375 0.1234375 0.07890625
3 0.5875 0.54140625 0.05859375 0.06328125
1 0.75078125 0.94296875 0.146875 0.1140625
3 0.63671875 0.46953125 0.0546875 0.03671875
6 0.4828125 0.971875 0.11328125 0.05625
1 0.87578125 0.79140625 0.16484375 0.13203125
6 0.41171875 0.8203125 0.08515625 0.07578125
1 0.8890625 0.3 0.12265625 0.15234375
1 0.76640625 0.83125 0.1328125 0.1234375
1 0.65703125 0.7765625 0.1578125 0.11796875
6 0.11171875 0.87890625 0.02734375 0.02578125
6 0.3265625 0.9578125 0.21875 0.084375
3 0.4125 0.9015625 0.0625 0.0703125
3 0.52734375 0.76640625 0.071875 0.0640625
1 0.53125 0.66953125 0.078125 0.07890625
3 0.72890625 0.31796875 0.0734375 0.0953125
1 0.82109375 0.20390625 0.14140625 0.1734375
1 0.80390625 0.38125 0.15859375 0.14765625
1 0.80390625 0.5 0.159375 0.1609375
1 0.80625 0.6265625 0.1640625 0.1328125
1 0.8625 0.703125 0.15859375 0.1421875
1 0.946875 0.6015625 0.10546875 0.15625
1 0.959375 0.48671875 0.08046875 0.13984375
1 0.90625 0.415625 0.14140625 0.15546875
1 0.91484375 0.06640625 0.1671875 0.1328125
1 0.8578125 0.8875 0.1234375 0.13203125
1 0.91953125 0.16640625 0.153125 0.1453125