1 0.64140625 0.2421875 0.153125 0.159375
1 0.6390625 0.4078125 0.14296875 0.1171875
1 0.9296875 0.375 0.140625 0.134375
1 0.846875 0.33203125 0.16015625 0.13671875
1 0.92578125 0.2609375 0.1453125 0.1671875
1 0.46171875 0.13828125 0.22734375 0.1828125
1 0.41171875 0.28046875 0.1609375 0.17109375
1 0.328125 0.35 0.11015625 0.13046875
1 0.2234375 0.3578125 0.15859375 0.16328125
1 0.15390625 0.27578125 0.165625 0.165625
1 0.68203125 0.49609375 0.10390625 0.12109375
1 0.571875 0.51796875 0.1546875 0.14765625
1 0.40859375 0.52890625 0.18828125 0.1609375
1 0.4765625 0.62109375 0.17734375 0.1890625
1 0.3078125 0.60546875 0.17109375 0.14921875
1 0.1796875 0.6359375 0.14296875 0.15859375
1 0.0765625 0.6375 0.15234375 0.1625
1 0.928125 0.8296875 0.14296875 0.140625
1 0.85 0.80625 0.1671875 0.1671875
1 0.74921875 0.74609375 0.13046875 0.121875
1 0.7 0.840625 0.18203125 0.184375
1 0.6109375 0.93203125 0.1671875 0.1359375
1 0.459375 0.79609375 0.1609375 0.1953125
1 0.334375 0.80546875 0.12421875 0.1125
1 0.23125 0.8265625 0.14296875 0.1390625
1 0.89921875 0.10859375 0.1546875 0.15390625
1 0.8984375 0.48359375 0.153125 0.12890625
1 0.76640625 0.6171875 0.19375 0.17734375
6 0.203125 0.1 0.11640625 0.11640625
1 0.61796875 0.790625 0.1453125 0.16015625
1 0.5125 0.36171875 0.178125 0.15546875
1 0.5140625 0.88046875 0.1453125 0.14609375
1 0.36953125 0.4390625 0.16328125 0.13984375
1 0.36640625 0.7078125 0.15546875 0.15234375
1 0.32421875 0.90703125 0.1546875 0.1359375
1 0.534375 0.70625 0.16015625 0.16328125
1 0.796875 0.909375 0.1640625 0.15859375
1 0.11953125 0.88671875 0.1359375 0.13125
1 0.23203125 0.51640625 0.171875 0.1546875
1 0.9375 0.72265625 0.12421875 0.1390625
1 0.21015625 0.940625 0.1359375 0.11875
6 0.03359375 0.88984375 0.0671875 0.08203125
1 0.62421875 0.61015625 0.1546875 0.175
1 0.2421875 0.73046875 0.146875 0.15703125
1 0.77890625 0.23203125 0.1703125 0.1640625
1 0.06484375 0.73984375 0.1296875 0.15
1 0.43125 0.9484375 0.15859375 0.103125
6 0.30703125 0.0765625 0.11171875 0.12421875
1 0.42734375 0.0421875 0.1265625 0.084375
3 0.76328125 0.0546875 0.06640625 0.075
3 0.796875 0.12265625 0.0671875 0.06796875
3 0.75078125 0.1171875 0.06328125 0.08203125
3 0.7265625 0.12578125 0.06328125 0.0671875
3 0.68203125 0.1375 0.06640625 0.0578125
3 0.78515625 0.08046875 0.0609375 0.05625