1 0.9203125 0.796875 0.1125 0.121875
1 0.05390625 0.53125 0.1078125 0.1515625
1 0.61640625 0.94609375 0.1265625 0.1078125
1 0.67578125 0.921875 0.071875 0.00390625
1 0.92109375 0.921875 0.13515625 0.13828125
1 0.896875 0.61875 0.121875 0.1265625
1 0.94140625 0.6796875 0.1171875 0.1671875
1 0.84140625 0.84921875 0.15234375 0.171875
1 0.7171875 0.9 0.1546875 0.165625
1 0.80234375 0.703125 0.16484375 0.14921875
1 0.6921875 0.65078125 0.178125 0.1734375
1 0.6046875 0.61640625 0.12109375 0.134375
1 0.5171875 0.6546875 0.1109375 0.13515625
1 0.63125 0.73359375 0.15859375 0.15625
1 0.52421875 0.77421875 0.14765625 0.1609375
1 0.53828125 0.87734375 0.15625 0.15234375
1 0.41328125 0.9328125 0.1609375 0.134375
1 0.20390625 0.92578125 0.15390625 0.14765625
1 0.1078125 0.85 0.1453125 0.146875
1 0.31796875 0.86796875 0.16015625 0.14921875
1 0.4421875 0.81328125 0.16484375 0.17109375
1 0.42421875 0.69453125 0.140625 0.14140625
1 0.33671875 0.75 0.13671875 0.1671875
1 0.221875 0.796875 0.134375 0.14921875
1 0.2359375 0.6765625 0.1453125 0.1546875
1 0.13359375 0.5953125 0.16015625 0.16875
1 0.33203125 0.61796875 0.15390625 0.14296875
1 0.428125 0.58046875 0.1328125 0.1453125
1 0.69140625 0.534375 0.13046875 0.171875
1 0.6359375 0.4703125 0.15390625 0.14140625
1 0.5390625 0.52890625 0.16015625 0.1515625
1 0.5546875 0.28515625 0.13515625 0.1109375
1 0.90234375 0.490625 0.115625 0.15390625
1 0.80390625 0.4359375 0.1671875 0.1734375
1 0.7109375 0.39375 0.13046875 0.1453125
1 0.90859375 0.103125 0.115625 0.1015625
1 0.7921875 0.2078125 0.17109375 0.16484375
1 0.8046875 0.07109375 0.146875 0.1421875
1 0.55625 0.165625 0.16328125 0.16875
1 0.459375 0.20234375 0.1578125 0.13671875
1 0.5359375 0.403125 0.146875 0.134375
1 0.43828125 0.46640625 0.16875 0.15625
1 0.45234375 0.328125 0.18203125 0.17734375
1 0.32421875 0.5 0.140625 0.14765625
1 0.22734375 0.5375 0.1609375 0.17578125
1 0.125 0.4796875 0.11875 0.14375
1 0.34296875 0.38359375 0.14921875 0.15390625
1 0.2515625 0.31640625 0.1515625 0.14296875
1 0.11875 0.35 0.1453125 0.1578125
1 0.35390625 0.2625 0.13203125 0.128125
1 0.70234375 0.1625 0.12265625 0.12578125
6 0.93671875 0.2203125 0.12578125 0.16796875
1 0.6953125 0.28671875 0.1453125 0.14921875
1 0.11015625 0.73671875 0.1734375 0.159375
1 0.7875 0.575 0.1671875 0.15078125
1 0.63125 0.8375 0.175 0.1640625
1 0.62265625 0.35625 0.1234375 0.12890625
1 0.9546875 0.44921875 0.090625 0.1515625
1 0.2171875 0.4265625 0.13828125 0.1265625
1 0.69296875 0.05546875 0.1578125 0.1109375
1 0.053125 0.284375 0.10546875 0.1515625