1 0.553125 0.89921875 0.09296875 0.08984375
1 0.890625 0.26484375 0.090625 0.084375
1 0.43984375 0.85 0.06796875 0.08515625
1 0.4859375 0.86484375 0.0515625 0.05859375
1 0.39296875 0.83984375 0.0703125 0.07890625
1 0.58046875 0.18125 0.08515625 0.0765625
1 0.515625 0.2828125 0.078125 0.059375
3 0.8734375 0.78828125 0.06015625 0.0859375
3 0.92265625 0.7296875 0.0875 0.06953125
3 0.92734375 0.7734375 0.0609375 0.0671875
3 0.96484375 0.671875 0.06875 0.0859375
3 0.9765625 0.6234375 0.04609375 0.046875
3 0.96015625 0.59765625 0.04296875 0.04375
3 0.78359375 0.86875 0.04453125 0.040625
6 0.8 0.265625 0.1484375 0.2
6 0.6640625 0.28359375 0.19609375 0.146875
6 0.5234375 0.228125 0.11953125 0.09921875
1 0.7796875 0.4171875 0.0953125 0.08671875
3 0.75 0.49921875 0.05390625 0.0421875
1 0.0515625 0.0375 0.10234375 0.075
1 0.05234375 0.14765625 0.10390625 0.14609375