1 0.7125 0.825 0.16953125 0.15703125
1 0.8453125 0.85234375 0.140625 0.134375
1 0.76015625 0.484375 0.16328125 0.178125
1 0.52890625 0.0609375 0.1296875 0.1203125
1 0.659375 0.53984375 0.1625 0.1578125
1 0.553125 0.2421875 0.1578125 0.16171875
1 0.49375 0.79296875 0.1578125 0.1625
1 0.81953125 0.6375 0.1421875 0.1390625
1 0.35078125 0.47109375 0.1671875 0.1578125
1 0.44140625 0.65546875 0.17109375 0.146875
1 0.22109375 0.93046875 0.1640625 0.1390625
1 0.39765625 0.875 0.15234375 0.15859375
1 0.30234375 0.8296875 0.140625 0.13828125
1 0.378125 0.73828125 0.15625 0.14296875
1 0.584375 0.70234375 0.1515625 0.1578125
1 0.21640625 0.7390625 0.165625 0.14765625
1 0.29453125 0.65390625 0.15 0.1453125
1 0.39296875 0.5734375 0.13671875 0.14921875
1 0.484375 0.50078125 0.134375 0.16953125
1 0.5640625 0.5875 0.19765625 0.1625
1 0.6 0.44765625 0.14765625 0.140625
1 0.25390625 0.54296875 0.178125 0.1671875
1 0.21953125 0.42421875 0.15390625 0.11328125
1 0.45703125 0.39375 0.115625 0.10625
1 0.2640625 0.27578125 0.15234375 0.14375
1 0.33203125 0.3515625 0.1734375 0.13671875
1 0.44609375 0.28359375 0.16953125 0.1578125
1 0.31875 0.146875 0.15390625 0.146875
1 0.196875 0.18828125 0.15859375 0.1453125
1 0.3671875 0.209375 0.16015625 0.1453125
1 0.4203125 0.09921875 0.13828125 0.1234375
1 0.47890625 0.1640625 0.14296875 0.12109375
1 0.6578125 0.18828125 0.1609375 0.13828125
1 0.678125 0.2890625 0.1671875 0.146875
1 0.7109375 0.37109375 0.1453125 0.1390625
1 0.56875 0.34765625 0.18828125 0.13203125
1 0.7015625 0.634375 0.165625 0.16328125
1 0.821875 0.75 0.1390625 0.12578125
1 0.48359375 0.93984375 0.14921875 0.11953125
1 0.94453125 0.903125 0.1109375 0.11875
1 0.9359375 0.8015625 0.128125 0.14296875
1 0.9328125 0.715625 0.134375 0.15
1 0.940625 0.60625 0.11875 0.13515625
1 0.88828125 0.43828125 0.15234375 0.165625
1 0.81640625 0.346875 0.15 0.13671875
1 0.78515625 0.2453125 0.121875 0.1125
1 0.925 0.28984375 0.15 0.14296875
1 0.89765625 0.2078125 0.13515625 0.1390625
1 0.77265625 0.15625 0.165625 0.134375
1 0.74140625 0.05859375 0.14765625 0.1171875
1 0.8953125 0.11640625 0.15 0.13046875
1 0.9328125 0.05703125 0.134375 0.11015625
1 0.19609375 0.08203125 0.1625 0.14296875
1 0.64375 0.9515625 0.14765625 0.09609375