1 0.74609375 0.75625 0.09921875 0.08515625
1 0.253125 0.19296875 0.0953125 0.0921875
1 0.85703125 0.878125 0.0984375 0.10078125
1 0.80625 0.946875 0.06953125 0.0765625
1 0.4265625 0.43515625 0.0875 0.0875
1 0.71953125 0.3375 0.109375 0.10703125
1 0.3609375 0.60546875 0.10546875 0.1078125
1 0.61328125 0.4953125 0.10234375 0.115625
1 0.71015625 0.60234375 0.146875 0.121875
1 0.51875 0.50234375 0.12421875 0.1296875
1 0.06875 0.78203125 0.05078125 0.0578125
1 0.9578125 0.78203125 0.084375 0.08125
1 0.9 0.75 0.084375 0.08984375
1 0.82890625 0.7921875 0.0953125 0.103125
1 0.3265625 0.76171875 0.0421875 0.04140625
1 0.03046875 0.315625 0.0375 0.0484375
1 0.415625 0.5203125 0.06640625 0.08671875
1 0.94453125 0.8453125 0.0796875 0.0890625
1 0.421875 0.8921875 0.05 0.04765625
3 0.3625 0.315625 0.053125 0.05234375
1 0.85078125 0.284375 0.046875 0.04765625
1 0.50859375 0.6765625 0.0953125 0.08515625
1 0.41953125 0.6890625 0.0984375 0.096875
1 0.02265625 0.7875 0.0453125 0.0671875
1 0.7328125 0.66484375 0.0953125 0.08515625
1 0.665625 0.53515625 0.121875 0.09609375
1 0.1484375 0.0890625 0.04375 0.05234375
1 0.471875 0.40546875 0.0671875 0.08671875
1 0.5625 0.39921875 0.18046875 0.128125
1 0.875 0.32734375 0.0265625 0.03046875
1 0.95859375 0.98359375 0.0578125 0.0328125
1 0.77265625 0.9859375 0.02734375 0.028125
1 0.60703125 0.65234375 0.13515625 0.15
3 0.3296875 0.2875 0.0484375 0.05234375
3 0.4375 0.35234375 0.06640625 0.071875
3 0.359375 0.51484375 0.0609375 0.08984375
3 0.2859375 0.615625 0.06640625 0.078125
3 0.4828125 0.296875 0.03671875 0.040625
3 0.48125 0.32734375 0.0375 0.03046875