3 0.471875 0.29296875 0.0984375 0.08671875
3 0.4171875 0.24453125 0.06484375 0.04609375
3 0.43984375 0.44296875 0.096875 0.10546875
3 0.4828125 0.4859375 0.07421875 0.0625
3 0.50390625 0.65703125 0.12890625 0.1125
3 0.4578125 0.6828125 0.09375 0.08984375
3 0.67578125 0.60390625 0.10234375 0.11953125
3 0.63671875 0.5640625 0.08359375 0.065625
3 0.79453125 0.7921875 0.05 0.04609375
6 0.76171875 0.72578125 0.1125 0.1109375
6 0.81953125 0.6765625 0.0921875 0.115625
6 0.88671875 0.71640625 0.11796875 0.1390625
6 0.91796875 0.79140625 0.1625 0.31796875
6 0.07421875 0.859375 0.1484375 0.159375
6 0.7890625 0.26796875 0.25390625 0.225
6 0.68671875 0.11015625 0.12109375 0.1921875
6 0.90859375 0.07109375 0.14296875 0.1421875
6 0.55703125 0.0703125 0.22578125 0.140625
6 0.634375 0.91328125 0.27890625 0.1734375