6 0.59375 0.20078125 0.1765625 0.19921875
3 0.4390625 0.234375 0.0953125 0.096875
3 0.5203125 0.38125 0.09453125 0.0953125
3 0.63125 0.4046875 0.1171875 0.09140625
3 0.65 0.4609375 0.1375 0.128125
3 0.43359375 0.4453125 0.078125 0.0671875
3 0.5328125 0.5578125 0.053125 0.0453125
3 0.6484375 0.6484375 0.08984375 0.08125
3 0.5859375 0.7453125 0.11171875 0.10234375
3 0.5234375 0.76640625 0.0859375 0.05078125
3 0.596875 0.83828125 0.10078125 0.09296875
3 0.6859375 0.81328125 0.075 0.090625
3 0.7015625 0.9390625 0.08046875 0.0703125
3 0.7671875 0.590625 0.06640625 0.07890625
3 0.7625 0.696875 0.09765625 0.11875
3 0.8140625 0.69140625 0.071875 0.0859375
3 0.8015625 0.825 0.08125 0.0734375
3 0.96640625 0.9171875 0.065625 0.10390625
6 0.7921875 0.91171875 0.14453125 0.121875
6 0.9109375 0.90078125 0.0953125 0.0984375
6 0.88984375 0.71953125 0.0609375 0.0515625
6 0.8203125 0.74453125 0.0796875 0.0796875
6 0.884375 0.63203125 0.1921875 0.1453125
6 0.86015625 0.503125 0.18671875 0.1765625
6 0.16015625 0.575 0.28515625 0.30390625
6 0.08359375 0.33828125 0.1671875 0.3578125
6 0.465625 0.871875 0.1828125 0.17734375
3 0.0578125 0.8515625 0.07109375 0.05859375
3 0.12578125 0.90390625 0.07734375 0.09453125
3 0.0578125 0.9046875 0.0859375 0.06328125
3 0.065625 0.965625 0.075 0.06875
6 0.5375 0.63125 0.134375 0.12265625
6 0.6828125 0.7265625 0.1140625 0.11015625
6 0.64296875 0.5703125 0.11875 0.09453125