1 0.1046875 0.290625 0.134375 0.125
1 0.07578125 0.6828125 0.1515625 0.11875
1 0.56875 0.9421875 0.17109375 0.115625
1 0.48515625 0.8484375 0.1265625 0.15
1 0.44375 0.7625 0.13125 0.11328125
1 0.36015625 0.9515625 0.14375 0.096875
1 0.37421875 0.88515625 0.12578125 0.08671875
1 0.31171875 0.7796875 0.13203125 0.11796875
1 0.2171875 0.784375 0.13984375 0.14140625
1 0.140625 0.909375 0.1390625 0.14140625
1 0.1078125 0.80625 0.128125 0.11640625
1 0.39609375 0.69140625 0.1203125 0.1109375
1 0.52265625 0.62578125 0.0890625 0.08125
1 0.3921875 0.81953125 0.121875 0.10859375
6 0.08515625 0.17734375 0.1453125 0.115625
6 0.11171875 0.44765625 0.19140625 0.2
1 0.03203125 0.11171875 0.0640625 0.0953125
1 0.02578125 0.028125 0.0515625 0.05625
1 0.2953125 0.7171875 0.09453125 0.0875
1 0.24609375 0.8859375 0.16328125 0.140625
5 0.9375 0.9734375 0.0828125 0.053125
1 0.1890625 0.275 0.09453125 0.0890625
1 0.02578125 0.2859375 0.0515625 0.0953125
3 0.68984375 0.96875 0.053125 0.05078125
1 0.0515625 0.93203125 0.10234375 0.1359375
3 0.25625 0.434375 0.04140625 0.04296875
3 0.24609375 0.46015625 0.03515625 0.0484375
6 0.1078125 0.6109375 0.128125 0.13203125
3 0.46171875 0.6546875 0.05234375 0.04453125
3 0.575 0.79296875 0.06484375 0.109375
6 0.78984375 0.959375 0.03828125 0.04609375
6 0.8265625 0.9515625 0.0375 0.0421875
6 0.8609375 0.94921875 0.034375 0.04453125
6 0.90703125 0.940625 0.03203125 0.0375
5 0.94765625 0.18203125 0.10390625 0.103125