6 0.0609375 0.77109375 0.12109375 0.184375
6 0.18515625 0.87578125 0.184375 0.178125
6 0.17265625 0.56015625 0.21640625 0.17890625
3 0.2171875 0.44765625 0.22421875 0.15078125
6 0.36796875 0.50625 0.2171875 0.1796875
6 0.43671875 0.65625 0.2015625 0.19609375
6 0.6 0.6953125 0.21640625 0.1703125
6 0.56328125 0.84140625 0.196875 0.1578125
6 0.61640625 0.92578125 0.11015625 0.07734375
6 0.86953125 0.32109375 0.19140625 0.1671875
6 0.459375 0.09296875 0.275 0.1859375
6 0.91171875 0.5140625 0.175 0.2875
6 0.6546875 0.3234375 0.325 0.3046875
6 0.5046875 0.23046875 0.1484375 0.13359375
6 0.61171875 0.1125 0.1203125 0.12421875