1 0.46640625 0.39375 0.17734375 0.14765625
1 0.890625 0.3265625 0.13828125 0.12265625
1 0.81640625 0.29765625 0.1421875 0.1328125
1 0.553125 0.11640625 0.1140625 0.12265625
1 0.646875 0.15859375 0.115625 0.1109375
1 0.94921875 0.74140625 0.10078125 0.1328125
1 0.94921875 0.865625 0.10078125 0.1296875
1 0.0546875 0.61875 0.109375 0.15625
1 0.0546875 0.48046875 0.109375 0.1796875
1 0.06484375 0.353125 0.1296875 0.13359375
1 0.078125 0.23359375 0.15625 0.146875
1 0.071875 0.13203125 0.14375 0.13125
1 0.32890625 0.04921875 0.1421875 0.0984375
1 0.1765625 0.07421875 0.1171875 0.10546875
1 0.46015625 0.06875 0.16171875 0.12109375
1 0.30546875 0.12421875 0.1578125 0.1296875
1 0.8359375 0.13359375 0.1328125 0.11015625
1 0.74375 0.09609375 0.1546875 0.14375
1 0.87109375 0.21875 0.1296875 0.115625
1 0.75078125 0.20859375 0.1609375 0.1125
1 0.6515625 0.25390625 0.128125 0.1265625
1 0.54375 0.21171875 0.16640625 0.16484375
1 0.66796875 0.33125 0.10390625 0.11875
1 0.578125 0.31953125 0.15390625 0.13828125
1 0.475 0.29921875 0.14921875 0.1453125
1 0.41640625 0.1984375 0.14765625 0.1328125
1 0.3625 0.2875 0.184375 0.16875
1 0.88046875 0.76640625 0.1828125 0.14375
1 0.8765625 0.66484375 0.175 0.1265625
1 0.89140625 0.5484375 0.16796875 0.146875
1 0.56953125 0.653125 0.13828125 0.1421875
1 0.69453125 0.6453125 0.1546875 0.146875
1 0.6859375 0.53671875 0.1453125 0.13515625
1 0.78359375 0.37734375 0.13515625 0.11875
1 0.78359375 0.4703125 0.13515625 0.13828125
1 0.68359375 0.42421875 0.1578125 0.13828125
1 0.575 0.44140625 0.16875 0.14375
1 0.58046875 0.5546875 0.16328125 0.1421875
1 0.46640625 0.48828125 0.1265625 0.12265625
1 0.3625 0.43125 0.1609375 0.16328125
1 0.1546875 0.42421875 0.171875 0.14375
1 0.2578125 0.4921875 0.14375 0.13671875
1 0.1390625 0.55390625 0.17578125 0.16328125
1 0.87578125 0.91484375 0.17578125 0.1578125
1 0.784375 0.8375 0.184375 0.17890625
1 0.665625 0.89921875 0.1703125 0.14921875
1 0.55 0.9328125 0.1734375 0.134375
1 0.546875 0.8203125 0.1609375 0.1609375
1 0.46796875 0.75859375 0.1578125 0.15078125
1 0.3484375 0.71484375 0.171875 0.15078125
1 0.234375 0.73984375 0.13125 0.1296875
1 0.35078125 0.825 0.1609375 0.13125
1 0.12890625 0.92265625 0.17890625 0.1546875
1 0.34609375 0.92578125 0.1703125 0.1484375
1 0.24375 0.86171875 0.146875 0.13671875
1 0.665625 0.7796875 0.16328125 0.1609375
1 0.246875 0.6234375 0.1484375 0.16328125
1 0.14609375 0.69375 0.16328125 0.15546875
1 0.2578125 0.37734375 0.146875 0.1453125
1 0.15625 0.303125 0.16328125 0.14609375
1 0.89453125 0.4421875 0.15078125 0.1359375
1 0.3609375 0.57734375 0.134375 0.1515625
1 0.43984375 0.88515625 0.14140625 0.14140625
1 0.46875 0.625 0.1421875 0.16484375
1 0.17421875 0.1734375 0.15078125 0.165625
1 0.05 0.7359375 0.1 0.13984375
1 0.775 0.6078125 0.153125 0.1671875
1 0.2765625 0.2359375 0.14453125 0.14609375
1 0.12578125 0.81171875 0.165625 0.1359375