1 0.25078125 0.9015625 0.16015625 0.14765625
1 0.7734375 0.953125 0.15 0.09296875
1 0.578125 0.95234375 0.14375 0.0953125
1 0.3609375 0.94453125 0.146875 0.1109375
1 0.1234375 0.94140625 0.15625 0.1171875
1 0.07421875 0.87421875 0.1484375 0.1390625
1 0.903125 0.68984375 0.13671875 0.1265625
1 0.690625 0.5671875 0.121875 0.14296875
1 0.48671875 0.4359375 0.1296875 0.13671875
1 0.190625 0.359375 0.15625 0.13046875
1 0.40390625 0.2265625 0.15859375 0.16015625
1 0.1921875 0.1046875 0.17421875 0.16484375
1 0.39453125 0.121875 0.16875 0.165625
1 0.296875 0.05703125 0.15390625 0.11328125
1 0.62265625 0.11328125 0.15625 0.178125
1 0.734375 0.07109375 0.15234375 0.14140625
1 0.9296875 0.08515625 0.140625 0.1609375
1 0.93046875 0.20234375 0.1390625 0.1484375
1 0.8296875 0.1265625 0.15 0.140625
1 0.82421875 0.240625 0.1578125 0.1390625
1 0.92890625 0.3359375 0.121875 0.146875
1 0.8234375 0.3484375 0.184375 0.171875
1 0.715625 0.3359375 0.1546875 0.1546875
1 0.609375 0.378125 0.17109375 0.15
1 0.51328125 0.31875 0.1578125 0.14921875
1 0.4 0.33984375 0.171875 0.1671875
1 0.29453125 0.2859375 0.1546875 0.146875
1 0.0796875 0.2765625 0.159375 0.1625
1 0.07265625 0.40546875 0.1453125 0.178125
1 0.38671875 0.4828125 0.15859375 0.1625
1 0.27734375 0.41640625 0.1671875 0.16875
1 0.278125 0.53046875 0.14140625 0.15234375
1 0.4890625 0.5359375 0.171875 0.16875
1 0.58828125 0.48984375 0.165625 0.16875
1 0.81015625 0.50859375 0.16953125 0.1671875
1 0.6875 0.6703125 0.18203125 0.18046875
1 0.596875 0.61953125 0.134375 0.14296875
1 0.79609375 0.740625 0.1609375 0.15625
1 0.89609375 0.81953125 0.14921875 0.13515625
1 0.90625 0.92578125 0.1625 0.14765625
1 0.68203125 0.928125 0.1609375 0.14296875
1 0.784375 0.8578125 0.16484375 0.1609375
1 0.68984375 0.80546875 0.16328125 0.1859375
1 0.58125 0.85703125 0.1515625 0.146875
1 0.475 0.91796875 0.15859375 0.15625
1 0.47890625 0.79921875 0.16484375 0.1578125
1 0.3640625 0.84765625 0.1390625 0.1625
1 0.259375 0.77734375 0.15 0.1546875
1 0.06015625 0.64765625 0.11953125 0.14296875
1 0.5125 0.19453125 0.178125 0.15703125
1 0.17265625 0.5875 0.1578125 0.1390625
1 0.2640625 0.65546875 0.15859375 0.16484375
1 0.90546875 0.57734375 0.14765625 0.165625
1 0.065625 0.7515625 0.13125 0.159375
1 0.1703125 0.45859375 0.1578125 0.15078125
1 0.71328125 0.190625 0.16484375 0.159375
1 0.184375 0.23984375 0.15078125 0.15703125
1 0.29609375 0.18046875 0.1578125 0.15703125
1 0.47734375 0.66640625 0.14921875 0.13515625
1 0.5171875 0.06328125 0.16875 0.1265625
1 0.91015625 0.43671875 0.1765625 0.1375
1 0.3796875 0.5984375 0.1375 0.1515625
1 0.3703125 0.72265625 0.1578125 0.1609375
1 0.575 0.7328125 0.1515625 0.16328125
1 0.15390625 0.7078125 0.1453125 0.1515625
1 0.621875 0.2703125 0.153125 0.159375
1 0.79609375 0.615625 0.15625 0.13671875
1 0.70078125 0.453125 0.15078125 0.15859375
1 0.0828125 0.15859375 0.165625 0.1484375