6 0.9390625 0.06640625 0.121875 0.1328125
3 0.7578125 0.11171875 0.05234375 0.03515625
3 0.7125 0.1453125 0.07109375 0.07109375
3 0.7390625 0.25078125 0.04375 0.0328125
3 0.81328125 0.259375 0.06875 0.05390625
3 0.9734375 0.203125 0.053125 0.059375
6 0.87890625 0.45703125 0.1890625 0.12890625
6 0.9015625 0.56953125 0.1921875 0.1390625
1 0.90859375 0.82265625 0.1125 0.1046875
1 0.67265625 0.70234375 0.0734375 0.071875
1 0.7875 0.74609375 0.12265625 0.10703125
6 0.1375 0.746875 0.2328125 0.20703125
6 0.3890625 0.66953125 0.1859375 0.22578125
6 0.09140625 0.58046875 0.1828125 0.2421875
6 0.4625 0.17109375 0.1203125 0.10390625
1 0.07421875 0.3140625 0.1484375 0.1703125
1 0.71015625 0.37578125 0.153125 0.153125
1 0.734375 0.04140625 0.1453125 0.0828125
1 0.37421875 0.0515625 0.1234375 0.10234375
1 0.52734375 0.69921875 0.13359375 0.1375
1 0.60078125 0.20703125 0.1109375 0.121875
1 0.325 0.12109375 0.12109375 0.1359375
1 0.7765625 0.6390625 0.12890625 0.13828125
1 0.184375 0.0671875 0.1296875 0.134375
1 0.21171875 0.95703125 0.1078125 0.084375
1 0.5328125 0.82109375 0.10625 0.1125
1 0.91796875 0.66953125 0.1 0.1046875
1 0.23125 0.7640625 0.12421875 0.128125
1 0.6421875 0.10078125 0.10546875 0.1078125
1 0.38828125 0.51484375 0.09453125 0.09453125
1 0.10234375 0.42734375 0.08984375 0.09140625
1 0.06015625 0.946875 0.11953125 0.10390625
1 0.4515625 0.246875 0.12578125 0.10234375
1 0.21484375 0.16015625 0.1578125 0.1546875
1 0.31796875 0.221875 0.115625 0.11875
1 0.52421875 0.8953125 0.0875 0.071875
1 0.03515625 0.86484375 0.0703125 0.1265625
1 0.82578125 0.084375 0.059375 0.0734375