1 0.73828125 0.58515625 0.0875 0.08671875
3 0.546875 0.1078125 0.06328125 0.06953125
1 0.1265625 0.07109375 0.17578125 0.1296875
1 0.0453125 0.23359375 0.090625 0.09375
1 0.11484375 0.20078125 0.090625 0.08671875
1 0.1046875 0.91484375 0.209375 0.1703125
1 0.24296875 0.7328125 0.14921875 0.16484375
1 0.9515625 0.71953125 0.09609375 0.13359375
1 0.63125 0.28984375 0.10078125 0.109375
1 0.840625 0.66875 0.096875 0.0828125
1 0.465625 0.0953125 0.096875 0.10234375
1 0.52265625 0.40234375 0.07890625 0.084375
1 0.96640625 0.88359375 0.0671875 0.1015625
1 0.7 0.3296875 0.10625 0.10625
1 0.2953125 0.55 0.13515625 0.12890625
1 0.453125 0.4859375 0.1 0.11015625
6 0.5578125 0.49765625 0.15234375 0.13671875
1 0.64296875 0.3890625 0.0828125 0.096875
1 0.38828125 0.44140625 0.1078125 0.10625
1 0.31015625 0.403125 0.090625 0.09609375
1 0.703125 0.49375 0.0921875 0.0921875
6 0.2359375 0.26171875 0.12578125 0.121875
1 0.91171875 0.784375 0.084375 0.0921875
6 0.2578125 0.62578125 0.09921875 0.096875
1 0.84375 0.50703125 0.08515625 0.1046875
1 0.115625 0.4765625 0.096875 0.10390625
1 0.57109375 0.3765625 0.0859375 0.1046875
1 0.971875 0.04140625 0.05546875 0.0828125
1 0.71015625 0.4078125 0.09375 0.0921875
1 0.7734375 0.5140625 0.0796875 0.10078125
6 0.36640625 0.05546875 0.16953125 0.11015625
6 0.5484375 0.2078125 0.1203125 0.11640625
6 0.359375 0.19140625 0.1953125 0.175
6 0.37578125 0.328125 0.22578125 0.15390625
3 0.565625 0.284375 0.0859375 0.11484375
6 0.0984375 0.14140625 0.07890625 0.05859375
6 0.0828125 0.34453125 0.165625 0.16796875
6 0.12265625 0.60625 0.1140625 0.109375
6 0.17734375 0.4984375 0.11171875 0.17578125
6 0.4171875 0.7078125 0.2015625 0.14921875
6 0.8359375 0.59609375 0.1046875 0.09375
3 0.890625 0.5640625 0.03515625 0.034375
6 0.93046875 0.64453125 0.1046875 0.0828125
6 0.86171875 0.7296875 0.075 0.08671875
3 0.96796875 0.80390625 0.06328125 0.06328125
3 0.85546875 0.878125 0.09921875 0.0921875
3 0.753125 0.94140625 0.07265625 0.0640625