3 0.75 0.1546875 0.09296875 0.0828125
3 0.79453125 0.17421875 0.08203125 0.0859375
3 0.78828125 0.12578125 0.06640625 0.05859375
3 0.76328125 0.06875 0.06171875 0.0453125
3 0.20703125 0.459375 0.0703125 0.10234375
3 0.125 0.53984375 0.09375 0.103125
3 0.04609375 0.50703125 0.05625 0.0484375
3 0.01484375 0.51796875 0.0296875 0.08203125
3 0.03828125 0.61953125 0.07578125 0.07890625
3 0.21953125 0.584375 0.06484375 0.0734375
3 0.1625 0.6109375 0.07109375 0.07578125
3 0.12734375 0.64296875 0.0625 0.06484375
3 0.09765625 0.6921875 0.09296875 0.090625
3 0.015625 0.7296875 0.03046875 0.0890625
3 0.0390625 0.79765625 0.078125 0.0671875
3 0.05078125 0.828125 0.06015625 0.05625
3 0.228125 0.65 0.08515625 0.06953125
6 0.27265625 0.69453125 0.12421875 0.14609375
6 0.175 0.709375 0.0578125 0.07734375
3 0.034375 0.9390625 0.04609375 0.0484375
3 0.196875 0.7671875 0.06484375 0.06015625
6 0.125 0.4296875 0.11953125 0.12734375
6 0.1625 0.3140625 0.12265625 0.1390625
6 0.1296875 0.16953125 0.10390625 0.09609375
6 0.65625 0.16953125 0.14453125 0.153125
6 0.4734375 0.2015625 0.2875 0.2859375
6 0.45390625 0.39296875 0.190625 0.20078125
6 0.32265625 0.41484375 0.2625 0.428125