1 0.50625 0.746875 0.15390625 0.134375
1 0.57265625 0.459375 0.1609375 0.15
1 0.88125 0.26640625 0.1546875 0.121875
1 0.94140625 0.76796875 0.1171875 0.1546875
1 0.63125 0.93671875 0.16953125 0.12578125
1 0.5140625 0.86015625 0.146875 0.1484375
1 0.640625 0.82109375 0.1875 0.16796875
1 0.76015625 0.765625 0.165625 0.18046875
1 0.65625 0.55078125 0.15625 0.1515625
1 0.903125 0.08046875 0.14296875 0.11875
1 0.79296875 0.046875 0.1203125 0.09375
1 0.9359375 0.17109375 0.12734375 0.15
1 0.696875 0.134375 0.1203125 0.12890625
1 0.715625 0.22578125 0.13203125 0.12890625
1 0.615625 0.2828125 0.159375 0.09453125
1 0.6015625 0.2 0.1515625 0.13359375
1 0.75234375 0.4828125 0.15 0.16015625
1 0.759375 0.3359375 0.16796875 0.15546875
1 0.86328125 0.4171875 0.15 0.159375
1 0.93359375 0.5140625 0.13203125 0.1375
1 0.63046875 0.69765625 0.16484375 0.15
1 0.8359375 0.575 0.15 0.146875
1 0.8546875 0.840625 0.13984375 0.1515625
1 0.66640625 0.41328125 0.1625 0.1625
1 0.86015625 0.70078125 0.1671875 0.16171875
1 0.9390625 0.33984375 0.12109375 0.16875
1 0.74765625 0.6375 0.1421875 0.1390625
1 0.94140625 0.63828125 0.11484375 0.16875
1 0.61015625 0.07578125 0.1296875 0.14140625
1 0.74375 0.90078125 0.15625 0.1453125
1 0.821875 0.15859375 0.14921875 0.1515625