6 0.90546875 0.1375 0.1265625 0.15625
3 0.965625 0.2875 0.04296875 0.05546875
3 0.94765625 0.2484375 0.04921875 0.04921875
3 0.97734375 0.2453125 0.0453125 0.05703125
3 0.9109375 0.25078125 0.0484375 0.0484375
3 0.94609375 0.21328125 0.07578125 0.04375
3 0.834375 0.19375 0.05703125 0.0625
3 0.86015625 0.2359375 0.0453125 0.040625
6 0.7703125 0.26796875 0.0453125 0.03828125
6 0.7203125 0.34453125 0.08046875 0.07109375
3 0.71953125 0.4 0.040625 0.02890625
3 0.7109375 0.425 0.05546875 0.0546875
6 0.65 0.46875 0.10859375 0.1046875
6 0.21875 0.9109375 0.11328125 0.09375
6 0.32421875 0.659375 0.08125 0.08515625
6 0.38125 0.728125 0.1171875 0.14296875
6 0.290625 0.80078125 0.17265625 0.19453125
6 0.22421875 0.6296875 0.16015625 0.1796875
6 0.1453125 0.6765625 0.08359375 0.09296875
1 0.053125 0.79921875 0.10546875 0.15546875
1 0.0515625 0.88984375 0.103125 0.09921875
3 0.50234375 0.6625 0.05703125 0.0484375
3 0.46953125 0.68984375 0.05703125 0.05703125
6 0.53828125 0.58359375 0.0953125 0.10703125
6 0.62421875 0.615625 0.10625 0.13828125
6 0.74765625 0.5609375 0.0625 0.06328125
6 0.71953125 0.52421875 0.06328125 0.05859375
6 0.76328125 0.61484375 0.0578125 0.05625
3 0.925 0.98671875 0.0453125 0.02578125
3 0.88515625 0.97421875 0.046875 0.03046875
6 0.878125 0.7671875 0.0390625 0.03671875
6 0.79765625 0.80625 0.03984375 0.040625
1 0.62265625 0.3578125 0.11484375 0.115625
1 0.5765625 0.4296875 0.103125 0.109375
1 0.48671875 0.22734375 0.1390625 0.12890625
1 0.3921875 0.40859375 0.0921875 0.096875
1 0.09375 0.5078125 0.13359375 0.13671875
1 0.428125 0.584375 0.1234375 0.1140625
1 0.46171875 0.33671875 0.1375 0.1515625
1 0.36796875 0.28359375 0.1453125 0.14609375
1 0.3359375 0.1609375 0.1578125 0.1546875
1 0.28046875 0.5375 0.115625 0.10078125
1 0.4890625 0.115625 0.13203125 0.1375
1 0.146875 0.31015625 0.146875 0.14375
1 0.05234375 0.58984375 0.1046875 0.1390625
1 0.1390625 0.86796875 0.075 0.06484375
1 0.38828125 0.6328125 0.08828125 0.0890625
1 0.0546875 0.1546875 0.109375 0.15625
1 0.1125 0.809375 0.0875 0.0875
1 0.453125 0.503125 0.0484375 0.05546875
1 0.1390625 0.93671875 0.0828125 0.0890625
1 0.67578125 0.06328125 0.1890625 0.1265625
1 0.146875 0.58046875 0.07734375 0.08671875
1 0.0703125 0.690625 0.140625 0.14921875
1 0.22578125 0.471875 0.15390625 0.16015625
1 0.1203125 0.4 0.12578125 0.1328125
1 0.225 0.3484375 0.1328125 0.12578125
1 0.3171875 0.40625 0.14921875 0.1609375
1 0.053125 0.41171875 0.10625 0.13203125
1 0.04765625 0.29453125 0.0953125 0.12578125
1 0.1171875 0.18515625 0.14375 0.140625
1 0.2203125 0.20234375 0.13515625 0.1078125
1 0.20625 0.09765625 0.17109375 0.13671875
1 0.41015625 0.06484375 0.165625 0.1296875
1 0.59765625 0.1859375 0.15 0.16875
1 0.2609375 0.27109375 0.11328125 0.09765625
1 0.81796875 0.0484375 0.12421875 0.09609375
1 0.353125 0.4890625 0.08203125 0.06015625
1 0.71015625 0.1296875 0.13046875 0.1265625