6 0.62734375 0.7484375 0.18984375 0.2265625
6 0.740625 0.88125 0.07734375 0.1140625
6 0.94453125 0.68046875 0.11015625 0.134375
6 0.82734375 0.52890625 0.175 0.1625
6 0.7140625 0.40390625 0.1171875 0.125
6 0.92109375 0.31953125 0.15703125 0.2984375
6 0.85078125 0.0953125 0.1453125 0.16796875
6 0.60234375 0.27421875 0.0875 0.10078125
6 0.50390625 0.17421875 0.084375 0.1203125
6 0.06484375 0.10859375 0.1296875 0.1671875
6 0.121875 0.228125 0.13515625 0.16875
6 0.05234375 0.35078125 0.1046875 0.1234375
6 0.0234375 0.2546875 0.046875 0.115625