1 0.61171875 0.1453125 0.1609375 0.1703125
1 0.32734375 0.221875 0.15 0.16953125
1 0.725 0.36171875 0.15703125 0.15859375
1 0.24609375 0.08828125 0.1578125 0.16875
1 0.90703125 0.0515625 0.175 0.1015625
1 0.7515625 0.49921875 0.1390625 0.1359375
1 0.85546875 0.1328125 0.15546875 0.16796875
1 0.7265625 0.14765625 0.14765625 0.1671875
1 0.8359375 0.40546875 0.146875 0.14453125
1 0.6671875 0.05078125 0.14375 0.10078125
1 0.48359375 0.1046875 0.14375 0.1625
1 0.2359375 0.7234375 0.1265625 0.11875
1 0.19765625 0.22265625 0.14375 0.16640625
1 0.921875 0.25 0.15625 0.14375
1 0.59609375 0.35546875 0.14375 0.15703125
1 0.88046875 0.50625 0.12421875 0.12421875
1 0.36484375 0.08046875 0.153125 0.153125
1 0.03984375 0.85546875 0.0796875 0.14296875
1 0.090625 0.9359375 0.146875 0.128125
1 0.28359375 0.925 0.1703125 0.15
1 0.403125 0.875 0.1796875 0.16484375
1 0.38671875 0.77578125 0.1578125 0.15234375
1 0.49375 0.690625 0.1625 0.146875
1 0.5234375 0.81640625 0.14296875 0.16484375
1 0.60625 0.715625 0.1234375 0.13046875
1 0.62890625 0.8515625 0.134375 0.16015625
1 0.5453125 0.94453125 0.13828125 0.1109375
1 0.64609375 0.94296875 0.1328125 0.1140625
1 0.72109375 0.8484375 0.13828125 0.14921875
1 0.76484375 0.93828125 0.1765625 0.1234375
1 0.72109375 0.63515625 0.1578125 0.13828125
1 0.72734375 0.74296875 0.178125 0.14765625
1 0.8515625 0.85703125 0.17421875 0.14375
1 0.859375 0.75 0.16328125 0.15234375
1 0.8609375 0.63828125 0.16015625 0.15390625
1 0.95859375 0.75234375 0.0828125 0.1484375
1 0.94765625 0.8625 0.10390625 0.14765625
1 0.1328125 0.82265625 0.14765625 0.134375
1 0.06015625 0.74375 0.11953125 0.15234375
1 0.0578125 0.6203125 0.115625 0.15390625
1 0.14609375 0.60390625 0.1328125 0.14140625
1 0.24921875 0.58515625 0.1390625 0.1546875
1 0.35546875 0.57421875 0.11875 0.1453125
1 0.06015625 0.503125 0.11953125 0.15390625
1 0.165625 0.48203125 0.171875 0.15625
1 0.29921875 0.4703125 0.17109375 0.14921875
1 0.06015625 0.36953125 0.11953125 0.15625
1 0.08515625 0.25546875 0.14375 0.1734375
1 0.1921875 0.3609375 0.17421875 0.1546875
1 0.36171875 0.3734375 0.16953125 0.15390625
1 0.45 0.4828125 0.1578125 0.1546875
1 0.61640625 0.4875 0.15625 0.15
1 0.4671875 0.35234375 0.15 0.14296875
1 0.446875 0.2265625 0.1515625 0.1625
1 0.12109375 0.0984375 0.1671875 0.16953125
1 0.55546875 0.24296875 0.14140625 0.1265625
1 0.68515625 0.25 0.17578125 0.15234375
1 0.9484375 0.13359375 0.103125 0.15234375
1 0.7984375 0.25546875 0.146875 0.16015625
1 0.90703125 0.34765625 0.13671875 0.1265625
1 0.95 0.43671875 0.09765625 0.12421875
1 0.13359375 0.69765625 0.15625 0.14140625