3 0.1953125 0.47734375 0.07109375 0.07578125
3 0.12265625 0.4875 0.08984375 0.0984375
3 0.0484375 0.49765625 0.05390625 0.05859375
6 0.084375 0.89375 0.115625 0.12421875
6 0.8828125 0.83046875 0.14140625 0.1125
6 0.6453125 0.7796875 0.14140625 0.14921875
6 0.53359375 0.85078125 0.08125 0.0953125
3 0.571875 0.92734375 0.0734375 0.06171875
3 0.43359375 0.8703125 0.11171875 0.08984375
6 0.40390625 0.725 0.21484375 0.21171875
6 0.74609375 0.65234375 0.175 0.1265625
6 0.92421875 0.73515625 0.15 0.20703125
6 0.521875 0.5875 0.1265625 0.12578125
6 0.9234375 0.40234375 0.15234375 0.2640625
6 0.90234375 0.19453125 0.1953125 0.18828125
6 0.78046875 0.2515625 0.22578125 0.2359375
6 0.834375 0.4875 0.1046875 0.11953125
6 0.72265625 0.49765625 0.1375 0.18828125
6 0.6234375 0.484375 0.1125 0.14375
3 0.375 0.23359375 0.06953125 0.06875
6 0.4828125 0.33046875 0.1515625 0.1171875
6 0.48203125 0.221875 0.1671875 0.1359375
6 0.63125 0.29375 0.1890625 0.1984375
6 0.896875 0.04921875 0.165625 0.0984375
6 0.53203125 0.10234375 0.09140625 0.08828125
6 0.2484375 0.13125 0.10703125 0.10078125
6 0.1015625 0.11328125 0.1015625 0.11796875
1 0.4078125 0.4953125 0.10234375 0.10859375
1 0.53671875 0.7140625 0.09296875 0.09375
1 0.725 0.11875 0.07890625 0.0734375
1 0.70390625 0.265625 0.090625 0.075
1 0.609375 0.87578125 0.0796875 0.10859375
1 0.55859375 0.4125 0.090625 0.0796875
1 0.63203125 0.16015625 0.07890625 0.08359375
1 0.72890625 0.9578125 0.121875 0.084375
1 0.8109375 0.909375 0.0515625 0.05546875
1 0.5296875 0.475 0.0859375 0.0953125
1 0.9609375 0.12109375 0.07734375 0.103125
1 0.4640625 0.44453125 0.08828125 0.0984375
1 0.64375 0.6515625 0.0671875 0.06328125