6 0.13828125 0.46796875 0.2515625 0.31015625
6 0.31796875 0.5234375 0.1515625 0.17734375
6 0.3796875 0.378125 0.22421875 0.21328125
6 0.221875 0.25 0.25546875 0.26171875
6 0.040625 0.2515625 0.08125 0.1390625
3 0.25703125 0.04296875 0.103125 0.08515625
6 0.125 0.8109375 0.25 0.378125
6 0.2859375 0.67265625 0.2609375 0.15
6 0.34296875 0.8203125 0.15390625 0.184375
6 0.2515625 0.76640625 0.103125 0.09296875
6 0.28671875 0.8640625 0.11796875 0.1125
6 0.30625 0.9578125 0.12109375 0.084375
6 0.51171875 0.93828125 0.2671875 0.1234375
6 0.528125 0.6796875 0.33359375 0.39140625
6 0.60546875 0.41484375 0.31328125 0.2109375
6 0.3765625 0.16875 0.184375 0.20078125
6 0.71484375 0.70390625 0.184375 0.19375
6 0.64140625 0.58671875 0.18359375 0.13828125
6 0.87890625 0.6171875 0.1578125 0.159375
6 0.8671875 0.5046875 0.18046875 0.153125
6 0.915625 0.33359375 0.1671875 0.1859375
6 0.64921875 0.2765625 0.1296875 0.1328125
6 0.4875 0.259375 0.19453125 0.225