6 0.71015625 0.525 0.0578125 0.05625
6 0.86875 0.5609375 0.0921875 0.09453125
6 0.95703125 0.846875 0.03359375 0.034375
6 0.953125 0.97109375 0.09375 0.0578125
6 0.96875 0.88359375 0.0625 0.0671875
6 0.90703125 0.91875 0.03828125 0.03828125
6 0.8296875 0.9 0.0359375 0.03515625
6 0.7953125 0.9171875 0.025 0.021875
3 0.36328125 0.9796875 0.1 0.03984375
3 0.4171875 0.9640625 0.0609375 0.0671875
6 0.11875 0.95390625 0.0421875 0.04375
6 0.134375 0.85 0.09609375 0.09375
6 0.0609375 0.66171875 0.121875 0.1390625
6 0.04296875 0.49140625 0.040625 0.0359375
6 0.09140625 0.49375 0.03046875 0.0375
3 0.24140625 0.44765625 0.0359375 0.0375
3 0.29765625 0.775 0.05390625 0.046875
3 0.31875 0.7375 0.06328125 0.05859375
3 0.27109375 0.7203125 0.059375 0.0578125
3 0.3046875 0.69296875 0.05859375 0.0515625
6 0.4296875 0.67734375 0.09375 0.10625
6 0.55234375 0.66484375 0.1640625 0.15234375
6 0.37109375 0.61328125 0.13359375 0.14765625
6 0.4015625 0.51953125 0.13203125 0.0890625
6 0.37265625 0.4296875 0.10546875 0.09921875
6 0.396875 0.36796875 0.03203125 0.028125
6 0.42890625 0.37734375 0.03515625 0.0328125
6 0.3046875 0.27265625 0.0453125 0.05546875
6 0.36875 0.2015625 0.06328125 0.07890625
6 0.26328125 0.215625 0.0515625 0.05078125
6 0.27109375 0.0359375 0.0375 0.0359375
1 0.1203125 0.35859375 0.1015625 0.1
1 0.178125 0.425 0.11640625 0.11796875
1 0.3890625 0.2296875 0.10546875 0.10234375
1 0.175 0.65390625 0.10703125 0.11796875
1 0.40078125 0.76640625 0.09609375 0.0953125
1 0.32734375 0.92265625 0.10078125 0.09765625
1 0.22578125 0.5734375 0.10703125 0.1046875
1 0.259375 0.95703125 0.109375 0.084375
1 0.634375 0.125 0.0953125 0.084375
1 0.17109375 0.50546875 0.10703125 0.08828125
1 0.07109375 0.42421875 0.109375 0.11640625
1 0.44921875 0.2078125 0.0921875 0.10859375
1 0.2546875 0.64296875 0.09296875 0.0984375
1 0.50703125 0.18125 0.08671875 0.1
1 0.22890625 0.6984375 0.065625 0.06953125
1 0.56796875 0.15078125 0.08984375 0.07265625