1 0.91875 0.43125 0.16171875 0.14296875
1 0.80234375 0.48125 0.1765625 0.1828125
1 0.68046875 0.8 0.15 0.16484375
1 0.59375 0.73203125 0.15859375 0.14765625
1 0.68515625 0.92265625 0.1640625 0.1546875
1 0.790625 0.86875 0.1390625 0.1578125
1 0.37421875 0.94375 0.15 0.1125
1 0.0765625 0.87265625 0.14140625 0.12890625
1 0.27265625 0.89921875 0.14921875 0.1578125
1 0.17578125 0.93515625 0.14296875 0.1296875
1 0.18359375 0.80625 0.15234375 0.14453125
1 0.2796875 0.7578125 0.14921875 0.1265625
1 0.396875 0.7125 0.1140625 0.1296875
1 0.3859375 0.83046875 0.1515625 0.13515625
1 0.490625 0.890625 0.1578125 0.1515625
1 0.5890625 0.94296875 0.153125 0.1140625
1 0.89921875 0.92109375 0.15859375 0.15625
1 0.5890625 0.85625 0.1609375 0.1640625
1 0.4734375 0.771875 0.11015625 0.1328125
1 0.4890625 0.64140625 0.1578125 0.12890625
1 0.3953125 0.6 0.14140625 0.12890625
1 0.5015625 0.52109375 0.153125 0.13515625
1 0.609375 0.59296875 0.14140625 0.13515625
1 0.7171875 0.56875 0.1484375 0.1109375
1 0.71875 0.671875 0.14453125 0.13671875
1 0.8125 0.62109375 0.12578125 0.1546875
1 0.809375 0.74296875 0.13828125 0.12265625
1 0.9046875 0.80625 0.14765625 0.1703125
1 0.9125 0.65546875 0.15234375 0.14921875
1 0.92265625 0.53125 0.15390625 0.1546875
1 0.8234375 0.35546875 0.1203125 0.1421875
1 0.92890625 0.31875 0.1421875 0.171875
1 0.85078125 0.24375 0.1484375 0.1375
1 0.92578125 0.18203125 0.1484375 0.146875
1 0.63828125 0.36171875 0.1671875 0.1671875
1 0.7421875 0.2859375 0.1515625 0.16796875