1 0.05 0.1828125 0.1 0.13203125
1 0.35078125 0.04296875 0.16953125 0.08515625
1 0.95703125 0.07109375 0.0859375 0.09765625
1 0.59296875 0.17734375 0.11484375 0.15
1 0.05078125 0.3140625 0.1015625 0.1453125
1 0.228125 0.08515625 0.15390625 0.14375
1 0.33203125 0.271875 0.165625 0.13671875
1 0.23828125 0.2109375 0.1515625 0.121875
1 0.12265625 0.25625 0.140625 0.14375
1 0.9296875 0.29609375 0.09140625 0.115625
1 0.95546875 0.50625 0.0890625 0.09609375
1 0.925 0.42578125 0.10625 0.1
1 0.8765625 0.3671875 0.090625 0.08671875
1 0.959375 0.6234375 0.08046875 0.09296875
1 0.9140625 0.56171875 0.12109375 0.08515625
1 0.8578125 0.5046875 0.12578125 0.10390625
1 0.8078125 0.44609375 0.1125 0.10625
1 0.51640625 0.4140625 0.15390625 0.1625
1 0.434375 0.365625 0.1515625 0.1890625
1 0.22578125 0.32109375 0.12421875 0.134375
1 0.10546875 0.375 0.140625 0.1390625
1 0.2171875 0.4328125 0.14140625 0.14296875
1 0.1 0.49296875 0.14375 0.1515625
1 0.43515625 0.56484375 0.1328125 0.14921875
1 0.31875 0.5046875 0.1515625 0.1109375
1 0.090625 0.609375 0.1609375 0.14140625
1 0.4203125 0.68125 0.14375 0.11953125
1 0.30703125 0.61328125 0.16953125 0.12578125
1 0.38515625 0.7921875 0.13828125 0.14140625
1 0.07109375 0.94453125 0.14140625 0.1109375
1 0.284375 0.95 0.134375 0.1
1 0.171875 0.8984375 0.1578125 0.14375
1 0.0796875 0.8328125 0.15859375 0.146875
1 0.29765625 0.8578125 0.15859375 0.1453125
1 0.1921875 0.78515625 0.13828125 0.1296875
1 0.30546875 0.740625 0.16328125 0.16484375
1 0.2078125 0.68046875 0.13828125 0.1453125
1 0.32265625 0.403125 0.146875 0.146875
1 0.70234375 0.39609375 0.1375 0.14375
1 0.9375 0.75078125 0.125 0.1515625
1 0.6890625 0.09765625 0.1015625 0.0828125
6 0.825 0.24765625 0.1359375 0.1265625
1 0.43671875 0.25390625 0.13125 0.128125
1 0.55 0.06171875 0.1453125 0.12265625
1 0.125 0.13046875 0.13359375 0.15703125
1 0.8765625 0.63203125 0.11640625 0.11484375
1 0.090625 0.7328125 0.14375 0.14375
1 0.32890625 0.15 0.1625 0.165625
1 0.20703125 0.5640625 0.1171875 0.1140625
6 0.48359375 0.17578125 0.171875 0.146875
1 0.54453125 0.3015625 0.18046875 0.1421875
1 0.80625 0.11328125 0.1203125 0.1015625