6 0.2515625 0.35 0.0921875 0.15078125
6 0.31171875 0.40703125 0.1875 0.1296875
6 0.74453125 0.46015625 0.19609375 0.1859375
6 0.5328125 0.46328125 0.09921875 0.09140625
6 0.52734375 0.5609375 0.09140625 0.1046875
6 0.365625 0.57734375 0.07734375 0.07734375
6 0.41328125 0.5125 0.14296875 0.146875
6 0.93828125 0.9453125 0.0375 0.0359375
6 0.96328125 0.75546875 0.05703125 0.06328125
6 0.9484375 0.86171875 0.04765625 0.06015625
6 0.68046875 0.7109375 0.03828125 0.03828125
6 0.64140625 0.78046875 0.0390625 0.03359375
6 0.36015625 0.940625 0.1203125 0.11875
6 0.3 0.89140625 0.04609375 0.0453125
6 0.2046875 0.77890625 0.21640625 0.21015625
6 0.10625 0.890625 0.0546875 0.06484375
6 0.03828125 0.92734375 0.0765625 0.1453125
1 0.1 0.659375 0.115625 0.08203125
6 0.10390625 0.5828125 0.134375 0.0828125
6 0.0640625 0.52890625 0.128125 0.10703125
6 0.0515625 0.4140625 0.103125 0.1375
6 0.09296875 0.35546875 0.090625 0.06953125
1 0.05859375 0.3234375 0.05625 0.053125
1 0.03046875 0.25390625 0.0609375 0.075
6 0.08203125 0.26171875 0.10234375 0.09375
6 0.30859375 0.08046875 0.11328125 0.11640625
6 0.50625 0.2203125 0.028125 0.028125
6 0.6234375 0.24375 0.05703125 0.075
6 0.6390625 0.16328125 0.05859375 0.0765625
6 0.6953125 0.08203125 0.07265625 0.08125
1 0.1734375 0.43671875 0.14140625 0.1546875
1 0.19375 0.646875 0.06796875 0.0734375
1 0.0296875 0.73203125 0.059375 0.09765625
1 0.25 0.47890625 0.103125 0.075
1 0.12890625 0.403125 0.06953125 0.0734375