3 0.53046875 0.69453125 0.071875 0.0859375
1 0.36875 0.5375 0.13671875 0.134375
1 0.63671875 0.259375 0.15859375 0.1390625
1 0.08984375 0.3609375 0.1765625 0.18046875
1 0.86640625 0.30625 0.14453125 0.1484375
1 0.775 0.35859375 0.153125 0.1546875
1 0.4265625 0.38203125 0.16328125 0.140625
3 0.665625 0.81953125 0.1109375 0.10703125
1 0.8953125 0.19453125 0.1109375 0.11875
1 0.86328125 0.11640625 0.0671875 0.05390625
1 0.05390625 0.57578125 0.10703125 0.1546875
1 0.06015625 0.440625 0.1203125 0.121875
1 0.17109375 0.434375 0.13984375 0.13984375
1 0.13828125 0.56015625 0.14765625 0.1625
1 0.246875 0.5359375 0.12578125 0.13671875
1 0.4875 0.50390625 0.14765625 0.16484375
1 0.08828125 0.19296875 0.14765625 0.17421875
1 0.18671875 0.27578125 0.1359375 0.13828125
1 0.18359375 0.1578125 0.10390625 0.13203125
1 0.11953125 0.07578125 0.12578125 0.1203125
1 0.2125 0.04609375 0.109375 0.0921875
1 0.2875 0.2125 0.1359375 0.13984375
1 0.29140625 0.103125 0.15546875 0.13203125
1 0.39375 0.115625 0.128125 0.14921875
1 0.40078125 0.28125 0.16875 0.1625
1 0.4859375 0.1625 0.121875 0.14609375
1 0.671875 0.40546875 0.16484375 0.14921875
1 0.66015625 0.5375 0.159375 0.15078125
1 0.78203125 0.49765625 0.1515625 0.16875
1 0.88203125 0.43125 0.153125 0.159375
1 0.5390625 0.4078125 0.128125 0.12265625
1 0.5421875 0.2984375 0.15859375 0.1515625
1 0.54375 0.0546875 0.1375 0.109375
1 0.57734375 0.165625 0.125 0.1421875
1 0.65703125 0.05546875 0.128125 0.10078125
1 0.675 0.14921875 0.1140625 0.121875
1 0.7734375 0.14453125 0.1609375 0.178125
1 0.89765625 0.06328125 0.12890625 0.11640625
1 0.94921875 0.12421875 0.1015625 0.1890625
1 0.95625 0.25625 0.0875 0.1234375
1 0.95546875 0.37578125 0.0890625 0.153125
1 0.9359375 0.50859375 0.12734375 0.1640625
1 0.77265625 0.23984375 0.16015625 0.14375
3 0.65546875 0.68671875 0.1203125 0.0890625
3 0.32734375 0.70859375 0.08828125 0.08515625
3 0.25078125 0.7078125 0.0671875 0.1140625
3 0.20625 0.7125 0.059375 0.059375
3 0.13984375 0.70625 0.06328125 0.05625
3 0.12578125 0.759375 0.075 0.09375
3 0.0890625 0.73515625 0.0625 0.08984375
6 0.39765625 0.7734375 0.18046875 0.1828125
6 0.5796875 0.82265625 0.12421875 0.1140625
6 0.903125 0.73515625 0.19375 0.2078125
1 0.9546875 0.6734375 0.08984375 0.1765625
3 0.65 0.95390625 0.04453125 0.05703125
3 0.615625 0.98046875 0.0703125 0.03828125
6 0.21953125 0.840625 0.11171875 0.1359375