3 0.85 0.809375 0.0453125 0.03984375
1 0.43125 0.93515625 0.09921875 0.08359375
6 0.384375 0.85390625 0.14453125 0.10625
6 0.265625 0.846875 0.15546875 0.09296875
6 0.31953125 0.775 0.0546875 0.0484375
6 0.6078125 0.63359375 0.07109375 0.0859375
6 0.83984375 0.61015625 0.09296875 0.09375
6 0.684375 0.08359375 0.06640625 0.07109375
6 0.71328125 0.18046875 0.18203125 0.16328125
6 0.678125 0.30625 0.0765625 0.04609375
6 0.5375 0.31796875 0.03515625 0.034375
6 0.5015625 0.32578125 0.04453125 0.0484375
6 0.23984375 0.5125 0.1859375 0.16875
6 0.39609375 0.47265625 0.17109375 0.1375
6 0.37890625 0.5796875 0.06953125 0.07265625
6 0.43203125 0.6265625 0.134375 0.125
6 0.15390625 0.7921875 0.07421875 0.096875
6 0.22578125 0.74453125 0.13046875 0.13828125
1 0.0625 0.67734375 0.10703125 0.1171875
6 0.0703125 0.60078125 0.11171875 0.0921875
6 0.1484375 0.6296875 0.0734375 0.0734375
1 0.16484375 0.5734375 0.0609375 0.0703125
6 0.10546875 0.46640625 0.0890625 0.08671875
3 0.3625 0.37109375 0.09375 0.0828125
3 0.4359375 0.37109375 0.07421875 0.0546875
3 0.38671875 0.3328125 0.06953125 0.0578125
3 0.446875 0.32578125 0.08984375 0.06328125
1 0.378125 0.2546875 0.1 0.12109375
6 0.1546875 0.353125 0.171875 0.1625
6 0.1796875 0.265625 0.18203125 0.14765625
6 0.21015625 0.1375 0.23515625 0.20859375
6 0.11171875 0.0546875 0.2203125 0.109375
1 0.29453125 0.69609375 0.0984375 0.09296875
1 0.321875 0.9390625 0.10234375 0.10078125
1 0.28828125 0.38828125 0.0953125 0.084375
1 0.20625 0.92734375 0.10078125 0.1109375
1 0.31953125 0.60703125 0.0890625 0.07734375
1 0.1015625 0.74453125 0.1234375 0.13828125
1 0.4078125 0.759375 0.146875 0.1
1 0.35859375 0.178125 0.084375 0.08046875
1 0.97109375 0.1421875 0.0578125 0.10625
1 0.40859375 0.69375 0.084375 0.078125
1 0.303125 0.25234375 0.0859375 0.12734375
1 0.97265625 0.021875 0.05390625 0.04375