1 0.38359375 0.81875 0.16015625 0.15390625
1 0.7125 0.05234375 0.15625 0.1046875
1 0.24375 0.62578125 0.1296875 0.10859375
1 0.52578125 0.53125 0.1265625 0.11953125
1 0.4234375 0.53125 0.14375 0.1515625
1 0.4875 0.64296875 0.1578125 0.15390625
1 0.165625 0.921875 0.1625 0.14140625
1 0.8078125 0.82578125 0.1546875 0.16015625
1 0.91875 0.77421875 0.140625 0.1671875
1 0.80859375 0.696875 0.13515625 0.165625
1 0.8234375 0.5859375 0.14765625 0.1515625
1 0.92578125 0.646875 0.1453125 0.165625
1 0.925 0.51953125 0.15 0.1390625
1 0.92890625 0.4 0.1296875 0.15625
1 0.83203125 0.46171875 0.1453125 0.1515625
1 0.7296875 0.4953125 0.13203125 0.1296875
1 0.846875 0.34453125 0.14375 0.14921875
1 0.93515625 0.30546875 0.1296875 0.1625
1 0.0921875 0.1125 0.14765625 0.146875
1 0.41875 0.0734375 0.15859375 0.146875
1 0.6265625 0.43125 0.11875 0.13046875
1 0.525 0.4046875 0.15390625 0.1625
1 0.709375 0.88359375 0.14140625 0.165625
1 0.49765625 0.89140625 0.13515625 0.15
1 0.2640625 0.86875 0.12109375 0.121875
1 0.0671875 0.85703125 0.134375 0.16328125
1 0.0734375 0.734375 0.146875 0.14765625
1 0.28203125 0.75859375 0.15625 0.17421875
1 0.20234375 0.51171875 0.1671875 0.13515625
1 0.39921875 0.26875 0.13671875 0.14375
1 0.428125 0.16328125 0.13828125 0.1515625
1 0.3 0.165625 0.15390625 0.17109375
1 0.1859375 0.203125 0.13515625 0.171875
1 0.7296875 0.14375 0.17265625 0.15078125
1 0.1734375 0.79765625 0.14765625 0.1765625
1 0.1609375 0.3875 0.17109375 0.17890625
1 0.70859375 0.6390625 0.153125 0.17109375
1 0.92734375 0.17890625 0.1453125 0.17421875
1 0.60546875 0.703125 0.1375 0.16796875
1 0.6125 0.32890625 0.15546875 0.15703125
1 0.6125 0.203125 0.1546875 0.1421875
1 0.71171875 0.26796875 0.15546875 0.14375
1 0.12265625 0.61015625 0.1625 0.14921875
1 0.053125 0.37890625 0.10625 0.17734375
1 0.49921875 0.26875 0.1390625 0.1515625
1 0.375 0.9265625 0.153125 0.1453125
1 0.36640625 0.63203125 0.16875 0.14453125
1 0.71328125 0.38828125 0.14375 0.1234375
1 0.54296875 0.0796875 0.16875 0.15859375
1 0.70234375 0.77265625 0.14375 0.15390625
1 0.2828125 0.40859375 0.1390625 0.15390625
1 0.828125 0.22109375 0.1390625 0.15546875
1 0.62734375 0.553125 0.134375 0.1390625
1 0.3890625 0.4 0.12890625 0.1609375
1 0.5984375 0.81484375 0.165625 0.14921875
1 0.83046875 0.065625 0.1625 0.13125
1 0.07265625 0.5015625 0.1453125 0.175
1 0.28046875 0.28125 0.13828125 0.12109375
1 0.309375 0.52421875 0.14921875 0.15390625
1 0.08203125 0.2453125 0.14140625 0.140625
1 0.3078125 0.0546875 0.17578125 0.109375