6 0.9515625 0.03359375 0.096875 0.0671875
1 0.9796875 0.259375 0.03984375 0.08984375
6 0.78515625 0.25078125 0.0296875 0.03046875
6 0.65546875 0.98828125 0.04609375 0.02265625
6 0.21640625 0.86015625 0.15390625 0.178125
6 0.31953125 0.88046875 0.06875 0.08359375
6 0.04375 0.59375 0.0875 0.134375
1 0.24140625 0.4515625 0.1203125 0.1125
3 0.365625 0.01875 0.05703125 0.0375
3 0.32109375 0.03359375 0.05234375 0.05234375
6 0.41484375 0.07734375 0.14609375 0.14453125
6 0.45703125 0.14765625 0.0828125 0.078125
6 0.534375 0.18125 0.0375 0.0390625
6 0.48359375 0.1921875 0.03984375 0.0421875
3 0.4390625 0.2078125 0.0484375 0.0453125
6 0.3765625 0.30703125 0.08828125 0.125
6 0.3984375 0.45703125 0.115625 0.14921875
6 0.08046875 0.72421875 0.096875 0.0984375
6 0.4671875 0.86953125 0.02578125 0.025
3 0.41796875 0.715625 0.1171875 0.08203125
3 0.4140625 0.67265625 0.04296875 0.040625
6 0.571875 0.71328125 0.03125 0.03203125
6 0.66171875 0.70625 0.0515625 0.0453125
6 0.809375 0.70625 0.03046875 0.03125
6 0.778125 0.70546875 0.0296875 0.0265625
6 0.8734375 0.71484375 0.0328125 0.0234375
6 0.94453125 0.4 0.1078125 0.0953125
1 0.51328125 0.3265625 0.10625 0.10546875
1 0.359375 0.79609375 0.09140625 0.0875
1 0.9703125 0.68125 0.059375 0.1046875