1 0.60078125 0.90234375 0.08984375 0.0890625
6 0.49453125 0.92421875 0.21015625 0.15078125
6 0.13828125 0.90390625 0.084375 0.10703125
6 0.040625 0.9078125 0.08046875 0.11953125
6 0.08671875 0.84453125 0.05390625 0.0421875
6 0.1234375 0.81875 0.05703125 0.0671875
6 0.05 0.74296875 0.0375 0.0375
6 0.16875 0.66640625 0.08359375 0.084375
6 0.3359375 0.74296875 0.1453125 0.2078125
6 0.90703125 0.9078125 0.18515625 0.17265625
6 0.69921875 0.94609375 0.16328125 0.1078125
6 0.71875 0.8171875 0.24921875 0.2046875
6 0.57734375 0.5984375 0.09375 0.1171875
6 0.6375 0.5375 0.0921875 0.10078125
6 0.94921875 0.6203125 0.1015625 0.153125
3 0.8828125 0.35 0.07265625 0.0640625
6 0.70625 0.43515625 0.15703125 0.13671875
6 0.7359375 0.3359375 0.13125 0.128125
1 0.834375 0.30078125 0.109375 0.1203125
6 0.9546875 0.04609375 0.05078125 0.06796875
6 0.57109375 0.021875 0.03828125 0.0375
1 0.8328125 0.4515625 0.1359375 0.1421875
1 0.9203125 0.4546875 0.11015625 0.1265625
1 0.48046875 0.8 0.18046875 0.17109375
1 0.8921875 0.7734375 0.1078125 0.10703125
1 0.290625 0.915625 0.10859375 0.10078125
1 0.615625 0.6484375 0.0921875 0.084375
1 0.94453125 0.71953125 0.11015625 0.1109375
1 0.16484375 0.9734375 0.0859375 0.053125
1 0.709375 0.5109375 0.0828125 0.07734375
1 0.2359375 0.82578125 0.14140625 0.1203125
1 0.86484375 0.66171875 0.1140625 0.1171875
1 0.96484375 0.80703125 0.0703125 0.1171875
1 0.25 0.7578125 0.096875 0.1109375