1 0.66015625 0.5375 0.17421875 0.1671875
1 0.559375 0.65546875 0.17109375 0.16796875
1 0.7546875 0.79453125 0.16640625 0.1625
1 0.53984375 0.89453125 0.1734375 0.16015625
1 0.9390625 0.184375 0.1203125 0.14765625
1 0.9453125 0.9234375 0.10859375 0.146875
1 0.22421875 0.27578125 0.15703125 0.15
1 0.95 0.6765625 0.09921875 0.1359375
1 0.8828125 0.61328125 0.1453125 0.1515625
1 0.8625 0.48203125 0.16328125 0.15546875
1 0.18828125 0.94453125 0.171875 0.1109375
1 0.33125 0.9359375 0.1421875 0.128125
1 0.4421875 0.9453125 0.128125 0.109375
1 0.65390625 0.9453125 0.1359375 0.109375
1 0.74921875 0.90234375 0.16796875 0.146875
1 0.153125 0.85546875 0.128125 0.146875
1 0.284375 0.8625 0.1578125 0.1484375
1 0.4171875 0.85546875 0.14765625 0.1234375
1 0.6609375 0.8390625 0.13359375 0.12421875
1 0.87109375 0.8390625 0.1421875 0.1484375
1 0.8625 0.72265625 0.134375 0.140625
1 0.76015625 0.65546875 0.14921875 0.1421875
1 0.66640625 0.7125 0.14375 0.15703125
1 0.5609375 0.77109375 0.146875 0.159375
1 0.46484375 0.75078125 0.1546875 0.1609375
1 0.334375 0.7546875 0.1765625 0.13203125
1 0.1234375 0.734375 0.1203125 0.13125
1 0.2171875 0.7390625 0.10078125 0.10546875
1 0.3 0.64921875 0.1515625 0.1296875
1 0.42109375 0.6578125 0.115625 0.09453125
1 0.39296875 0.571875 0.15546875 0.12421875
1 0.50625 0.56953125 0.15 0.1328125
1 0.4859375 0.6890625 0.00078125 0.003125
1 0.1953125 0.65390625 0.1078125 0.1296875
1 0.16875 0.54921875 0.1125 0.11640625
1 0.2734375 0.54609375 0.1484375 0.12109375
1 0.33359375 0.45703125 0.1140625 0.103125
1 0.44921875 0.4734375 0.15234375 0.12578125
1 0.190625 0.4234375 0.14921875 0.1546875
1 0.67265625 0.40703125 0.16015625 0.153125
1 0.53359375 0.4046875 0.14140625 0.16484375
1 0.4296875 0.37109375 0.13125 0.1625
1 0.31640625 0.3609375 0.146875 0.14375
1 0.778125 0.553125 0.13984375 0.1171875
1 0.303125 0.1859375 0.15234375 0.1484375
1 0.3796875 0.271875 0.15625 0.134375
1 0.51015625 0.2671875 0.1453125 0.1640625
1 0.46171875 0.1546875 0.15234375 0.1578125
1 0.39375 0.10625 0.12890625 0.146875
1 0.28203125 0.07734375 0.15546875 0.1421875
1 0.51796875 0.0734375 0.1671875 0.1359375
1 0.5953125 0.1125 0.14765625 0.12109375
1 0.6953125 0.0796875 0.15 0.13984375
1 0.60859375 0.221875 0.1453125 0.1359375
1 0.71796875 0.246875 0.15234375 0.1515625
1 0.628125 0.3296875 0.13359375 0.1078125
1 0.76484375 0.33671875 0.1609375 0.15234375
1 0.83515625 0.36640625 0.15546875 0.13125
1 0.75234375 0.46015625 0.11796875 0.134375
1 0.85234375 0.9515625 0.15546875 0.096875
1 0.809375 0.05390625 0.184375 0.1078125
1 0.9578125 0.071875 0.084375 0.09296875
1 0.8640625 0.12265625 0.12109375 0.12109375
1 0.86015625 0.11953125 0.11328125 0.1203125
1 0.853125 0.2359375 0.1578125 0.1484375
1 0.92890625 0.309375 0.1421875 0.16328125
1 0.95234375 0.4140625 0.0953125 0.1578125
1 0.95546875 0.54921875 0.0890625 0.14375
1 0.94296875 0.7859375 0.1140625 0.121875