6 0.6390625 0.07109375 0.19296875 0.1421875
6 0.75703125 0.03203125 0.1 0.0640625
3 0.5421875 0.20546875 0.0515625 0.05625
3 0.5890625 0.209375 0.0328125 0.0296875
3 0.584375 0.18203125 0.0265625 0.02265625
3 0.62265625 0.159375 0.03125 0.040625
6 0.5078125 0.13671875 0.084375 0.071875
6 0.30859375 0.07734375 0.1296875 0.1546875
6 0.21640625 0.04453125 0.0859375 0.0890625
6 0.23515625 0.16640625 0.1171875 0.1828125
6 0.0921875 0.07109375 0.121875 0.14140625
6 0.48125 0.21875 0.0765625 0.0703125
6 0.453125 0.31015625 0.1203125 0.10859375
6 0.30234375 0.28046875 0.08671875 0.10546875
6 0.15546875 0.2453125 0.0796875 0.08359375
6 0.20234375 0.36640625 0.18515625 0.2
6 0.340625 0.48828125 0.21328125 0.203125
6 0.0796875 0.4734375 0.10546875 0.10859375
6 0.18359375 0.5203125 0.11796875 0.12265625
6 0.1078125 0.73125 0.1390625 0.1515625
6 0.040625 0.54453125 0.08046875 0.2578125
6 0.05546875 0.1765625 0.11015625 0.21640625
6 0.1203125 0.89765625 0.05625 0.06484375
3 0.53125 0.26171875 0.0765625 0.06171875