6 0.29453125 0.928125 0.03828125 0.0484375
6 0.3921875 0.853125 0.040625 0.03828125
6 0.3640625 0.934375 0.1296875 0.13125
6 0.596875 0.93515625 0.121875 0.1078125
6 0.67265625 0.83984375 0.096875 0.13671875
6 0.76171875 0.76171875 0.13671875 0.11171875
6 0.77421875 0.8640625 0.11015625 0.10859375
6 0.87109375 0.9421875 0.065625 0.05390625
6 0.959375 0.86171875 0.08125 0.1921875
6 0.875 0.79921875 0.1328125 0.08828125
6 0.89921875 0.73984375 0.1625 0.0984375
3 0.9046875 0.4953125 0.04453125 0.05703125
3 0.8578125 0.4984375 0.0484375 0.0515625
3 0.78671875 0.53828125 0.05078125 0.04921875
3 0.81640625 0.5234375 0.04375 0.0390625
3 0.76171875 0.55078125 0.04765625 0.0421875
6 0.69453125 0.596875 0.146875 0.11484375
3 0.22109375 0.4328125 0.06328125 0.0453125
3 0.0671875 0.39921875 0.0421875 0.04140625
3 0.09140625 0.43359375 0.04453125 0.065625
6 0.3015625 0.628125 0.08984375 0.090625
6 0.44765625 0.60390625 0.03515625 0.03125
6 0.40703125 0.6390625 0.04609375 0.04765625
6 0.4875 0.57265625 0.04140625 0.04765625
6 0.51875 0.52890625 0.04296875 0.05
6 0.56484375 0.4875 0.046875 0.0546875
6 0.653125 0.40546875 0.040625 0.04453125
6 0.5828125 0.26953125 0.17265625 0.10625
6 0.7140625 0.08828125 0.08984375 0.09921875
6 0.59453125 0.065625 0.1421875 0.13125
6 0.42109375 0.18828125 0.17578125 0.1640625
6 0.21171875 0.04296875 0.1640625 0.0859375
6 0.259375 0.1015625 0.171875 0.078125
6 0.221875 0.1671875 0.11484375 0.1046875
1 0.16171875 0.203125 0.1296875 0.08359375
6 0.0515625 0.2515625 0.103125 0.1625
6 0.16328125 0.31796875 0.18828125 0.16328125
6 0.30390625 0.35546875 0.1765625 0.1796875
1 0.7171875 0.665625 0.1125 0.1046875
1 0.70234375 0.20078125 0.11796875 0.10859375
1 0.565625 0.19296875 0.1171875 0.1109375
1 0.38515625 0.478125 0.12578125 0.1265625
1 0.8875 0.86796875 0.10078125 0.09765625
1 0.48046875 0.8890625 0.1453125 0.14140625
1 0.8359375 0.634375 0.1546875 0.16875
1 0.45234375 0.346875 0.12421875 0.121875
1 0.28203125 0.234375 0.08984375 0.08984375
1 0.9640625 0.47109375 0.071875 0.10234375
1 0.49609375 0.79375 0.12265625 0.10234375
1 0.96328125 0.61015625 0.0734375 0.1
1 0.453125 0.43203125 0.1109375 0.0875