1 0.37421875 0.40625 0.08203125 0.084375
1 0.6484375 0.1 0.1515625 0.15625
1 0.5375 0.07421875 0.1515625 0.1453125
1 0.3296875 0.0703125 0.15390625 0.13828125
1 0.10078125 0.278125 0.1546875 0.18046875
1 0.22734375 0.21640625 0.1625 0.1390625
1 0.328125 0.26328125 0.16015625 0.16953125
1 0.50234375 0.8375 0.128125 0.1015625
6 0.68359375 0.92578125 0.09296875 0.08515625
6 0.72265625 0.875 0.06953125 0.0765625
6 0.903125 0.1734375 0.1734375 0.1125
6 0.19765625 0.69921875 0.17421875 0.1359375
6 0.496875 0.496875 0.090625 0.10078125
1 0.109375 0.15234375 0.1421875 0.1484375
1 0.196875 0.30859375 0.13515625 0.14296875
6 0.96015625 0.7640625 0.0796875 0.1078125
6 0.590625 0.790625 0.05390625 0.06015625
6 0.02421875 0.9203125 0.04765625 0.0515625
3 0.109375 0.9828125 0.0640625 0.034375
1 0.16171875 0.58359375 0.0796875 0.0765625
3 0.06953125 0.96015625 0.06875 0.078125
1 0.428125 0.23125 0.134375 0.1390625
1 0.12890625 0.05234375 0.17578125 0.103125
3 0.03046875 0.6484375 0.06015625 0.07421875
1 0.42578125 0.1046875 0.1515625 0.15703125
1 0.2203125 0.09609375 0.12578125 0.14296875
6 0.165625 0.4703125 0.253125 0.1890625
6 0.31953125 0.396875 0.13203125 0.1203125
6 0.41015625 0.459375 0.09375 0.1265625
6 0.6265625 0.54453125 0.17734375 0.13515625
6 0.63125 0.65703125 0.1546875 0.13203125
6 0.9140625 0.26796875 0.15 0.11875
3 0.74921875 0.171875 0.06171875 0.046875
3 0.77265625 0.1421875 0.06171875 0.0515625
3 0.734375 0.14296875 0.04609375 0.0375
3 0.71484375 0.19921875 0.0734375 0.05859375
3 0.54375 0.25859375 0.07109375 0.06484375
3 0.4234375 0.33203125 0.08046875 0.05703125
3 0.4203125 0.37578125 0.065625 0.0546875
3 0.29609375 0.5421875 0.04296875 0.05
3 0.2578125 0.56875 0.05078125 0.0625
3 0.02734375 0.56171875 0.05390625 0.04765625
3 0.0203125 0.49375 0.03984375 0.0765625
3 0.03828125 0.5171875 0.07578125 0.05390625
6 0.4703125 0.93046875 0.1375 0.1390625