6 0.56640625 0.8984375 0.03515625 0.03125
6 0.5328125 0.90546875 0.02734375 0.02890625
6 0.60703125 0.828125 0.10625 0.09375
6 0.5953125 0.7390625 0.13125 0.10625
6 0.70703125 0.70859375 0.04609375 0.04765625
1 0.9234375 0.8078125 0.08671875 0.078125
6 0.90703125 0.7140625 0.184375 0.140625
6 0.96640625 0.60859375 0.0671875 0.103125
6 0.54140625 0.2203125 0.1203125 0.12578125
6 0.60703125 0.190625 0.04921875 0.0640625
6 0.665625 0.17265625 0.0890625 0.08828125
6 0.675 0.3296875 0.07265625 0.059375
6 0.70078125 0.378125 0.10859375 0.140625
6 0.790625 0.34609375 0.1140625 0.12265625
6 0.90078125 0.37578125 0.09140625 0.06796875
3 0.9125 0.4140625 0.06171875 0.04296875
3 0.840625 0.334375 0.04609375 0.053125
3 0.71484375 0.23203125 0.04375 0.03984375
3 0.79453125 0.259375 0.05078125 0.0484375
3 0.88828125 0.32265625 0.05 0.0453125
3 0.859375 0.29453125 0.05390625 0.05234375
3 0.9 0.26796875 0.05234375 0.04609375
3 0.875 0.23359375 0.0734375 0.04765625
3 0.83984375 0.20546875 0.04921875 0.06015625
6 0.9109375 0.08828125 0.07734375 0.08203125
3 0.89453125 0.14609375 0.06171875 0.04609375
3 0.81484375 0.1609375 0.0484375 0.046875
3 0.82578125 0.12890625 0.0734375 0.0640625
3 0.9734375 0.04453125 0.0515625 0.0453125
3 0.7015625 0.04296875 0.08828125 0.08515625
3 0.59140625 0.0890625 0.04140625 0.034375
3 0.625 0.0921875 0.046875 0.0421875
3 0.6 0.12109375 0.0578125 0.05390625
6 0.53515625 0.0875 0.0640625 0.06484375
6 0.50390625 0.140625 0.0640625 0.0609375
6 0.35234375 0.04375 0.04765625 0.0484375
6 0.2953125 0.02578125 0.065625 0.0515625
6 0.125 0.3546875 0.053125 0.05703125
6 0.015625 0.30859375 0.03125 0.0421875
1 0.415625 0.29453125 0.10546875 0.0921875
1 0.73671875 0.80234375 0.11640625 0.10859375
1 0.76015625 0.5640625 0.11015625 0.1125
1 0.6421875 0.253125 0.09453125 0.096875
1 0.63359375 0.9 0.10546875 0.0921875
6 0.91953125 0.50234375 0.06796875 0.065625
1 0.40859375 0.2140625 0.121875 0.11328125
1 0.76484375 0.2 0.10078125 0.10625
1 0.4953125 0.2828125 0.06328125 0.0671875
1 0.4765625 0.19375 0.06484375 0.07890625
6 0.815625 0.43046875 0.096875 0.08515625
1 0.6546875 0.10390625 0.04140625 0.03671875
1 0.84140625 0.490625 0.0453125 0.04375
1 0.40703125 0.91484375 0.0390625 0.03671875
6 0.78515625 0.4890625 0.05703125 0.05078125
1 0.346875 0.15703125 0.05546875 0.0515625
1 0.5515625 0.1296875 0.034375 0.03203125