1 0.11640625 0.2625 0.14296875 0.1125
1 0.1265625 0.140625 0.14296875 0.15859375
1 0.21328125 0.08671875 0.1953125 0.1734375
1 0.3265625 0.15234375 0.1578125 0.15
1 0.45 0.090625 0.196875 0.16328125
1 0.89140625 0.07578125 0.16953125 0.1515625
1 0.765625 0.259375 0.20859375 0.18671875
1 0.6671875 0.209375 0.1328125 0.14765625
1 0.5703125 0.38671875 0.13203125 0.15859375
1 0.4328125 0.315625 0.1546875 0.09921875
1 0.321875 0.4 0.1390625 0.1609375
1 0.3265625 0.2640625 0.15 0.16328125
1 0.21875 0.4203125 0.1734375 0.14765625
1 0.225 0.31328125 0.19140625 0.1453125
1 0.11171875 0.35 0.14296875 0.128125
1 0.09609375 0.4375 0.1734375 0.15
1 0.94140625 0.49609375 0.1171875 0.171875
1 0.45703125 0.4140625 0.1890625 0.16875
1 0.35546875 0.5234375 0.14765625 0.1609375
1 0.2421875 0.53984375 0.14765625 0.1515625
1 0.140625 0.55078125 0.140625 0.1609375
1 0.0484375 0.5625 0.09609375 0.16953125
1 0.8890625 0.621875 0.1265625 0.13828125
1 0.77421875 0.6375 0.14296875 0.14921875
1 0.6375 0.640625 0.1390625 0.13828125
1 0.95 0.7671875 0.1 0.171875
1 0.434375 0.72421875 0.14921875 0.11875
1 0.40625 0.63125 0.1453125 0.12421875
1 0.30625 0.7578125 0.15859375 0.14921875
1 0.2890625 0.64609375 0.128125 0.15234375
1 0.17109375 0.6734375 0.15390625 0.15859375
1 0.065625 0.68203125 0.13125 0.1359375
1 0.19921875 0.78359375 0.178125 0.16328125
1 0.9453125 0.9 0.10859375 0.15390625
1 0.853125 0.85859375 0.17578125 0.128125
1 0.74453125 0.80390625 0.13671875 0.14296875
1 0.5328125 0.8171875 0.11875 0.11328125
1 0.42109375 0.81875 0.146875 0.1390625
1 0.53125 0.9 0.15859375 0.13046875
1 0.403125 0.93203125 0.15 0.13046875
1 0.3 0.87890625 0.15859375 0.14921875
1 0.0765625 0.91953125 0.153125 0.1578125
1 0.18984375 0.921875 0.1546875 0.1546875
1 0.84453125 0.7546875 0.17578125 0.14375
1 0.9234375 0.35546875 0.153125 0.1609375
1 0.8375 0.5046875 0.153125 0.178125
1 0.62265625 0.84296875 0.15078125 0.1765625
1 0.4328125 0.22109375 0.18125 0.15234375
1 0.56484375 0.1109375 0.1765625 0.1625
1 0.51796875 0.63984375 0.15 0.13515625
1 0.071875 0.8 0.14375 0.146875
1 0.65625 0.04375 0.17109375 0.0875
1 0.759375 0.10859375 0.1671875 0.1890625
1 0.56640625 0.25 0.13046875 0.15390625
1 0.6703125 0.3734375 0.13359375 0.1734375
1 0.871875 0.19140625 0.14921875 0.1671875
1 0.78984375 0.365625 0.15 0.1625
1 0.2125 0.221875 0.153125 0.153125
1 0.5828125 0.51953125 0.1421875 0.1578125
1 0.4671875 0.5328125 0.13984375 0.14453125
1 0.7109375 0.49765625 0.1359375 0.17109375