6 0.8421875 0.76640625 0.2046875 0.2078125
6 0.94140625 0.828125 0.11640625 0.16953125
6 0.94609375 0.93984375 0.10703125 0.11953125
3 0.88125 0.96171875 0.06015625 0.07109375
3 0.87734375 0.91953125 0.05546875 0.04921875
3 0.7515625 0.96640625 0.13828125 0.0671875
3 0.6859375 0.8953125 0.08515625 0.065625
3 0.6375 0.859375 0.0625 0.07109375
6 0.65859375 0.94765625 0.09453125 0.08984375
6 0.6796875 0.684375 0.140625 0.11171875
6 0.5078125 0.7484375 0.20625 0.2203125
6 0.240625 0.84765625 0.29765625 0.3046875
6 0.3515625 0.46328125 0.109375 0.12734375
6 0.1453125 0.53046875 0.26953125 0.21875
6 0.33828125 0.0671875 0.03359375 0.034375