6 0.5484375 0.14296875 0.07109375 0.078125
3 0.2890625 0.35859375 0.05859375 0.04609375
3 0.81015625 0.7515625 0.04375 0.04375
3 0.803125 0.7140625 0.04140625 0.03125
3 0.84140625 0.69765625 0.03671875 0.0328125
6 0.61015625 0.91015625 0.2109375 0.1796875
1 0.7171875 0.7125 0.1078125 0.1046875
1 0.459375 0.20234375 0.1078125 0.1015625
1 0.52265625 0.2359375 0.1015625 0.09609375
3 0.9578125 0.9484375 0.06953125 0.0703125
1 0.13515625 0.4125 0.065625 0.065625
3 0.34609375 0.26171875 0.07734375 0.08359375
6 0.3859375 0.49453125 0.08125 0.075
3 0.6046875 0.30234375 0.071875 0.05859375
3 0.5484375 0.33359375 0.0765625 0.0734375
3 0.453125 0.2890625 0.05625 0.04609375
3 0.39296875 0.33359375 0.05703125 0.059375
3 0.403125 0.30078125 0.04765625 0.0515625
3 0.51015625 0.3 0.059375 0.0625
6 0.546875 0.45703125 0.18203125 0.2078125
3 0.59765625 0.43359375 0.053125 0.04296875
3 0.63203125 0.5359375 0.0828125 0.0671875
3 0.43671875 0.56015625 0.06875 0.05546875
3 0.321875 0.521875 0.06875 0.0578125
3 0.21015625 0.4421875 0.08046875 0.08671875
3 0.2453125 0.478125 0.06171875 0.08359375
3 0.121875 0.48203125 0.06328125 0.04609375
3 0.15546875 0.52578125 0.04921875 0.06953125
3 0.1171875 0.52109375 0.0484375 0.0703125
3 0.025 0.5125 0.05 0.0625
6 0.15 0.68203125 0.2484375 0.29609375
3 0.08671875 0.5421875 0.03984375 0.04453125
3 0.059375 0.56484375 0.05625 0.0390625
3 0.028125 0.62734375 0.04609375 0.0578125
3 0.01953125 0.69453125 0.0390625 0.0765625
6 0.24921875 0.87421875 0.2 0.1828125
6 0.82890625 0.90859375 0.18828125 0.175
6 0.46796875 0.8890625 0.1609375 0.1578125
6 0.63125 0.63515625 0.1921875 0.1734375
6 0.63359375 0.7640625 0.13828125 0.1046875
6 0.54375 0.66953125 0.15234375 0.1609375