6 0.865625 0.92265625 0.25390625 0.15390625
6 0.68984375 0.91953125 0.14765625 0.1296875
6 0.1703125 0.953125 0.090625 0.08984375
6 0.1703125 0.8125 0.0453125 0.05390625
6 0.5484375 0.80390625 0.1703125 0.203125
6 0.40390625 0.7765625 0.20234375 0.22421875
6 0.2734375 0.48359375 0.09921875 0.096875
6 0.5421875 0.42578125 0.20546875 0.18984375
3 0.71015625 0.03046875 0.0171875 0.03203125
3 0.67109375 0.01015625 0.0234375 0.0203125
3 0.73125 0.02734375 0.02734375 0.021875
6 0.87734375 0.090625 0.04453125 0.05
6 0.8484375 0.0671875 0.0375 0.0375
6 0.86328125 0.13515625 0.040625 0.0359375
6 0.32578125 0.3171875 0.05546875 0.06796875
6 0.09453125 0.28671875 0.13203125 0.125
1 0.571875 0.21484375 0.10234375 0.103125
1 0.10390625 0.7234375 0.14375 0.1296875
1 0.428125 0.92890625 0.10859375 0.0984375
1 0.571875 0.94609375 0.109375 0.10625
1 0.35625 0.96015625 0.09375 0.0765625
1 0.3640625 0.8953125 0.0734375 0.06171875
1 0.63671875 0.93203125 0.05859375 0.0734375
1 0.3125 0.80625 0.06484375 0.0796875