6 0.96015625 0.5265625 0.07890625 0.1375
6 0.91484375 0.67890625 0.0703125 0.07890625
3 0.871875 0.9671875 0.06328125 0.065625
6 0.6640625 0.93515625 0.15390625 0.1296875
6 0.74375 0.83515625 0.1390625 0.11015625
6 0.66640625 0.67109375 0.24453125 0.2453125
6 0.82421875 0.56484375 0.25234375 0.20625
1 0.246875 0.134375 0.153125 0.15546875
1 0.815625 0.459375 0.1046875 0.0953125
1 0.4390625 0.47734375 0.15625 0.15
1 0.6546875 0.24609375 0.14609375 0.15859375
1 0.815625 0.9625 0.1 0.075
1 0.484375 0.35234375 0.1375 0.1171875
1 0.475 0.64375 0.1421875 0.1609375
1 0.48984375 0.1234375 0.14921875 0.159375
1 0.05078125 0.665625 0.1015625 0.146875
1 0.15 0.61875 0.1625 0.15703125
1 0.39375 0.0765625 0.1515625 0.1515625
1 0.24375 0.3890625 0.1421875 0.14140625
1 0.63671875 0.05 0.1671875 0.0984375
1 0.59453125 0.1515625 0.12421875 0.1546875
1 0.06640625 0.54296875 0.1328125 0.1421875
1 0.75625 0.07109375 0.1375 0.1296875
1 0.47421875 0.83984375 0.134375 0.10859375
1 0.37421875 0.6 0.153125 0.159375
1 0.07265625 0.27265625 0.1453125 0.17109375
1 0.13203125 0.74375 0.14921875 0.146875
1 0.37578125 0.33046875 0.140625 0.1390625
1 0.36875 0.84296875 0.1203125 0.15546875
1 0.20625 0.8109375 0.13046875 0.134375
1 0.25234375 0.690625 0.1515625 0.17109375
1 0.1609375 0.3359375 0.1328125 0.1109375
1 0.434375 0.93515625 0.115625 0.1296875
1 0.5359375 0.940625 0.125 0.11875
1 0.3515625 0.93515625 0.115625 0.1296875
1 0.1859375 0.921875 0.15390625 0.146875
1 0.26484375 0.94296875 0.1171875 0.1140625
1 0.09609375 0.85 0.13359375 0.125
1 0.29375 0.8375 0.11171875 0.13046875
1 0.4328125 0.7359375 0.13984375 0.14375
1 0.48359375 0.76171875 0.09375 0.1015625
1 0.5609375 0.71796875 0.11171875 0.1109375
1 0.3375 0.69765625 0.125 0.159375
1 0.28984375 0.559375 0.14375 0.1515625
1 0.2046875 0.50390625 0.11796875 0.146875
1 0.1109375 0.440625 0.1375 0.14609375
1 0.19921875 0.23671875 0.14921875 0.14375
1 0.290625 0.2640625 0.1109375 0.13515625
1 0.5609375 0.428125 0.17265625 0.1578125
1 0.65 0.47265625 0.15078125 0.159375
1 0.71640625 0.359375 0.12421875 0.125
1 0.61015625 0.3375 0.12421875 0.1015625
1 0.53828125 0.24453125 0.1703125 0.16171875
1 0.4125 0.2359375 0.1515625 0.13046875
1 0.34765625 0.1609375 0.12421875 0.1171875
1 0.1328125 0.11796875 0.12421875 0.125
1 0.70859375 0.14921875 0.14453125 0.1203125
1 0.76171875 0.2734375 0.159375 0.1328125
1 0.81796875 0.1953125 0.13125 0.115625
1 0.84921875 0.1171875 0.12421875 0.125
1 0.9390625 0.175 0.0890625 0.1046875
1 0.93671875 0.2578125 0.10859375 0.0890625
1 0.334375 0.43359375 0.14453125 0.14609375