1 0.84921875 0.17578125 0.10859375 0.1078125
1 0.44375 0.7671875 0.071875 0.07421875
1 0.403125 0.72578125 0.0625 0.0625
1 0.86875 0.3359375 0.1 0.0953125
1 0.23984375 0.1859375 0.11796875 0.1109375
6 0.38828125 0.13984375 0.16015625 0.17109375
1 0.18984375 0.8875 0.12265625 0.1078125
1 0.08515625 0.521875 0.13125 0.1390625
6 0.1390625 0.28125 0.08046875 0.05703125
1 0.215625 0.49921875 0.096875 0.103125
6 0.1015625 0.22109375 0.06328125 0.04453125
1 0.18671875 0.3375 0.0796875 0.0921875
1 0.0296875 0.8359375 0.059375 0.0984375
1 0.23359375 0.6921875 0.10234375 0.08125
1 0.54765625 0.1890625 0.10625 0.1015625
1 0.3578125 0.9546875 0.1125 0.08984375
6 0.2640625 0.4421875 0.13984375 0.146875
1 0.44609375 0.37265625 0.09375 0.09609375
1 0.3578125 0.43125 0.07734375 0.08046875
6 0.86953125 0.55546875 0.10625 0.10625
6 0.66796875 0.0625 0.15078125 0.121875
1 0.5125 0.32890625 0.1046875 0.084375
3 0.08046875 0.31015625 0.06328125 0.0671875
3 0.0171875 0.1375 0.034375 0.046875
1 0.953125 0.353125 0.084375 0.096875
3 0.04921875 0.16640625 0.0515625 0.0484375
6 0.94453125 0.41640625 0.05625 0.0546875
1 0.9453125 0.18046875 0.109375 0.11328125
3 0.03203125 0.19453125 0.0359375 0.03984375
6 0.11171875 0.365625 0.1140625 0.12421875
6 0.053125 0.47421875 0.10625 0.1578125
6 0.1546875 0.54140625 0.10234375 0.11953125
6 0.2296875 0.61484375 0.165625 0.14296875
3 0.05859375 0.59375 0.07421875 0.065625
3 0.10859375 0.63125 0.06796875 0.05390625
6 0.29140625 0.290625 0.16328125 0.19375
3 0.3984375 0.29140625 0.090625 0.08515625
3 0.7546875 0.4171875 0.06328125 0.071875
3 0.809375 0.4140625 0.065625 0.06015625
3 0.82734375 0.48046875 0.0578125 0.0515625
3 0.85703125 0.43203125 0.06015625 0.05234375
3 0.74296875 0.315625 0.0796875 0.04375
6 0.49296875 0.2375 0.18984375 0.1421875
3 0.490625 0.08828125 0.07265625 0.059375
3 0.60859375 0.0203125 0.07109375 0.040625
3 0.54609375 0.025 0.03984375 0.05
6 0.89296875 0.1140625 0.2140625 0.228125
6 0.93671875 0.26796875 0.0984375 0.09765625
3 0.659375 0.73046875 0.06484375 0.05390625
3 0.83046875 0.6765625 0.09296875 0.084375
3 0.85859375 0.621875 0.0703125 0.0453125
6 0.709375 0.91171875 0.04140625 0.046875
6 0.73671875 0.8984375 0.03984375 0.0359375
6 0.753125 0.925 0.0421875 0.03984375
6 0.7828125 0.94375 0.046875 0.04453125
3 0.75546875 0.98046875 0.0703125 0.0390625