1 0.41484375 0.9140625 0.08515625 0.09921875
6 0.1265625 0.575 0.1109375 0.10625
6 0.328125 0.60390625 0.03203125 0.03046875
6 0.29296875 0.5265625 0.1375 0.1234375
1 0.02578125 0.3640625 0.0515625 0.09375
3 0.1265625 0.2359375 0.02890625 0.02578125
3 0.14296875 0.2578125 0.0359375 0.0375
6 0.2046875 0.2359375 0.05859375 0.06953125
6 0.553125 0.49375 0.10078125 0.10625
6 0.65 0.42265625 0.09921875 0.07734375
3 0.67890625 0.8703125 0.04296875 0.0609375
6 0.7453125 0.8375 0.11640625 0.13203125
6 0.8 0.65234375 0.165625 0.1640625
6 0.83671875 0.753125 0.1328125 0.1359375
6 0.953125 0.83125 0.0921875 0.27109375
6 0.95859375 0.58828125 0.08203125 0.1609375
6 0.890625 0.47109375 0.0453125 0.04453125
6 0.8296875 0.38359375 0.06875 0.06796875
6 0.79296875 0.3328125 0.0375 0.03828125
6 0.69765625 0.171875 0.07109375 0.071875
6 0.821875 0.25 0.1703125 0.1828125
6 0.93125 0.18125 0.06875 0.10234375
1 0.29375 0.86796875 0.1390625 0.13359375
1 0.22421875 0.60703125 0.1 0.096875
1 0.63203125 0.36796875 0.0921875 0.084375
1 0.54609375 0.8640625 0.1 0.09296875
1 0.55 0.409375 0.0953125 0.08984375
1 0.12109375 0.77265625 0.1203125 0.1203125
1 0.071875 0.70859375 0.09609375 0.10078125
1 0.49375 0.9015625 0.096875 0.090625
1 0.025 0.63828125 0.05 0.1078125
1 0.02421875 0.45 0.04765625 0.10859375
1 0.2203125 0.478125 0.065625 0.07109375
1 0.596875 0.921875 0.05859375 0.05390625
1 0.059375 0.57578125 0.04140625 0.0484375
1 0.12109375 0.67109375 0.11796875 0.1015625
1 0.28203125 0.9421875 0.09453125 0.07265625
1 0.50390625 0.190625 0.04296875 0.03828125
1 0.19609375 0.7578125 0.07734375 0.1015625
6 0.2890625 0.75546875 0.15625 0.1453125
3 0.20625 0.66171875 0.053125 0.05390625