6 0.94921875 0.4046875 0.10078125 0.15234375
6 0.75 0.69453125 0.06171875 0.07578125
6 0.796875 0.70390625 0.059375 0.0765625
6 0.72109375 0.7578125 0.0484375 0.06015625
3 0.2703125 0.915625 0.04609375 0.04375
6 0.553125 0.56328125 0.15546875 0.14921875
6 0.1109375 0.240625 0.06015625 0.06796875
6 0.046875 0.28515625 0.09375 0.10078125
3 0.97578125 0.02734375 0.04765625 0.05390625
6 0.7703125 0.39375 0.0546875 0.08125
1 0.1703125 0.23671875 0.0859375 0.090625
1 0.91796875 0.04375 0.096875 0.0875
1 0.04140625 0.709375 0.0328125 0.03359375
6 0.39765625 0.88828125 0.17265625 0.20546875