6 0.75234375 0.54453125 0.2140625 0.2203125
6 0.615625 0.440625 0.15390625 0.178125
6 0.5671875 0.396875 0.16015625 0.13671875
6 0.48515625 0.28046875 0.2890625 0.2515625
6 0.4375 0.1359375 0.10625 0.0953125
6 0.34140625 0.17421875 0.1359375 0.14453125
6 0.278125 0.08671875 0.23671875 0.1734375
6 0.1296875 0.02265625 0.115625 0.04453125
6 0.90234375 0.26875 0.05859375 0.04765625
6 0.86640625 0.31875 0.08828125 0.08125
3 0.95703125 0.6515625 0.071875 0.0625
3 0.96484375 0.703125 0.06875 0.078125
3 0.90546875 0.753125 0.0609375 0.08984375
3 0.95390625 0.8015625 0.0625 0.0671875
3 0.84296875 0.67890625 0.0625 0.0734375
3 0.66640625 0.76015625 0.06484375 0.05078125
3 0.70078125 0.790625 0.053125 0.0671875
3 0.69765625 0.83671875 0.065625 0.09296875
3 0.584375 0.80546875 0.02734375 0.03046875
3 0.6015625 0.75859375 0.028125 0.034375
3 0.65703125 0.7078125 0.03046875 0.04140625
3 0.425 0.82734375 0.06640625 0.0734375
3 0.4765625 0.7890625 0.07578125 0.0796875
3 0.52265625 0.8546875 0.02890625 0.03515625
3 0.46015625 0.93125 0.053125 0.05
3 0.4984375 0.953125 0.046875 0.0609375
3 0.534375 0.971875 0.040625 0.05625
3 0.68203125 0.93203125 0.0640625 0.053125
3 0.7046875 0.97578125 0.06640625 0.04765625
3 0.759375 0.97109375 0.08359375 0.0578125
3 0.734375 0.89140625 0.04453125 0.05546875
3 0.721875 0.925 0.05703125 0.053125
3 0.8109375 0.88515625 0.0484375 0.078125
3 0.78359375 0.940625 0.05625 0.0640625
3 0.8921875 0.93515625 0.03828125 0.05859375
3 0.86875 0.91328125 0.075 0.07890625
3 0.87421875 0.84296875 0.08671875 0.0703125
3 0.8171875 0.77734375 0.0734375 0.05234375
3 0.78046875 0.7578125 0.03515625 0.0453125
3 0.91953125 0.6859375 0.05859375 0.04140625
3 0.90078125 0.640625 0.0578125 0.04296875
3 0.96640625 0.8875 0.04921875 0.0359375
3 0.9609375 0.8609375 0.04609375 0.03828125
3 0.96328125 0.965625 0.07265625 0.06875