6 0.80703125 0.2015625 0.26484375 0.27578125
6 0.91640625 0.44609375 0.165625 0.2296875
6 0.94765625 0.06015625 0.10390625 0.1203125
6 0.4390625 0.15546875 0.246875 0.2421875
6 0.2453125 0.06171875 0.11640625 0.1234375
6 0.3734375 0.04296875 0.1734375 0.08515625
6 0.41953125 0.6140625 0.2046875 0.1875
6 0.71328125 0.54140625 0.10546875 0.09921875
6 0.7015625 0.63203125 0.115625 0.12265625
6 0.79296875 0.746875 0.07734375 0.0875
6 0.8125 0.64921875 0.15078125 0.13125
6 0.92734375 0.93984375 0.0671875 0.06796875
6 0.17109375 0.79609375 0.25546875 0.2453125
6 0.0734375 0.92890625 0.146875 0.14140625