1 0.72265625 0.4703125 0.1109375 0.09453125
1 0.61875 0.2796875 0.15390625 0.14765625
1 0.12734375 0.071875 0.1734375 0.14296875
1 0.4125 0.15390625 0.1625 0.1625
1 0.49609375 0.5796875 0.146875 0.15625
1 0.621875 0.0546875 0.14375 0.109375
1 0.9171875 0.72265625 0.140625 0.1421875
1 0.915625 0.59765625 0.16171875 0.13984375
1 0.59375 0.64453125 0.17109375 0.15
1 0.296875 0.56796875 0.15859375 0.1578125
1 0.509375 0.33515625 0.14375 0.1390625
1 0.084375 0.553125 0.1453125 0.16015625
1 0.30390625 0.32578125 0.1546875 0.1625
1 0.9265625 0.36328125 0.146875 0.1515625
1 0.7078125 0.58515625 0.15546875 0.15546875
1 0.28515625 0.6921875 0.1421875 0.12421875
1 0.40078125 0.5078125 0.15390625 0.1453125
1 0.80703125 0.7609375 0.14453125 0.12890625
1 0.8296875 0.3 0.153125 0.153125
1 0.93203125 0.23359375 0.134375 0.134375
1 0.7296875 0.103125 0.159375 0.14609375
1 0.17578125 0.7390625 0.15703125 0.13828125
1 0.58125 0.8765625 0.1515625 0.1546875
1 0.18359375 0.62578125 0.1359375 0.1421875
1 0.63046875 0.1609375 0.14921875 0.13125
1 0.19765625 0.3890625 0.15703125 0.1421875
1 0.37890625 0.7609375 0.15703125 0.1484375
1 0.09921875 0.33203125 0.14375 0.1421875
1 0.8125 0.65390625 0.1515625 0.1359375
1 0.31953125 0.0796875 0.153125 0.1546875
1 0.521875 0.21640625 0.134375 0.13359375
1 0.80703125 0.88671875 0.1453125 0.14453125
1 0.11015625 0.2015625 0.159375 0.1515625
1 0.08359375 0.665625 0.1625 0.12890625
1 0.0734375 0.79609375 0.146875 0.14921875
1 0.071875 0.903125 0.11875 0.15859375
1 0.1703125 0.8640625 0.1734375 0.13515625
1 0.384375 0.86953125 0.1421875 0.12734375
1 0.27109375 0.9234375 0.13671875 0.1203125
1 0.4765625 0.9328125 0.13359375 0.1125
1 0.59765625 0.75234375 0.15625 0.1390625
1 0.90234375 0.840625 0.1328125 0.13515625
1 0.69453125 0.925 0.14765625 0.15
1 0.49375 0.72265625 0.14453125 0.1875
1 0.27734375 0.81171875 0.16875 0.15
1 0.19609375 0.49921875 0.16875 0.15234375
1 0.20390625 0.259375 0.16328125 0.15234375
1 0.20859375 0.1234375 0.1390625 0.15390625
1 0.3125 0.19765625 0.1390625 0.15
1 0.4140625 0.3890625 0.14453125 0.1578125
1 0.40625 0.26796875 0.15234375 0.13203125
1 0.51796875 0.45 0.1671875 0.16171875
1 0.634375 0.40234375 0.18203125 0.178125
1 0.7234375 0.21875 0.1703125 0.15234375
1 0.83359375 0.415625 0.1875 0.1484375
1 0.71875 0.3234375 0.1765625 0.146875
1 0.83515625 0.1625 0.16328125 0.15
1 0.9265625 0.10703125 0.146875 0.1390625
1 0.9171875 0.48515625 0.16484375 0.1390625
1 0.7015625 0.7078125 0.16328125 0.14296875
1 0.70703125 0.821875 0.16328125 0.1484375
1 0.3765625 0.628125 0.1703125 0.17265625
1 0.6125 0.52421875 0.16328125 0.16875
1 0.29296875 0.43515625 0.140625 0.14296875
1 0.51953125 0.0984375 0.18203125 0.17421875
1 0.0859375 0.43515625 0.14296875 0.1171875
1 0.4984375 0.81875 0.16875 0.16875