6 0.528125 0.128125 0.0859375 0.090625
6 0.41015625 0.1328125 0.1515625 0.12421875
6 0.378125 0.040625 0.0859375 0.07890625
6 0.47421875 0.04375 0.1234375 0.0875
6 0.59921875 0.046875 0.12421875 0.0859375
6 0.82421875 0.04921875 0.1453125 0.0984375
6 0.69921875 0.13828125 0.146875 0.184375
6 0.8140625 0.18828125 0.24765625 0.18203125
6 0.76328125 0.35234375 0.2921875 0.240625
6 0.60859375 0.3578125 0.1484375 0.18203125
6 0.95 0.5 0.1 0.28203125
6 0.77578125 0.54765625 0.2484375 0.20859375
6 0.93671875 0.6984375 0.1265625 0.18046875
6 0.671875 0.64609375 0.16171875 0.15859375
6 0.70078125 0.76875 0.1203125 0.10234375
6 0.803125 0.72421875 0.14921875 0.1078125
6 0.89140625 0.87109375 0.19921875 0.1796875
6 0.69921875 0.9171875 0.23203125 0.165625
3 0.48046875 0.97265625 0.05546875 0.053125
6 0.4203125 0.72578125 0.15859375 0.165625
6 0.296875 0.7640625 0.065625 0.065625
6 0.55546875 0.65546875 0.06484375 0.05390625
6 0.5578125 0.7765625 0.15625 0.2015625
3 0.48984375 0.60625 0.0765625 0.0640625
3 0.50078125 0.565625 0.05625 0.053125
6 0.40234375 0.5359375 0.1671875 0.153125
6 0.0671875 0.4828125 0.05234375 0.05078125
6 0.12421875 0.446875 0.11484375 0.13671875
3 0.284375 0.49765625 0.0875 0.06796875
6 0.23515625 0.425 0.10234375 0.075
6 0.21328125 0.2546875 0.12265625 0.1125
6 0.259375 0.1953125 0.128125 0.10078125
6 0.22890625 0.090625 0.09453125 0.07890625
6 0.0578125 0.18125 0.08984375 0.09375
3 0.27265625 0.121875 0.0390625 0.0484375
3 0.31328125 0.1234375 0.05859375 0.07421875
3 0.21171875 0.1421875 0.07734375 0.0578125
6 0.428125 0.31640625 0.3125 0.26953125
6 0.5203125 0.471875 0.1375 0.12109375
6 0.9421875 0.24921875 0.115625 0.18671875
1 0.703125 0.37578125 0.09453125 0.0953125
1 0.42109375 0.9140625 0.10234375 0.08515625
1 0.896875 0.31640625 0.08984375 0.08515625
1 0.8078125 0.38125 0.103125 0.10859375
1 0.6921875 0.45 0.06640625 0.065625
1 0.334375 0.81796875 0.1203125 0.13046875
1 0.6640625 0.803125 0.07109375 0.0734375
1 0.92890625 0.365625 0.06640625 0.05625
1 0.6078125 0.11796875 0.09921875 0.1203125