1 0.74453125 0.9078125 0.11953125 0.1234375
1 0.2109375 0.896875 0.115625 0.10859375
1 0.86875 0.896875 0.15546875 0.134375
1 0.84609375 0.80546875 0.13203125 0.12421875
1 0.91484375 0.53984375 0.140625 0.14453125
1 0.7578125 0.4234375 0.1078125 0.1171875
1 0.78359375 0.05546875 0.14296875 0.10234375
1 0.77421875 0.15703125 0.14140625 0.17421875
1 0.76484375 0.3203125 0.11953125 0.12265625
1 0.8625 0.2640625 0.1625 0.14921875
1 0.928125 0.41484375 0.10859375 0.121875
1 0.859375 0.48046875 0.121875 0.1046875
1 0.8375 0.38359375 0.13359375 0.1265625
1 0.90625 0.68359375 0.1265625 0.115625
1 0.67890625 0.35234375 0.1296875 0.12890625
1 0.66875 0.25703125 0.13203125 0.09921875
1 0.58125 0.296875 0.13125 0.128125
1 0.590625 0.08125 0.11640625 0.121875
1 0.53515625 0.13515625 0.13203125 0.1203125
1 0.503125 0.2359375 0.11875 0.12265625
1 0.3640625 0.2265625 0.1109375 0.10078125
1 0.3265625 0.1859375 0.090625 0.0921875
1 0.3625 0.11875 0.1296875 0.0921875
1 0.6734375 0.58984375 0.13125 0.13515625
1 0.67265625 0.4671875 0.14140625 0.13984375
1 0.56171875 0.4125 0.1703125 0.14140625
1 0.46875 0.48828125 0.10234375 0.1265625
1 0.08125 0.2625 0.10859375 0.1046875
1 0.1875 0.14296875 0.15859375 0.13984375
1 0.0890625 0.18828125 0.14921875 0.1203125
1 0.07734375 0.34296875 0.15234375 0.1171875
1 0.19921875 0.43203125 0.11328125 0.09375
1 0.16796875 0.38046875 0.1203125 0.1234375
1 0.28984375 0.53203125 0.14375 0.10234375
1 0.171875 0.5171875 0.159375 0.1265625
1 0.05546875 0.57265625 0.1109375 0.1375
1 0.16953125 0.615625 0.13203125 0.12265625
1 0.4359375 0.71328125 0.11875 0.0953125
1 0.6671875 0.8 0.125 0.125
1 0.559375 0.7671875 0.1671875 0.128125
1 0.6453125 0.89765625 0.15859375 0.17109375
1 0.55 0.88046875 0.13671875 0.134375
1 0.26171875 0.6859375 0.1046875 0.115625
1 0.3421875 0.753125 0.14609375 0.121875
1 0.4375 0.80390625 0.13671875 0.1234375
1 0.44609375 0.9234375 0.17578125 0.153125
1 0.328125 0.853125 0.13125 0.1078125
1 0.1421875 0.7234375 0.17265625 0.1375
1 0.23125 0.8 0.134375 0.12890625
1 0.115625 0.8359375 0.146875 0.140625
1 0.29140625 0.93046875 0.1296875 0.1390625
1 0.66171875 0.16171875 0.1265625 0.13828125
1 0.759375 0.53984375 0.1828125 0.16015625
1 0.17421875 0.2828125 0.1109375 0.10546875
1 0.4171875 0.30859375 0.14765625 0.153125
6 0.971875 0.63515625 0.05625 0.1109375
1 0.071875 0.45078125 0.13515625 0.128125
1 0.39375 0.046875 0.15 0.09296875
1 0.278125 0.3375 0.16953125 0.14765625
1 0.8984375 0.040625 0.1046875 0.08125
1 0.9640625 0.35703125 0.071875 0.08125
1 0.97265625 0.19609375 0.05390625 0.084375
1 0.37578125 0.6390625 0.1421875 0.1296875
1 0.0625 0.91328125 0.125 0.1453125
1 0.4359375 0.18203125 0.11484375 0.115625
1 0.76015625 0.7609375 0.12421875 0.14765625
1 0.50625 0.66328125 0.11015625 0.09921875
1 0.09296875 0.071875 0.11484375 0.11640625
1 0.5609375 0.5375 0.12578125 0.13046875
1 0.7328125 0.6703125 0.07109375 0.065625
1 0.97890625 0.0265625 0.0421875 0.053125
1 0.40390625 0.44296875 0.1109375 0.1125
1 0.88359375 0.13046875 0.15859375 0.140625
1 0.8359375 0.70078125 0.128125 0.13828125
1 0.67265625 0.71015625 0.1109375 0.096875