1 0.6953125 0.64453125 0.153125 0.15078125
1 0.57734375 0.69609375 0.13671875 0.1625
1 0.4953125 0.61484375 0.1109375 0.1453125
1 0.22734375 0.0671875 0.16953125 0.134375
1 0.12109375 0.10625 0.1515625 0.14921875
1 0.11640625 0.21875 0.15234375 0.16328125
1 0.34765625 0.1015625 0.16015625 0.1609375
1 0.2390625 0.18125 0.15859375 0.15
1 0.41953125 0.2046875 0.14296875 0.13828125
1 0.325 0.2421875 0.16015625 0.1453125
1 0.23203125 0.3046875 0.165625 0.12578125
1 0.5109375 0.37734375 0.171875 0.17109375
1 0.3484375 0.44140625 0.17734375 0.12578125
1 0.33515625 0.365625 0.15234375 0.13046875
1 0.215625 0.40703125 0.16015625 0.140625
1 0.1015625 0.46953125 0.1671875 0.16953125
1 0.5625 0.90234375 0.16484375 0.18046875
1 0.17421875 0.653125 0.1796875 0.1265625
1 0.19921875 0.534375 0.1625 0.1515625
1 0.31640625 0.534375 0.15 0.146875
1 0.5140625 0.4953125 0.146875 0.13671875
1 0.7140625 0.50625 0.1265625 0.1265625
1 0.9 0.7625 0.14296875 0.14765625
1 0.80390625 0.68046875 0.17421875 0.1578125
1 0.478125 0.94375 0.1546875 0.1125
1 0.89765625 0.86640625 0.16484375 0.1546875
1 0.6625 0.9421875 0.146875 0.11484375
1 0.31171875 0.64609375 0.1234375 0.14140625
1 0.32265625 0.771875 0.18203125 0.1625
1 0.27265625 0.88125 0.12109375 0.1265625
1 0.1375 0.896875 0.184375 0.12578125
1 0.47109375 0.85390625 0.1390625 0.13984375
1 0.6015625 0.57890625 0.16484375 0.159375
1 0.8 0.578125 0.15859375 0.1421875
1 0.61171875 0.43984375 0.14609375 0.14375
1 0.509375 0.27421875 0.1578125 0.14921875
1 0.68671875 0.75234375 0.1390625 0.1203125
1 0.39765625 0.69453125 0.14765625 0.146875
1 0.078125 0.70546875 0.13984375 0.13359375
1 0.096875 0.36328125 0.17265625 0.175
1 0.36171875 0.9046875 0.16875 0.184375
1 0.18125 0.7828125 0.1515625 0.1828125
1 0.771875 0.9328125 0.14921875 0.13359375
1 0.68046875 0.86484375 0.1484375 0.12578125
1 0.06796875 0.83515625 0.1359375 0.146875
1 0.421875 0.5484375 0.1453125 0.1671875
1 0.78515625 0.8109375 0.13984375 0.1453125
1 0.490625 0.73359375 0.1515625 0.12578125
1 0.89375 0.646875 0.146875 0.13671875