3 0.69375 0.08515625 0.10234375 0.1015625
3 0.58046875 0.03203125 0.09609375 0.0640625
3 0.553125 0.06171875 0.07734375 0.08671875
6 0.16796875 0.52890625 0.1703125 0.16875
6 0.08046875 0.46015625 0.13125 0.1484375
6 0.084375 0.3578125 0.16875 0.19375
6 0.053125 0.25625 0.10625 0.134375
3 0.22421875 0.1015625 0.07421875 0.08671875
3 0.3140625 0.659375 0.0453125 0.0515625
3 0.3 0.6984375 0.05546875 0.04921875
3 0.2734375 0.74140625 0.06171875 0.05625
6 0.8546875 0.5203125 0.21171875 0.2109375
6 0.89921875 0.634375 0.2 0.24921875
6 0.5765625 0.8515625 0.3453125 0.29609375
6 0.5140625 0.9640625 0.1828125 0.071875
6 0.91484375 0.8359375 0.16875 0.22578125