6 0.79921875 0.13828125 0.4 0.27578125
6 0.5953125 0.246875 0.38125 0.35859375
6 0.40546875 0.0890625 0.16484375 0.16875
6 0.50859375 0.0578125 0.18828125 0.115625
6 0.3625 0.1484375 0.14453125 0.14296875
6 0.28046875 0.19609375 0.2 0.1796875
6 0.0953125 0.3828125 0.190625 0.209375
6 0.0640625 0.4796875 0.12734375 0.19140625
6 0.4453125 0.42734375 0.25703125 0.23125
6 0.2671875 0.57890625 0.3625 0.3546875
6 0.11953125 0.78359375 0.2390625 0.23203125
6 0.40859375 0.78828125 0.12265625 0.13125
6 0.50703125 0.70234375 0.075 0.10078125
6 0.56015625 0.621875 0.159375 0.184375
6 0.29609375 0.95390625 0.08046875 0.09140625
3 0.375 0.8515625 0.08359375 0.08828125
3 0.33046875 0.8796875 0.04921875 0.084375
3 0.87109375 0.3140625 0.1015625 0.10390625
3 0.8078125 0.3515625 0.06328125 0.0625
6 0.93671875 0.346875 0.06953125 0.0953125
3 0.98515625 0.371875 0.0296875 0.05234375
6 0.9171875 0.409375 0.040625 0.04375