1 0.16171875 0.96171875 0.128125 0.07578125
1 0.73828125 0.8078125 0.1328125 0.11328125
1 0.89921875 0.05546875 0.1734375 0.11015625
1 0.95078125 0.2109375 0.0984375 0.1625
1 0.95703125 0.34609375 0.0859375 0.1546875
1 0.9484375 0.5609375 0.10234375 0.1265625
1 0.94921875 0.4625 0.1015625 0.11015625
1 0.86328125 0.39453125 0.103125 0.115625
1 0.8640625 0.5 0.12890625 0.125
1 0.9453125 0.79453125 0.109375 0.1203125
1 0.9375 0.68828125 0.125 0.1328125
1 0.8546875 0.72421875 0.103125 0.10234375
1 0.83046875 0.94296875 0.1640625 0.1140625
1 0.92421875 0.91875 0.1515625 0.1625
1 0.87734375 0.825 0.121875 0.13359375
1 0.721875 0.90546875 0.1109375 0.115625
1 0.784375 0.8734375 0.109375 0.103125
1 0.7875 0.77265625 0.14765625 0.1390625
1 0.77421875 0.4359375 0.13984375 0.13984375
1 0.7796875 0.31484375 0.1359375 0.14140625
1 0.67265625 0.36484375 0.14453125 0.14140625
1 0.6734375 0.2515625 0.14140625 0.128125
1 0.365625 0.3 0.13984375 0.13671875
1 0.4640625 0.2390625 0.1359375 0.13125
1 0.571875 0.18671875 0.12578125 0.115625
1 0.6828125 0.134375 0.1484375 0.1421875
1 0.5765625 0.0765625 0.1703125 0.153125
1 0.47109375 0.121875 0.13984375 0.1359375
1 0.3703125 0.05546875 0.14765625 0.1109375
1 0.275 0.09765625 0.075 0.0859375
1 0.06015625 0.1 0.10234375 0.1046875
1 0.17421875 0.1421875 0.1515625 0.12890625
1 0.17265625 0.05625 0.1734375 0.1125
1 0.86484375 0.6078125 0.12421875 0.125
1 0.78125 0.53828125 0.1703125 0.13984375
1 0.7578125 0.65234375 0.15234375 0.15625
1 0.625 0.765625 0.125 0.1171875
1 0.6484375 0.6609375 0.0875 0.09453125
1 0.6625 0.5875 0.1359375 0.1171875
1 0.553125 0.67265625 0.146875 0.153125
1 0.62734375 0.9453125 0.16328125 0.109375
1 0.621875 0.853125 0.15 0.11640625
1 0.5359375 0.8953125 0.1015625 0.09765625
1 0.5328125 0.80546875 0.14453125 0.14375
1 0.4375 0.7296875 0.1390625 0.146875
1 0.3453125 0.66953125 0.13671875 0.14140625
1 0.446875 0.60703125 0.15703125 0.153125
1 0.2609375 0.225 0.16015625 0.146875
1 0.059375 0.3546875 0.11796875 0.10234375
1 0.15234375 0.2640625 0.1171875 0.11796875
1 0.0578125 0.2578125 0.115625 0.16796875
1 0.459375 0.359375 0.1421875 0.14453125
1 0.35390625 0.4234375 0.15546875 0.14921875
1 0.26328125 0.35234375 0.14375 0.1609375
1 0.18671875 0.37421875 0.15 0.134375
1 0.12421875 0.41875 0.12109375 0.10859375
1 0.0640625 0.471875 0.128125 0.153125
1 0.2515625 0.47734375 0.1515625 0.125
1 0.1515625 0.528125 0.1359375 0.12890625
1 0.0578125 0.57734375 0.115625 0.1515625
1 0.13359375 0.65078125 0.18359375 0.17109375
1 0.05078125 0.70234375 0.1015625 0.16015625
1 0.4640625 0.91328125 0.14140625 0.13203125
1 0.309375 0.90078125 0.1546875 0.1453125
1 0.1109375 0.8890625 0.1390625 0.1203125
1 0.41015625 0.853125 0.1546875 0.128125
1 0.3328125 0.78046875 0.1328125 0.1265625
1 0.246875 0.725 0.12890625 0.14140625
1 0.16875 0.75234375 0.121875 0.1203125
1 0.04921875 0.83359375 0.0984375 0.1359375
1 0.559375 0.3 0.16015625 0.15234375
1 0.66875 0.48203125 0.146875 0.14921875
1 0.7875 0.2015625 0.1359375 0.13984375
1 0.78671875 0.078125 0.1265625 0.128125
1 0.228125 0.8453125 0.09765625 0.09140625
1 0.55390625 0.54765625 0.15625 0.1546875
1 0.55234375 0.42265625 0.15703125 0.1546875
1 0.34921875 0.17890625 0.14765625 0.1359375
1 0.2328125 0.6 0.153125 0.16171875
1 0.4515625 0.49296875 0.1546875 0.1546875
1 0.87578125 0.271875 0.15625 0.1609375
1 0.3421875 0.54140625 0.1390625 0.14609375
1 0.8875 0.1421875 0.1296875 0.1296875
1 0.21640625 0.9421875 0.12109375 0.11484375