6 0.853125 0.6734375 0.13203125 0.1234375
1 0.4484375 0.5296875 0.090625 0.09140625
1 0.1234375 0.08984375 0.1 0.0890625
1 0.05234375 0.05 0.10078125 0.09453125
1 0.52109375 0.6375 0.09296875 0.08984375
6 0.75390625 0.44765625 0.04921875 0.08515625
6 0.13359375 0.1609375 0.12578125 0.0984375
6 0.1078125 0.5421875 0.053125 0.0578125
6 0.94765625 0.33671875 0.0359375 0.03828125
1 0.45 0.971875 0.08203125 0.05625
6 0.2484375 0.13984375 0.13203125 0.1359375
6 0.2171875 0.0484375 0.21875 0.096875
3 0.09921875 0.28671875 0.065625 0.04453125
3 0.0359375 0.2890625 0.071875 0.06953125
3 0.03671875 0.328125 0.0734375 0.06328125
3 0.0140625 0.36796875 0.028125 0.05234375
6 0.8390625 0.75 0.0359375 0.03828125
6 0.47734375 0.871875 0.1125 0.103125
6 0.1984375 0.23125 0.07265625 0.0578125