1 0.74140625 0.653125 0.1625 0.16796875
1 0.925 0.05703125 0.15 0.1125
1 0.728125 0.81953125 0.15703125 0.1703125
1 0.8046875 0.440625 0.16796875 0.1421875
1 0.95234375 0.16484375 0.0953125 0.1421875
1 0.85234375 0.8359375 0.15 0.1296875
1 0.69921875 0.53125 0.1421875 0.14375
1 0.55234375 0.6109375 0.14140625 0.1296875
1 0.87734375 0.115625 0.12734375 0.1203125
1 0.6890625 0.0515625 0.16640625 0.10234375
1 0.0734375 0.9171875 0.146875 0.165625
1 0.1421875 0.83515625 0.1453125 0.1546875
1 0.30625 0.94296875 0.15546875 0.1140625
1 0.26171875 0.8484375 0.1546875 0.1671875
1 0.35859375 0.86953125 0.109375 0.11875
1 0.42734375 0.9359375 0.1203125 0.128125
1 0.39375 0.79296875 0.12421875 0.12109375
1 0.46171875 0.8640625 0.121875 0.1171875
1 0.53046875 0.83828125 0.12109375 0.11953125
1 0.4859375 0.74921875 0.13125 0.1125
1 0.065625 0.725 0.13046875 0.1609375
1 0.1734375 0.72890625 0.15078125 0.1328125
1 0.2625 0.6453125 0.14765625 0.15859375
1 0.15546875 0.5953125 0.16328125 0.15390625
1 0.24609375 0.08203125 0.1609375 0.1640625
1 0.05234375 0.11015625 0.10390625 0.14765625
1 0.14296875 0.1375 0.1265625 0.1265625
1 0.28828125 0.27734375 0.14140625 0.14140625
1 0.4234375 0.4171875 0.165625 0.1640625
1 0.07890625 0.33828125 0.15234375 0.14296875
1 0.11953125 0.4609375 0.14296875 0.14140625
1 0.06171875 0.57734375 0.1234375 0.16328125
1 0.2421875 0.4875 0.15078125 0.171875
1 0.2 0.36015625 0.16328125 0.1453125
1 0.31953125 0.39375 0.13046875 0.14296875
1 0.34140625 0.51953125 0.14140625 0.13515625
1 0.46875 0.546875 0.1453125 0.13203125
1 0.3671875 0.6859375 0.13203125 0.11484375
1 0.615625 0.73359375 0.11953125 0.128125
1 0.5140625 0.68515625 0.1328125 0.09765625
1 0.625 0.89140625 0.16171875 0.134375
1 0.065625 0.23046875 0.13046875 0.13671875
1 0.175 0.24375 0.14140625 0.12421875
1 0.40546875 0.26640625 0.1078125 0.1078125
1 0.45546875 0.153125 0.12578125 0.13671875
1 0.46015625 0.046875 0.1296875 0.09296875
1 0.56484375 0.0734375 0.13203125 0.13203125
1 0.5796875 0.1984375 0.16796875 0.140625
1 0.51953125 0.278125 0.128125 0.1234375
1 0.5796875 0.36171875 0.1484375 0.15703125
1 0.70078125 0.38984375 0.15390625 0.15390625
1 0.76171875 0.9328125 0.1546875 0.134375
1 0.8765625 0.91484375 0.13515625 0.11484375
1 0.93984375 0.93671875 0.11953125 0.12578125
1 0.87734375 0.6828125 0.1703125 0.15703125
1 0.80703125 0.540625 0.1171875 0.1109375
1 0.88046875 0.5546875 0.096875 0.11484375
1 0.9359375 0.46015625 0.12734375 0.13125
1 0.92578125 0.32734375 0.14765625 0.140625
1 0.8078125 0.271875 0.12109375 0.12109375
1 0.8171875 0.3421875 0.10390625 0.08203125
1 0.7125 0.2328125 0.13046875 0.1078125
1 0.69765625 0.28984375 0.11328125 0.08203125
1 0.690625 0.1265625 0.121875 0.121875
1 0.79453125 0.140625 0.1234375 0.128125
1 0.9 0.20703125 0.14140625 0.1265625
1 0.81328125 0.0421875 0.10625 0.084375
1 0.95234375 0.5765625 0.0953125 0.128125
1 0.9546875 0.83828125 0.08984375 0.1390625