6 0.303125 0.37890625 0.34140625 0.4078125
6 0.12109375 0.3390625 0.1125 0.13125
6 0.03046875 0.34453125 0.0609375 0.0703125
6 0.4265625 0.57578125 0.16328125 0.15078125
6 0.42890625 0.7828125 0.15859375 0.15078125
3 0.55703125 0.6984375 0.06796875 0.07421875
3 0.5375 0.73125 0.06171875 0.0625
3 0.6875 0.84921875 0.08671875 0.08046875
6 0.57734375 0.85703125 0.05390625 0.05078125
6 0.61953125 0.8109375 0.06328125 0.05390625
6 0.66171875 0.78515625 0.05078125 0.05234375
6 0.75859375 0.44609375 0.16953125 0.16328125
6 0.54375 0.25625 0.17734375 0.19765625
6 0.6484375 0.3328125 0.13125 0.12265625
6 0.76796875 0.26796875 0.46328125 0.53515625
6 0.81640625 0.8734375 0.22109375 0.1875
6 0.834375 0.95625 0.29375 0.08671875