3 0.375 0.36796875 0.040625 0.05390625
3 0.10546875 0.9671875 0.03671875 0.040625
3 0.05 0.96875 0.0484375 0.034375
6 0.07109375 0.42890625 0.1 0.109375
1 0.28125 0.04296875 0.10234375 0.0859375
1 0.18671875 0.134375 0.10625 0.11796875
1 0.25390625 0.08515625 0.0890625 0.0796875
1 0.33515625 0.884375 0.1015625 0.09296875
6 0.9609375 0.94296875 0.078125 0.1078125
1 0.9625 0.34609375 0.071875 0.07109375
6 0.0578125 0.09453125 0.0421875 0.040625
1 0.36328125 0.0265625 0.07890625 0.053125
6 0.95234375 0.659375 0.0953125 0.1375
3 0.1453125 0.05625 0.0359375 0.0359375
3 0.29375 0.33125 0.1109375 0.12109375
3 0.40625 0.40390625 0.0640625 0.0578125
6 0.31953125 0.42734375 0.06796875 0.06796875
6 0.49296875 0.696875 0.09609375 0.10625
3 0.7296875 0.115625 0.05234375 0.07109375
3 0.7734375 0.0890625 0.040625 0.04375
3 0.97734375 0.253125 0.04453125 0.034375
6 0.22265625 0.33671875 0.1109375 0.13203125