1 0.071875 0.6765625 0.14375 0.16953125
1 0.8921875 0.92109375 0.11015625 0.11171875
1 0.884375 0.81484375 0.1328125 0.1296875
1 0.74765625 0.64296875 0.14140625 0.1234375
1 0.5203125 0.08515625 0.14140625 0.1421875
1 0.08515625 0.4078125 0.16484375 0.178125
1 0.3109375 0.78671875 0.16484375 0.15546875
1 0.66640625 0.5296875 0.140625 0.15
1 0.1078125 0.590625 0.17421875 0.15234375
1 0.31953125 0.20390625 0.14140625 0.14296875
1 0.6875 0.05625 0.16484375 0.11171875
1 0.52734375 0.93125 0.153125 0.1375
1 0.628125 0.21328125 0.1796875 0.13671875
1 0.6765625 0.14765625 0.12109375 0.121875
1 0.68671875 0.409375 0.1265625 0.128125
1 0.165625 0.734375 0.15859375 0.1453125
1 0.7796875 0.54609375 0.121875 0.134375
1 0.7484375 0.75546875 0.121875 0.1296875
1 0.25625 0.928125 0.175 0.14375
1 0.796875 0.44140625 0.1109375 0.10859375
1 0.95234375 0.3484375 0.09453125 0.1265625
1 0.771875 0.196875 0.12578125 0.14375
1 0.47890625 0.1734375 0.11015625 0.13984375
1 0.2875 0.42734375 0.14296875 0.128125
1 0.87890625 0.20859375 0.1453125 0.14296875
1 0.18203125 0.2765625 0.11796875 0.128125
1 0.2046875 0.140625 0.159375 0.1375
1 0.35546875 0.103125 0.15 0.13671875
1 0.09453125 0.27265625 0.11875 0.140625
1 0.27890625 0.28046875 0.13515625 0.16953125
1 0.21953125 0.384375 0.16328125 0.11484375
1 0.4046875 0.2625 0.13828125 0.16875
1 0.4890625 0.29296875 0.16015625 0.11953125
1 0.4171875 0.44140625 0.1515625 0.12109375
1 0.484375 0.38515625 0.140625 0.11328125
1 0.7 0.30703125 0.1625 0.1234375
1 0.82578125 0.3296875 0.15 0.14140625
1 0.921875 0.45234375 0.15625 0.1546875
1 0.9 0.56484375 0.15234375 0.13515625
1 0.8734375 0.69140625 0.14296875 0.1453125
1 0.6359375 0.81171875 0.15625 0.1265625
1 0.7078125 0.8609375 0.12421875 0.12109375
1 0.79765625 0.8796875 0.128125 0.1328125
1 0.425 0.790625 0.1296875 0.11875
1 0.51015625 0.8109375 0.14921875 0.140625
1 0.365625 0.6296875 0.13515625 0.121875
1 0.53984375 0.66796875 0.1734375 0.15
1 0.66875 0.7078125 0.1078125 0.1046875
1 0.54296875 0.54140625 0.18203125 0.1625
1 0.5765625 0.41015625 0.1328125 0.14375
1 0.17890625 0.4765625 0.16484375 0.140625
1 0.2484375 0.54453125 0.14296875 0.1265625
1 0.22578125 0.65078125 0.134375 0.12421875
1 0.1234375 0.940625 0.18046875 0.11875
1 0.1625 0.8640625 0.1609375 0.1390625
1 0.3875 0.86875 0.14765625 0.1296875
1 0.70390625 0.9453125 0.128125 0.10859375
1 0.65625 0.6390625 0.1234375 0.1015625
1 0.3578125 0.52421875 0.1515625 0.16015625
1 0.57109375 0.30234375 0.1265625 0.12109375
1 0.8765625 0.0796875 0.146875 0.13203125
1 0.053125 0.8734375 0.10625 0.1578125
1 0.45234375 0.69375 0.115625 0.1046875
1 0.62421875 0.9109375 0.12578125 0.14375