6 0.840625 0.5703125 0.05390625 0.0515625
6 0.89921875 0.54765625 0.0453125 0.0421875
1 0.2171875 0.634375 0.12109375 0.11484375
1 0.2125 0.7375 0.11328125 0.1171875
1 0.23828125 0.88359375 0.11015625 0.1078125
1 0.940625 0.03671875 0.084375 0.07265625
1 0.21171875 0.54609375 0.10078125 0.09453125
1 0.740625 0.07265625 0.10078125 0.0796875
1 0.7296875 0.140625 0.09921875 0.0796875
6 0.2125 0.178125 0.171875 0.14140625
1 0.1375 0.959375 0.1046875 0.08125
1 0.23984375 0.95859375 0.0859375 0.0765625
6 0.15 0.840625 0.15546875 0.1359375
1 0.0265625 0.96875 0.053125 0.06171875
1 0.05390625 0.021875 0.1015625 0.04375
6 0.14453125 0.71328125 0.1078125 0.128125
3 0.15078125 0.4515625 0.1203125 0.103125
6 0.05625 0.1734375 0.11171875 0.1421875