1 0.24140625 0.05078125 0.165625 0.1015625
1 0.42109375 0.3890625 0.14140625 0.11875
1 0.9546875 0.71875 0.090625 0.1515625
1 0.3796875 0.6546875 0.1828125 0.165625
1 0.509375 0.74375 0.16328125 0.171875
1 0.92265625 0.63203125 0.15390625 0.15390625
1 0.63359375 0.55703125 0.16328125 0.18203125
1 0.9328125 0.52265625 0.134375 0.1390625
1 0.74296875 0.50390625 0.1546875 0.15
1 0.6359375 0.42265625 0.15625 0.128125
1 0.9328125 0.390625 0.134375 0.15390625
1 0.946875 0.271875 0.10625 0.115625
1 0.8546875 0.3328125 0.1515625 0.1546875
1 0.75859375 0.2671875 0.14765625 0.146875
1 0.6515625 0.31328125 0.15 0.16015625
1 0.93828125 0.16640625 0.1234375 0.15
1 0.8625 0.203125 0.140625 0.1453125
1 0.87421875 0.08515625 0.165625 0.14765625
1 0.76015625 0.146875 0.14921875 0.15625
1 0.46015625 0.0671875 0.1390625 0.134375
1 0.6640625 0.06875 0.14375 0.128125
1 0.6546875 0.18046875 0.140625 0.14609375
1 0.559375 0.253125 0.121875 0.16015625
1 0.3265625 0.23984375 0.15234375 0.140625
1 0.43671875 0.1796875 0.1796875 0.15625
1 0.3484375 0.10859375 0.15 0.16875
1 0.125 0.1046875 0.1578125 0.15859375
1 0.22890625 0.165625 0.1671875 0.16328125
1 0.11328125 0.2328125 0.146875 0.17734375
1 0.196875 0.296875 0.171875 0.178125
1 0.21171875 0.41796875 0.140625 0.13515625
1 0.10703125 0.46484375 0.17421875 0.15234375
1 0.4171875 0.540625 0.1515625 0.1609375
1 0.321875 0.48125 0.165625 0.1671875
1 0.2078125 0.5328125 0.1546875 0.16015625
1 0.20390625 0.65625 0.13671875 0.1453125
1 0.1015625 0.58671875 0.1609375 0.16015625
1 0.1046875 0.71328125 0.15859375 0.171875
1 0.2265625 0.78828125 0.115625 0.090625
1 0.09765625 0.83046875 0.1859375 0.1453125
1 0.7328125 0.6234375 0.16953125 0.146875
1 0.8421875 0.69375 0.1734375 0.18671875
1 0.82265625 0.8125 0.146875 0.1453125
1 0.52421875 0.61171875 0.16015625 0.15390625
1 0.61796875 0.69375 0.15390625 0.1453125
1 0.725 0.74375 0.14921875 0.1390625
1 0.70703125 0.8078125 0.13828125 0.11953125
1 0.7125 0.88125 0.11875 0.134375
1 0.60859375 0.9234375 0.171875 0.153125
1 0.60703125 0.80546875 0.14296875 0.1515625
1 0.29453125 0.71875 0.1578125 0.16484375
1 0.41171875 0.771875 0.171875 0.121875
1 0.40390625 0.8984375 0.1515625 0.18046875
1 0.284375 0.84375 0.15390625 0.134375
1 0.2875 0.94453125 0.1625 0.1109375
1 0.18359375 0.89453125 0.1625 0.1515625
1 0.08203125 0.94140625 0.1640625 0.1171875
1 0.3140625 0.3625 0.153125 0.16015625
1 0.53359375 0.13125 0.16171875 0.146875
1 0.915625 0.86328125 0.16875 0.18203125
1 0.50234375 0.87421875 0.1609375 0.16484375
1 0.10625 0.34140625 0.1171875 0.134375
1 0.83828125 0.4609375 0.1671875 0.16484375
1 0.53515625 0.365625 0.1625 0.14921875
1 0.74375 0.37890625 0.1359375 0.1359375
1 0.796875 0.93515625 0.1421875 0.1296875
1 0.521875 0.4875 0.146875 0.1328125
1 0.43046875 0.30390625 0.15703125 0.13984375