1 0.840625 0.55234375 0.109375 0.09296875
6 0.7203125 0.465625 0.0984375 0.1078125
6 0.35078125 0.05859375 0.1140625 0.11640625
6 0.24609375 0.06015625 0.1046875 0.10859375
6 0.0453125 0.3484375 0.08984375 0.10390625
6 0.37421875 0.51875 0.15859375 0.153125
6 0.528125 0.578125 0.1796875 0.1421875
6 0.74765625 0.68359375 0.1578125 0.18515625
6 0.94375 0.425 0.11171875 0.15
6 0.92578125 0.05625 0.1484375 0.1125
6 0.8515625 0.13046875 0.15390625 0.15546875
6 0.7109375 0.11953125 0.14765625 0.1375
6 0.55234375 0.10390625 0.1734375 0.20703125
1 0.74140625 0.26640625 0.1046875 0.0921875
6 0.64765625 0.29609375 0.178125 0.21796875
1 0.6796875 0.64921875 0.08671875 0.11484375
1 0.24609375 0.6203125 0.13046875 0.146875
1 0.1046875 0.58125 0.17109375 0.1390625
1 0.93046875 0.86328125 0.1390625 0.1484375
1 0.896875 0.740625 0.1546875 0.184375
1 0.7234375 0.946875 0.15 0.10625
1 0.615625 0.903125 0.15390625 0.15859375
1 0.5984375 0.68515625 0.12421875 0.17578125
1 0.62890625 0.78828125 0.1453125 0.13515625
1 0.509375 0.83828125 0.15 0.115625
1 0.39765625 0.88359375 0.1578125 0.15625
1 0.51484375 0.7421875 0.14375 0.15625
1 0.40546875 0.7640625 0.14921875 0.1734375
1 0.37890625 0.66484375 0.14765625 0.1671875
1 0.3 0.71015625 0.140625 0.128125
1 0.09140625 0.91875 0.165625 0.1625
1 0.071875 0.4703125 0.14375 0.14453125
1 0.35703125 0.18515625 0.1 0.103125
1 0.8 0.47265625 0.10859375 0.1265625
1 0.25546875 0.17421875 0.10078125 0.1046875
1 0.10625 0.69921875 0.1703125 0.15859375
1 0.46875 0.4796875 0.08671875 0.07890625
1 0.72109375 0.853125 0.1453125 0.15
1 0.2953125 0.83125 0.1578125 0.16484375
1 0.2203125 0.74140625 0.0921875 0.10234375
1 0.50234375 0.93671875 0.14921875 0.1265625
1 0.82890625 0.82890625 0.134375 0.146875
1 0.8265625 0.25546875 0.09296875 0.10234375