1 0.90703125 0.55078125 0.16875 0.15625
1 0.9109375 0.12734375 0.171875 0.10625
1 0.921875 0.05703125 0.15625 0.1140625
6 0.39453125 0.83125 0.121875 0.146875
1 0.2703125 0.67578125 0.103125 0.10546875
1 0.88515625 0.7890625 0.178125 0.16015625
6 0.3609375 0.40703125 0.09921875 0.103125
6 0.40546875 0.559375 0.14140625 0.1328125
1 0.47421875 0.7515625 0.11875 0.1140625
6 0.146875 0.25546875 0.1140625 0.134375
6 0.50703125 0.459375 0.11875 0.1
1 0.37109375 0.32265625 0.11640625 0.1
6 0.240625 0.2640625 0.0859375 0.08671875
6 0.4984375 0.68046875 0.07890625 0.08125
1 0.90078125 0.425 0.13828125 0.1546875
6 0.55546875 0.55859375 0.19921875 0.2234375
1 0.5765625 0.90390625 0.1078125 0.0921875
6 0.24296875 0.9171875 0.16953125 0.165625
6 0.74453125 0.68828125 0.1953125 0.24296875
1 0.5046875 0.14765625 0.0921875 0.1015625
6 0.43046875 0.94765625 0.1921875 0.10390625
1 0.17890625 0.4140625 0.1078125 0.10234375
6 0.08828125 0.32265625 0.10625 0.125
1 0.3390625 0.24375 0.1171875 0.10546875
6 0.7046875 0.5265625 0.15859375 0.17265625
1 0.39453125 0.6578125 0.12109375 0.109375
6 0.25625 0.34296875 0.12421875 0.096875
1 0.45 0.21640625 0.1078125 0.1078125
1 0.459375 0.33359375 0.12578125 0.140625
6 0.746875 0.4328125 0.20078125 0.159375
1 0.86640625 0.9046875 0.15625 0.11484375
1 0.61015625 0.2515625 0.10234375 0.10234375
1 0.915625 0.2953125 0.14609375 0.1234375
6 0.63359375 0.1578125 0.25 0.1984375
1 0.271875 0.40859375 0.0765625 0.075
6 0.55546875 0.3109375 0.15546875 0.21171875
1 0.5609375 0.19296875 0.08125 0.08125
1 0.5546875 0.83828125 0.11484375 0.10625
1 0.89453125 0.6625 0.13984375 0.1359375
1 0.028125 0.69921875 0.05625 0.1046875
6 0.05078125 0.509375 0.1015625 0.1
6 0.06875 0.575 0.121875 0.1046875
6 0.075 0.671875 0.15 0.14609375
3 0.0859375 0.48359375 0.0484375 0.04609375
3 0.071875 0.44921875 0.05390625 0.040625
3 0.0328125 0.3984375 0.0359375 0.03671875
3 0.0765625 0.91953125 0.04453125 0.0421875
6 0.16640625 0.80625 0.33203125 0.22578125
6 0.15546875 0.50625 0.11015625 0.10703125
6 0.43125 0.11796875 0.13203125 0.11640625
6 0.74375 0.08203125 0.08984375 0.07421875
6 0.8625 0.2296875 0.22421875 0.1453125
6 0.72265625 0.82265625 0.19140625 0.11875