6 0.1140625 0.66328125 0.184375 0.20234375
6 0.25703125 0.53515625 0.1671875 0.14375
6 0.33046875 0.42109375 0.09765625 0.08203125
6 0.51640625 0.25078125 0.0921875 0.09453125
6 0.57890625 0.17578125 0.065625 0.05625
6 0.65234375 0.19375 0.08359375 0.0796875
6 0.671875 0.0703125 0.0953125 0.0984375
6 0.9625 0.43515625 0.075 0.14296875
6 0.93203125 0.52578125 0.13515625 0.1609375
6 0.92109375 0.58828125 0.1578125 0.1578125
6 0.86796875 0.6515625 0.16640625 0.20859375
6 0.77265625 0.71484375 0.16328125 0.1859375
6 0.584375 0.903125 0.196875 0.18515625
6 0.5453125 0.92265625 0.1703125 0.1546875
6 0.425 0.965625 0.15390625 0.06796875
6 0.75078125 0.88671875 0.12265625 0.16328125
6 0.8359375 0.875 0.32734375 0.25