6 0.09765625 0.88515625 0.17109375 0.1546875
6 0.1984375 0.7140625 0.04609375 0.0609375
6 0.42421875 0.771875 0.090625 0.10234375
1 0.8921875 0.203125 0.05234375 0.05859375
3 0.96171875 0.26015625 0.05859375 0.05234375
6 0.9484375 0.4828125 0.1 0.08125
6 0.94453125 0.35234375 0.078125 0.071875
6 0.74140625 0.42578125 0.11171875 0.09375
6 0.809375 0.50078125 0.0765625 0.0953125
6 0.75234375 0.58203125 0.065625 0.06171875
3 0.6625 0.62265625 0.05 0.0453125
6 0.63046875 0.44453125 0.121875 0.13203125
6 0.196875 0.521875 0.11640625 0.11328125
6 0.16328125 0.4375 0.06640625 0.07421875
6 0.1421875 0.48203125 0.06328125 0.05546875
6 0.0625 0.50625 0.1171875 0.10859375
6 0.22578125 0.3765625 0.215625 0.2078125
6 0.38671875 0.21953125 0.2125 0.21171875
6 0.39609375 0.065625 0.1828125 0.13046875
6 0.61953125 0.1171875 0.21328125 0.18515625
6 0.08515625 0.1578125 0.10859375 0.11171875
1 0.15 0.21875 0.1078125 0.10703125
1 0.4296875 0.4140625 0.08984375 0.090625
1 0.71171875 0.3125 0.0859375 0.08359375
1 0.1046875 0.4140625 0.0828125 0.1046875
1 0.30390625 0.43671875 0.096875 0.09453125
1 0.203125 0.146875 0.115625 0.1046875
1 0.39375 0.46015625 0.0765625 0.078125
1 0.22109375 0.08046875 0.1140625 0.08671875
1 0.88671875 0.13828125 0.07890625 0.071875