1 0.05078125 0.81484375 0.1015625 0.13125
1 0.3546875 0.93515625 0.12890625 0.12421875
1 0.4453125 0.928125 0.08828125 0.084375
1 0.58828125 0.96484375 0.1171875 0.0703125
1 0.03046875 0.0375 0.0609375 0.07421875
1 0.11484375 0.771875 0.096875 0.0953125
6 0.9640625 0.25625 0.06171875 0.05625
1 0.16875 0.8171875 0.07890625 0.08828125
6 0.65546875 0.09375 0.03125 0.028125
1 0.21171875 0.853125 0.08046875 0.11015625
1 0.0359375 0.72890625 0.071875 0.0828125
1 0.2890625 0.88359375 0.1328125 0.14140625
6 0.29296875 0.059375 0.025 0.02734375
6 0.44609375 0.7328125 0.05859375 0.0453125
6 0.13359375 0.6609375 0.04921875 0.0421875
6 0.45859375 0.20546875 0.09453125 0.13359375
6 0.32265625 0.09765625 0.02421875 0.025
6 0.3515625 0.13203125 0.02421875 0.02421875
6 0.2671875 0.00703125 0.02421875 0.0140625
6 0.265625 0.0234375 0.02890625 0.0203125
6 0.15546875 0.10078125 0.02265625 0.02109375
6 0.39296875 0.43046875 0.04609375 0.05078125
6 0.4328125 0.4640625 0.0328125 0.03046875
6 0.56640625 0.55859375 0.0609375 0.0671875
6 0.609375 0.5546875 0.04296875 0.0421875
6 0.52890625 0.56875 0.01640625 0.01875
6 0.73671875 0.6515625 0.0609375 0.06328125
6 0.71015625 0.62421875 0.0203125 0.0203125
6 0.74921875 0.68984375 0.0171875 0.01484375
6 0.740625 0.70546875 0.021875 0.0234375
6 0.86484375 0.66015625 0.06171875 0.071875
6 0.87421875 0.615625 0.04609375 0.0421875
6 0.91484375 0.6265625 0.0421875 0.0359375
6 0.825 0.73828125 0.07890625 0.0859375
6 0.80859375 0.8234375 0.09921875 0.16640625
3 0.4109375 0.85546875 0.07109375 0.0890625
6 0.03515625 0.678125 0.05390625 0.04765625
6 0.92109375 0.42734375 0.0515625 0.04609375
6 0.90859375 0.48828125 0.0515625 0.05234375
3 0.953125 0.37265625 0.0625 0.06640625
3 0.971875 0.3125 0.05546875 0.06015625
3 0.975 0.44296875 0.0484375 0.06875
6 0.70390625 0.05625 0.02109375 0.02109375
6 0.74609375 0.0234375 0.0171875 0.01875
6 0.43125 0.77265625 0.04765625 0.05234375