1 0.68203125 0.9453125 0.1734375 0.10859375
1 0.93125 0.11484375 0.13671875 0.14140625
1 0.5203125 0.85234375 0.21015625 0.19140625
1 0.92421875 0.4828125 0.14609375 0.15546875
1 0.30703125 0.32890625 0.14921875 0.146875
1 0.81171875 0.4171875 0.1375 0.13671875
1 0.9078125 0.33828125 0.184375 0.1796875
1 0.934375 0.240625 0.12890625 0.1171875
1 0.51484375 0.346875 0.1703125 0.13984375
1 0.075 0.93046875 0.14921875 0.1390625
1 0.30078125 0.58125 0.15703125 0.14765625
1 0.41953125 0.27890625 0.13046875 0.1265625
1 0.528125 0.22265625 0.146875 0.15078125
1 0.68515625 0.85234375 0.1765625 0.1703125
1 0.3015625 0.45390625 0.14140625 0.15
1 0.40859375 0.4046875 0.14765625 0.15625
1 0.628125 0.28671875 0.1609375 0.14140625
1 0.9421875 0.73671875 0.115625 0.1328125
1 0.49375 0.709375 0.1515625 0.14921875
1 0.08828125 0.80390625 0.159375 0.1421875
1 0.090625 0.67421875 0.14765625 0.1609375
1 0.1 0.55859375 0.14609375 0.121875
1 0.19453125 0.6265625 0.14921875 0.15234375
1 0.2046875 0.51640625 0.15234375 0.1375
1 0.2875 0.69375 0.14609375 0.159375
1 0.1921875 0.74609375 0.16484375 0.1546875
1 0.36640625 0.75625 0.14921875 0.14765625
1 0.2875 0.8078125 0.14609375 0.1265625
1 0.17421875 0.86640625 0.1390625 0.1375
1 0.284375 0.9203125 0.171875 0.159375
1 0.384375 0.87578125 0.13359375 0.14921875
1 0.46953125 0.9328125 0.18828125 0.13359375
1 0.39765625 0.6390625 0.140625 0.15625
1 0.40234375 0.52734375 0.1390625 0.14921875
1 0.5015625 0.46328125 0.16953125 0.171875
1 0.61015625 0.52734375 0.15234375 0.159375
1 0.6109375 0.40078125 0.16484375 0.15625
1 0.72265625 0.340625 0.18046875 0.16953125
1 0.72578125 0.47578125 0.1578125 0.16640625
1 0.721875 0.590625 0.178125 0.16328125
1 0.6015625 0.64921875 0.1734375 0.16640625
1 0.703125 0.725 0.1578125 0.15625
1 0.8046875 0.78125 0.171875 0.1765625
1 0.91171875 0.86015625 0.16640625 0.18046875
1 0.81484375 0.66484375 0.1609375 0.15234375
1 0.9140625 0.6078125 0.171875 0.18359375
1 0.81875 0.5375 0.1765625 0.18046875
1 0.73359375 0.234375 0.15234375 0.1078125
1 0.85234375 0.25234375 0.140625 0.13046875
1 0.63828125 0.165625 0.18203125 0.15625
1 0.7 0.0984375 0.15078125 0.1421875
1 0.79140625 0.16328125 0.14609375 0.13046875
1 0.7921875 0.9046875 0.16484375 0.159375
1 0.503125 0.603125 0.159375 0.159375
1 0.58984375 0.7515625 0.18203125 0.1265625