3 0.27890625 0.1 0.0265625 0.0328125
3 0.55859375 0.39296875 0.0328125 0.03828125
3 0.58125 0.38515625 0.021875 0.03203125
3 0.40859375 0.375 0.04375 0.06015625
6 0.13203125 0.290625 0.22890625 0.178125
3 0.14609375 0.40390625 0.06875 0.06640625
3 0.10546875 0.471875 0.075 0.078125
6 0.16171875 0.4734375 0.07265625 0.0578125
6 0.1046875 0.62734375 0.090625 0.08203125
6 0.0734375 0.8609375 0.0265625 0.02421875
6 0.07421875 0.83671875 0.0421875 0.0265625
6 0.071875 0.81796875 0.0328125 0.02109375
6 0.07578125 0.79921875 0.025 0.01875
6 0.084375 0.76171875 0.034375 0.03125
3 0.0296875 0.82421875 0.04609375 0.03671875
3 0.03515625 0.79609375 0.05234375 0.04765625
6 0.13984375 0.9375 0.0375 0.0421875
3 0.121875 0.9546875 0.05078125 0.04453125
3 0.103125 0.90234375 0.06171875 0.06171875
1 0.9234375 0.87109375 0.08515625 0.0578125
6 0.94140625 0.93671875 0.115625 0.1265625
6 0.725 0.71875 0.08828125 0.05625
3 0.696875 0.6703125 0.04765625 0.05078125
6 0.7625 0.57890625 0.04140625 0.04140625
6 0.7515625 0.609375 0.04375 0.046875
6 0.7546875 0.446875 0.04453125 0.040625
6 0.75859375 0.38671875 0.08125 0.06484375
6 0.82578125 0.08828125 0.06015625 0.07734375
6 0.51640625 0.08125 0.02890625 0.028125
6 0.58515625 0.05703125 0.0453125 0.04296875
6 0.515625 0.12578125 0.0703125 0.0640625
3 0.465625 0.05078125 0.03828125 0.03828125
3 0.490625 0.0640625 0.0421875 0.03515625
3 0.50546875 0.0390625 0.0421875 0.0390625
6 0.39609375 0.05859375 0.1046875 0.11640625
6 0.303125 0.0375 0.1 0.075
3 0.06484375 0.190625 0.0515625 0.05234375
3 0.0484375 0.15390625 0.04921875 0.04453125
3 0.23828125 0.16484375 0.046875 0.06171875
6 0.28671875 0.24609375 0.15390625 0.15
6 0.20703125 0.028125 0.065625 0.05625
1 0.046875 0.69765625 0.0890625 0.115625
1 0.2 0.61953125 0.103125 0.10546875
1 0.1421875 0.553125 0.14140625 0.1234375
1 0.93984375 0.828125 0.09453125 0.08515625
1 0.146875 0.68515625 0.0765625 0.07734375
1 0.1515625 0.225 0.0828125 0.08671875
1 0.1546875 0.1515625 0.12421875 0.1
1 0.0265625 0.971875 0.053125 0.05546875
1 0.06875 0.08671875 0.0984375 0.1265625
1 0.13671875 0.08203125 0.10234375 0.12265625
1 0.0984375 0.71484375 0.0390625 0.0484375
1 0.0328125 0.9140625 0.06484375 0.103125
1 0.14765625 0.7421875 0.03671875 0.04140625
1 0.15703125 0.025 0.0671875 0.05