6 0.3671875 0.1546875 0.421875 0.309375
6 0.7015625 0.28125 0.2 0.1953125
6 0.53671875 0.2515625 0.14375 0.15859375
6 0.625 0.40234375 0.15 0.121875
6 0.746875 0.42421875 0.1015625 0.1125
6 0.928125 0.54765625 0.09296875 0.09765625
6 0.8515625 0.59453125 0.09375 0.07578125
6 0.978125 0.6625 0.03984375 0.03984375
6 0.65546875 0.84140625 0.16484375 0.1015625
6 0.6578125 0.915625 0.1546875 0.14375
6 0.73359375 0.95234375 0.1046875 0.0953125
6 0.26953125 0.94296875 0.11015625 0.11015625
6 0.15703125 0.9359375 0.10859375 0.09609375
6 0.078125 0.959375 0.09453125 0.08046875
6 0.075 0.684375 0.06484375 0.05
6 0.12421875 0.63359375 0.08515625 0.07421875
6 0.17890625 0.52734375 0.0484375 0.05703125
6 0.16953125 0.5859375 0.02890625 0.02734375
6 0.1484375 0.37265625 0.040625 0.04609375
6 0.10234375 0.35546875 0.03203125 0.0359375
6 0.08046875 0.2515625 0.0390625 0.04609375
6 0.12890625 0.3 0.0703125 0.0453125
6 0.05625 0.20234375 0.0328125 0.028125