3 0.128125 0.11875 0.1 0.096875
3 0.12578125 0.02578125 0.05546875 0.0515625
3 0.0875 0.0328125 0.0671875 0.05859375
3 0.16484375 0.0171875 0.0546875 0.034375
3 0.18203125 0.14296875 0.04921875 0.04140625
3 0.19765625 0.16953125 0.0515625 0.05703125
3 0.24140625 0.184375 0.04765625 0.0515625
3 0.1484375 0.21015625 0.1046875 0.09140625
3 0.21171875 0.253125 0.0890625 0.06875
3 0.15625 0.29765625 0.05234375 0.03984375
3 0.2375 0.3 0.0328125 0.025
3 0.15 0.34375 0.065625 0.0734375
3 0.0875 0.3390625 0.04765625 0.05078125
3 0.07734375 0.37890625 0.084375 0.05078125
3 0.0671875 0.43359375 0.0890625 0.0796875
3 0.15 0.39453125 0.0546875 0.05078125
3 0.14296875 0.44765625 0.06328125 0.071875
3 0.20234375 0.3109375 0.04921875 0.046875
3 0.20859375 0.35 0.0578125 0.0390625
3 0.24375 0.39609375 0.07109375 0.06484375
3 0.21171875 0.4171875 0.07265625 0.0953125
3 0.3390625 0.5359375 0.08515625 0.075
3 0.34921875 0.5921875 0.0828125 0.0734375
3 0.26328125 0.584375 0.10234375 0.08671875
3 0.2296875 0.62734375 0.05546875 0.07109375
3 0.38203125 0.6578125 0.06328125 0.06875
3 0.33359375 0.67109375 0.0703125 0.078125
3 0.29921875 0.69609375 0.06328125 0.09375
3 0.37109375 0.76875 0.05859375 0.0875
3 0.4109375 0.76875 0.04921875 0.06015625
6 0.16796875 0.59453125 0.0734375 0.065625
6 0.12578125 0.671875 0.0421875 0.03828125
6 0.0453125 0.603125 0.04921875 0.08359375
6 0.11640625 0.6078125 0.08125 0.06328125
6 0.07890625 0.72890625 0.0609375 0.075
6 0.0875 0.859375 0.13515625 0.1296875
6 0.19296875 0.8421875 0.07578125 0.0953125
6 0.1296875 0.9328125 0.0765625 0.08828125
3 0.3796875 0.86640625 0.06796875 0.0546875
6 0.33125 0.93359375 0.1625 0.1328125
6 0.228125 0.940625 0.14375 0.11875
6 0.31796875 0.76015625 0.1265625 0.0875
6 0.3390625 0.825 0.06640625 0.0546875
6 0.90546875 0.5203125 0.1875 0.2078125
6 0.9328125 0.6453125 0.13359375 0.1578125
3 0.9375 0.778125 0.125 0.1234375
3 0.95 0.85078125 0.0421875 0.06640625
3 0.67265625 0.31171875 0.05390625 0.06015625
3 0.61640625 0.36015625 0.04375 0.040625
3 0.7125 0.40078125 0.07890625 0.06015625
3 0.73203125 0.47734375 0.10546875 0.07578125
3 0.7828125 0.35 0.06484375 0.07734375
3 0.97265625 0.2546875 0.05390625 0.07734375
3 0.87421875 0.2875 0.071875 0.071875
3 0.775 0.278125 0.08671875 0.06328125
3 0.6375 0.06171875 0.08984375 0.08203125
3 0.7046875 0.04453125 0.059375 0.08046875
3 0.80078125 0.08125 0.084375 0.04453125
3 0.875 0.09140625 0.06015625 0.07265625
3 0.96953125 0.1109375 0.06015625 0.0484375
6 0.76875 0.171875 0.196875 0.17265625
6 0.78828125 0.040625 0.1015625 0.08125
6 0.9703125 0.34453125 0.059375 0.09296875
6 0.95625 0.171875 0.08671875 0.08828125
6 0.87734375 0.2140625 0.09921875 0.09296875
6 0.80703125 0.42109375 0.0984375 0.10234375