1 0.60390625 0.94765625 0.146875 0.10390625
1 0.7484375 0.1796875 0.1296875 0.1203125
1 0.565625 0.81171875 0.165625 0.1765625
1 0.1390625 0.13203125 0.1578125 0.146875
1 0.26015625 0.234375 0.1046875 0.1078125
1 0.6875 0.85234375 0.17109375 0.1671875
1 0.75 0.3671875 0.1625 0.159375
1 0.8859375 0.27578125 0.178125 0.16328125
1 0.94765625 0.22578125 0.10390625 0.11328125
1 0.6265625 0.3171875 0.16328125 0.17734375
1 0.0609375 0.2296875 0.121875 0.1359375
1 0.3125 0.0859375 0.09453125 0.0890625
1 0.59140625 0.16640625 0.11015625 0.11328125
1 0.87265625 0.4078125 0.1625 0.14765625
1 0.125 0.3109375 0.13359375 0.1375
1 0.4828125 0.9046875 0.1734375 0.1734375
1 0.309375 0.89921875 0.1671875 0.13046875
1 0.13671875 0.78046875 0.13203125 0.12578125
1 0.17265625 0.9140625 0.12578125 0.12578125
1 0.35859375 0.77890625 0.146875 0.1265625
1 0.47421875 0.740625 0.1328125 0.1328125
1 0.396875 0.853125 0.15859375 0.13203125
1 0.72421875 0.72890625 0.1578125 0.15625
1 0.82578125 0.74765625 0.14296875 0.1625
1 0.93515625 0.759375 0.1296875 0.14375
1 0.82421875 0.85546875 0.16015625 0.14375
1 0.92890625 0.89296875 0.1421875 0.17734375
1 0.23046875 0.7484375 0.1328125 0.121875
1 0.1515625 0.56015625 0.13671875 0.15390625
1 0.2046875 0.4671875 0.13828125 0.1328125
1 0.315625 0.5609375 0.1453125 0.12578125
1 0.2296875 0.6421875 0.15390625 0.1265625
1 0.4359375 0.59375 0.15625 0.1453125
1 0.534375 0.5578125 0.1234375 0.14140625
1 0.584375 0.61796875 0.134375 0.1265625
1 0.671875 0.65 0.10625 0.10625
1 0.6 0.7171875 0.1546875 0.13515625
1 0.31875 0.696875 0.1515625 0.1171875
1 0.09375 0.47421875 0.13671875 0.1546875
1 0.2453125 0.3578125 0.1171875 0.1296875
1 0.3328125 0.3671875 0.128125 0.1265625
1 0.328125 0.4625 0.1453125 0.146875
1 0.43125 0.4859375 0.12578125 0.14140625
1 0.51953125 0.421875 0.1671875 0.17734375
1 0.42265625 0.3640625 0.10234375 0.09609375
1 0.64296875 0.47265625 0.16875 0.16875
1 0.7578125 0.528125 0.1625 0.1796875
1 0.89375 0.56328125 0.1515625 0.15
1 0.9328125 0.65703125 0.134375 0.13046875
1 0.74375 0.2578125 0.1453125 0.1265625
1 0.51640625 0.2734375 0.1265625 0.13203125
1 0.37734375 0.28125 0.16875 0.09375
1 0.05703125 0.34375 0.11328125 0.1453125
1 0.0796875 0.628125 0.159375 0.14375
1 0.13359375 0.6875 0.13046875 0.10390625
3 0.90234375 0.046875 0.0640625 0.07109375
3 0.88203125 0.025 0.0640625 0.05
6 0.8171875 0.10390625 0.24375 0.2078125
6 0.62265625 0.0640625 0.1203125 0.10859375