6 0.60546875 0.7328125 0.09453125 0.1
3 0.80390625 0.9828125 0.0421875 0.034375
3 0.73203125 0.85625 0.04765625 0.04765625
3 0.8484375 0.896875 0.078125 0.0875
6 0.93671875 0.615625 0.12578125 0.2234375
6 0.72578125 0.48359375 0.1234375 0.08828125
1 0.62890625 0.43125 0.06953125 0.06796875
1 0.22890625 0.58671875 0.11484375 0.12265625
6 0.03046875 0.3953125 0.0609375 0.1078125
3 0.18984375 0.20234375 0.0609375 0.07421875
3 0.2359375 0.1984375 0.04609375 0.04921875
3 0.278125 0.19453125 0.078125 0.0828125
3 0.26953125 0.2671875 0.07734375 0.078125
6 0.38828125 0.1828125 0.1390625 0.15546875
6 0.28046875 0.11328125 0.0671875 0.07890625
6 0.22421875 0.08359375 0.07265625 0.0765625
6 0.0515625 0.0265625 0.07109375 0.053125
6 0.11015625 0.096875 0.065625 0.09296875
6 0.1640625 0.06640625 0.0796875 0.10234375
6 0.0609375 0.178125 0.075 0.103125
3 0.12734375 0.16796875 0.0578125 0.0640625
1 0.5234375 0.4953125 0.0921875 0.084375
1 0.965625 0.8859375 0.06875 0.10625
1 0.678125 0.753125 0.0796875 0.07890625
1 0.7390625 0.79921875 0.07734375 0.075
6 0.3953125 0.271875 0.09296875 0.06953125
1 0.9703125 0.80390625 0.059375 0.075