6 0.7765625 0.096875 0.2890625 0.19375
6 0.92890625 0.26171875 0.14140625 0.3453125
6 0.81328125 0.4859375 0.2484375 0.3109375
6 0.95703125 0.47578125 0.08515625 0.1109375
3 0.96171875 0.57109375 0.0734375 0.05546875
3 0.9765625 0.6140625 0.046875 0.090625
3 0.81484375 0.70859375 0.08203125 0.0765625
3 0.72265625 0.7078125 0.084375 0.0703125
3 0.9671875 0.7203125 0.06484375 0.096875
3 0.91484375 0.68203125 0.06640625 0.0765625
3 0.9046875 0.80078125 0.084375 0.0546875
3 0.878125 0.7171875 0.053125 0.05078125
3 0.8625 0.765625 0.09609375 0.0625
3 0.98359375 0.8671875 0.03125 0.06640625
3 0.86953125 0.871875 0.05859375 0.0765625
3 0.7171875 0.8125 0.05703125 0.06171875
3 0.665625 0.85 0.0640625 0.0796875
3 0.59453125 0.85234375 0.075 0.08515625
3 0.665625 0.759375 0.09453125 0.071875
3 0.53125 0.82421875 0.09296875 0.06953125
3 0.4546875 0.865625 0.07265625 0.05625
3 0.49140625 0.93125 0.0953125 0.07578125
3 0.63984375 0.96796875 0.0796875 0.06328125
3 0.68671875 0.940625 0.06875 0.059375
3 0.746875 0.93984375 0.0515625 0.06875
3 0.76953125 0.84296875 0.10078125 0.06640625
3 0.76015625 0.75234375 0.04453125 0.0609375
3 0.81015625 0.7890625 0.06953125 0.05078125
3 0.90859375 0.8921875 0.0453125 0.071875
6 0.8328125 0.95078125 0.17734375 0.09765625
6 0.9546875 0.96015625 0.0875 0.0796875
6 0.33984375 0.921875 0.2109375 0.15625
6 0.67421875 0.65859375 0.13984375 0.14453125
6 0.46015625 0.7640625 0.1640625 0.14140625