6 0.778125 0.94375 0.1984375 0.11171875
6 0.928125 0.83671875 0.1421875 0.215625
6 0.87578125 0.7140625 0.14140625 0.1046875
3 0.96484375 0.65703125 0.0703125 0.0890625
3 0.946875 0.5796875 0.07578125 0.06171875
6 0.72421875 0.5625 0.27734375 0.18671875
6 0.49921875 0.61796875 0.15 0.125
6 0.41484375 0.43984375 0.06484375 0.0625
6 0.4703125 0.82734375 0.22890625 0.28359375
1 0.90234375 0.409375 0.11015625 0.10859375
1 0.47421875 0.5203125 0.09765625 0.09765625
1 0.63125 0.50234375 0.09296875 0.096875
1 0.80546875 0.478125 0.1 0.0890625
1 0.559375 0.5265625 0.0921875 0.10234375
1 0.96875 0.46875 0.06171875 0.09140625
1 0.92578125 0.49375 0.09609375 0.084375
1 0.4 0.71015625 0.08125 0.07265625
3 0.89921875 0.5203125 0.075 0.06875