1 0.12109375 0.95859375 0.071875 0.0828125
3 0.07890625 0.90546875 0.05390625 0.06015625
1 0.09375 0.8140625 0.071875 0.0890625
1 0.04375 0.74453125 0.07109375 0.096875
1 0.0609375 0.67734375 0.06640625 0.08984375
1 0.0359375 0.53125 0.071875 0.09765625
6 0.06015625 0.053125 0.1203125 0.10546875
1 0.15234375 0.121875 0.1 0.10390625
1 0.14609375 0.03671875 0.08125 0.0734375
1 0.20390625 0.07109375 0.07890625 0.084375
1 0.06953125 0.12734375 0.0921875 0.09140625
1 0.028125 0.16640625 0.05546875 0.13125