6 0.221875 0.69765625 0.18671875 0.20703125
6 0.0296875 0.8609375 0.05625 0.0515625
3 0.10078125 0.81328125 0.03515625 0.05078125
3 0.13125 0.8203125 0.03984375 0.03828125
3 0.075 0.85234375 0.03046875 0.02734375
3 0.41328125 0.54609375 0.07421875 0.05859375
3 0.42109375 0.48359375 0.04609375 0.0625
3 0.55 0.37578125 0.05234375 0.06640625
3 0.59609375 0.3671875 0.0453125 0.059375
3 0.76875 0.21796875 0.0734375 0.0515625
3 0.76640625 0.24140625 0.05859375 0.0546875
3 0.78046875 0.31953125 0.090625 0.09375
3 0.83203125 0.3953125 0.06015625 0.06640625
3 0.9015625 0.3984375 0.0515625 0.06171875
3 0.9640625 0.4203125 0.071875 0.090625
6 0.63671875 0.253125 0.0578125 0.0625
6 0.67578125 0.34609375 0.075 0.06875