1 0.06484375 0.84609375 0.1296875 0.14375
1 0.1875 0.325 0.16484375 0.15
1 0.93359375 0.07890625 0.13203125 0.1578125
1 0.7265625 0.05546875 0.1625 0.1109375
1 0.440625 0.08984375 0.1671875 0.1734375
1 0.55078125 0.7078125 0.15390625 0.1390625
1 0.775 0.48515625 0.1703125 0.15546875
1 0.8609375 0.91015625 0.16328125 0.16484375
1 0.67734375 0.78046875 0.18828125 0.1765625
1 0.15703125 0.55703125 0.15625 0.159375
1 0.56328125 0.5859375 0.15625 0.140625
1 0.609375 0.23125 0.16484375 0.15703125
1 0.77734375 0.6125 0.14375 0.1375
1 0.66015625 0.9109375 0.159375 0.140625
1 0.2625 0.21015625 0.1671875 0.1765625
1 0.88671875 0.4203125 0.1703125 0.1640625
1 0.8859375 0.32578125 0.128125 0.1234375
1 0.6984375 0.16328125 0.15 0.16484375
1 0.8734375 0.68515625 0.1671875 0.13984375
1 0.1421875 0.909375 0.159375 0.15
1 0.14453125 0.78515625 0.1609375 0.1734375
1 0.0609375 0.73359375 0.121875 0.1765625
1 0.24453125 0.765625 0.159375 0.15
1 0.25390625 0.678125 0.175 0.171875
1 0.16171875 0.66015625 0.1453125 0.1015625
1 0.37265625 0.6859375 0.15 0.153125
1 0.359375 0.8 0.1515625 0.15
1 0.2484375 0.8734375 0.1484375 0.14375
1 0.34453125 0.921875 0.153125 0.146875
1 0.43828125 0.875 0.175 0.1625
1 0.55703125 0.9296875 0.165625 0.140625
1 0.77109375 0.9546875 0.1421875 0.090625
1 0.77421875 0.8375 0.1609375 0.18125
1 0.95078125 0.8375 0.0984375 0.1625
1 0.8734375 0.78125 0.15625 0.125
1 0.6671875 0.634375 0.184375 0.165625
1 0.4515625 0.77578125 0.1359375 0.1609375
1 0.28515625 0.5546875 0.16875 0.1578125
1 0.38828125 0.57109375 0.15 0.16875
1 0.0515625 0.55625 0.103125 0.1640625
1 0.8828125 0.55390625 0.171875 0.1625
1 0.075 0.3875 0.14375 0.1421875
1 0.178125 0.42890625 0.159375 0.171875
1 0.29453125 0.39453125 0.153125 0.184375
1 0.38359375 0.44765625 0.171875 0.165625
1 0.39140625 0.32734375 0.184375 0.1625
1 0.54765625 0.4125 0.196875 0.1765625
1 0.5359375 0.325 0.1640625 0.1328125
1 0.62578125 0.4578125 0.1984375 0.1546875
1 0.65546875 0.3390625 0.1421875 0.1515625
1 0.78359375 0.3578125 0.1828125 0.1609375
1 0.76640625 0.2828125 0.1765625 0.1421875
1 0.81953125 0.17109375 0.1484375 0.1265625
1 0.875 0.2109375 0.175 0.1671875
1 0.48359375 0.20078125 0.1 0.1390625
1 0.61484375 0.09921875 0.1296875 0.1265625
1 0.10078125 0.27109375 0.2015625 0.15
1 0.3890625 0.2234375 0.1546875 0.1421875
1 0.775 0.71171875 0.115625 0.1078125
1 0.559375 0.81640625 0.1515625 0.1578125
1 0.5265625 0.10703125 0.1265625 0.1171875