5 0.27421875 0.8328125 0.1390625 0.1484375
5 0.38203125 0.95 0.1859375 0.1
5 0.2046875 0.81796875 0.08671875 0.0515625
6 0.4125 0.7859375 0.06328125 0.04375
6 0.45546875 0.8859375 0.22421875 0.1984375
6 0.66171875 0.97109375 0.1546875 0.05703125
6 0.87109375 0.928125 0.11796875 0.14375
6 0.77421875 0.971875 0.07109375 0.05625
3 0.7296875 0.928125 0.0734375 0.05
3 0.759375 0.86015625 0.04453125 0.046875
3 0.96953125 0.02421875 0.0359375 0.0484375
6 0.93828125 0.1703125 0.046875 0.04375
6 0.98359375 0.11171875 0.0328125 0.04140625
6 0.8828125 0.10234375 0.07734375 0.084375
6 0.7265625 0.125 0.040625 0.0453125
6 0.73515625 0.0609375 0.040625 0.04140625
6 0.83515625 0.03046875 0.04296875 0.059375
6 0.765625 0.7140625 0.02734375 0.02734375
6 0.60859375 0.5859375 0.05 0.034375
6 0.30703125 0.65390625 0.03125 0.03359375
6 0.4875 0.4515625 0.028125 0.04375
6 0.4875 0.49609375 0.02734375 0.028125
3 0.078125 0.1078125 0.03203125 0.0375
3 0.02421875 0.1125 0.0484375 0.06484375
6 0.178125 0.109375 0.0875 0.07421875
3 0.215625 0.1609375 0.04453125 0.04609375
3 0.2359375 0.08984375 0.0578125 0.05234375
1 0.15078125 0.03984375 0.08359375 0.0765625
1 0.6484375 0.8890625 0.12578125 0.1265625
1 0.9109375 0.0484375 0.103125 0.096875
1 0.96328125 0.94921875 0.0734375 0.0984375
1 0.2421875 0.8625 0.10234375 0.1046875