6 0.7296875 0.07890625 0.03203125 0.03046875
6 0.596875 0.11171875 0.04140625 0.0390625
6 0.6671875 0.19609375 0.03046875 0.03046875
6 0.95703125 0.49375 0.0859375 0.0875
6 0.73984375 0.4 0.03515625 0.04296875
6 0.728125 0.46953125 0.09375 0.0640625
6 0.740625 0.53828125 0.115625 0.09296875
6 0.75625 0.628125 0.075 0.0546875
6 0.78046875 0.58671875 0.02890625 0.03046875
6 0.74609375 0.59140625 0.03828125 0.03515625
3 0.64375 0.5875 0.05859375 0.0609375
6 0.42578125 0.65078125 0.0453125 0.0375
6 0.11015625 0.72109375 0.09609375 0.0890625
6 0.18359375 0.69609375 0.09296875 0.08671875
3 0.29140625 0.703125 0.04765625 0.0515625
3 0.3234375 0.671875 0.0375 0.03828125
3 0.40078125 0.6859375 0.05703125 0.04375
6 0.13046875 0.9234375 0.06328125 0.059375
6 0.05546875 0.95625 0.0625 0.06171875
6 0.03359375 0.75546875 0.0671875 0.0578125
6 0.06015625 0.575 0.11484375 0.0953125
3 0.13515625 0.56796875 0.04765625 0.078125
3 0.16171875 0.55390625 0.053125 0.06171875
3 0.18359375 0.5328125 0.04921875 0.053125
3 0.215625 0.52109375 0.07109375 0.0671875
6 0.0625 0.32109375 0.1046875 0.10078125
3 0.1703125 0.265625 0.0890625 0.08359375
6 0.0734375 0.2359375 0.0828125 0.08203125
6 0.0828125 0.12734375 0.15625 0.1453125
1 0.090625 0.83515625 0.125 0.1265625
1 0.04296875 0.7 0.0859375 0.08984375
1 0.15078125 0.96640625 0.1234375 0.0671875
1 0.1546875 0.77421875 0.1015625 0.08984375
1 0.10703125 0.41796875 0.09453125 0.1046875
1 0.05390625 0.48203125 0.09296875 0.1
1 0.18828125 0.9 0.07265625 0.071875
1 0.1203125 0.50078125 0.08515625 0.0875
1 0.0296875 0.80234375 0.059375 0.10078125
1 0.05078125 0.64296875 0.1015625 0.0671875