1 0.9359375 0.234375 0.12734375 0.13984375
1 0.04765625 0.7796875 0.0953125 0.15
1 0.684375 0.571875 0.115625 0.13203125
1 0.56171875 0.534375 0.09765625 0.09296875
1 0.37890625 0.47421875 0.13046875 0.11875
1 0.5015625 0.8359375 0.14140625 0.15078125
1 0.27890625 0.471875 0.15546875 0.1578125
1 0.475 0.9578125 0.15625 0.084375
1 0.171875 0.53125 0.17265625 0.178125
1 0.09296875 0.61484375 0.1390625 0.1515625
1 0.146875 0.72578125 0.19453125 0.178125
1 0.1140625 0.85546875 0.15 0.1515625
1 0.240625 0.85703125 0.128125 0.1515625
1 0.39921875 0.73203125 0.178125 0.17265625
1 0.3375 0.5890625 0.17109375 0.1640625
1 0.096875 0.44296875 0.1765625 0.140625
1 0.10546875 0.20078125 0.14609375 0.16953125
1 0.20546875 0.2734375 0.17109375 0.15859375
1 0.20234375 0.38125 0.1234375 0.1015625
1 0.09375 0.3203125 0.14453125 0.1265625
1 0.10703125 0.0828125 0.15703125 0.14453125
1 0.21171875 0.1375 0.1875 0.17109375
1 0.3375 0.09375 0.16796875 0.140625
1 0.32109375 0.215625 0.1640625 0.1640625
1 0.30078125 0.32734375 0.10546875 0.13046875
1 0.39921875 0.26328125 0.1359375 0.15859375
1 0.50859375 0.09453125 0.1609375 0.15
1 0.4265625 0.15625 0.103125 0.11953125
1 0.52109375 0.21484375 0.14296875 0.13359375
1 0.64765625 0.078125 0.15703125 0.1109375
1 0.61953125 0.17578125 0.140625 0.1375
1 0.62265625 0.29453125 0.175 0.14609375
1 0.51640625 0.3390625 0.1484375 0.16796875
1 0.3890625 0.38828125 0.16796875 0.1515625
1 0.49609375 0.4484375 0.15 0.14453125
1 0.4640625 0.58359375 0.153125 0.1390625
1 0.621875 0.7578125 0.1625 0.18203125
1 0.61953125 0.8703125 0.15546875 0.13203125
1 0.7375 0.7765625 0.15859375 0.190625
1 0.7484375 0.89375 0.1625 0.16796875
1 0.85390625 0.90234375 0.1765625 0.175
1 0.8703125 0.7609375 0.153125 0.140625
1 0.621875 0.43203125 0.13359375 0.14609375
1 0.80546875 0.59921875 0.1625 0.175
1 0.9078125 0.609375 0.1640625 0.17265625
1 0.7234375 0.47734375 0.14453125 0.1484375
1 0.71796875 0.35625 0.140625 0.140625
1 0.728125 0.225 0.15703125 0.1390625
1 0.73203125 0.1046875 0.1484375 0.140625
1 0.8484375 0.08671875 0.11953125 0.14453125
1 0.93828125 0.1046875 0.1234375 0.128125
1 0.8390625 0.18828125 0.1484375 0.14453125
1 0.825 0.2953125 0.140625 0.13359375
1 0.92109375 0.37109375 0.1484375 0.153125
1 0.8078125 0.42890625 0.15 0.1625
1 0.9125 0.49921875 0.1265625 0.14296875
1 0.95 0.77109375 0.1 0.15859375
1 0.940625 0.8984375 0.11875 0.15859375
1 0.3578125 0.8703125 0.14921875 0.19296875