1 0.4546875 0.621875 0.13671875 0.1359375
1 0.35703125 0.68359375 0.1453125 0.1390625
1 0.834375 0.5671875 0.1265625 0.1109375
1 0.86171875 0.459375 0.178125 0.14921875
1 0.6875 0.6390625 0.1609375 0.1734375
1 0.3578125 0.9375 0.146875 0.12421875
1 0.0734375 0.41796875 0.14140625 0.1375
1 0.565625 0.640625 0.12421875 0.159375
1 0.08125 0.6671875 0.16015625 0.15234375
1 0.35625 0.81484375 0.134375 0.1453125
1 0.671875 0.06484375 0.1203125 0.12578125
1 0.13671875 0.91875 0.12734375 0.146875
1 0.13046875 0.778125 0.1359375 0.14375
1 0.234375 0.75625 0.12890625 0.1265625
1 0.5890625 0.8671875 0.1328125 0.1578125
1 0.7375 0.1578125 0.13203125 0.1578125
1 0.04140625 0.9171875 0.0828125 0.1625
1 0.74296875 0.77265625 0.14296875 0.16640625
1 0.4515625 0.753125 0.15546875 0.15390625
1 0.85 0.0875 0.15859375 0.17109375
1 0.74765625 0.3265625 0.1375 0.134375
1 0.053125 0.5578125 0.10625 0.13984375
1 0.2296875 0.8796875 0.15546875 0.16328125
1 0.52578125 0.9515625 0.1546875 0.096875
1 0.6265625 0.5390625 0.14765625 0.1140625
1 0.5671875 0.75 0.12109375 0.1234375
1 0.23125 0.63203125 0.12421875 0.125
1 0.46484375 0.52265625 0.1125 0.09921875
1 0.90390625 0.23359375 0.1359375 0.125
1 0.58046875 0.45859375 0.1359375 0.14921875
1 0.6765625 0.4 0.1328125 0.14296875
1 0.74765625 0.53203125 0.10625 0.16484375
1 0.83828125 0.35078125 0.0984375 0.1078125
1 0.89375 0.33046875 0.11953125 0.10625
1 0.6265625 0.16015625 0.134375 0.1453125
1 0.95078125 0.09453125 0.0984375 0.1359375
1 0.88203125 0.74921875 0.153125 0.17890625
1 0.79453125 0.6625 0.121875 0.125
1 0.67734375 0.88515625 0.11875 0.12578125
1 0.7390625 0.9171875 0.12421875 0.128125
1 0.465625 0.88125 0.13828125 0.1328125
1 0.19375 0.50625 0.13671875 0.14765625
1 0.2859375 0.52734375 0.1171875 0.134375
1 0.38984375 0.5203125 0.0890625 0.1234375
1 0.078125 0.14375 0.11484375 0.10234375
1 0.6484375 0.74921875 0.13671875 0.15234375
6 0.90390625 0.60703125 0.10703125 0.1015625
1 0.03203125 0.78984375 0.06328125 0.14375