6 0.23828125 0.37890625 0.10703125 0.1015625
6 0.1265625 0.46640625 0.10234375 0.10703125
6 0.19453125 0.55390625 0.1109375 0.11015625
6 0.29921875 0.4609375 0.11796875 0.10703125
6 0.3640625 0.54765625 0.1078125 0.11015625
6 0.21171875 0.83359375 0.4234375 0.3328125
6 0.5625 0.91015625 0.271875 0.1796875
6 0.7109375 0.9265625 0.12578125 0.146875
6 0.79921875 0.76484375 0.2109375 0.32734375
6 0.75859375 0.9015625 0.13515625 0.159375
6 0.753125 0.44296875 0.41875 0.33203125
6 0.83046875 0.20625 0.3359375 0.4125