6 0.16796875 0.0671875 0.17734375 0.13359375
6 0.353125 0.05546875 0.11875 0.1109375
6 0.2578125 0.12578125 0.134375 0.1296875
6 0.06875 0.1734375 0.13671875 0.11015625
6 0.1109375 0.21953125 0.12109375 0.08671875
6 0.19765625 0.21171875 0.0703125 0.05859375
6 0.19765625 0.29375 0.09609375 0.1015625
6 0.11015625 0.39140625 0.146875 0.15390625
6 0.16640625 0.4984375 0.14296875 0.13046875
6 0.3203125 0.57578125 0.06640625 0.06015625
6 0.4625 0.6734375 0.0765625 0.0890625
6 0.57421875 0.73984375 0.07734375 0.10078125
6 0.8671875 0.928125 0.0640625 0.0421875
6 0.7375 0.8296875 0.04765625 0.0640625
6 0.45859375 0.946875 0.04140625 0.0453125