1 0.79453125 0.06796875 0.15390625 0.13515625
1 0.93203125 0.1953125 0.1359375 0.1515625
1 0.8390625 0.17109375 0.1546875 0.15859375
1 0.72890625 0.1484375 0.1515625 0.1546875
1 0.934375 0.303125 0.13125 0.1453125
1 0.84453125 0.2984375 0.1609375 0.15
1 0.7359375 0.275 0.15859375 0.146875
1 0.8828125 0.41484375 0.14140625 0.1515625
1 0.76015625 0.4078125 0.19375 0.146875
1 0.7328125 0.5203125 0.1453125 0.1515625
1 0.8328125 0.5296875 0.13671875 0.1515625
1 0.934375 0.559375 0.13125 0.17421875
1 0.93984375 0.69453125 0.11953125 0.15390625
1 0.8234375 0.6546875 0.17734375 0.1609375
1 0.659375 0.646875 0.1609375 0.14921875
1 0.74921875 0.70390625 0.16484375 0.15
1 0.85859375 0.7921875 0.18203125 0.18046875
1 0.6984375 0.79921875 0.16875 0.1671875
1 0.72109375 0.94140625 0.1796875 0.1171875
1 0.61953125 0.8859375 0.1546875 0.15
1 0.8078125 0.89296875 0.1734375 0.165625
1 0.9359375 0.8546875 0.12734375 0.16796875
1 0.909375 0.084375 0.14296875 0.146875