1 0.99921875 0.821875 0.0015625 0.0125
1 0.0578125 0.77734375 0.115625 0.165625
1 0.903125 0.21640625 0.14921875 0.1453125
1 0.6984375 0.328125 0.0953125 0.08515625
1 0.58984375 0.49921875 0.1296875 0.14375
1 0.67890625 0.690625 0.1609375 0.15234375
1 0.68359375 0.5625 0.14375 0.16328125
1 0.90546875 0.45703125 0.1734375 0.140625
1 0.6875 0.43359375 0.146875 0.15234375
1 0.4921875 0.4265625 0.190625 0.1625
1 0.59296875 0.35859375 0.17109375 0.1515625
1 0.590625 0.24765625 0.15390625 0.146875
1 0.70078125 0.20234375 0.1390625 0.140625
1 0.809375 0.13046875 0.16875 0.16875
1 0.703125 0.075 0.165625 0.14765625
1 0.5984375 0.12109375 0.1515625 0.1515625
1 0.2875 0.0515625 0.17421875 0.10234375
1 0.48671875 0.065625 0.16328125 0.1265625
1 0.49453125 0.1859375 0.1828125 0.15390625
1 0.478125 0.2984375 0.14375 0.140625
1 0.38671875 0.23515625 0.165625 0.17421875
1 0.34765625 0.128125 0.165625 0.1515625
1 0.2546875 0.1578125 0.1109375 0.115625
1 0.3671875 0.365625 0.16015625 0.140625
1 0.275 0.271875 0.17734375 0.15625
1 0.1625 0.22265625 0.14375 0.14296875
1 0.15703125 0.33359375 0.15 0.13828125
1 0.05546875 0.64453125 0.1109375 0.1515625
1 0.5703125 0.609375 0.1671875 0.15390625
1 0.46328125 0.540625 0.16015625 0.14140625
1 0.36953125 0.4734375 0.16015625 0.1296875
1 0.13125 0.94453125 0.165625 0.1109375
1 0.9546875 0.6390625 0.090625 0.13828125
1 0.89140625 0.57734375 0.15390625 0.1515625
1 0.959375 0.765625 0.08046875 0.14140625
1 0.8828125 0.69375 0.134375 0.1453125
1 0.94609375 0.8890625 0.1078125 0.14375
1 0.884375 0.82109375 0.1578125 0.13828125
1 0.77109375 0.7578125 0.1546875 0.14296875
1 0.865625 0.93203125 0.13671875 0.1359375
1 0.76015625 0.875 0.1546875 0.13515625
1 0.67578125 0.79765625 0.1625 0.16015625
1 0.66953125 0.921875 0.1796875 0.15625
1 0.56015625 0.85546875 0.165625 0.1671875
1 0.34765625 0.5875 0.1828125 0.16484375
1 0.46796875 0.66796875 0.16484375 0.14921875
1 0.34296875 0.7296875 0.16328125 0.14296875
1 0.459375 0.7875 0.15390625 0.13671875
1 0.45390625 0.9109375 0.1609375 0.15625
1 0.3453125 0.8453125 0.15859375 0.14765625
1 0.24609375 0.77734375 0.16015625 0.17578125
1 0.13203125 0.83828125 0.165625 0.1609375
1 0.15078125 0.4625 0.15 0.15703125
1 0.06328125 0.14921875 0.12578125 0.14765625
1 0.06484375 0.26640625 0.1296875 0.1265625
1 0.78046875 0.50078125 0.16015625 0.1609375
1 0.8921875 0.340625 0.1671875 0.1609375
1 0.2453125 0.6609375 0.14921875 0.1703125
1 0.2484375 0.53359375 0.14765625 0.1296875
1 0.071875 0.04375 0.14140625 0.0875
1 0.2515625 0.4109375 0.15078125 0.14921875
1 0.225 0.89609375 0.1484375 0.14921875
1 0.06328125 0.3953125 0.12578125 0.1578125
1 0.1390625 0.5984375 0.15546875 0.1484375
1 0.559375 0.73984375 0.15546875 0.13359375
1 0.06328125 0.51953125 0.12578125 0.15546875
1 0.1375 0.7234375 0.15546875 0.1546875
1 0.78046875 0.2625 0.1625 0.15390625
1 0.78359375 0.6375 0.1671875 0.16015625
1 0.16640625 0.09921875 0.15859375 0.1609375
1 0.784375 0.37578125 0.140625 0.121875
1 0.89921875 0.08828125 0.15859375 0.15390625