1 0.18671875 0.6328125 0.1609375 0.16953125
6 0.9484375 0.934375 0.1 0.13125
1 0.853125 0.93828125 0.14921875 0.1234375
1 0.7734375 0.5203125 0.171875 0.18046875
1 0.50390625 0.0796875 0.10390625 0.12421875
1 0.409375 0.253125 0.18203125 0.14296875
1 0.82421875 0.0515625 0.18671875 0.10234375
1 0.59140625 0.04765625 0.1625 0.0953125
1 0.71015625 0.071875 0.14765625 0.14375
1 0.6125 0.1515625 0.15859375 0.14140625
1 0.94296875 0.2046875 0.1140625 0.15234375
1 0.86328125 0.2296875 0.13828125 0.15859375
1 0.796875 0.13984375 0.11953125 0.10625
1 0.76328125 0.21875 0.16953125 0.13515625
1 0.9421875 0.41640625 0.11484375 0.15390625
1 0.87890625 0.3359375 0.1390625 0.13828125
1 0.6890625 0.28671875 0.17421875 0.17578125
1 0.571875 0.26875 0.1328125 0.1609375
1 0.7734375 0.35 0.1328125 0.140625
1 0.7265625 0.46171875 0.14765625 0.13203125
1 0.615625 0.4875 0.16484375 0.140625
1 0.56640625 0.384375 0.1390625 0.13203125
1 0.475 0.4421875 0.15390625 0.15234375
1 0.9484375 0.80078125 0.103125 0.13203125
1 0.87890625 0.7078125 0.16875 0.1265625
1 0.8734375 0.83046875 0.13515625 0.14296875
1 0.75078125 0.76171875 0.16328125 0.1515625
1 0.6484375 0.93828125 0.15390625 0.1234375
1 0.76328125 0.8890625 0.16484375 0.1609375
1 0.5609375 0.75625 0.13046875 0.13828125
1 0.378125 0.7125 0.14765625 0.14375
1 0.43359375 0.92890625 0.1625 0.1421875
1 0.3984375 0.83984375 0.13828125 0.134375
1 0.315625 0.93515625 0.1453125 0.1296875
1 0.15703125 0.93359375 0.128125 0.13203125
1 0.23359375 0.89921875 0.1328125 0.171875
1 0.14296875 0.83828125 0.1515625 0.12421875
1 0.28359375 0.7859375 0.1578125 0.13671875
1 0.26875 0.678125 0.121875 0.13828125
1 0.1578125 0.73515625 0.1578125 0.15859375
1 0.06796875 0.65859375 0.13515625 0.1453125
1 0.45078125 0.60078125 0.14140625 0.15625
1 0.38671875 0.48125 0.19140625 0.1546875
1 0.32265625 0.60390625 0.14296875 0.13203125
1 0.25234375 0.5421875 0.15859375 0.14921875
1 0.07265625 0.5453125 0.1453125 0.146875
1 0.07734375 0.41953125 0.1546875 0.171875
1 0.18046875 0.353125 0.1515625 0.1578125
1 0.0796875 0.30234375 0.159375 0.1515625
1 0.0828125 0.06640625 0.1609375 0.1328125
1 0.49921875 0.190625 0.146875 0.1390625
1 0.4046875 0.12890625 0.1546875 0.13515625
1 0.27578125 0.0765625 0.1671875 0.153125
1 0.3 0.20234375 0.15 0.1625
1 0.18125 0.13828125 0.15234375 0.178125
1 0.07578125 0.1859375 0.1515625 0.1671875
1 0.55546875 0.634375 0.153125 0.15859375
1 0.6625 0.703125 0.15546875 0.15703125
1 0.6375 0.8296875 0.153125 0.14140625
1 0.871875 0.465625 0.1515625 0.15078125
1 0.3453125 0.37890625 0.14609375 0.12421875
1 0.87265625 0.5953125 0.16171875 0.15390625
1 0.0515625 0.78984375 0.103125 0.14375
1 0.0640625 0.93359375 0.128125 0.1328125
1 0.4765625 0.8046875 0.1234375 0.13203125
1 0.759375 0.640625 0.14140625 0.12734375
1 0.65390625 0.390625 0.13984375 0.128125
1 0.47578125 0.33515625 0.153125 0.14375
1 0.540625 0.88203125 0.13125 0.1203125
1 0.671875 0.57265625 0.14921875 0.13515625
1 0.94453125 0.66171875 0.11015625 0.15390625
1 0.25078125 0.4359375 0.17421875 0.140625
1 0.2515625 0.30625 0.15703125 0.14140625