3 0.24375 0.98515625 0.05625 0.0296875
3 0.2734375 0.92109375 0.04375 0.0421875
3 0.3390625 0.925 0.05 0.06171875
3 0.090625 0.890625 0.0515625 0.05
3 0.065625 0.8703125 0.05390625 0.03203125
3 0.0421875 0.9015625 0.04609375 0.040625
6 0.4 0.81875 0.11796875 0.11796875
6 0.52421875 0.778125 0.10546875 0.07890625
6 0.5359375 0.559375 0.053125 0.06171875
6 0.76875 0.1875 0.09453125 0.11015625
6 0.86875 0.10546875 0.15625 0.18203125
3 0.56875 0.08125 0.0328125 0.0390625
3 0.49765625 0.01328125 0.0390625 0.0265625
6 0.04765625 0.23671875 0.065625 0.07890625
6 0.090625 0.2109375 0.04765625 0.0453125
6 0.12734375 0.24609375 0.04296875 0.04921875
3 0.009375 0.31171875 0.01875 0.03984375
3 0.02578125 0.3328125 0.03828125 0.05234375
6 0.4453125 0.37421875 0.0265625 0.0296875
6 0.5046875 0.4015625 0.0734375 0.08359375
6 0.4265625 0.34140625 0.034375 0.03046875
6 0.4234375 0.28671875 0.0578125 0.04921875
3 0.2953125 0.1546875 0.03359375 0.05234375
3 0.29921875 0.1296875 0.02890625 0.04296875
3 0.26796875 0.14140625 0.04609375 0.06640625
3 0.41953125 0.14921875 0.04375 0.0421875
3 0.39375 0.16953125 0.04296875 0.04375
3 0.365625 0.1421875 0.06953125 0.053125
3 0.4265625 0.11640625 0.03984375 0.0328125
3 0.43359375 0.065625 0.04375 0.0265625
3 0.41015625 0.01953125 0.05546875 0.0390625
3 0.13984375 0.09453125 0.04140625 0.0484375
1 0.21171875 0.90859375 0.0984375 0.10234375
1 0.04375 0.11171875 0.08671875 0.134375
1 0.30625 0.875 0.0953125 0.0890625
6 0.30078125 0.05703125 0.1140625 0.1140625
1 0.21484375 0.159375 0.1078125 0.090625
1 0.1984375 0.0890625 0.09609375 0.096875
6 0.2078125 0.02421875 0.06953125 0.04765625
1 0.14765625 0.92109375 0.06875 0.0671875