1 0.1453125 0.38046875 0.146875 0.1453125
1 0.18125 0.10078125 0.1234375 0.15
1 0.2703125 0.07109375 0.13828125 0.14140625
1 0.4421875 0.096875 0.15625 0.18671875
1 0.76328125 0.1765625 0.16328125 0.16015625
1 0.95234375 0.0625 0.0921875 0.125
1 0.87578125 0.109375 0.15 0.13828125
1 0.7703125 0.0703125 0.18046875 0.140625
1 0.6609375 0.1015625 0.14296875 0.12578125
1 0.946875 0.3046875 0.10625 0.12578125
1 0.86953125 0.23125 0.1546875 0.1546875
1 0.3109375 0.9578125 0.15 0.084375
1 0.54609375 0.52890625 0.128125 0.13203125
1 0.6234375 0.94140625 0.15390625 0.1171875
1 0.85078125 0.61484375 0.146875 0.14296875
1 0.7453125 0.53046875 0.1625 0.15
1 0.64296875 0.46875 0.18046875 0.146875
1 0.053125 0.4375 0.10625 0.14765625
1 0.0546875 0.221875 0.10859375 0.134375
1 0.94375 0.42421875 0.1125 0.16484375
1 0.85234375 0.36953125 0.14765625 0.13828125
1 0.5359375 0.39765625 0.15390625 0.14921875
1 0.55625 0.27734375 0.1734375 0.14921875
1 0.54921875 0.146875 0.16328125 0.17421875
1 0.35078125 0.1390625 0.15234375 0.15625
1 0.2609375 0.21171875 0.13515625 0.12109375
1 0.1578125 0.22734375 0.15 0.1546875
1 0.253125 0.3171875 0.1671875 0.14140625
1 0.1046875 0.3421875 0.134375 0.1296875
1 0.121875 0.49765625 0.14375 0.1328125
1 0.11796875 0.6234375 0.16953125 0.16328125
1 0.64609375 0.71015625 0.17421875 0.13671875
1 0.52890625 0.7578125 0.1609375 0.14140625
1 0.61875 0.82734375 0.13203125 0.14375
1 0.409375 0.93046875 0.16484375 0.1390625
1 0.10625 0.9421875 0.17578125 0.11484375
1 0.19609375 0.80625 0.15234375 0.140625
1 0.21328125 0.70703125 0.1515625 0.13046875
1 0.334375 0.61875 0.15859375 0.15390625
1 0.853125 0.5015625 0.16875 0.1671875
1 0.6328125 0.58984375 0.14609375 0.16015625
1 0.4203125 0.7046875 0.1453125 0.146875
1 0.31640625 0.859375 0.1640625 0.13984375
1 0.340625 0.2625 0.146875 0.1359375
1 0.2046875 0.9171875 0.1453125 0.1546875
1 0.740625 0.775 0.1625 0.1453125
1 0.53125 0.6546875 0.153125 0.159375
1 0.5046875 0.8921875 0.159375 0.1703125
1 0.94140625 0.1890625 0.115625 0.14609375
1 0.7359375 0.65859375 0.1734375 0.1359375
1 0.240625 0.4109375 0.14296875 0.1484375
1 0.64765625 0.353125 0.1640625 0.1515625
1 0.75390625 0.30546875 0.1625 0.1453125
1 0.446875 0.33125 0.13203125 0.13359375
1 0.1984375 0.5484375 0.134375 0.1390625
1 0.6515625 0.2234375 0.15546875 0.14609375
1 0.071875 0.12578125 0.14375 0.1703125
1 0.43984375 0.4515625 0.14375 0.13671875
1 0.32421875 0.5015625 0.1625 0.14609375
1 0.309375 0.7375 0.146875 0.13203125
1 0.74140625 0.4234375 0.16796875 0.13359375
1 0.43203125 0.5734375 0.16640625 0.146875
1 0.0703125 0.69453125 0.13984375 0.175
1 0.3484375 0.38046875 0.14765625 0.11640625
1 0.40234375 0.80703125 0.14609375 0.13125
1 0.690625 0.875 0.1328125 0.1234375
1 0.56875 0.05234375 0.13203125 0.10390625