6 0.91328125 0.54375 0.096875 0.084375
3 0.98125 0.50390625 0.0359375 0.05234375
3 0.96796875 0.46953125 0.0640625 0.0734375
6 0.53671875 0.9609375 0.05234375 0.059375
6 0.45859375 0.8734375 0.04765625 0.04765625
6 0.39609375 0.79765625 0.05 0.05078125
6 0.33359375 0.72421875 0.05 0.04765625
1 0.63125 0.04375 0.1109375 0.0875
1 0.7671875 0.1859375 0.06875 0.06875
1 0.93828125 0.515625 0.07890625 0.08046875
1 0.54921875 0.10625 0.10703125 0.1015625
1 0.5046875 0.0578125 0.13203125 0.115625
1 0.90078125 0.4296875 0.065625 0.06875