1 0.3234375 0.3 0.1515625 0.15234375
1 0.2203125 0.23828125 0.1546875 0.15859375
1 0.1015625 0.284375 0.18828125 0.15859375
1 0.19765625 0.4875 0.134375 0.16015625
1 0.1 0.41171875 0.1609375 0.15390625
1 0.709375 0.92890625 0.15390625 0.1421875
1 0.9203125 0.94453125 0.15859375 0.1109375
1 0.9265625 0.8390625 0.146875 0.1671875
1 0.828125 0.76640625 0.16953125 0.13671875
1 0.9359375 0.7078125 0.128125 0.121875
1 0.93125 0.59609375 0.13671875 0.14765625
1 0.7265625 0.575 0.13828125 0.14140625
1 0.934375 0.465625 0.13125 0.14765625
1 0.84296875 0.39765625 0.13046875 0.13046875
1 0.93359375 0.35546875 0.13203125 0.15625
1 0.8578125 0.28125 0.1296875 0.14296875
1 0.93828125 0.21875 0.1234375 0.171875
1 0.8546875 0.1546875 0.1609375 0.1671875
1 0.74609375 0.20703125 0.1796875 0.1453125
1 0.546875 0.08203125 0.1609375 0.13828125
1 0.64609375 0.26328125 0.16484375 0.14765625
1 0.43359375 0.12578125 0.17109375 0.165625
1 0.625 0.38984375 0.17578125 0.15234375
1 0.5203125 0.44140625 0.13046875 0.13828125
1 0.42578125 0.38046875 0.1734375 0.1578125
1 0.42265625 0.4984375 0.16015625 0.13671875
1 0.61484375 0.6375 0.15 0.14375
1 0.61484375 0.7546875 0.1453125 0.1453125
1 0.50625 0.81484375 0.1546875 0.1578125
1 0.2875 0.91640625 0.16953125 0.1515625
1 0.4046875 0.7390625 0.14296875 0.14296875
1 0.40703125 0.6125 0.18671875 0.16328125
1 0.30546875 0.671875 0.16015625 0.15234375
1 0.0859375 0.671875 0.171875 0.15
1 0.1859375 0.73203125 0.13515625 0.1453125
1 0.08046875 0.7828125 0.15625 0.1515625
1 0.28984375 0.8 0.146875 0.13984375
1 0.12421875 0.059375 0.15703125 0.11875
1 0.4265625 0.26484375 0.1546875 0.165625
1 0.521875 0.575 0.14921875 0.1375
1 0.1921875 0.6125 0.13203125 0.13203125
1 0.5265625 0.32109375 0.15 0.1390625
1 0.22421875 0.1140625 0.146875 0.1328125
1 0.7296875 0.4578125 0.153125 0.1609375
1 0.11640625 0.18125 0.159375 0.1546875
1 0.52890625 0.203125 0.1546875 0.13984375
1 0.81875 0.65625 0.14765625 0.15078125
1 0.93671875 0.1078125 0.1265625 0.1359375
1 0.8328125 0.528125 0.1546875 0.1515625
1 0.3265625 0.18359375 0.15625 0.14609375
1 0.28984375 0.5515625 0.1625 0.1453125
1 0.7375 0.33046875 0.15703125 0.13515625
1 0.50546875 0.68984375 0.16015625 0.13203125
1 0.81328125 0.89609375 0.1625 0.1546875
1 0.59921875 0.8890625 0.14296875 0.140625
1 0.309375 0.4390625 0.16328125 0.1625
1 0.61484375 0.51171875 0.165625 0.16328125
1 0.709375 0.7046875 0.13984375 0.1640625
1 0.49609375 0.92734375 0.1640625 0.1453125
1 0.07421875 0.91796875 0.14765625 0.15234375
1 0.69140625 0.83828125 0.1265625 0.13984375
1 0.746875 0.0921875 0.16328125 0.14453125
1 0.0921875 0.546875 0.1625 0.15390625
1 0.17421875 0.859375 0.14140625 0.1390625
1 0.63671875 0.14921875 0.1546875 0.15703125
1 0.321875 0.0609375 0.15 0.121875
1 0.3890625 0.865625 0.15546875 0.1484375