6 0.12578125 0.71953125 0.1546875 0.17265625
3 0.1171875 0.515625 0.09609375 0.109375
3 0.0640625 0.53125 0.0625 0.08359375
6 0.034375 0.87265625 0.06875 0.1265625
3 0.1328125 0.81328125 0.05703125 0.0515625
3 0.08984375 0.84609375 0.059375 0.05546875
6 0.29453125 0.5796875 0.12421875 0.10234375
6 0.34140625 0.55078125 0.0953125 0.08515625
6 0.37109375 0.49921875 0.090625 0.07109375
6 0.27890625 0.15234375 0.253125 0.2625
6 0.41953125 0.2171875 0.19453125 0.2765625
6 0.58984375 0.31796875 0.14765625 0.14609375
3 0.50625 0.35390625 0.04140625 0.05234375
3 0.69375 0.33515625 0.05 0.03984375
3 0.66875 0.3140625 0.03359375 0.03125
3 0.7140625 0.27734375 0.0546875 0.05
3 0.634375 0.2328125 0.04140625 0.06171875
6 0.27890625 0.3359375 0.16953125 0.1296875
6 0.603125 0.0796875 0.3296875 0.159375
6 0.71015625 0.15234375 0.1 0.09921875
6 0.27578125 0.04765625 0.1859375 0.0953125