6 0.20859375 0.4421875 0.19921875 0.2046875
6 0.3625 0.4328125 0.1734375 0.16484375
1 0.3125 0.73046875 0.10234375 0.1078125
1 0.09453125 0.29921875 0.09140625 0.09921875
6 0.13515625 0.0828125 0.0921875 0.08671875
1 0.0421875 0.0703125 0.084375 0.103125
1 0.0375 0.2640625 0.07421875 0.1140625
6 0.61875 0.09921875 0.05234375 0.06171875
1 0.15859375 0.2921875 0.09296875 0.1125
6 0.94140625 0.390625 0.115625 0.19375
6 0.81953125 0.40625 0.1734375 0.20625
1 0.1875 0.76796875 0.0875 0.0890625
3 0.12734375 0.03125 0.0765625 0.05703125
3 0.05234375 0.015625 0.0453125 0.03125
3 0.22578125 0.12890625 0.04765625 0.046875
3 0.19140625 0.14375 0.05234375 0.05078125
3 0.22890625 0.1984375 0.04921875 0.05390625
6 0.07109375 0.16015625 0.09140625 0.11953125
3 0.70390625 0.12421875 0.04296875 0.05
3 0.675 0.10546875 0.04609375 0.04296875
6 0.7875 0.146875 0.12890625 0.1328125
3 0.525 0.1203125 0.04921875 0.04921875
3 0.52578125 0.0671875 0.0359375 0.03203125
3 0.43515625 0.01796875 0.04375 0.0359375
3 0.9375 0.27109375 0.09453125 0.06171875
6 0.04375 0.6015625 0.06796875 0.06328125
3 0.0609375 0.43203125 0.0671875 0.0640625
1 0.92265625 0.84453125 0.1546875 0.128125
1 0.934375 0.94296875 0.13125 0.1140625