6 0.18203125 0.2671875 0.0953125 0.07890625
1 0.95625 0.92890625 0.0875 0.10859375
1 0.8765625 0.87890625 0.1125 0.10390625
6 0.25859375 0.44375 0.06328125 0.0875
6 0.52890625 0.5484375 0.04609375 0.03828125
6 0.3375 0.4984375 0.0453125 0.04140625
6 0.23828125 0.628125 0.10625 0.14296875
6 0.44453125 0.55234375 0.0453125 0.0375
1 0.81875 0.971875 0.09609375 0.05625
3 0.84296875 0.4125 0.0734375 0.07890625
1 0.965625 0.465625 0.06875 0.121875
3 0.8609375 0.9390625 0.0578125 0.05546875
6 0.1171875 0.328125 0.04765625 0.04765625
6 0.71015625 0.87109375 0.0609375 0.05390625
6 0.40546875 0.3421875 0.0375 0.03359375
3 0.6234375 0.8265625 0.04921875 0.03671875
3 0.7625 0.9109375 0.040625 0.05234375
6 0.04609375 0.59296875 0.0921875 0.1046875
6 0.85 0.54140625 0.16796875 0.16640625
6 0.8796875 0.62421875 0.0859375 0.08671875
6 0.9515625 0.6328125 0.06015625 0.084375
6 0.74140625 0.9671875 0.10078125 0.065625
6 0.490625 0.08828125 0.06171875 0.07734375