6 0.38671875 0.2890625 0.2078125 0.1703125
6 0.07421875 0.41875 0.14765625 0.23125
6 0.23671875 0.5015625 0.30859375 0.25
6 0.23125 0.7296875 0.3 0.24453125
6 0.45625 0.75390625 0.2265625 0.20078125
6 0.384375 0.46640625 0.16015625 0.0984375
6 0.52109375 0.55703125 0.175 0.19609375
6 0.4171875 0.584375 0.134375 0.13359375
6 0.27109375 0.96796875 0.21015625 0.0640625
6 0.44140625 0.96875 0.0765625 0.0625
6 0.665625 0.83359375 0.1765625 0.1546875
6 0.77265625 0.7203125 0.06484375 0.05
6 0.7828125 0.65 0.0609375 0.0546875
6 0.83671875 0.67421875 0.06328125 0.05703125
3 0.63046875 0.23984375 0.10390625 0.0828125
3 0.54375 0.29140625 0.07890625 0.09453125
6 0.79453125 0.31875 0.10390625 0.0984375
6 0.89921875 0.396875 0.11328125 0.1078125
6 0.10390625 0.1625 0.18046875 0.2