6 0.67421875 0.02890625 0.10234375 0.0578125
6 0.55390625 0.96953125 0.0640625 0.0609375
6 0.4203125 0.92109375 0.053125 0.0640625
6 0.378125 0.9109375 0.0578125 0.06484375
6 0.33515625 0.896875 0.0578125 0.0609375
6 0.809375 0.56796875 0.07109375 0.128125
1 0.7234375 0.6453125 0.09609375 0.11484375
3 0.775 0.61015625 0.05546875 0.06171875
3 0.87421875 0.58671875 0.10078125 0.09296875
3 0.87421875 0.54453125 0.05546875 0.05
3 0.74765625 0.53828125 0.0953125 0.08984375
6 0.515625 0.4375 0.06953125 0.07265625
3 0.5875 0.35078125 0.07578125 0.07890625
3 0.7375 0.48359375 0.046875 0.0390625
6 0.840625 0.4265625 0.1953125 0.1875
1 0.74609375 0.315625 0.08984375 0.09453125
6 0.3015625 0.2015625 0.18046875 0.19609375
6 0.08984375 0.2296875 0.09609375 0.0734375
6 0.0609375 0.30859375 0.11171875 0.14453125
6 0.15 0.346875 0.0875 0.1046875
6 0.23125 0.3 0.1109375 0.11875
1 0.32109375 0.04765625 0.10078125 0.09453125
6 0.4875 0.15546875 0.05546875 0.05390625
6 0.5609375 0.26328125 0.1234375 0.12734375
5 0.67578125 0.21796875 0.1390625 0.15078125
5 0.796875 0.2734375 0.23671875 0.17578125
5 0.85625 0.0734375 0.21796875 0.146875
1 0.1578125 0.18203125 0.1109375 0.1140625
1 0.24453125 0.0765625 0.0984375 0.10859375
1 0.125 0.06640625 0.08671875 0.0828125
1 0.9515625 0.253125 0.096875 0.13203125
1 0.48359375 0.21875 0.08046875 0.0890625
1 0.05703125 0.9625 0.0890625 0.075
1 0.415625 0.1890625 0.09453125 0.13203125
1 0.4796875 0.30390625 0.09296875 0.0828125
1 0.08828125 0.10859375 0.0640625 0.06640625