1 0.590625 0.9609375 0.084375 0.078125
1 0.51875 0.64921875 0.1609375 0.14140625
1 0.30390625 0.39765625 0.14140625 0.1171875
1 0.490625 0.8953125 0.178125 0.15234375
1 0.384375 0.93984375 0.15625 0.11953125
1 0.1703125 0.92890625 0.16953125 0.1421875
1 0.06875 0.93515625 0.13671875 0.1296875
1 0.81328125 0.94140625 0.146875 0.1171875
1 0.9171875 0.8015625 0.15 0.140625
1 0.915625 0.92734375 0.15 0.1453125
1 0.6984375 0.9046875 0.14921875 0.1296875
1 0.50078125 0.76171875 0.1734375 0.1734375
1 0.29453125 0.76875 0.13046875 0.1515625
1 0.39453125 0.8328125 0.1609375 0.165625
1 0.1765625 0.81796875 0.1546875 0.146875
1 0.19140625 0.69375 0.1546875 0.16015625
1 0.09296875 0.7703125 0.14375 0.15859375
1 0.08359375 0.621875 0.1625 0.15
1 0.73671875 0.6421875 0.1546875 0.14140625
1 0.6234375 0.6 0.1515625 0.1546875
1 0.7421875 0.54375 0.13203125 0.14296875
1 0.9328125 0.57578125 0.134375 0.15234375
1 0.409375 0.58828125 0.1546875 0.14921875
1 0.51484375 0.5390625 0.15234375 0.1546875
1 0.30390625 0.51484375 0.1515625 0.1546875
1 0.92890625 0.44140625 0.1421875 0.16015625
1 0.85 0.50625 0.17109375 0.16953125
1 0.09453125 0.4984375 0.140625 0.1109375
1 0.9359375 0.32421875 0.128125 0.1578125
1 0.84140625 0.35390625 0.14140625 0.14140625
1 0.746875 0.3046875 0.14375 0.1328125
1 0.425 0.33828125 0.14921875 0.14140625
1 0.31328125 0.2890625 0.1453125 0.1328125
1 0.20234375 0.32734375 0.140625 0.15390625
1 0.840625 0.103125 0.16484375 0.1546875
1 0.74921875 0.17578125 0.16015625 0.18046875
1 0.63125 0.23828125 0.165625 0.14921875
1 0.5203125 0.2703125 0.1515625 0.1453125
1 0.44140625 0.08515625 0.15234375 0.14296875
1 0.33125 0.09140625 0.14765625 0.121875
1 0.1046875 0.0515625 0.17109375 0.10234375
1 0.225 0.084375 0.1328125 0.11953125
1 0.64375 0.125 0.16953125 0.13203125
1 0.53046875 0.14453125 0.16484375 0.14765625
1 0.43828125 0.1796875 0.1171875 0.140625
1 0.3375 0.2015625 0.15 0.14140625
1 0.21015625 0.19765625 0.1609375 0.14921875
1 0.11171875 0.26640625 0.14765625 0.13828125
1 0.92265625 0.6875 0.1515625 0.14375
1 0.80234375 0.84609375 0.1546875 0.134375
1 0.63359375 0.3484375 0.1234375 0.10859375
1 0.59375 0.84375 0.1625 0.15
1 0.8078125 0.72890625 0.11796875 0.1125
1 0.72734375 0.43125 0.15390625 0.146875
1 0.58828125 0.715625 0.159375 0.13203125
1 0.60859375 0.484375 0.165625 0.15234375
1 0.08828125 0.39296875 0.146875 0.13359375
1 0.37890625 0.70546875 0.15390625 0.1453125
1 0.271875 0.65078125 0.1515625 0.15
1 0.275 0.88203125 0.14765625 0.15390625
1 0.50390625 0.41171875 0.16484375 0.15390625
1 0.3921875 0.471875 0.1734375 0.1515625
1 0.103125 0.14375 0.14765625 0.1375
1 0.703125 0.7890625 0.14765625 0.1265625
1 0.91484375 0.1890625 0.15 0.13671875
1 0.175 0.5765625 0.1546875 0.1546875
1 0.19453125 0.4578125 0.1515625 0.13359375