6 0.3765625 0.88359375 0.35234375 0.2328125
1 0.0578125 0.0984375 0.115625 0.13046875
1 0.05390625 0.2015625 0.1078125 0.103125
1 0.3203125 0.325 0.15 0.1671875
1 0.1515625 0.3921875 0.134375 0.13671875
1 0.55625 0.353125 0.16328125 0.15703125
1 0.85078125 0.4921875 0.1484375 0.13203125
1 0.921875 0.9578125 0.14609375 0.084375
1 0.92265625 0.85078125 0.1546875 0.1578125
1 0.8484375 0.62578125 0.14609375 0.1515625
1 0.8515625 0.76875 0.15234375 0.1328125
1 0.43515625 0.07421875 0.159375 0.14765625
1 0.05703125 0.60546875 0.1140625 0.134375
1 0.21640625 0.7375 0.12421875 0.1453125
1 0.94296875 0.53203125 0.1140625 0.1609375
1 0.1046875 0.71328125 0.1484375 0.13515625
1 0.7203125 0.48515625 0.1453125 0.134375
1 0.9375 0.68203125 0.125 0.1546875
1 0.62578125 0.58984375 0.15546875 0.146875
1 0.30703125 0.17265625 0.165625 0.1796875
1 0.90234375 0.3046875 0.16171875 0.159375
1 0.68046875 0.065625 0.17109375 0.1296875
1 0.67265625 0.91171875 0.1828125 0.1484375
1 0.55703125 0.834375 0.13515625 0.1578125
1 0.4796875 0.7703125 0.125 0.1015625
1 0.78203125 0.82109375 0.1015625 0.1578125
1 0.76484375 0.95625 0.15078125 0.0875
1 0.76328125 0.69375 0.13125 0.14609375
1 0.73515625 0.58125 0.12265625 0.128125
1 0.2859375 0.6625 0.12890625 0.11328125
1 0.43359375 0.69140625 0.13984375 0.13359375
1 0.50390625 0.59140625 0.1328125 0.1671875
1 0.5140625 0.471875 0.12421875 0.1359375
1 0.1546875 0.52265625 0.121875 0.11484375
1 0.06328125 0.49765625 0.1265625 0.1109375
1 0.1828125 0.63046875 0.159375 0.1375
1 0.275 0.52890625 0.13046875 0.115625
1 0.32421875 0.5796875 0.13515625 0.13046875
1 0.26953125 0.44453125 0.1484375 0.134375
1 0.78671875 0.9078125 0.11171875 0.07109375
1 0.659375 0.734375 0.165625 0.1234375
1 0.65703125 0.6453125 0.1421875 0.11171875
1 0.73359375 0.39140625 0.146875 0.11484375
1 0.946875 0.40859375 0.10546875 0.13515625
1 0.73515625 0.221875 0.115625 0.13984375
1 0.6234375 0.21171875 0.1640625 0.16875
1 0.5203125 0.20078125 0.13515625 0.1625
1 0.8390625 0.23046875 0.115625 0.08671875
1 0.78125 0.3109375 0.1484375 0.14921875
1 0.6703125 0.325 0.128125 0.159375
1 0.8375 0.0609375 0.146875 0.121875
1 0.8625 0.14609375 0.1515625 0.15390625
1 0.940625 0.12265625 0.11875 0.1671875
1 0.56171875 0.08046875 0.1640625 0.1609375
1 0.7484375 0.125 0.17109375 0.14453125
1 0.378125 0.21640625 0.14375 0.13359375
1 0.44140625 0.3421875 0.1359375 0.14921875
1 0.140625 0.2453125 0.13828125 0.1625
1 0.2203125 0.2875 0.1515625 0.1484375
6 0.09296875 0.84296875 0.1859375 0.178125
1 0.05859375 0.371875 0.1171875 0.171875
1 0.384375 0.46015625 0.1875 0.16796875
1 0.396875 0.5640625 0.1515625 0.14609375
1 0.5609375 0.70078125 0.11953125 0.125
1 0.68828125 0.80703125 0.16796875 0.10546875
1 0.61328125 0.48515625 0.13203125 0.14296875
1 0.84765625 0.39921875 0.14296875 0.1