6 0.43046875 0.525 0.04453125 0.04375
6 0.7140625 0.334375 0.03203125 0.0359375
6 0.73359375 0.29296875 0.03125 0.0390625
6 0.871875 0.12890625 0.121875 0.1
3 0.871875 0.03046875 0.06171875 0.0609375
6 0.921875 0.62578125 0.15546875 0.1265625
6 0.88125 0.96796875 0.02890625 0.02734375
6 0.8453125 0.959375 0.04453125 0.0515625
6 0.68203125 0.94140625 0.146875 0.11640625
6 0.36796875 0.81875 0.015625 0.01484375
6 0.35078125 0.74453125 0.015625 0.0203125
6 0.57578125 0.66796875 0.0765625 0.08125
6 0.5328125 0.7078125 0.0203125 0.02265625
6 0.51640625 0.746875 0.01640625 0.021875
6 0.49921875 0.7828125 0.0203125 0.028125
6 0.4828125 0.82734375 0.0171875 0.01640625
6 0.46484375 0.8671875 0.01953125 0.02109375
6 0.453125 0.89453125 0.0203125 0.0203125
3 0.053125 0.70390625 0.03984375 0.03046875
6 0.15546875 0.13203125 0.115625 0.109375
6 0.11328125 0.04765625 0.08671875 0.0953125
6 0.20546875 0.04609375 0.1015625 0.0921875
1 0.9625 0.6953125 0.075 0.1125
1 0.0421875 0.03125 0.084375 0.06171875
1 0.9484375 0.08984375 0.08515625 0.08828125
1 0.96796875 0.90859375 0.0640625 0.08828125
1 0.978125 0.97109375 0.04375 0.0578125