6 0.7953125 0.49921875 0.16796875 0.15625
6 0.87734375 0.3875 0.1328125 0.1796875
6 0.85390625 0.5640625 0.08046875 0.0984375
6 0.8015625 0.621875 0.07109375 0.05859375
6 0.778125 0.75078125 0.0640625 0.0875
6 0.7484375 0.82734375 0.0890625 0.1125
6 0.67578125 0.96484375 0.1078125 0.0703125
6 0.50390625 0.8671875 0.090625 0.115625
6 0.4328125 0.8515625 0.08671875 0.1140625
6 0.38515625 0.82734375 0.1125 0.1234375
6 0.48828125 0.77265625 0.11328125 0.09765625
6 0.55546875 0.66953125 0.11171875 0.153125
6 0.63359375 0.4390625 0.15390625 0.17578125
3 0.95703125 0.11328125 0.08515625 0.0890625
6 0.91484375 0.2125 0.084375 0.096875
6 0.8 0.0875 0.225 0.175
3 0.5515625 0.46953125 0.03125 0.0359375
3 0.47265625 0.4328125 0.0296875 0.03515625
6 0.51875 0.37421875 0.0953125 0.1
6 0.396875 0.33359375 0.03046875 0.0359375
3 0.46015625 0.3296875 0.05625 0.06328125
6 0.39296875 0.25 0.1140625 0.11484375
6 0.24453125 0.32578125 0.0609375 0.05625
6 0.33359375 0.2671875 0.1109375 0.11171875
6 0.57109375 0.2265625 0.053125 0.05859375
6 0.46328125 0.12265625 0.134375 0.1234375
6 0.39140625 0.0421875 0.1203125 0.084375
1 0.2546875 0.025 0.08671875 0.05
6 0.271875 0.12109375 0.125 0.1453125
6 0.1859375 0.16484375 0.0734375 0.0921875
6 0.084375 0.18671875 0.0984375 0.1078125
6 0.17578125 0.08671875 0.03515625 0.0359375
6 0.10078125 0.05703125 0.08828125 0.1140625
1 0.5671875 0.08203125 0.11640625 0.12734375
1 0.96796875 0.51171875 0.06328125 0.0953125