6 0.10859375 0.7703125 0.1703125 0.19375
6 0.3078125 0.91328125 0.18828125 0.1734375
6 0.209375 0.86640625 0.13671875 0.16875
6 0.9390625 0.9421875 0.0828125 0.0796875
6 0.79453125 0.85625 0.190625 0.22734375
6 0.565625 0.75703125 0.3 0.315625
6 0.8421875 0.29921875 0.0890625 0.1
3 0.9703125 0.18828125 0.05859375 0.0734375
6 0.7328125 0.15078125 0.10703125 0.1625
6 0.51484375 0.06328125 0.1125 0.0984375
6 0.34609375 0.1015625 0.25625 0.20234375
6 0.678125 0.24375 0.10546875 0.1265625
6 0.509375 0.240625 0.2265625 0.18125
6 0.19921875 0.29296875 0.39765625 0.440625
1 0.934375 0.08203125 0.1046875 0.103125
1 0.490625 0.39140625 0.103125 0.109375
1 0.590625 0.11484375 0.11328125 0.109375
1 0.88515625 0.190625 0.12421875 0.11015625
1 0.79453125 0.09453125 0.096875 0.1
1 0.6875 0.078125 0.07734375 0.084375
1 0.40078125 0.11875 0.1 0.08671875
1 0.5984375 0.0265625 0.0875 0.053125
1 0.6890625 0.025 0.10625 0.05
1 0.37890625 0.33828125 0.090625 0.08984375
1 0.7765625 0.03125 0.0875 0.0625
1 0.24140625 0.54140625 0.0828125 0.071875
6 0.4125 0.609375 0.24296875 0.3046875