1 0.94609375 0.76328125 0.1078125 0.13984375
1 0.50234375 0.184375 0.1484375 0.1484375
1 0.66875 0.91796875 0.159375 0.153125
1 0.48203125 0.54375 0.13984375 0.13359375
1 0.27421875 0.415625 0.121875 0.13515625
1 0.69453125 0.31953125 0.1578125 0.12890625
1 0.690625 0.08359375 0.12890625 0.14140625
1 0.50625 0.075 0.17265625 0.14921875
1 0.3953125 0.115625 0.13046875 0.13046875
1 0.3 0.06484375 0.16484375 0.1296875
1 0.18203125 0.09375 0.1625 0.1515625
1 0.06953125 0.15 0.1390625 0.140625
1 0.07890625 0.278125 0.1546875 0.1625
1 0.9578125 0.51953125 0.08359375 0.146875
1 0.7890625 0.26171875 0.13671875 0.13671875
1 0.89921875 0.21015625 0.17421875 0.15625
1 0.79453125 0.146875 0.15 0.13984375
1 0.60546875 0.13203125 0.15625 0.13359375
1 0.496875 0.31328125 0.1546875 0.1578125
1 0.68828125 0.434375 0.16953125 0.153125
1 0.58671875 0.37734375 0.121875 0.146875
1 0.271875 0.528125 0.146875 0.1578125
1 0.175 0.58359375 0.1515625 0.13515625
1 0.15 0.93984375 0.1609375 0.11953125
1 0.05703125 0.890625 0.1140625 0.13984375
1 0.06953125 0.7609375 0.1390625 0.15625
1 0.1640625 0.709375 0.15 0.159375
1 0.26171875 0.77890625 0.13359375 0.1515625
1 0.57421875 0.73125 0.1625 0.14140625
1 0.471875 0.66171875 0.1234375 0.1578125
1 0.45703125 0.7828125 0.13046875 0.15
1 0.85859375 0.81484375 0.16796875 0.16796875
1 0.86640625 0.69140625 0.1484375 0.165625
1 0.7625 0.7515625 0.1609375 0.1625
1 0.6765625 0.678125 0.14453125 0.1640625
1 0.3953125 0.2359375 0.165625 0.146875
1 0.690625 0.2078125 0.15546875 0.1484375
1 0.38125 0.48828125 0.16484375 0.13515625
1 0.284375 0.31171875 0.14765625 0.14453125
1 0.0671875 0.63828125 0.13359375 0.14375
1 0.075 0.521875 0.1390625 0.146875
1 0.0703125 0.40390625 0.13984375 0.12578125
1 0.171875 0.3453125 0.1453125 0.13046875
1 0.1796875 0.22421875 0.15390625 0.146875
1 0.78125 0.63125 0.14921875 0.14609375
1 0.36796875 0.72734375 0.1421875 0.15546875
1 0.90625 0.10078125 0.14609375 0.12421875
1 0.90703125 0.32734375 0.17578125 0.16484375
1 0.39140625 0.3734375 0.15859375 0.1671875
1 0.2859375 0.17734375 0.1546875 0.1515625
1 0.3765625 0.61484375 0.1765625 0.14765625
1 0.68203125 0.54453125 0.15 0.1578125
1 0.896875 0.4609375 0.1484375 0.1421875
1 0.9484375 0.640625 0.10234375 0.13828125
1 0.45546875 0.91640625 0.16953125 0.1578125
1 0.24296875 0.90546875 0.1453125 0.15703125
1 0.57265625 0.603125 0.1453125 0.15859375
1 0.171875 0.471875 0.15078125 0.15078125
1 0.67109375 0.80078125 0.1421875 0.1375
1 0.825 0.928125 0.17265625 0.14296875
1 0.559375 0.85546875 0.1625 0.15
1 0.34296875 0.94609375 0.1578125 0.1078125
1 0.78671875 0.3859375 0.16328125 0.1515625
1 0.1515625 0.8328125 0.1375 0.13359375
1 0.26796875 0.64921875 0.11953125 0.1390625
1 0.790625 0.50703125 0.1390625 0.1359375
1 0.49140625 0.43984375 0.165625 0.13046875
1 0.353125 0.83984375 0.14140625 0.12421875
1 0.5875 0.26015625 0.14296875 0.13359375