0 0.07205882352941176 0.208984375 0.052941176470588235 0.0703125
0 0.22647058823529412 0.197265625 0.052941176470588235 0.07421875
0 0.3426470588235294 0.1962890625 0.05588235294117647 0.072265625
0 0.47352941176470587 0.1962890625 0.052941176470588235 0.072265625
0 0.5889705882352941 0.1962890625 0.054411764705882354 0.072265625
0 0.7205882352941176 0.1943359375 0.052941176470588235 0.072265625
0 0.8375 0.1943359375 0.054411764705882354 0.072265625
0 0.836764705882353 0.34716796875 0.05588235294117647 0.0751953125
0 0.7176470588235294 0.34716796875 0.05588235294117647 0.0751953125
0 0.5875 0.34716796875 0.054411764705882354 0.0732421875
0 0.4727941176470588 0.34716796875 0.054411764705882354 0.0732421875
0 0.34044117647058825 0.34912109375 0.051470588235294115 0.0751953125
0 0.22647058823529412 0.349609375 0.052941176470588235 0.076171875
0 0.2235294117647059 0.50390625 0.05588235294117647 0.07421875
0 0.34191176470588236 0.5029296875 0.054411764705882354 0.07421875
0 0.47058823529411764 0.4892578125 0.052941176470588235 0.048828125
0 0.5860294117647059 0.4892578125 0.054411764705882354 0.048828125
0 0.7169117647058824 0.501953125 0.057352941176470586 0.076171875
0 0.8360294117647059 0.501953125 0.054411764705882354 0.076171875
0 0.2235294117647059 0.66015625 0.052941176470588235 0.07421875
0 0.3397058823529412 0.65966796875 0.05588235294117647 0.0732421875
0 0.4713235294117647 0.65087890625 0.054411764705882354 0.0576171875
0 0.5852941176470589 0.65185546875 0.052941176470588235 0.0576171875
0 0.7161764705882353 0.6611328125 0.052941176470588235 0.07421875
0 0.8345588235294118 0.6611328125 0.054411764705882354 0.07421875
0 0.22426470588235295 0.81591796875 0.051470588235294115 0.0771484375
0 0.3382352941176471 0.81494140625 0.05588235294117647 0.0751953125
0 0.4698529411764706 0.8154296875 0.054411764705882354 0.076171875
0 0.5852941176470589 0.814453125 0.05588235294117647 0.076171875
0 0.7154411764705882 0.814453125 0.051470588235294115 0.076171875
0 0.8338235294117647 0.81787109375 0.05588235294117647 0.0458984375
0 0.06911764705882353 0.82275390625 0.05588235294117647 0.0712890625
0 0.07352941176470588 0.6630859375 0.05 0.060546875
0 0.07058823529411765 0.50341796875 0.052941176470588235 0.0498046875
0 0.07205882352941176 0.34375 0.052941176470588235 0.041015625
0 0.8316176470588236 0.02978515625 0.054411764705882354 0.0283203125
0 0.7147058823529412 0.0302734375 0.052941176470588235 0.029296875
0 0.5860294117647059 0.03125 0.054411764705882354 0.03125
0 0.4698529411764706 0.0322265625 0.054411764705882354 0.029296875
0 0.3397058823529412 0.03271484375 0.05588235294117647 0.0283203125