0 0.86767578125 0.9156626506024096 0.0322265625 0.0746987951807229
0 0.86865234375 0.7771084337349398 0.0322265625 0.0746987951807229
0 0.77392578125 0.9156626506024096 0.0322265625 0.07228915662650602
0 0.701171875 0.9162650602409639 0.03125 0.07349397590361446
0 0.6259765625 0.9150602409638554 0.03125 0.07349397590361446
0 0.7744140625 0.7777108433734939 0.03125 0.07590361445783132
0 0.7021484375 0.7777108433734939 0.03125 0.07349397590361446
0 0.62646484375 0.7771084337349398 0.0302734375 0.0746987951807229
0 0.55078125 0.9156626506024096 0.03125 0.07228915662650602
0 0.47802734375 0.9156626506024096 0.0322265625 0.07228915662650602
0 0.38330078125 0.9144578313253012 0.0302734375 0.0746987951807229
0 0.55126953125 0.7783132530120482 0.0302734375 0.0746987951807229
0 0.4794921875 0.7777108433734939 0.03125 0.07349397590361446
0 0.3837890625 0.7765060240963856 0.03125 0.07349397590361446
0 0.47900390625 0.641566265060241 0.0322265625 0.06626506024096386
0 0.384765625 0.6403614457831325 0.03125 0.06626506024096386
0 0.70263671875 0.6403614457831325 0.0322265625 0.06626506024096386
0 0.626953125 0.6409638554216868 0.03125 0.06506024096385542
0 0.55224609375 0.6403614457831325 0.0322265625 0.06626506024096386
0 0.77490234375 0.6403614457831325 0.0322265625 0.06867469879518072
0 0.86962890625 0.6385542168674698 0.0322265625 0.06746987951807229
0 0.86962890625 0.5084337349397591 0.0322265625 0.06506024096385542
0 0.87060546875 0.3825301204819277 0.0576171875 0.06626506024096386
0 0.775390625 0.5114457831325301 0.03125 0.06626506024096386
0 0.70263671875 0.5108433734939759 0.0322265625 0.06506024096385542
0 0.6259765625 0.5114457831325301 0.03125 0.06626506024096386
0 0.775390625 0.38313253012048193 0.033203125 0.06506024096385542
0 0.7021484375 0.38433734939759034 0.033203125 0.06265060240963856
0 0.6259765625 0.38433734939759034 0.033203125 0.06265060240963856
0 0.5517578125 0.5120481927710844 0.03125 0.06506024096385542
0 0.478515625 0.5120481927710844 0.03125 0.06746987951807229
0 0.38427734375 0.5108433734939759 0.0322265625 0.06506024096385542
0 0.5517578125 0.3849397590361446 0.033203125 0.06385542168674699
0 0.4794921875 0.3849397590361446 0.03515625 0.06385542168674699
0 0.38330078125 0.3825301204819277 0.0556640625 0.06385542168674699
0 0.2568359375 0.44096385542168676 0.03125 0.06746987951807229
0 0.1640625 0.4469879518072289 0.03125 0.06746987951807229
0 0.25732421875 0.5789156626506025 0.0322265625 0.06385542168674699
0 0.25732421875 0.7234939759036144 0.0302734375 0.06867469879518072
0 0.95654296875 0.5265060240963856 0.0283203125 0.06506024096385542
0 0.95556640625 0.655421686746988 0.0263671875 0.06746987951807229
0 0.9560546875 0.3969879518072289 0.029296875 0.06385542168674699