0 0.8955078125 0.789937106918239 0.048828125 0.09559748427672957
0 0.77001953125 0.789308176100629 0.0498046875 0.09433962264150944
0 0.265625 0.5836477987421383 0.05078125 0.11572327044025157
0 0.3916015625 0.5830188679245283 0.05078125 0.11446540880503145
0 0.5185546875 0.5836477987421383 0.05078125 0.11572327044025157
0 0.646484375 0.5836477987421383 0.05078125 0.11572327044025157
0 0.77099609375 0.5830188679245283 0.0517578125 0.11446540880503145
0 0.8974609375 0.5830188679245283 0.05078125 0.11446540880503145
0 0.771484375 0.38113207547169814 0.05078125 0.10314465408805032
0 0.8984375 0.3805031446540881 0.05078125 0.1018867924528302
0 0.5185546875 0.38113207547169814 0.05078125 0.10062893081761007
0 0.646484375 0.379874213836478 0.05078125 0.10314465408805032
0 0.2646484375 0.3805031446540881 0.05078125 0.1018867924528302
0 0.39013671875 0.3805031446540881 0.0498046875 0.1018867924528302
0 0.52001953125 0.7886792452830189 0.0498046875 0.09559748427672957
0 0.646484375 0.789308176100629 0.048828125 0.09433962264150944
0 0.07421875 0.10628930817610063 0.03125 0.09937106918238994
0 0.115234375 0.1471698113207547 0.03125 0.09811320754716982
0 0.0732421875 0.269811320754717 0.03515625 0.1018867924528302
0 0.12109375 0.3012578616352201 0.03515625 0.1018867924528302
0 0.1201171875 0.4647798742138365 0.03125 0.09685534591194969
0 0.076171875 0.44654088050314467 0.03125 0.09811320754716982
0 0.119140625 0.630188679245283 0.033203125 0.0930817610062893
0 0.5185546875 0.9308176100628931 0.041015625 0.04779874213836478
0 0.7783203125 0.929559748427673 0.01953125 0.04025157232704402