0 0.24615384615384617 0.2710997442455243 0.1094017094017094 0.11764705882352941
0 0.24273504273504273 0.4961636828644501 0.1094017094017094 0.11764705882352941
0 0.24615384615384617 0.7263427109974424 0.10598290598290598 0.11764705882352941
0 0.4247863247863248 0.11125319693094629 0.09743589743589744 0.09462915601023018
0 0.5769230769230769 0.11125319693094629 0.09743589743589744 0.09462915601023018
0 0.4256410256410256 0.3145780051150895 0.09914529914529914 0.10741687979539642
0 0.5786324786324787 0.3145780051150895 0.10085470085470086 0.10741687979539642
0 0.4239316239316239 0.5242966751918159 0.09914529914529914 0.10741687979539642
0 0.5786324786324787 0.5268542199488491 0.10085470085470086 0.10741687979539642
0 0.4247863247863248 0.7352941176470589 0.09743589743589744 0.09462915601023018
0 0.5803418803418804 0.7301790281329923 0.09743589743589744 0.09462915601023018
0 0.7427350427350428 0.26982097186700765 0.10427350427350428 0.11508951406649616
0 0.7452991452991453 0.4948849104859335 0.10598290598290598 0.11508951406649616
0 0.7435897435897436 0.717391304347826 0.10598290598290598 0.11508951406649616
0 0.7299145299145299 0.08312020460358056 0.09914529914529914 0.043478260869565216
0 0.10256410256410256 0.2928388746803069 0.04786324786324787 0.06905370843989769
0 0.1 0.5140664961636828 0.04957264957264957 0.08184143222506395
0 0.10256410256410256 0.7289002557544757 0.05128205128205128 0.09207161125319693
0 0.905982905982906 0.5089514066496164 0.04786324786324787 0.07672634271099744
0 0.9068376068376068 0.7263427109974424 0.046153846153846156 0.09207161125319693
0 0.905982905982906 0.2928388746803069 0.04786324786324787 0.06905370843989769
0 0.26495726495726496 0.08567774936061381 0.09914529914529914 0.043478260869565216