0 0.41064453125 0.32377740303541314 0.0224609375 0.09443507588532883
0 0.06591796875 0.29932546374367625 0.0166015625 0.0893760539629005
0 0.08984375 0.29932546374367625 0.015625 0.0893760539629005
0 0.06591796875 0.47470489038785835 0.0166015625 0.0893760539629005
0 0.08837890625 0.4730185497470489 0.0166015625 0.0893760539629005
0 0.0771484375 0.6517706576728499 0.0390625 0.09274873524451939
0 0.18115234375 0.16188870151770657 0.0283203125 0.07082630691399663
0 0.501953125 0.16188870151770657 0.029296875 0.07082630691399663
0 0.27197265625 0.1627318718381113 0.0224609375 0.07251264755480608
0 0.3095703125 0.1627318718381113 0.0234375 0.06913996627318718
0 0.37353515625 0.16104553119730186 0.0224609375 0.07251264755480608
0 0.41064453125 0.16104553119730186 0.0224609375 0.07251264755480608
0 0.18115234375 0.32377740303541314 0.0263671875 0.09443507588532883
0 0.1806640625 0.5 0.02734375 0.09612141652613827
0 0.18115234375 0.6779089376053963 0.0283203125 0.09443507588532883
0 0.50146484375 0.321247892074199 0.0263671875 0.09274873524451939
0 0.5009765625 0.5016863406408094 0.02734375 0.09612141652613827
0 0.5 0.6770657672849916 0.029296875 0.09612141652613827
0 0.27001953125 0.32377740303541314 0.0205078125 0.09443507588532883
0 0.27001953125 0.5008431703204047 0.0224609375 0.09443507588532883
0 0.271484375 0.6795952782462057 0.021484375 0.09106239460370995
0 0.30859375 0.3246205733558179 0.0234375 0.09612141652613827
0 0.37255859375 0.3246205733558179 0.0205078125 0.09612141652613827
0 0.41064453125 0.3246205733558179 0.0205078125 0.09612141652613827
0 0.30810546875 0.5033726812816189 0.0224609375 0.09274873524451939
0 0.37255859375 0.5025295109612141 0.0224609375 0.09443507588532883
0 0.41064453125 0.5008431703204047 0.0224609375 0.09443507588532883
0 0.30810546875 0.6795952782462057 0.0224609375 0.09106239460370995
0 0.37353515625 0.678752107925801 0.0224609375 0.09274873524451939
0 0.4091796875 0.6795952782462057 0.021484375 0.09106239460370995
0 0.181640625 0.8541315345699831 0.02734375 0.09274873524451939
0 0.392578125 0.8549747048903878 0.02734375 0.09106239460370995
0 0.50146484375 0.8549747048903878 0.0244140625 0.09106239460370995
0 0.61083984375 0.34991568296795955 0.0224609375 0.0893760539629005
0 0.64501953125 0.34991568296795955 0.0224609375 0.0893760539629005
0 0.61279296875 0.5286677908937606 0.0224609375 0.0893760539629005
0 0.64404296875 0.5286677908937606 0.0224609375 0.0893760539629005
0 0.61376953125 0.7023608768971332 0.0224609375 0.0893760539629005
0 0.64501953125 0.7040472175379426 0.0224609375 0.0893760539629005
0 0.61572265625 0.887858347386172 0.0224609375 0.09949409780775717
0 0.64794921875 0.8887015177065767 0.0224609375 0.10118043844856661
0 0.71923828125 0.887858347386172 0.0224609375 0.09949409780775717
0 0.83154296875 0.8861720067453626 0.0224609375 0.09949409780775717
0 0.9033203125 0.887858347386172 0.0234375 0.09949409780775717
0 0.93701171875 0.8887015177065767 0.0224609375 0.10118043844856661
0 0.67822265625 0.1821247892074199 0.0283203125 0.06408094435075885
0 0.75 0.178752107925801 0.03515625 0.07419898819561552
0 0.7978515625 0.178752107925801 0.03515625 0.07419898819561552
0 0.8681640625 0.18043844856661045 0.029296875 0.06408094435075885
0 0.7177734375 0.34991568296795955 0.0390625 0.09274873524451939
0 0.71826171875 0.5269814502529511 0.0419921875 0.09274873524451939
0 0.82861328125 0.5269814502529511 0.0400390625 0.0893760539629005
0 0.8291015625 0.3482293423271501 0.041015625 0.0893760539629005
0 0.71923828125 0.7032040472175379 0.0419921875 0.09106239460370995
0 0.83056640625 0.7048903878583473 0.0400390625 0.09443507588532883
0 0.90380859375 0.7032040472175379 0.0244140625 0.09106239460370995
0 0.935546875 0.7048903878583473 0.021484375 0.09106239460370995
0 0.9345703125 0.524451939291737 0.021484375 0.09106239460370995
0 0.90185546875 0.5227655986509275 0.0244140625 0.09106239460370995
0 0.9013671875 0.3482293423271501 0.0234375 0.09274873524451939
0 0.93310546875 0.3490725126475548 0.0224609375 0.09106239460370995