0 0.40380859375 0.2703583061889251 0.0302734375 0.08794788273615635
0 0.4033203125 0.4560260586319218 0.03125 0.10423452768729642
0 0.40234375 0.6530944625407166 0.029296875 0.10097719869706841
0 0.40283203125 0.09446254071661238 0.0322265625 0.05863192182410423
0 0.49658203125 0.09446254071661238 0.0322265625 0.05863192182410423
0 0.54150390625 0.09690553745928339 0.0322265625 0.057003257328990226
0 0.61669921875 0.09609120521172639 0.0322265625 0.05863192182410423
0 0.66064453125 0.09690553745928339 0.0322265625 0.057003257328990226
0 0.73876953125 0.09283387622149837 0.0322265625 0.05863192182410423
0 0.30419921875 0.09609120521172639 0.0322265625 0.05863192182410423
0 0.30517578125 0.2728013029315961 0.0302734375 0.08631921824104234
0 0.26025390625 0.2744299674267101 0.0302734375 0.08631921824104234
0 0.18896484375 0.2728013029315961 0.0302734375 0.08631921824104234
0 0.142578125 0.2711726384364821 0.03125 0.08631921824104234
0 0.06396484375 0.2687296416938111 0.0302734375 0.08794788273615635
0 0.49755859375 0.2719869706840391 0.0302734375 0.08794788273615635
0 0.54248046875 0.2719869706840391 0.0302734375 0.08794788273615635
0 0.61572265625 0.2744299674267101 0.0302734375 0.08631921824104234
0 0.66064453125 0.2728013029315961 0.0302734375 0.08631921824104234
0 0.73779296875 0.2728013029315961 0.0302734375 0.08631921824104234
0 0.49755859375 0.4600977198697068 0.0302734375 0.10260586319218241
0 0.54443359375 0.4592833876221498 0.0302734375 0.10423452768729642
0 0.61328125 0.4576547231270358 0.03125 0.10423452768729642
0 0.66064453125 0.4576547231270358 0.0302734375 0.10423452768729642
0 0.73779296875 0.4560260586319218 0.0302734375 0.10423452768729642
0 0.30419921875 0.4560260586319218 0.0302734375 0.10423452768729642
0 0.259765625 0.4576547231270358 0.03125 0.10423452768729642
0 0.18603515625 0.4592833876221498 0.0302734375 0.10423452768729642
0 0.14111328125 0.4600977198697068 0.0302734375 0.10260586319218241
0 0.064453125 0.4543973941368078 0.03125 0.10423452768729642
0 0.30224609375 0.6571661237785016 0.0302734375 0.10260586319218241
0 0.25830078125 0.6555374592833876 0.0302734375 0.10260586319218241
0 0.18603515625 0.6547231270358306 0.0302734375 0.10097719869706841
0 0.14111328125 0.6563517915309446 0.0302734375 0.10097719869706841
0 0.06494140625 0.6522801302931596 0.0302734375 0.10260586319218241
0 0.49609375 0.6555374592833876 0.029296875 0.10260586319218241
0 0.54296875 0.6547231270358306 0.029296875 0.10097719869706841
0 0.61328125 0.6571661237785016 0.029296875 0.10260586319218241
0 0.6591796875 0.6555374592833876 0.029296875 0.10260586319218241
0 0.73876953125 0.6547231270358306 0.0302734375 0.10097719869706841
0 0.845703125 0.32166123778501626 0.033203125 0.07003257328990228
0 0.84912109375 0.509771986970684 0.0302734375 0.09446254071661238
0 0.84814453125 0.6986970684039088 0.0302734375 0.09446254071661238
0 0.91015625 0.3241042345276873 0.033203125 0.07166123778501629
0 0.958984375 0.32247557003257327 0.033203125 0.07166123778501629
0 0.9111328125 0.510586319218241 0.03125 0.09283387622149837
0 0.958984375 0.5138436482084691 0.03125 0.09283387622149837
0 0.91015625 0.7019543973941368 0.03125 0.09446254071661238
0 0.96044921875 0.7003257328990228 0.0302734375 0.09446254071661238