0 0.3029045643153527 0.11083984375 0.1908713692946058 0.0419921875
0 0.5435684647302904 0.1103515625 0.1908713692946058 0.04296875
0 0.7676348547717843 0.111328125 0.1908713692946058 0.04296875
0 0.7738589211618258 0.18017578125 0.17842323651452283 0.0439453125
0 0.5373443983402489 0.1796875 0.18672199170124482 0.04296875
0 0.2987551867219917 0.18017578125 0.1908713692946058 0.0439453125
0 0.2863070539419087 0.24609375 0.1908713692946058 0.03515625
0 0.5311203319502075 0.24609375 0.1908713692946058 0.03515625
0 0.7655601659751037 0.24609375 0.18672199170124482 0.03515625
0 0.7510373443983402 0.31787109375 0.1908713692946058 0.0478515625
0 0.5062240663900415 0.31787109375 0.1908713692946058 0.0478515625
0 0.26141078838174275 0.31884765625 0.1908713692946058 0.0478515625
0 0.7448132780082988 0.3916015625 0.1950207468879668 0.048828125
0 0.504149377593361 0.3916015625 0.1950207468879668 0.048828125
0 0.2551867219917012 0.3935546875 0.1950207468879668 0.048828125
0 0.7427385892116183 0.4658203125 0.1908713692946058 0.048828125
0 0.495850622406639 0.46630859375 0.1950207468879668 0.0498046875
0 0.25103734439834025 0.46728515625 0.1950207468879668 0.0498046875
0 0.7406639004149378 0.54296875 0.1950207468879668 0.05078125
0 0.495850622406639 0.54345703125 0.1950207468879668 0.0498046875
0 0.24688796680497926 0.54443359375 0.1950207468879668 0.0498046875
0 0.7448132780082988 0.6201171875 0.1950207468879668 0.052734375
0 0.495850622406639 0.6220703125 0.1950207468879668 0.052734375
0 0.24688796680497926 0.6220703125 0.1950207468879668 0.052734375
0 0.7427385892116183 0.69580078125 0.1991701244813278 0.0478515625
0 0.4979253112033195 0.69677734375 0.1991701244813278 0.0478515625
0 0.24481327800829875 0.69775390625 0.1991701244813278 0.0478515625
0 0.7427385892116183 0.7734375 0.1991701244813278 0.048828125
0 0.495850622406639 0.77392578125 0.2033195020746888 0.0478515625
0 0.24688796680497926 0.7744140625 0.2033195020746888 0.048828125
0 0.5477178423236515 0.857421875 0.14937759336099585 0.046875
0 0.7863070539419087 0.8583984375 0.12863070539419086 0.046875
0 0.3091286307053942 0.8583984375 0.12863070539419086 0.046875