0 0.2890625 0.37451171875 0.036458333333333336 0.0595703125
0 0.3470052083333333 0.375 0.03515625 0.060546875
0 0.44921875 0.37548828125 0.0390625 0.0595703125
0 0.5553385416666666 0.375 0.037760416666666664 0.060546875
0 0.6588541666666666 0.3759765625 0.0390625 0.060546875
0 0.810546875 0.37255859375 0.048177083333333336 0.0595703125
0 0.8111979166666666 0.49560546875 0.049479166666666664 0.0595703125
0 0.810546875 0.634765625 0.048177083333333336 0.091796875
0 0.810546875 0.763671875 0.048177083333333336 0.095703125
0 0.8092447916666666 0.87744140625 0.04296875 0.0654296875
0 0.6588541666666666 0.87939453125 0.046875 0.0673828125
0 0.5553385416666666 0.87939453125 0.037760416666666664 0.0673828125
0 0.5553385416666666 0.6220703125 0.040364583333333336 0.0625
0 0.6588541666666666 0.6220703125 0.0390625 0.0625
0 0.5553385416666666 0.7509765625 0.040364583333333336 0.06640625
0 0.658203125 0.75146484375 0.040364583333333336 0.0673828125
0 0.5553385416666666 0.498046875 0.040364583333333336 0.060546875
0 0.6575520833333334 0.498046875 0.036458333333333336 0.060546875
0 0.2903645833333333 0.49755859375 0.033854166666666664 0.0595703125
0 0.34765625 0.49755859375 0.033854166666666664 0.0595703125
0 0.2897135416666667 0.63671875 0.03515625 0.08984375
0 0.3463541666666667 0.63671875 0.033854166666666664 0.08984375
0 0.4485677083333333 0.49755859375 0.040364583333333336 0.0595703125
0 0.4485677083333333 0.62158203125 0.040364583333333336 0.0615234375
0 0.4485677083333333 0.75146484375 0.040364583333333336 0.0673828125
0 0.4498697916666667 0.87939453125 0.053385416666666664 0.0673828125
0 0.345703125 0.76513671875 0.03515625 0.0947265625
0 0.2890625 0.76513671875 0.036458333333333336 0.0947265625
0 0.18815104166666666 0.87841796875 0.053385416666666664 0.0673828125