0 0.87158203125 0.9204545454545454 0.0263671875 0.06578947368421052
0 0.8349609375 0.9204545454545454 0.025390625 0.06578947368421052
0 0.7666015625 0.9204545454545454 0.025390625 0.06578947368421052
0 0.72998046875 0.9192583732057417 0.0244140625 0.06578947368421052
0 0.8720703125 0.7870813397129187 0.025390625 0.06698564593301436
0 0.8349609375 0.7870813397129187 0.025390625 0.06698564593301436
0 0.7666015625 0.7876794258373205 0.025390625 0.06578947368421052
0 0.72998046875 0.7876794258373205 0.0263671875 0.06578947368421052
0 0.73046875 0.6566985645933014 0.025390625 0.06220095693779904
0 0.76708984375 0.6566985645933014 0.0263671875 0.06220095693779904
0 0.87255859375 0.6566985645933014 0.0263671875 0.06220095693779904
0 0.8349609375 0.6566985645933014 0.025390625 0.06220095693779904
0 0.87353515625 0.4126794258373206 0.0283203125 0.05980861244019139
0 0.83544921875 0.4126794258373206 0.0283203125 0.05980861244019139
0 0.87255859375 0.534688995215311 0.0263671875 0.06220095693779904
0 0.8359375 0.534688995215311 0.025390625 0.06220095693779904
0 0.7666015625 0.534688995215311 0.025390625 0.06220095693779904
0 0.73046875 0.5352870813397129 0.025390625 0.061004784688995214
0 0.66015625 0.534688995215311 0.025390625 0.06220095693779904
0 0.62353515625 0.5340909090909091 0.0263671875 0.061004784688995214
0 0.76708984375 0.4126794258373206 0.0283203125 0.05980861244019139
0 0.72998046875 0.41327751196172247 0.0283203125 0.061004784688995214
0 0.66064453125 0.41327751196172247 0.0283203125 0.061004784688995214
0 0.6220703125 0.41327751196172247 0.029296875 0.061004784688995214
0 0.55517578125 0.5352870813397129 0.0263671875 0.061004784688995214
0 0.51904296875 0.534688995215311 0.0263671875 0.06220095693779904
0 0.44873046875 0.534688995215311 0.0263671875 0.06220095693779904
0 0.41259765625 0.534688995215311 0.0263671875 0.06220095693779904
0 0.55615234375 0.4126794258373206 0.0283203125 0.05980861244019139
0 0.5185546875 0.41327751196172247 0.029296875 0.061004784688995214
0 0.44873046875 0.4126794258373206 0.0283203125 0.05980861244019139
0 0.40966796875 0.41208133971291866 0.0283203125 0.061004784688995214
0 0.5185546875 0.7876794258373205 0.025390625 0.06578947368421052
0 0.5556640625 0.7882775119617225 0.025390625 0.06698564593301436
0 0.62451171875 0.7882775119617225 0.0244140625 0.06698564593301436
0 0.6611328125 0.7882775119617225 0.0234375 0.06698564593301436
0 0.51806640625 0.9204545454545454 0.0263671875 0.06818181818181818
0 0.5546875 0.9198564593301436 0.025390625 0.06698564593301436
0 0.62451171875 0.9198564593301436 0.0244140625 0.06698564593301436
0 0.66064453125 0.9204545454545454 0.0244140625 0.06578947368421052
0 0.41259765625 0.9204545454545454 0.0263671875 0.06818181818181818
0 0.4501953125 0.9198564593301436 0.025390625 0.06698564593301436
0 0.4130859375 0.7876794258373205 0.025390625 0.06578947368421052
0 0.44970703125 0.7882775119617225 0.0263671875 0.0645933014354067
0 0.4130859375 0.6566985645933014 0.025390625 0.06220095693779904
0 0.4501953125 0.6566985645933014 0.025390625 0.06220095693779904
0 0.51953125 0.6566985645933014 0.025390625 0.06220095693779904
0 0.55615234375 0.6566985645933014 0.0263671875 0.06220095693779904
0 0.62451171875 0.6566985645933014 0.0263671875 0.06220095693779904
0 0.6611328125 0.6566985645933014 0.025390625 0.06220095693779904
0 0.16455078125 0.39473684210526316 0.0322265625 0.0645933014354067
0 0.23583984375 0.3953349282296651 0.0341796875 0.06339712918660287
0 0.3251953125 0.3929425837320574 0.056640625 0.061004784688995214
0 0.32568359375 0.5155502392344498 0.0302734375 0.06220095693779904
0 0.2373046875 0.5179425837320574 0.03125 0.06220095693779904
0 0.32666015625 0.6411483253588517 0.0302734375 0.06220095693779904
0 0.2373046875 0.6411483253588517 0.03125 0.06220095693779904
0 0.3271484375 0.7733253588516746 0.03125 0.07057416267942583
0 0.3271484375 0.9043062200956937 0.029296875 0.06937799043062201
0 0.962890625 0.4407894736842105 0.02734375 0.06818181818181818
0 0.96044921875 0.5777511961722488 0.0302734375 0.07416267942583732