0 0.24462890625 0.2490272373540856 0.0673828125 0.1815823605706874
0 0.38037109375 0.24773022049286642 0.0673828125 0.1815823605706874
0 0.5263671875 0.2496757457846952 0.09375 0.19844357976653695
0 0.67822265625 0.25616083009079116 0.0791015625 0.19066147859922178
0 0.81689453125 0.2594033722438392 0.0751953125 0.1893644617380026
0 0.10302734375 0.5473411154345007 0.0791015625 0.20752269779507135
0 0.244140625 0.543450064850843 0.068359375 0.2127107652399481
0 0.37939453125 0.5460440985732814 0.0693359375 0.2127107652399481
0 0.53515625 0.5518806744487679 0.078125 0.24254215304798962
0 0.6796875 0.5505836575875487 0.078125 0.24254215304798962
0 0.81884765625 0.5492866407263295 0.0751953125 0.23476005188067445
0 0.5263671875 0.880674448767834 0.07421875 0.22568093385214008
0 0.67626953125 0.8787289234760052 0.0751953125 0.22957198443579765
0 0.3779296875 0.880674448767834 0.0703125 0.22568093385214008
0 0.2421875 0.8800259403372244 0.0703125 0.2243839169909209
0 0.8173828125 0.8767833981841764 0.07421875 0.23086900129701687
0 0.9541015625 0.26329442282749677 0.076171875 0.17898832684824903