0 0.0810546875 0.15349075975359344 0.025390625 0.07700205338809035
0 0.1181640625 0.15297741273100615 0.02734375 0.07802874743326489
0 0.10107421875 0.32186858316221767 0.0634765625 0.08726899383983573
0 0.236328125 0.3259753593429158 0.03515625 0.08726899383983573
0 0.29931640625 0.32546201232032856 0.0380859375 0.08829568788501027
0 0.23681640625 0.1591375770020534 0.0361328125 0.07802874743326489
0 0.2998046875 0.1591375770020534 0.037109375 0.07802874743326489
0 0.408203125 0.15965092402464065 0.0390625 0.07700205338809035
0 0.48876953125 0.15965092402464065 0.0400390625 0.07700205338809035
0 0.56787109375 0.15965092402464065 0.0400390625 0.07700205338809035
0 0.40869140625 0.3259753593429158 0.0380859375 0.08726899383983573
0 0.48876953125 0.3259753593429158 0.0400390625 0.08726899383983573
0 0.568359375 0.3264887063655031 0.0390625 0.08624229979466119
0 0.67626953125 0.1591375770020534 0.0380859375 0.07597535934291581
0 0.73974609375 0.1591375770020534 0.0380859375 0.07597535934291581
0 0.67724609375 0.3264887063655031 0.0380859375 0.08624229979466119
0 0.7392578125 0.3259753593429158 0.0390625 0.08726899383983573
0 0.6806640625 0.6704312114989733 0.041015625 0.08213552361396304
0 0.7431640625 0.6694045174537988 0.041015625 0.08213552361396304
0 0.74072265625 0.49435318275154005 0.0380859375 0.09137577002053388
0 0.677734375 0.4948665297741273 0.0390625 0.09034907597535935
0 0.57080078125 0.6709445585215605 0.0439453125 0.07905544147843943
0 0.4912109375 0.6704312114989733 0.041015625 0.08008213552361396
0 0.5703125 0.4948665297741273 0.04296875 0.09034907597535935
0 0.48974609375 0.4948665297741273 0.0361328125 0.09034907597535935
0 0.40966796875 0.4953798767967146 0.0400390625 0.09137577002053388
0 0.2998046875 0.4948665297741273 0.037109375 0.09034907597535935
0 0.23828125 0.4953798767967146 0.037109375 0.09137577002053388
0 0.24072265625 0.6709445585215605 0.0380859375 0.0811088295687885
0 0.3017578125 0.6709445585215605 0.037109375 0.0811088295687885
0 0.41064453125 0.6714579055441479 0.0400390625 0.08008213552361396
0 0.24267578125 0.8424024640657084 0.0400390625 0.09342915811088295
0 0.3046875 0.8429158110882957 0.0390625 0.0944558521560575
0 0.41064453125 0.8413757700205339 0.0458984375 0.09548254620123203
0 0.57568359375 0.8408624229979466 0.0400390625 0.09650924024640657
0 0.681640625 0.8429158110882957 0.0390625 0.0944558521560575
0 0.7431640625 0.8434291581108829 0.037109375 0.09548254620123203
0 0.10205078125 0.4917864476386037 0.0634765625 0.09034907597535935
0 0.0849609375 0.6668377823408624 0.025390625 0.08316221765913757
0 0.123046875 0.6673511293634496 0.0234375 0.08213552361396304
0 0.1044921875 0.8352156057494866 0.064453125 0.10985626283367557
0 0.8642578125 0.15451745379876797 0.02734375 0.07494866529774127
0 0.9033203125 0.15451745379876797 0.029296875 0.07494866529774127
0 0.880859375 0.32340862422997946 0.064453125 0.08624229979466119
0 0.8828125 0.49435318275154005 0.064453125 0.08932238193018481
0 0.86474609375 0.6683778234086243 0.0263671875 0.08213552361396304
0 0.90283203125 0.6683778234086243 0.0283203125 0.08008213552361396
0 0.8896484375 0.8352156057494866 0.0703125 0.10985626283367557