0 0.09779411764705882 0.171875 0.06323529411764706 0.080078125
0 0.23455882352941176 0.171875 0.0661764705882353 0.080078125
0 0.1676470588235294 0.330078125 0.04411764705882353 0.103515625
0 0.2375 0.3291015625 0.04264705882352941 0.103515625
0 0.7514705882352941 0.169921875 0.06764705882352941 0.080078125
0 0.8911764705882353 0.169921875 0.06764705882352941 0.080078125
0 0.5360294117647059 0.15771484375 0.057352941176470586 0.0595703125
0 0.4566176470588235 0.15869140625 0.057352941176470586 0.0595703125
0 0.4602941176470588 0.32763671875 0.058823529411764705 0.1044921875
0 0.5316176470588235 0.32958984375 0.057352941176470586 0.1044921875
0 0.7514705882352941 0.3271484375 0.05 0.103515625
0 0.8213235294117647 0.326171875 0.04852941176470588 0.103515625
0 0.8897058823529411 0.3271484375 0.05 0.103515625
0 0.125 0.48583984375 0.07058823529411765 0.0927734375
0 0.21176470588235294 0.4853515625 0.07058823529411765 0.09375
0 0.4485294117647059 0.4833984375 0.07058823529411765 0.09375
0 0.5419117647058823 0.4833984375 0.06911764705882353 0.09375
0 0.7779411764705882 0.48291015625 0.07058823529411765 0.0927734375
0 0.8647058823529412 0.4833984375 0.07058823529411765 0.09375
0 0.7573529411764706 0.8203125 0.06764705882352941 0.099609375
0 0.8911764705882353 0.81787109375 0.06764705882352941 0.0986328125
0 0.44191176470588234 0.65673828125 0.039705882352941174 0.1142578125
0 0.4970588235294118 0.65673828125 0.03823529411764706 0.1142578125
0 0.5522058823529412 0.65673828125 0.039705882352941174 0.1142578125
0 0.8191176470588235 0.6611328125 0.09411764705882353 0.12109375
0 0.1676470588235294 0.662109375 0.09411764705882353 0.12109375
0 0.23970588235294119 0.82080078125 0.06764705882352941 0.0986328125
0 0.10441176470588236 0.82177734375 0.06764705882352941 0.0986328125
0 0.09705882352941177 0.330078125 0.04411764705882353 0.103515625