0 0.5397526501766784 0.18073593073593072 0.06890459363957598 0.05844155844155844
0 0.40547703180212014 0.31277056277056275 0.054770318021201414 0.09740259740259741
0 0.5397526501766784 0.31493506493506496 0.054770318021201414 0.09740259740259741
0 0.6696113074204947 0.3170995670995671 0.05653710247349823 0.09740259740259741
0 0.40636042402826855 0.47294372294372294 0.053003533568904596 0.09740259740259741
0 0.6713780918727915 0.4772727272727273 0.053003533568904596 0.09740259740259741
0 0.4028268551236749 0.6439393939393939 0.053003533568904596 0.09740259740259741
0 0.6722614840989399 0.6428571428571429 0.054770318021201414 0.09523809523809523
0 0.5379858657243817 0.6471861471861472 0.054770318021201414 0.09956709956709957
0 0.4037102473498233 0.8203463203463204 0.054770318021201414 0.09956709956709957
0 0.5415194346289752 0.8225108225108225 0.054770318021201414 0.09956709956709957
0 0.6704946996466431 0.8181818181818182 0.054770318021201414 0.09956709956709957
0 0.1775618374558304 0.47186147186147187 0.04063604240282685 0.09523809523809523
0 0.2234982332155477 0.47186147186147187 0.04063604240282685 0.09523809523809523
0 0.22791519434628976 0.6428571428571429 0.04240282685512368 0.09523809523809523
0 0.17579505300353357 0.6406926406926406 0.04063604240282685 0.09523809523809523
0 0.17579505300353357 0.8181818181818182 0.04063604240282685 0.09523809523809523
0 0.22791519434628976 0.8181818181818182 0.04240282685512368 0.09523809523809523
0 0.515017667844523 0.47619047619047616 0.04063604240282685 0.09523809523809523
0 0.5609540636042403 0.47619047619047616 0.04063604240282685 0.09523809523809523
0 0.8445229681978799 0.47835497835497837 0.04240282685512368 0.09090909090909091
0 0.8913427561837456 0.47835497835497837 0.04063604240282685 0.09090909090909091
0 0.8445229681978799 0.6471861471861472 0.04240282685512368 0.09956709956709957
0 0.8913427561837456 0.645021645021645 0.04063604240282685 0.09956709956709957
0 0.8454063604240283 0.816017316017316 0.04063604240282685 0.09956709956709957
0 0.8931095406360424 0.816017316017316 0.04063604240282685 0.09956709956709957