0 0.8098918083462133 0.37537993920972645 0.07418856259659969 0.06990881458966565
0 0.8091190108191654 0.513677811550152 0.07264296754250386 0.0668693009118541
0 0.8145285935085008 0.6550151975683891 0.07418856259659969 0.06990881458966565
0 0.9157650695517774 0.7917933130699089 0.07264296754250386 0.06990881458966565
0 0.91112828438949 0.6504559270516718 0.0695517774343122 0.060790273556231005
0 0.910355486862442 0.5091185410334347 0.06800618238021638 0.05167173252279635
0 0.9064914992272025 0.36322188449848025 0.06646058732612056 0.05167173252279635
0 0.750386398763524 0.23860182370820668 0.0633693972179289 0.057750759878419454
0 0.6097372488408037 0.23860182370820668 0.0633693972179289 0.057750759878419454
0 0.606646058732612 0.36930091185410335 0.0633693972179289 0.057750759878419454
0 0.4945904173106646 0.36930091185410335 0.061823802163833076 0.04559270516717325
0 0.49227202472952086 0.5091185410334347 0.06646058732612056 0.057750759878419454
0 0.606646058732612 0.5091185410334347 0.06646058732612056 0.057750759878419454
0 0.6058732612055642 0.6519756838905775 0.07727975270479134 0.057750759878419454
0 0.490726429675425 0.6474164133738601 0.0695517774343122 0.060790273556231005
0 0.2697063369397218 0.3677811550151976 0.06027820710973725 0.0425531914893617
0 0.7094281298299846 0.37537993920972645 0.07109737248840804 0.06990881458966565
0 0.7102009273570324 0.513677811550152 0.07264296754250386 0.0668693009118541
0 0.7071097372488409 0.6550151975683891 0.07264296754250386 0.06990881458966565
0 0.384080370942813 0.364741641337386 0.06646058732612056 0.0486322188449848
0 0.3802163833075734 0.5075987841945289 0.06491499227202473 0.0547112462006079
0 0.3786707882534776 0.648936170212766 0.06491499227202473 0.057750759878419454
0 0.26661514683153015 0.648936170212766 0.05409582689335394 0.057750759878419454
0 0.2689335394126739 0.5106382978723404 0.05564142194744977 0.0547112462006079
0 0.1723338485316847 0.5106382978723404 0.06646058732612056 0.0668693009118541
0 0.07727975270479134 0.513677811550152 0.06491499227202473 0.0668693009118541
0 0.08114374034003091 0.378419452887538 0.06646058732612056 0.06990881458966565
0 0.17542503863987635 0.378419452887538 0.06646058732612056 0.06990881458966565
0 0.16846986089644514 0.6504559270516718 0.06491499227202473 0.0668693009118541
0 0.07264296754250386 0.6474164133738601 0.06491499227202473 0.0668693009118541
0 0.14064914992272023 0.24164133738601823 0.061823802163833076 0.05167173252279635
0 0.9806800618238022 0.43465045592705165 0.02009273570324575 0.060790273556231005
0 0.9829984544049459 0.5577507598784195 0.021638330757341576 0.06382978723404255
0 0.9837712519319938 0.6808510638297872 0.02009273570324575 0.060790273556231005
0 0.8276661514683153 0.7978723404255319 0.03863987635239567 0.08206686930091185
0 0.0695517774343122 0.23860182370820668 0.05873261205564142 0.05167173252279635
0 0.3516228748068006 0.23252279635258358 0.06027820710973725 0.05167173252279635
0 0.5316846986089645 0.23556231003039513 0.07418856259659969 0.06990881458966565
0 0.821483771251932 0.23252279635258358 0.0633693972179289 0.057750759878419454
0 0.2735703245749614 0.23556231003039513 0.05873261205564142 0.05167173252279635