0 0.134765625 0.341875 0.048828125 0.11375
0 0.27490234375 0.345 0.0498046875 0.1125
0 0.392578125 0.345 0.048828125 0.1125
0 0.13623046875 0.5525 0.0478515625 0.115
0 0.27490234375 0.553125 0.0478515625 0.11375
0 0.3935546875 0.553125 0.048828125 0.11375
0 0.51025390625 0.343125 0.0498046875 0.11375
0 0.62890625 0.343125 0.048828125 0.11375
0 0.76904296875 0.339375 0.0478515625 0.11625
0 0.50927734375 0.5525 0.0498046875 0.115
0 0.6279296875 0.5525 0.048828125 0.115
0 0.767578125 0.55125 0.048828125 0.115
0 0.5087890625 0.755 0.048828125 0.1175
0 0.62744140625 0.755 0.0498046875 0.12
0 0.76611328125 0.753125 0.0498046875 0.11875
0 0.13671875 0.755 0.048828125 0.1175
0 0.2744140625 0.755625 0.048828125 0.11625
0 0.39208984375 0.755 0.0498046875 0.115
0 0.275390625 0.22375 0.041015625 0.03
0 0.13720703125 0.221875 0.0400390625 0.03125
0 0.39306640625 0.224375 0.0400390625 0.03375
0 0.51025390625 0.223125 0.0400390625 0.03375
0 0.62939453125 0.221875 0.0400390625 0.03375
0 0.771484375 0.216875 0.044921875 0.03625
0 0.92919921875 0.24375 0.0263671875 0.0225
0 0.5849609375 0.945625 0.048828125 0.09875
0 0.7607421875 0.945625 0.048828125 0.09875
0 0.31640625 0.945625 0.048828125 0.09875
0 0.13671875 0.946875 0.048828125 0.09875