0 0.8564981949458483 0.6245874587458746 0.10649819494584838 0.10066006600660066
0 0.5288808664259927 0.6262376237623762 0.10469314079422383 0.10066006600660066
0 0.21209386281588447 0.6262376237623762 0.10649819494584838 0.10066006600660066
0 0.213898916967509 0.452970297029703 0.10649819494584838 0.10066006600660066
0 0.22292418772563177 0.27805280528052806 0.09927797833935018 0.08415841584158416
0 0.526173285198556 0.26897689768976896 0.09927797833935018 0.0858085808580858
0 0.8601083032490975 0.2665016501650165 0.09927797833935018 0.08415841584158416
0 0.8664259927797834 0.44801980198019803 0.10469314079422383 0.10066006600660066
0 0.5324909747292419 0.44966996699669964 0.10469314079422383 0.10066006600660066
0 0.8583032490974729 0.09075907590759076 0.11010830324909747 0.07920792079207921
0 0.8583032490974729 0.8061056105610561 0.11732851985559567 0.11716171617161716
0 0.526173285198556 0.8061056105610561 0.10288808664259928 0.11056105610561057
0 0.20577617328519857 0.8094059405940595 0.10108303249097472 0.10066006600660066