0 0.05078125 0.16846846846846847 0.03515625 0.09549549549549549
0 0.1640625 0.17117117117117117 0.037109375 0.1009009009009009
0 0.27783203125 0.17117117117117117 0.0361328125 0.0972972972972973
0 0.05126953125 0.4036036036036036 0.0361328125 0.13333333333333333
0 0.16455078125 0.4045045045045045 0.0361328125 0.13153153153153152
0 0.27734375 0.4036036036036036 0.03515625 0.12972972972972974
0 0.39111328125 0.17117117117117117 0.0341796875 0.0972972972972973
0 0.50341796875 0.17117117117117117 0.0361328125 0.0972972972972973
0 0.61572265625 0.17117117117117117 0.0341796875 0.0972972972972973
0 0.390625 0.4027027027027027 0.03515625 0.12792792792792793
0 0.50390625 0.4027027027027027 0.03515625 0.12792792792792793
0 0.615234375 0.4027027027027027 0.033203125 0.12792792792792793
0 0.7265625 0.17117117117117117 0.033203125 0.0972972972972973
0 0.8388671875 0.17117117117117117 0.033203125 0.0972972972972973
0 0.9501953125 0.17027027027027028 0.033203125 0.09549549549549549
0 0.7255859375 0.4027027027027027 0.033203125 0.12792792792792793
0 0.8369140625 0.4027027027027027 0.033203125 0.12792792792792793
0 0.9482421875 0.4036036036036036 0.033203125 0.12972972972972974
0 0.05126953125 0.6549549549549549 0.0439453125 0.17117117117117117
0 0.16552734375 0.6549549549549549 0.0439453125 0.17117117117117117
0 0.27734375 0.654054054054054 0.044921875 0.16936936936936936
0 0.2783203125 0.8648648648648649 0.03515625 0.1045045045045045
0 0.3916015625 0.6558558558558558 0.044921875 0.16936936936936936
0 0.50390625 0.6567567567567567 0.04296875 0.17117117117117117
0 0.615234375 0.6558558558558558 0.04296875 0.16936936936936936
0 0.3916015625 0.8657657657657658 0.033203125 0.10270270270270271
0 0.50341796875 0.8648648648648649 0.0341796875 0.1045045045045045
0 0.61474609375 0.8648648648648649 0.0361328125 0.1045045045045045
0 0.7255859375 0.6549549549549549 0.04296875 0.16756756756756758
0 0.83642578125 0.6567567567567567 0.0439453125 0.17117117117117117
0 0.94677734375 0.6549549549549549 0.0419921875 0.16756756756756758
0 0.72509765625 0.8639639639639639 0.0341796875 0.10270270270270271
0 0.83642578125 0.8639639639639639 0.0341796875 0.1063063063063063