0 0.26416015625 0.27983193277310925 0.0302734375 0.07899159663865546
0 0.40478515625 0.5907563025210084 0.0224609375 0.08235294117647059
0 0.0576171875 0.3411764705882353 0.044921875 0.0773109243697479
0 0.15380859375 0.3420168067226891 0.0419921875 0.07563025210084033
0 0.93115234375 0.3126050420168067 0.0400390625 0.08739495798319327
0 0.93115234375 0.4722689075630252 0.0400390625 0.08739495798319327
0 0.0576171875 0.49159663865546216 0.044921875 0.07899159663865546
0 0.1533203125 0.4907563025210084 0.044921875 0.0773109243697479
0 0.15380859375 0.6352941176470588 0.0419921875 0.0773109243697479
0 0.056640625 0.6378151260504201 0.044921875 0.07899159663865546
0 0.263671875 0.43445378151260505 0.029296875 0.07899159663865546
0 0.26220703125 0.5907563025210084 0.0302734375 0.08235294117647059
0 0.35009765625 0.2773109243697479 0.0244140625 0.0773109243697479
0 0.40478515625 0.2773109243697479 0.0224609375 0.08067226890756303
0 0.4052734375 0.4336134453781513 0.0234375 0.08067226890756303
0 0.349609375 0.4327731092436975 0.0234375 0.08235294117647059
0 0.35009765625 0.5899159663865546 0.0224609375 0.08067226890756303
0 0.49365234375 0.43445378151260505 0.0302734375 0.07899159663865546
0 0.49365234375 0.27983193277310925 0.0302734375 0.07899159663865546
0 0.49365234375 0.5890756302521009 0.0302734375 0.08235294117647059
0 0.40380859375 0.7504201680672269 0.0224609375 0.08235294117647059
0 0.34912109375 0.7504201680672269 0.0224609375 0.08235294117647059
0 0.494140625 0.7504201680672269 0.029296875 0.08235294117647059
0 0.494140625 0.9092436974789916 0.03515625 0.08403361344537816
0 0.40869140625 0.9067226890756303 0.0341796875 0.07899159663865546
0 0.59716796875 0.3949579831932773 0.0302734375 0.08067226890756303
0 0.59716796875 0.5546218487394958 0.0283203125 0.08067226890756303
0 0.5966796875 0.23781512605042016 0.029296875 0.07899159663865546
0 0.59814453125 0.7151260504201681 0.0283203125 0.08235294117647059
0 0.689453125 0.3949579831932773 0.025390625 0.0773109243697479
0 0.7392578125 0.3949579831932773 0.025390625 0.0773109243697479
0 0.68896484375 0.23529411764705882 0.0263671875 0.0773109243697479
0 0.7392578125 0.23529411764705882 0.025390625 0.0773109243697479
0 0.6884765625 0.553781512605042 0.025390625 0.08235294117647059
0 0.7392578125 0.5546218487394958 0.025390625 0.08403361344537816
0 0.82861328125 0.3957983193277311 0.0302734375 0.07899159663865546
0 0.82958984375 0.553781512605042 0.0283203125 0.08235294117647059
0 0.82861328125 0.2361344537815126 0.0302734375 0.07899159663865546
0 0.82958984375 0.7151260504201681 0.0283203125 0.08235294117647059
0 0.6884765625 0.7159663865546219 0.025390625 0.08403361344537816
0 0.740234375 0.7151260504201681 0.025390625 0.08235294117647059
0 0.93212890625 0.6352941176470588 0.0400390625 0.08739495798319327
0 0.93212890625 0.7991596638655463 0.0400390625 0.09243697478991597
0 0.58984375 0.9126050420168067 0.044921875 0.08067226890756303