0 0.3347457627118644 0.12589073634204276 0.07627118644067797 0.10451306413301663
0 0.502542372881356 0.12351543942992874 0.07627118644067797 0.10451306413301663
0 0.6720338983050848 0.12707838479809977 0.07627118644067797 0.1021377672209026
0 0.11016949152542373 0.32185273159144895 0.12542372881355932 0.1163895486935867
0 0.10677966101694915 0.5534441805225653 0.12542372881355932 0.1187648456057007
0 0.8728813559322034 0.32185273159144895 0.12542372881355932 0.1163895486935867
0 0.8754237288135593 0.5522565320665083 0.12372881355932204 0.1163895486935867
0 0.33305084745762714 0.3646080760095012 0.07627118644067797 0.15914489311163896
0 0.5042372881355932 0.3646080760095012 0.07627118644067797 0.1543942992874109
0 0.6754237288135593 0.3657957244655582 0.07627118644067797 0.15676959619952494
0 0.33220338983050846 0.5950118764845606 0.07457627118644068 0.16864608076009502
0 0.5042372881355932 0.5950118764845606 0.07627118644067797 0.16864608076009502
0 0.6788135593220339 0.5938242280285035 0.07627118644067797 0.16152019002375298