0 0.1308411214953271 0.22412109375 0.05399792315680166 0.0888671875
0 0.24091381100726894 0.22412109375 0.05399792315680166 0.0908203125
0 0.3509865005192108 0.2255859375 0.05192107995846314 0.091796875
0 0.45950155763239875 0.2255859375 0.0529595015576324 0.091796875
0 0.13032191069574248 0.39697265625 0.055036344755970926 0.0947265625
0 0.2398753894080997 0.39697265625 0.056074766355140186 0.0947265625
0 0.3494288681204569 0.3974609375 0.055036344755970926 0.095703125
0 0.46002076843198336 0.3974609375 0.056074766355140186 0.09375
0 0.569055036344756 0.2265625 0.05399792315680166 0.08984375
0 0.6791277258566978 0.22607421875 0.056074766355140186 0.0908203125
0 0.5685358255451713 0.3974609375 0.055036344755970926 0.095703125
0 0.6780893042575286 0.39892578125 0.056074766355140186 0.0947265625
0 0.12668743509865005 0.5830078125 0.04776739356178609 0.1015625
0 0.2383177570093458 0.5830078125 0.04880581516095535 0.1015625
0 0.34735202492211836 0.58349609375 0.05088265835929388 0.1005859375
0 0.9044652128764278 0.39306640625 0.05399792315680166 0.0966796875
0 0.45794392523364486 0.58349609375 0.05192107995846314 0.1005859375
0 0.5669781931464174 0.58447265625 0.05399792315680166 0.1005859375
0 0.6770508826583593 0.5849609375 0.05399792315680166 0.1015625
0 0.9044652128764278 0.22021484375 0.05399792315680166 0.0908203125
0 0.9029075804776739 0.5791015625 0.055036344755970926 0.1015625
0 0.13032191069574248 0.77197265625 0.055036344755970926 0.1025390625
0 0.2398753894080997 0.771484375 0.056074766355140186 0.1015625
0 0.34994807892004154 0.7724609375 0.056074766355140186 0.099609375
0 0.46002076843198336 0.7724609375 0.056074766355140186 0.103515625
0 0.5695742471443406 0.7724609375 0.055036344755970926 0.1015625
0 0.6791277258566978 0.7734375 0.056074766355140186 0.1015625
0 0.9049844236760125 0.76953125 0.05711318795430945 0.103515625
0 0.5721703011422637 0.9287109375 0.056074766355140186 0.087890625
0 0.46105919003115264 0.92431640625 0.05192107995846314 0.0791015625
0 0.3494288681204569 0.921875 0.05088265835929388 0.07421875