0 0.19718309859154928 0.17027863777089783 0.04426559356136821 0.08668730650154799
0 0.2515090543259557 0.16873065015479877 0.04426559356136821 0.08359133126934984
0 0.38329979879275655 0.16563467492260062 0.04225352112676056 0.08359133126934984
0 0.43661971830985913 0.16408668730650156 0.04426559356136821 0.08668730650154799
0 0.6237424547283702 0.1609907120743034 0.04426559356136821 0.08668730650154799
0 0.5704225352112676 0.1609907120743034 0.04225352112676056 0.08668730650154799
0 0.6438631790744467 0.34674922600619196 0.04426559356136821 0.10526315789473684
0 0.5855130784708249 0.34520123839009287 0.04426559356136821 0.1021671826625387
0 0.4476861167002012 0.34674922600619196 0.04627766599597585 0.11145510835913312
0 0.3933601609657948 0.34674922600619196 0.04627766599597585 0.11145510835913312
0 0.25653923541247486 0.34829721362229105 0.04627766599597585 0.10835913312693499
0 0.2022132796780684 0.34674922600619196 0.04627766599597585 0.11145510835913312
0 0.25653923541247486 0.5526315789473685 0.04627766599597585 0.10835913312693499
0 0.2022132796780684 0.5541795665634675 0.04627766599597585 0.11145510835913312
0 0.3953722334004024 0.5526315789473685 0.04627766599597585 0.10835913312693499
0 0.44969818913480886 0.5526315789473685 0.04627766599597585 0.10835913312693499
0 0.2857142857142857 0.04643962848297214 0.02414486921529175 0.03715170278637771
0 0.45472837022132795 0.04179566563467492 0.02414486921529175 0.034055727554179564
0 0.5875251509054326 0.5526315789473685 0.04426559356136821 0.10835913312693499
0 0.6468812877263581 0.5526315789473685 0.04627766599597585 0.10835913312693499