0 0.53076171875 0.8718703976435935 0.0361328125 0.07952871870397643
0 0.70654296875 0.8726067746686303 0.0361328125 0.0780559646539028
0 0.61865234375 0.8718703976435935 0.0361328125 0.07952871870397643
0 0.44287109375 0.8718703976435935 0.0361328125 0.07952871870397643
0 0.35595703125 0.8711340206185567 0.0361328125 0.0780559646539028
0 0.2685546875 0.8711340206185567 0.037109375 0.0780559646539028
0 0.17822265625 0.6759941089837997 0.0244140625 0.06774668630338733
0 0.0615234375 0.6759941089837997 0.025390625 0.06774668630338733
0 0.177734375 0.5964653902798233 0.025390625 0.035346097201767304
0 0.119140625 0.6907216494845361 0.037109375 0.14138438880706922
0 0.060546875 0.5972017673048601 0.0234375 0.033873343151693665
0 0.91943359375 0.6759941089837997 0.0244140625 0.06774668630338733
0 0.7998046875 0.6759941089837997 0.0234375 0.06774668630338733
0 0.8603515625 0.6892488954344624 0.037109375 0.14432989690721648
0 0.92041015625 0.5949926362297496 0.0244140625 0.03240058910162003
0 0.80029296875 0.5949926362297496 0.0244140625 0.035346097201767304
0 0.44384765625 0.6715758468335787 0.0361328125 0.10603829160530191
0 0.35546875 0.6723122238586157 0.037109375 0.10456553755522828
0 0.26806640625 0.6723122238586157 0.0361328125 0.10456553755522828
0 0.53076171875 0.6715758468335787 0.0361328125 0.10603829160530191
0 0.61962890625 0.6715758468335787 0.0361328125 0.10309278350515463
0 0.70849609375 0.6708394698085419 0.0361328125 0.10456553755522828
0 0.861328125 0.4536082474226804 0.037109375 0.07069219440353461
0 0.92138671875 0.4536082474226804 0.0244140625 0.07069219440353461
0 0.80126953125 0.4528718703976436 0.0244140625 0.06921944035346098
0 0.70947265625 0.4543446244477172 0.0380859375 0.06921944035346098
0 0.6201171875 0.4536082474226804 0.037109375 0.06774668630338733
0 0.53125 0.45508100147275404 0.037109375 0.06774668630338733
0 0.44287109375 0.45581737849779086 0.0380859375 0.06921944035346098
0 0.35546875 0.45581737849779086 0.037109375 0.06921944035346098
0 0.26611328125 0.4565537555228277 0.0361328125 0.06774668630338733
0 0.17626953125 0.4565537555228277 0.0244140625 0.06774668630338733
0 0.05908203125 0.4565537555228277 0.0244140625 0.06774668630338733
0 0.11767578125 0.4565537555228277 0.0361328125 0.06774668630338733
0 0.91845703125 0.13033873343151695 0.0244140625 0.0662739322533137
0 0.79833984375 0.13181148748159058 0.0244140625 0.0662739322533137
0 0.8583984375 0.12150220913107511 0.037109375 0.0898379970544919
0 0.919921875 0.26435935198821797 0.025390625 0.030927835051546393
0 0.87060546875 0.2650957290132548 0.0146484375 0.029455081001472753
0 0.8486328125 0.2650957290132548 0.015625 0.029455081001472753
0 0.79931640625 0.2658321060382916 0.0244140625 0.030927835051546393
0 0.71630859375 0.2702503681885125 0.0146484375 0.030927835051546393
0 0.6943359375 0.2702503681885125 0.015625 0.030927835051546393
0 0.626953125 0.2702503681885125 0.015625 0.030927835051546393
0 0.60498046875 0.2702503681885125 0.0166015625 0.030927835051546393
0 0.5380859375 0.2709867452135493 0.015625 0.029455081001472753
0 0.51611328125 0.27172312223858613 0.0146484375 0.030927835051546393
0 0.44921875 0.2709867452135493 0.015625 0.03240058910162003
0 0.427734375 0.27172312223858613 0.015625 0.030927835051546393
0 0.36083984375 0.27245949926362295 0.0146484375 0.03240058910162003
0 0.33984375 0.27245949926362295 0.015625 0.03240058910162003
0 0.2724609375 0.27319587628865977 0.015625 0.030927835051546393
0 0.2509765625 0.27319587628865977 0.015625 0.030927835051546393
0 0.17333984375 0.2702503681885125 0.0244140625 0.030927835051546393
0 0.1259765625 0.2702503681885125 0.015625 0.030927835051546393
0 0.10400390625 0.2702503681885125 0.0146484375 0.030927835051546393
0 0.05615234375 0.27172312223858613 0.0244140625 0.030927835051546393
0 0.11376953125 0.12665684830633284 0.0361328125 0.09131075110456553
0 0.17236328125 0.13770250368188514 0.0244140625 0.0662739322533137
0 0.05517578125 0.13843888070692195 0.0244140625 0.06774668630338733