0 0.11623931623931624 0.22167487684729065 0.02735042735042735 0.08374384236453201
0 0.14871794871794872 0.2229064039408867 0.02735042735042735 0.0812807881773399
0 0.32905982905982906 0.23645320197044334 0.02905982905982906 0.08374384236453201
0 0.36153846153846153 0.23645320197044334 0.02905982905982906 0.08374384236453201
0 0.4965811965811966 0.24261083743842365 0.022222222222222223 0.0665024630541872
0 0.5282051282051282 0.24261083743842365 0.023931623931623933 0.0665024630541872
0 0.6905982905982906 0.22783251231527094 0.03076923076923077 0.07635467980295567
0 0.7264957264957265 0.23029556650246305 0.03076923076923077 0.07635467980295567
0 0.5299145299145299 0.41502463054187194 0.03076923076923077 0.10098522167487685
0 0.49230769230769234 0.41502463054187194 0.03076923076923077 0.10098522167487685
0 0.49230769230769234 0.5985221674876847 0.03076923076923077 0.10344827586206896
0 0.5290598290598291 0.5997536945812808 0.02905982905982906 0.10591133004926108
0 0.9051282051282051 0.29433497536945813 0.035897435897435895 0.0665024630541872
0 0.7085470085470086 0.41133004926108374 0.05299145299145299 0.10837438423645321
0 0.7102564102564103 0.5911330049261084 0.05299145299145299 0.10837438423645321
0 0.7076923076923077 0.7832512315270936 0.05811965811965812 0.11822660098522167
0 0.36153846153846153 0.41502463054187194 0.03247863247863248 0.10591133004926108
0 0.3247863247863248 0.4125615763546798 0.03076923076923077 0.10591133004926108
0 0.3606837606837607 0.5948275862068966 0.03076923076923077 0.11083743842364532
0 0.32393162393162395 0.5948275862068966 0.03247863247863248 0.11083743842364532
0 0.12991452991452992 0.4051724137931034 0.0547008547008547 0.11083743842364532
0 0.1282051282051282 0.5849753694581281 0.0547008547008547 0.11576354679802955
0 0.1282051282051282 0.7733990147783252 0.05811965811965812 0.11822660098522167
0 0.8982905982905983 0.41379310344827586 0.07008547008547009 0.09359605911330049
0 0.9017094017094017 0.5935960591133005 0.07008547008547009 0.09359605911330049
0 0.9008547008547009 0.7758620689655172 0.07179487179487179 0.09852216748768473
0 0.7076923076923077 0.13054187192118227 0.017094017094017096 0.04926108374384237
0 0.13504273504273503 0.11945812807881774 0.010256410256410256 0.046798029556650245
0 0.41452991452991456 0.1748768472906404 0.018803418803418803 0.019704433497536946
0 0.3957264957264957 0.1748768472906404 0.011965811965811967 0.009852216748768473
0 0.5735042735042735 0.1810344827586207 0.015384615384615385 0.022167487684729065
0 0.5606837606837607 0.18226600985221675 0.006837606837606838 0.014778325123152709
0 0.12991452991452992 0.03571428571428571 0.03076923076923077 0.017241379310344827