0 0.32922535211267606 0.20507399577167018 0.09154929577464789 0.18181818181818182
0 0.5176056338028169 0.2040169133192389 0.09154929577464789 0.17547568710359407
0 0.608274647887324 0.5412262156448203 0.09683098591549295 0.18604651162790697
0 0.8019366197183099 0.5412262156448203 0.09683098591549295 0.18604651162790697
0 0.41901408450704225 0.5433403805496829 0.09507042253521127 0.18604651162790697
0 0.2244718309859155 0.5454545454545454 0.09683098591549295 0.18604651162790697
0 0.043133802816901406 0.5465116279069767 0.07570422535211267 0.1839323467230444
0 0.2227112676056338 0.8657505285412262 0.09683098591549295 0.17547568710359407
0 0.6100352112676056 0.864693446088795 0.10035211267605634 0.1649048625792812
0 0.8045774647887324 0.8594080338266384 0.10211267605633803 0.16701902748414377
0 0.41901408450704225 0.8668076109936576 0.13380281690140844 0.16913319238900634
0 0.04137323943661972 0.86892177589852 0.0721830985915493 0.1649048625792812