0 0.10491606714628297 0.18310546875 0.05155875299760192 0.0830078125
0 0.17086330935251798 0.18310546875 0.05155875299760192 0.0830078125
0 0.3261390887290168 0.18359375 0.05755395683453238 0.08203125
0 0.49940047961630696 0.18310546875 0.06115107913669065 0.0830078125
0 0.6552757793764988 0.1826171875 0.0539568345323741 0.08203125
0 0.7206235011990407 0.1826171875 0.050359712230215826 0.08203125
0 0.10251798561151079 0.3447265625 0.046762589928057555 0.08984375
0 0.1696642685851319 0.345703125 0.046762589928057555 0.08984375
0 0.3255395683453237 0.3447265625 0.05635491606714628 0.08984375
0 0.4982014388489209 0.34521484375 0.05635491606714628 0.0888671875
0 0.6528776978417267 0.34423828125 0.046762589928057555 0.0888671875
0 0.7182254196642686 0.34423828125 0.047961630695443645 0.0888671875
0 0.10371702637889688 0.5068359375 0.046762589928057555 0.087890625
0 0.1684652278177458 0.50634765625 0.046762589928057555 0.0869140625
0 0.3255395683453237 0.50390625 0.05635491606714628 0.08984375
0 0.5 0.50537109375 0.05995203836930456 0.0888671875
0 0.6552757793764988 0.505859375 0.046762589928057555 0.087890625
0 0.7212230215827338 0.505859375 0.0539568345323741 0.08984375
0 0.10311750599520383 0.671875 0.047961630695443645 0.091796875
0 0.1696642685851319 0.671875 0.049160671462829736 0.091796875
0 0.3249400479616307 0.67138671875 0.05755395683453238 0.0888671875
0 0.49940047961630696 0.67041015625 0.05635491606714628 0.0888671875
0 0.7212230215827338 0.67041015625 0.0539568345323741 0.0888671875
0 0.6552757793764988 0.67138671875 0.05155875299760192 0.0888671875
0 0.5569544364508393 0.859375 0.06594724220623502 0.140625
0 0.13609112709832133 0.8583984375 0.06594724220623502 0.140625