0 0.2109004739336493 0.31787109375 0.07345971563981042 0.0986328125
0 0.384478672985782 0.31787109375 0.07464454976303317 0.0986328125
0 0.5219194312796208 0.3173828125 0.07464454976303317 0.099609375
0 0.6629146919431279 0.31591796875 0.07701421800947868 0.0986328125
0 0.8021327014218009 0.3173828125 0.07819905213270142 0.099609375
0 0.9389810426540285 0.314453125 0.0462085308056872 0.099609375
0 0.20734597156398105 0.513671875 0.07819905213270142 0.099609375
0 0.38329383886255924 0.513671875 0.07701421800947868 0.099609375
0 0.5213270142180095 0.51611328125 0.07819905213270142 0.0986328125
0 0.6646919431279621 0.51513671875 0.07819905213270142 0.0986328125
0 0.941350710900474 0.5146484375 0.0462085308056872 0.099609375
0 0.941350710900474 0.7109375 0.04383886255924171 0.099609375
0 0.943127962085308 0.89208984375 0.037914691943127965 0.0771484375
0 0.8062796208530806 0.51416015625 0.07701421800947868 0.0986328125
0 0.8092417061611374 0.71142578125 0.07819905213270142 0.0986328125
0 0.6629146919431279 0.71142578125 0.07701421800947868 0.0986328125
0 0.5219194312796208 0.7119140625 0.07701421800947868 0.099609375
0 0.3815165876777251 0.71142578125 0.07819905213270142 0.0986328125
0 0.20260663507109006 0.71044921875 0.07819905213270142 0.0986328125
0 0.20616113744075829 0.89599609375 0.07109004739336493 0.0751953125
0 0.38388625592417064 0.89599609375 0.07109004739336493 0.0751953125
0 0.5225118483412322 0.89599609375 0.07109004739336493 0.0751953125
0 0.8104265402843602 0.8935546875 0.07109004739336493 0.076171875
0 0.8530805687203792 0.14404296875 0.04265402843601896 0.0302734375
0 0.36255924170616116 0.142578125 0.04265402843601896 0.033203125
0 0.580568720379147 0.1396484375 0.04265402843601896 0.01953125