0 0.30102915951972553 0.16517857142857142 0.03945111492281304 0.0625
0 0.17753001715265868 0.17410714285714285 0.07375643224699828 0.03125
0 0.7367066895368782 0.16517857142857142 0.03945111492281304 0.0625
0 0.8499142367066895 0.17410714285714285 0.06689536878216124 0.03125
0 0.19296740994854203 0.36495535714285715 0.060034305317324184 0.11383928571428571
0 0.3910806174957118 0.3627232142857143 0.058319039451114926 0.11383928571428571
0 0.19210977701543738 0.5725446428571429 0.058319039451114926 0.11830357142857142
0 0.39193825042881647 0.5725446428571429 0.060034305317324184 0.11830357142857142
0 0.19296740994854203 0.7845982142857143 0.060034305317324184 0.12276785714285714
0 0.3936535162950257 0.7845982142857143 0.060034305317324184 0.12276785714285714
0 0.5214408233276158 0.3627232142857143 0.058319039451114926 0.109375
0 0.6526586620926244 0.3627232142857143 0.05660377358490566 0.11383928571428571
0 0.5874785591766724 0.38058035714285715 0.05660377358490566 0.14955357142857142
0 0.8447684391080618 0.3671875 0.07375643224699828 0.09598214285714286
0 0.8499142367066895 0.5725446428571429 0.07375643224699828 0.09598214285714286
0 0.8567753001715266 0.7801339285714286 0.07375643224699828 0.109375
0 0.5660377358490566 0.5580357142857143 0.03773584905660377 0.125
0 0.6166380789022299 0.5546875 0.03945111492281304 0.12723214285714285
0 0.6586620926243568 0.5591517857142857 0.0274442538593482 0.12723214285714285
0 0.5188679245283019 0.5613839285714286 0.032590051457975985 0.12723214285714285
0 0.5686106346483705 0.7712053571428571 0.03945111492281304 0.12723214285714285
0 0.6183533447684391 0.7734375 0.03945111492281304 0.12723214285714285
0 0.6629502572898799 0.7779017857142857 0.029159519725557463 0.12723214285714285
0 0.5205831903945112 0.7767857142857143 0.036020583190394515 0.125
0 0.902229845626072 0.3671875 0.0274442538593482 0.09151785714285714
0 0.7873070325900514 0.36495535714285715 0.0274442538593482 0.09151785714285714
0 0.9082332761578045 0.5725446428571429 0.029159519725557463 0.10044642857142858
0 0.7915951972555746 0.5747767857142857 0.029159519725557463 0.10044642857142858
0 0.9168096054888508 0.7790178571428571 0.029159519725557463 0.10267857142857142
0 0.7984562607204116 0.7790178571428571 0.029159519725557463 0.11160714285714286
0 0.5180102915951973 0.15401785714285715 0.09605488850771869 0.08928571428571429
0 0.5171526586620926 0.0390625 0.029159519725557463 0.05580357142857143
0 0.6363636363636364 0.9486607142857143 0.044596912521440824 0.05357142857142857
0 0.5557461406518011 0.9497767857142857 0.044596912521440824 0.05580357142857143
0 0.8627787307032591 0.9430803571428571 0.03430531732418525 0.05133928571428571
0 0.9176672384219554 0.9408482142857143 0.03430531732418525 0.05133928571428571
0 0.8113207547169812 0.9430803571428571 0.03430531732418525 0.05133928571428571
0 0.35763293310463123 0.9397321428571429 0.029159519725557463 0.03125
0 0.4202401372212693 0.9397321428571429 0.030874785591766724 0.03125
0 0.18782161234991424 0.9542410714285714 0.07718696397941681 0.05133928571428571