0 0.833984375 0.6709401709401709 0.033203125 0.14957264957264957
0 0.74560546875 0.6709401709401709 0.0341796875 0.14957264957264957
0 0.6572265625 0.6720085470085471 0.03125 0.14743589743589744
0 0.59130859375 0.6730769230769231 0.0322265625 0.1452991452991453
0 0.521484375 0.6730769230769231 0.03125 0.14102564102564102
0 0.453125 0.6741452991452992 0.03125 0.14316239316239315
0 0.833984375 0.44017094017094016 0.03125 0.1452991452991453
0 0.74462890625 0.44017094017094016 0.0322265625 0.1452991452991453
0 0.65625 0.4391025641025641 0.03125 0.14743589743589744
0 0.58984375 0.44017094017094016 0.03125 0.1452991452991453
0 0.52099609375 0.44017094017094016 0.0322265625 0.14957264957264957
0 0.45263671875 0.43803418803418803 0.0322265625 0.14957264957264957
0 0.38525390625 0.6720085470085471 0.0322265625 0.14743589743589744
0 0.31689453125 0.6720085470085471 0.0322265625 0.14743589743589744
0 0.162109375 0.6709401709401709 0.03125 0.14957264957264957
0 0.0986328125 0.6709401709401709 0.033203125 0.14957264957264957
0 0.03369140625 0.6720085470085471 0.0341796875 0.1517094017094017
0 0.3857421875 0.4391025641025641 0.033203125 0.14743589743589744
0 0.3173828125 0.4423076923076923 0.033203125 0.1452991452991453
0 0.162109375 0.44337606837606836 0.033203125 0.14743589743589744
0 0.0986328125 0.4412393162393162 0.033203125 0.1517094017094017
0 0.033203125 0.4423076923076923 0.033203125 0.14957264957264957
0 0.9052734375 0.4423076923076923 0.033203125 0.1452991452991453
0 0.90576171875 0.6698717948717948 0.0322265625 0.14743589743589744
0 0.3203125 0.15918803418803418 0.029296875 0.07478632478632478
0 0.44482421875 0.16132478632478633 0.0302734375 0.07478632478632478
0 0.580078125 0.1623931623931624 0.029296875 0.07264957264957266
0 0.02880859375 0.15064102564102563 0.0302734375 0.07478632478632478
0 0.158203125 0.1527777777777778 0.02734375 0.07478632478632478
0 0.732421875 0.1655982905982906 0.029296875 0.07478632478632478
0 0.89453125 0.16346153846153846 0.029296875 0.07478632478632478
0 0.16552734375 0.9006410256410257 0.0322265625 0.08333333333333333
0 0.1015625 0.9027777777777778 0.03125 0.07905982905982906
0 0.03271484375 0.9027777777777778 0.0302734375 0.07905982905982906
0 0.31982421875 0.9017094017094017 0.0302734375 0.07692307692307693
0 0.38818359375 0.9017094017094017 0.0302734375 0.07692307692307693
0 0.45654296875 0.9006410256410257 0.0302734375 0.07905982905982906
0 0.52490234375 0.9006410256410257 0.0302734375 0.07905982905982906
0 0.59521484375 0.9049145299145299 0.0302734375 0.07905982905982906
0 0.65966796875 0.9049145299145299 0.0302734375 0.07905982905982906