0 0.31282316442605995 0.181640625 0.03205791106514995 0.0703125
0 0.2750775594622544 0.18115234375 0.03516028955532575 0.0712890625
0 0.6168562564632886 0.185546875 0.03205791106514995 0.07421875
0 0.5816959669079628 0.185546875 0.03412616339193381 0.07421875
0 0.9260599793174767 0.18212890625 0.03205791106514995 0.0712890625
0 0.8883143743536711 0.18212890625 0.031023784901758014 0.0732421875
0 0.31230610134436404 0.34033203125 0.028955532574974147 0.0849609375
0 0.2693898655635988 0.33984375 0.038262668045501554 0.083984375
0 0.6189245087900724 0.34130859375 0.02998965873836608 0.0830078125
0 0.577559462254395 0.341796875 0.03619441571871768 0.083984375
0 0.9255429162357808 0.34033203125 0.033092037228541885 0.0849609375
0 0.8841778697001034 0.33984375 0.03516028955532575 0.083984375
0 0.45553257497414684 0.1796875 0.04860392967942089 0.0859375
0 0.7425025853154085 0.1796875 0.04963805584281282 0.0859375
0 0.45346432264736297 0.341796875 0.050672182006204755 0.083984375
0 0.7419855222337125 0.34326171875 0.050672182006204755 0.0830078125
0 0.7414684591520165 0.49755859375 0.04963805584281282 0.0947265625
0 0.45398138572905894 0.49853515625 0.04963805584281282 0.0947265625
0 0.4544984488107549 0.66357421875 0.04860392967942089 0.0849609375
0 0.5527404343329886 0.66357421875 0.04860392967942089 0.0849609375
0 0.6447776628748707 0.66259765625 0.04860392967942089 0.0830078125
0 0.7430196483971044 0.66259765625 0.04860392967942089 0.0849609375
0 0.7414684591520165 0.8232421875 0.04963805584281282 0.087890625
0 0.5486039296794208 0.82275390625 0.04860392967942089 0.0869140625
0 0.45087900723888313 0.82275390625 0.047569803516028956 0.0869140625
0 0.28490175801447776 0.8212890625 0.06308169596690796 0.08984375
0 0.9017580144777663 0.82080078125 0.0641158221302999 0.0908203125
0 0.5434332988624612 0.958984375 0.04446742502585315 0.0625
0 0.44725956566701136 0.95947265625 0.04446742502585315 0.0634765625
0 0.7383660806618407 0.958984375 0.045501551189245086 0.0625
0 0.2797311271975181 0.95703125 0.06514994829369183 0.0703125
0 0.12202688728024819 0.1240234375 0.04136504653567735 0.08203125
0 0.06514994829369183 0.1240234375 0.04343329886246122 0.08203125
0 0.12047569803516028 0.2822265625 0.04239917269906929 0.087890625
0 0.06618407445708377 0.28271484375 0.03929679420889348 0.0869140625
0 0.12099276111685625 0.44140625 0.04136504653567735 0.0859375
0 0.07135470527404343 0.44140625 0.03722854188210962 0.0859375
0 0.12357807652533609 0.60693359375 0.03619441571871768 0.0888671875
0 0.6085832471561531 0.4658203125 0.03412616339193381 0.02734375
0 0.5687693898655636 0.4658203125 0.03516028955532575 0.02734375
0 0.6085832471561531 0.51025390625 0.03619441571871768 0.0537109375
0 0.5682523267838676 0.51123046875 0.03412616339193381 0.0556640625
0 0.30868665977249227 0.4736328125 0.03412616339193381 0.02734375
0 0.2693898655635988 0.47314453125 0.03619441571871768 0.0263671875
0 0.2693898655635988 0.5166015625 0.03619441571871768 0.05078125
0 0.3097207859358842 0.51611328125 0.03205791106514995 0.0498046875
0 0.8846949327817993 0.47216796875 0.03619441571871768 0.0283203125
0 0.9239917269906929 0.47265625 0.03619441571871768 0.02734375
0 0.8846949327817993 0.515625 0.03412616339193381 0.05078125
0 0.9245087900723888 0.51611328125 0.033092037228541885 0.0517578125
0 0.6416752843846949 0.81103515625 0.052740434332988625 0.0634765625
0 0.2874870734229576 0.65673828125 0.07859358841778696 0.0888671875
0 0.9027921406411582 0.65576171875 0.07859358841778696 0.0888671875