0 0.2222222222222222 0.41501103752759383 0.049019607843137254 0.11037527593818984
0 0.22630718954248366 0.609271523178808 0.05065359477124183 0.11037527593818984
0 0.06372549019607843 0.609271523178808 0.049019607843137254 0.11037527593818984
0 0.03676470588235294 0.423841059602649 0.05065359477124183 0.11037527593818984
0 0.4730392156862745 0.35320088300220753 0.04738562091503268 0.08388520971302428
0 0.5367647058823529 0.3554083885209713 0.04738562091503268 0.08388520971302428
0 0.5955882352941176 0.358719646799117 0.04738562091503268 0.08609271523178808
0 0.6593137254901961 0.3598233995584989 0.04738562091503268 0.08388520971302428
0 0.7148692810457516 0.3620309050772627 0.04738562091503268 0.08388520971302428
0 0.7736928104575164 0.3631346578366446 0.04411764705882353 0.08609271523178808
0 0.8308823529411765 0.36644591611479027 0.04411764705882353 0.08388520971302428
0 0.8848039215686274 0.3686534216335541 0.04411764705882353 0.08388520971302428
0 0.9419934640522876 0.369757174392936 0.04411764705882353 0.08609271523178808
0 0.4738562091503268 0.5132450331125827 0.05228758169934641 0.09050772626931568
0 0.5326797385620915 0.5121412803532008 0.05228758169934641 0.08830022075055188
0 0.5947712418300654 0.5132450331125827 0.05228758169934641 0.09050772626931568
0 0.6576797385620915 0.5154525386313465 0.04411764705882353 0.09050772626931568
0 0.7173202614379085 0.5143487858719646 0.0457516339869281 0.08830022075055188
0 0.7745098039215687 0.5143487858719646 0.0457516339869281 0.08830022075055188
0 0.8300653594771242 0.5187637969094923 0.0457516339869281 0.08830022075055188
0 0.8872549019607843 0.5187637969094923 0.0457516339869281 0.08830022075055188
0 0.9411764705882353 0.5187637969094923 0.0457516339869281 0.08830022075055188
0 0.7189542483660131 0.6688741721854304 0.0457516339869281 0.08830022075055188
0 0.6601307189542484 0.6666666666666666 0.0457516339869281 0.08830022075055188
0 0.7761437908496732 0.6710816777041942 0.0457516339869281 0.08830022075055188
0 0.8349673202614379 0.6710816777041942 0.0457516339869281 0.08830022075055188
0 0.8897058823529411 0.6710816777041942 0.04738562091503268 0.08830022075055188
0 0.9444444444444444 0.6688741721854304 0.0457516339869281 0.08830022075055188
0 0.5980392156862745 0.6666666666666666 0.0457516339869281 0.08830022075055188
0 0.5359477124183006 0.6666666666666666 0.0457516339869281 0.08830022075055188
0 0.47467320261437906 0.6721854304635762 0.04738562091503268 0.10375275938189846
0 0.24673202614379086 0.20860927152317882 0.06535947712418301 0.037527593818984545