0 0.19921875 0.30419921875 0.078125 0.0634765625
0 0.341796875 0.30517578125 0.07682291666666667 0.0654296875
0 0.19986979166666666 0.44921875 0.07682291666666667 0.072265625
0 0.3430989583333333 0.44921875 0.07682291666666667 0.072265625
0 0.4830729166666667 0.30615234375 0.078125 0.0654296875
0 0.6256510416666666 0.30615234375 0.07682291666666667 0.0654296875
0 0.484375 0.4501953125 0.07552083333333333 0.072265625
0 0.6263020833333334 0.4501953125 0.078125 0.072265625
0 0.7643229166666666 0.30712890625 0.07552083333333333 0.0634765625
0 0.765625 0.45068359375 0.07552083333333333 0.0712890625
0 0.6256510416666666 0.5908203125 0.07682291666666667 0.072265625
0 0.7669270833333334 0.5908203125 0.078125 0.0703125
0 0.6256510416666666 0.73046875 0.07682291666666667 0.072265625
0 0.7662760416666666 0.72998046875 0.07682291666666667 0.0712890625
0 0.6223958333333334 0.875 0.049479166666666664 0.0703125
0 0.76171875 0.87548828125 0.049479166666666664 0.0693359375
0 0.4837239583333333 0.875 0.048177083333333336 0.0703125
0 0.34375 0.7294921875 0.078125 0.068359375
0 0.486328125 0.73095703125 0.07682291666666667 0.0712890625
0 0.20377604166666666 0.876953125 0.048177083333333336 0.072265625
0 0.20052083333333334 0.7314453125 0.078125 0.072265625
0 0.19986979166666666 0.59033203125 0.07942708333333333 0.0732421875
0 0.34375 0.5908203125 0.078125 0.07421875
0 0.4856770833333333 0.5908203125 0.078125 0.07421875
0 0.06575520833333333 0.189453125 0.07682291666666667 0.017578125
0 0.20377604166666666 0.1904296875 0.07682291666666667 0.017578125
0 0.3430989583333333 0.19091796875 0.07682291666666667 0.0166015625
0 0.4817708333333333 0.1923828125 0.07552083333333333 0.017578125
0 0.6178385416666666 0.1923828125 0.07682291666666667 0.017578125
0 0.7545572916666666 0.1943359375 0.07682291666666667 0.017578125
0 0.055338541666666664 0.30615234375 0.07942708333333333 0.0634765625
0 0.9563802083333334 0.30029296875 0.07682291666666667 0.0634765625