0 0.1264236902050114 0.21875 0.05011389521640091 0.083984375
0 0.1970387243735763 0.216796875 0.05011389521640091 0.083984375
0 0.3946469248291572 0.22509765625 0.07175398633257403 0.0830078125
0 0.5056947608200456 0.22509765625 0.05011389521640091 0.0810546875
0 0.571753986332574 0.22509765625 0.05011389521640091 0.0810546875
0 0.6822323462414579 0.2255859375 0.05011389521640091 0.08203125
0 0.7494305239179955 0.22705078125 0.05011389521640091 0.0810546875
0 0.857630979498861 0.22607421875 0.05011389521640091 0.0810546875
0 0.9271070615034168 0.2255859375 0.05011389521640091 0.08203125
0 0.3940774487471526 0.38720703125 0.07061503416856492 0.0830078125
0 0.5034168564920274 0.38916015625 0.05011389521640091 0.0849609375
0 0.570615034168565 0.388671875 0.05011389521640091 0.083984375
0 0.683371298405467 0.38818359375 0.05011389521640091 0.0830078125
0 0.7494305239179955 0.38818359375 0.05011389521640091 0.0830078125
0 0.8610478359908884 0.38818359375 0.05011389521640091 0.0830078125
0 0.9242596810933941 0.38916015625 0.05125284738041002 0.0830078125
0 0.3935079726651481 0.54931640625 0.07175398633257403 0.0830078125
0 0.5056947608200456 0.548828125 0.05011389521640091 0.08203125
0 0.570615034168565 0.54931640625 0.05011389521640091 0.0810546875
0 0.6822323462414579 0.54931640625 0.05011389521640091 0.0830078125
0 0.7482915717539863 0.55029296875 0.05011389521640091 0.0810546875
0 0.8582004555808656 0.5498046875 0.05125284738041002 0.08203125
0 0.9259681093394078 0.55078125 0.05011389521640091 0.08203125
0 0.16343963553530752 0.38427734375 0.08314350797266515 0.0830078125
0 0.16173120728929385 0.5478515625 0.08200455580865604 0.083984375
0 0.18280182232346243 0.72265625 0.09225512528473805 0.083984375
0 0.4037585421412301 0.72119140625 0.06719817767653759 0.0830078125
0 0.5165148063781321 0.72021484375 0.04441913439635535 0.0830078125
0 0.5757403189066059 0.72021484375 0.04669703872437358 0.0830078125
0 0.6913439635535308 0.72021484375 0.04555808656036447 0.0830078125
0 0.7488610478359908 0.72021484375 0.04669703872437358 0.0830078125
0 0.9265375854214123 0.71923828125 0.04669703872437358 0.0830078125
0 0.8650341685649203 0.72021484375 0.04441913439635535 0.0830078125
0 0.515375854214123 0.8720703125 0.04669703872437358 0.08984375
0 0.5728929384965832 0.87255859375 0.04555808656036447 0.0927734375
0 0.6896355353075171 0.87353515625 0.04669703872437358 0.0908203125
0 0.7465831435079726 0.873046875 0.04669703872437358 0.091796875
0 0.8667425968109339 0.87255859375 0.04555808656036447 0.0927734375
0 0.9236902050113895 0.87255859375 0.04555808656036447 0.0927734375