0 0.1806640625 0.3718954248366013 0.03125 0.1111111111111111
0 0.21630859375 0.3712418300653595 0.0322265625 0.10980392156862745
0 0.8427734375 0.37450980392156863 0.03125 0.11372549019607843
0 0.8056640625 0.37450980392156863 0.03125 0.1111111111111111
0 0.353515625 0.3764705882352941 0.04296875 0.11241830065359477
0 0.45703125 0.37516339869281046 0.04296875 0.11241830065359477
0 0.5625 0.3758169934640523 0.04296875 0.1111111111111111
0 0.67041015625 0.3758169934640523 0.0439453125 0.1111111111111111
0 0.349609375 0.5777777777777777 0.044921875 0.11241830065359477
0 0.455078125 0.5816993464052288 0.044921875 0.11241830065359477
0 0.560546875 0.5816993464052288 0.044921875 0.11503267973856209
0 0.6689453125 0.5843137254901961 0.044921875 0.11503267973856209
0 0.802734375 0.5856209150326798 0.037109375 0.12026143790849673
0 0.84814453125 0.5856209150326798 0.0380859375 0.11764705882352941
0 0.21484375 0.5777777777777777 0.03515625 0.11503267973856209
0 0.17138671875 0.5771241830065359 0.0361328125 0.11372549019607843