0 0.17578125 0.29791395045632335 0.05078125 0.11342894393741851
0 0.337890625 0.29726205997392435 0.05078125 0.11473272490221642
0 0.5146484375 0.29726205997392435 0.05078125 0.11473272490221642
0 0.6865234375 0.3011734028683181 0.05078125 0.11473272490221642
0 0.853515625 0.30638852672750977 0.05078125 0.11473272490221642
0 0.17578125 0.5371577574967406 0.05078125 0.11473272490221642
0 0.337890625 0.5410691003911343 0.05078125 0.11473272490221642
0 0.5146484375 0.5410691003911343 0.05078125 0.11473272490221642
0 0.6875 0.5436766623207301 0.05078125 0.11473272490221642
0 0.8525390625 0.545632333767927 0.05078125 0.11342894393741851
0 0.1787109375 0.8422425032594524 0.05078125 0.11473272490221642
0 0.33984375 0.8428943937418514 0.05078125 0.11342894393741851
0 0.6865234375 0.8448500651890483 0.05078125 0.11473272490221642
0 0.8515625 0.8435462842242504 0.05078125 0.11473272490221642