0 0.35523114355231145 0.1515513126491647 0.06326034063260341 0.03579952267303103
0 0.559610705596107 0.14916467780429593 0.06326034063260341 0.03579952267303103
0 0.7639902676399026 0.14439140811455847 0.06326034063260341 0.03579952267303103
0 0.35523114355231145 0.36754176610978523 0.0827250608272506 0.11933174224343675
0 0.5681265206812652 0.36634844868735084 0.0851581508515815 0.11694510739856802
0 0.7761557177615572 0.36515513126491644 0.0827250608272506 0.11933174224343675
0 0.3515815085158151 0.5799522673031027 0.09002433090024331 0.11933174224343675
0 0.5644768856447688 0.5787589498806682 0.08759124087591241 0.12171837708830549
0 0.7761557177615572 0.5775656324582339 0.08759124087591241 0.11933174224343675
0 0.3442822384428224 0.7899761336515513 0.09002433090024331 0.11933174224343675
0 0.5620437956204379 0.7911694510739857 0.08759124087591241 0.12171837708830549
0 0.7725060827250608 0.7899761336515513 0.09002433090024331 0.11933174224343675