0 0.11279296875 0.21337579617834396 0.0517578125 0.1337579617834395
0 0.26806640625 0.21496815286624205 0.0517578125 0.1337579617834395
0 0.42138671875 0.21496815286624205 0.0517578125 0.1337579617834395
0 0.11181640625 0.5469745222929936 0.0517578125 0.1449044585987261
0 0.2666015625 0.5485668789808917 0.052734375 0.1449044585987261
0 0.42138671875 0.5477707006369427 0.0517578125 0.1464968152866242
0 0.5751953125 0.21735668789808918 0.05078125 0.1321656050955414
0 0.7275390625 0.21815286624203822 0.05078125 0.1305732484076433
0 0.91796875 0.21656050955414013 0.056640625 0.14012738853503184
0 0.57470703125 0.5493630573248408 0.0517578125 0.14331210191082802
0 0.72900390625 0.5493630573248408 0.0517578125 0.14331210191082802
0 0.91796875 0.5509554140127388 0.0546875 0.1464968152866242
0 0.42041015625 0.8280254777070064 0.0537109375 0.10509554140127389
0 0.5732421875 0.8288216560509554 0.052734375 0.1035031847133758
0 0.72705078125 0.8264331210191083 0.0517578125 0.10509554140127389
0 0.9189453125 0.8280254777070064 0.056640625 0.10828025477707007