0 0.2431640625 0.13058589870903675 0.0546875 0.0407149950347567
0 0.37109375 0.1320754716981132 0.052734375 0.04568023833167825
0 0.5009765625 0.13108242303872888 0.052734375 0.04568023833167825
0 0.63232421875 0.13058589870903675 0.0537109375 0.044687189672293945
0 0.76123046875 0.1320754716981132 0.0517578125 0.04568023833167825
0 0.8916015625 0.13058589870903675 0.0546875 0.0407149950347567
0 0.130859375 0.08788480635551142 0.091796875 0.022840119165839126
0 0.02099609375 0.08838133068520357 0.0400390625 0.023833167825223437
0 0.08642578125 0.20208540218470705 0.0966796875 0.070506454816286
0 0.08642578125 0.33316782522343596 0.0966796875 0.07249255213505462
0 0.0869140625 0.4672293942403178 0.09375 0.070506454816286
0 0.087890625 0.5998013902681232 0.091796875 0.07149950347567031
0 0.08935546875 0.73733862959285 0.0888671875 0.07845084409136048
0 0.5966796875 0.8162859980139027 0.017578125 0.04369414101290963
0 0.57177734375 0.8152929493545183 0.0205078125 0.04369414101290963
0 0.546875 0.8157894736842105 0.01953125 0.044687189672293945
0 0.37109375 0.25819265143992054 0.0546875 0.07149950347567031
0 0.2392578125 0.25819265143992054 0.0546875 0.07149950347567031
0 0.5029296875 0.2571996027805363 0.0546875 0.07149950347567031
0 0.63134765625 0.25819265143992054 0.0537109375 0.07149950347567031
0 0.76171875 0.25819265143992054 0.0546875 0.07149950347567031
0 0.89306640625 0.2576961271102284 0.0537109375 0.070506454816286
0 0.3681640625 0.39473684210526316 0.0546875 0.070506454816286
0 0.23828125 0.3927507447864945 0.0546875 0.070506454816286
0 0.5009765625 0.39473684210526316 0.0546875 0.070506454816286
0 0.630859375 0.39473684210526316 0.0546875 0.070506454816286
0 0.76123046875 0.394240317775571 0.0537109375 0.07149950347567031
0 0.23779296875 0.5312810327706058 0.0537109375 0.07149950347567031
0 0.36572265625 0.5312810327706058 0.0537109375 0.07149950347567031
0 0.498046875 0.5322740814299901 0.0546875 0.07149950347567031
0 0.62939453125 0.5322740814299901 0.0537109375 0.07149950347567031
0 0.75927734375 0.5322740814299901 0.0537109375 0.07149950347567031
0 0.89208984375 0.39473684210526316 0.0537109375 0.070506454816286
0 0.89111328125 0.5312810327706058 0.0537109375 0.07149950347567031
0 0.23974609375 0.6708043694141013 0.0537109375 0.070506454816286
0 0.3701171875 0.6698113207547169 0.0546875 0.070506454816286
0 0.49658203125 0.6678252234359484 0.0537109375 0.070506454816286
0 0.630859375 0.6668321747765641 0.0546875 0.070506454816286
0 0.76025390625 0.6688182720953326 0.0537109375 0.070506454816286
0 0.89111328125 0.6678252234359484 0.0537109375 0.070506454816286
0 0.23681640625 0.8083416087388282 0.0537109375 0.07149950347567031
0 0.3671875 0.8063555114200596 0.0546875 0.07149950347567031
0 0.76220703125 0.8053624627606752 0.0537109375 0.07149950347567031
0 0.6494140625 0.8063555114200596 0.025390625 0.07348560079443893
0 0.478515625 0.8068520357497517 0.025390625 0.07447864945382324
0 0.88916015625 0.8063555114200596 0.0537109375 0.07149950347567031
0 0.234375 0.9354518371400199 0.052734375 0.05163853028798411
0 0.365234375 0.935948361469712 0.0546875 0.05461767626613704
0 0.75830078125 0.9349553128103277 0.0537109375 0.05461767626613704