0 0.42333984375 0.34630606860158314 0.0380859375 0.08839050131926121
0 0.50341796875 0.3449868073878628 0.0380859375 0.08839050131926121
0 0.5830078125 0.3496042216358839 0.03515625 0.09762532981530343
0 0.66162109375 0.34630606860158314 0.0361328125 0.08839050131926121
0 0.73974609375 0.34894459102902375 0.0361328125 0.08839050131926121
0 0.96435546875 0.35686015831134565 0.0361328125 0.08839050131926121
0 0.966796875 0.508575197889182 0.03515625 0.09366754617414248
0 0.7412109375 0.503957783641161 0.03515625 0.09234828496042216
0 0.6630859375 0.503957783641161 0.03515625 0.09234828496042216
0 0.5830078125 0.5052770448548812 0.03515625 0.09234828496042216
0 0.5048828125 0.5052770448548812 0.03515625 0.09234828496042216
0 0.423828125 0.5052770448548812 0.03515625 0.09234828496042216
0 0.58447265625 0.6800791556728232 0.0380859375 0.10422163588390501
0 0.4228515625 0.6813984168865436 0.037109375 0.10422163588390501
0 0.0439453125 0.3529023746701847 0.01953125 0.08839050131926121
0 0.0732421875 0.3529023746701847 0.01953125 0.08839050131926121
0 0.1611328125 0.3529023746701847 0.01953125 0.08839050131926121
0 0.189453125 0.35158311345646437 0.01953125 0.08839050131926121
0 0.2666015625 0.34102902374670185 0.01953125 0.08839050131926121
0 0.30126953125 0.3469656992084433 0.0283203125 0.10026385224274406
0 0.333984375 0.341688654353562 0.01953125 0.08970976253298153
0 0.04248046875 0.5118733509234829 0.0224609375 0.09498680738786279
0 0.072265625 0.5118733509234829 0.021484375 0.09498680738786279
0 0.16015625 0.5118733509234829 0.021484375 0.09498680738786279
0 0.189453125 0.5118733509234829 0.021484375 0.09498680738786279
0 0.26708984375 0.503957783641161 0.0205078125 0.09498680738786279
0 0.30126953125 0.503957783641161 0.0263671875 0.09498680738786279
0 0.33447265625 0.5052770448548812 0.0205078125 0.09498680738786279
0 0.26708984375 0.6761213720316622 0.0185546875 0.09630606860158311
0 0.3349609375 0.6767810026385225 0.01953125 0.09498680738786279
0 0.30078125 0.6741424802110818 0.02734375 0.09234828496042216
0 0.82470703125 0.3390501319261214 0.0185546875 0.07387862796833773
0 0.88671875 0.341688654353562 0.017578125 0.07387862796833773
0 0.85498046875 0.33839050131926124 0.0263671875 0.06992084432717678
0 0.8271484375 0.5026385224274407 0.01953125 0.09234828496042216
0 0.888671875 0.5013192612137203 0.01953125 0.09234828496042216
0 0.85791015625 0.5026385224274407 0.0263671875 0.09234828496042216
0 0.50439453125 0.6787598944591029 0.0380859375 0.10422163588390501
0 0.0576171875 0.6899736147757256 0.048828125 0.10554089709762533
0 0.1748046875 0.6873350923482849 0.048828125 0.10554089709762533
0 0.115234375 0.6879947229551451 0.03515625 0.10422163588390501
0 0.58251953125 0.09696569920844327 0.0595703125 0.06464379947229551
0 0.4345703125 0.037598944591029027 0.03125 0.025065963060686015
0 0.720703125 0.04551451187335093 0.03125 0.025065963060686015
0 0.4638671875 0.83311345646438 0.1171875 0.048812664907651716
0 0.70458984375 0.8284960422163589 0.1103515625 0.05013192612137203
0 0.86328125 0.8218997361477572 0.083984375 0.04221635883905013