0 0.166015625 0.17659279778393353 0.029296875 0.06786703601108034
0 0.2001953125 0.17520775623268697 0.029296875 0.06786703601108034
0 0.2353515625 0.1745152354570637 0.029296875 0.06925207756232687
0 0.27099609375 0.17382271468144045 0.0302734375 0.06786703601108034
0 0.30712890625 0.1724376731301939 0.0302734375 0.06786703601108034
0 0.34228515625 0.17174515235457063 0.0302734375 0.06925207756232687
0 0.37939453125 0.17174515235457063 0.0302734375 0.06925207756232687
0 0.46240234375 0.16759002770083103 0.0302734375 0.06925207756232687
0 0.49853515625 0.16759002770083103 0.0302734375 0.06925207756232687
0 0.53515625 0.16481994459833796 0.029296875 0.06925207756232687
0 0.62060546875 0.16897506925207756 0.0302734375 0.06925207756232687
0 0.65673828125 0.16897506925207756 0.0302734375 0.06925207756232687
0 0.69287109375 0.1703601108033241 0.0302734375 0.06925207756232687
0 0.72998046875 0.1703601108033241 0.0302734375 0.06925207756232687
0 0.76513671875 0.17174515235457063 0.0302734375 0.06925207756232687
0 0.80224609375 0.1703601108033241 0.0302734375 0.06925207756232687
0 0.83837890625 0.17174515235457063 0.0302734375 0.06925207756232687
0 0.78564453125 0.31301939058171746 0.0263671875 0.07756232686980609
0 0.75341796875 0.31301939058171746 0.0263671875 0.07756232686980609
0 0.6728515625 0.31163434903047094 0.02734375 0.07756232686980609
0 0.63916015625 0.3123268698060942 0.0263671875 0.07617728531855955
0 0.49853515625 0.31163434903047094 0.0341796875 0.07756232686980609
0 0.3583984375 0.31163434903047094 0.02734375 0.07756232686980609
0 0.326171875 0.31301939058171746 0.02734375 0.07756232686980609
0 0.24755859375 0.31163434903047094 0.0263671875 0.07756232686980609
0 0.2138671875 0.31301939058171746 0.02734375 0.07756232686980609
0 0.1005859375 0.30886426592797783 0.02734375 0.07756232686980609
0 0.1005859375 0.45083102493074795 0.0234375 0.09556786703601108
0 0.2138671875 0.4549861495844875 0.02734375 0.09279778393351801
0 0.2431640625 0.45429362880886426 0.02734375 0.09141274238227147
0 0.326171875 0.4549861495844875 0.02734375 0.09279778393351801
0 0.357421875 0.453601108033241 0.02734375 0.09279778393351801
0 0.6396484375 0.4556786703601108 0.02734375 0.09141274238227147
0 0.6728515625 0.45637119113573404 0.02734375 0.09279778393351801
0 0.7548828125 0.45637119113573404 0.02734375 0.09279778393351801
0 0.7880859375 0.45637119113573404 0.02734375 0.09279778393351801
0 0.91796875 0.45429362880886426 0.02734375 0.09695290858725762
0 0.498046875 0.45429362880886426 0.037109375 0.0997229916897507
0 0.0986328125 0.6080332409972299 0.03125 0.09695290858725762
0 0.22998046875 0.6094182825484764 0.0439453125 0.10526315789473684
0 0.34228515625 0.6101108033240997 0.0439453125 0.10664819944598337
0 0.49853515625 0.6094182825484764 0.0439453125 0.0997229916897507
0 0.65673828125 0.6121883656509696 0.0439453125 0.10526315789473684
0 0.77197265625 0.6128808864265928 0.0439453125 0.10664819944598337
0 0.919921875 0.6135734072022161 0.02734375 0.09695290858725762
0 0.0810546875 0.16759002770083103 0.02734375 0.07202216066481995
0 0.11328125 0.1724376731301939 0.02734375 0.07340720221606649
0 0.931640625 0.16897506925207756 0.02734375 0.07202216066481995
0 0.8974609375 0.17174515235457063 0.02734375 0.07202216066481995
0 0.91796875 0.3123268698060942 0.0234375 0.07617728531855955
0 0.46337890625 0.3137119113573407 0.0205078125 0.07617728531855955
0 0.53271484375 0.3123268698060942 0.0205078125 0.07617728531855955
0 0.4619140625 0.47368421052631576 0.017578125 0.06371191135734072
0 0.53515625 0.47368421052631576 0.017578125 0.06371191135734072
0 0.91943359375 0.8331024930747922 0.0224609375 0.09002770083102493