0 0.05438311688311688 0.04443359375 0.030844155844155844 0.0263671875
0 0.09821428571428571 0.04345703125 0.030844155844155844 0.0263671875
0 0.15665584415584416 0.04150390625 0.030844155844155844 0.0263671875
0 0.2012987012987013 0.04150390625 0.032467532467532464 0.0263671875
0 0.2637987012987013 0.0400390625 0.030844155844155844 0.02734375
0 0.31006493506493504 0.03955078125 0.032467532467532464 0.0263671875
0 0.37012987012987014 0.0380859375 0.032467532467532464 0.02734375
0 0.4172077922077922 0.03759765625 0.02922077922077922 0.0263671875
0 0.4780844155844156 0.03759765625 0.027597402597402596 0.0263671875
0 0.5243506493506493 0.03662109375 0.02922077922077922 0.0263671875
0 0.5852272727272727 0.03662109375 0.027597402597402596 0.0263671875
0 0.6306818181818182 0.03662109375 0.027597402597402596 0.0263671875
0 0.6923701298701299 0.03564453125 0.027597402597402596 0.0263671875
0 0.7362012987012987 0.03564453125 0.027597402597402596 0.0263671875
0 0.7962662337662337 0.03662109375 0.027597402597402596 0.0263671875
0 0.8409090909090909 0.03662109375 0.02922077922077922 0.0263671875
0 0.9017857142857143 0.03759765625 0.027597402597402596 0.0263671875
0 0.9464285714285714 0.03759765625 0.02922077922077922 0.0263671875
0 0.9496753246753247 0.09228515625 0.02922077922077922 0.0361328125
0 0.9017857142857143 0.09130859375 0.030844155844155844 0.0361328125
0 0.8425324675324676 0.09326171875 0.02922077922077922 0.0361328125
0 0.797077922077922 0.09130859375 0.02922077922077922 0.0361328125
0 0.7353896103896104 0.09326171875 0.02922077922077922 0.0361328125
0 0.6907467532467533 0.09130859375 0.030844155844155844 0.0361328125
0 0.6282467532467533 0.09033203125 0.02922077922077922 0.0361328125
0 0.5827922077922078 0.09033203125 0.02922077922077922 0.0361328125
0 0.5211038961038961 0.09130859375 0.02922077922077922 0.0361328125
0 0.474025974025974 0.09130859375 0.02922077922077922 0.0361328125
0 0.41314935064935066 0.09228515625 0.027597402597402596 0.0380859375
0 0.3676948051948052 0.0927734375 0.027597402597402596 0.0390625
0 0.3068181818181818 0.09423828125 0.025974025974025976 0.0380859375
0 0.26055194805194803 0.095703125 0.027597402597402596 0.0390625
0 0.19886363636363635 0.095703125 0.027597402597402596 0.0390625
0 0.15584415584415584 0.09814453125 0.025974025974025976 0.0380859375
0 0.09577922077922078 0.099609375 0.025974025974025976 0.037109375
0 0.05113636363636364 0.10107421875 0.024350649350649352 0.0380859375
0 0.04788961038961039 0.154296875 0.030844155844155844 0.03515625
0 0.09253246753246754 0.15283203125 0.02922077922077922 0.0341796875
0 0.15097402597402598 0.1455078125 0.02922077922077922 0.021484375
0 0.19805194805194806 0.146484375 0.02922077922077922 0.025390625
0 0.2564935064935065 0.14990234375 0.02922077922077922 0.0341796875
0 0.30113636363636365 0.14892578125 0.030844155844155844 0.0341796875
0 0.3628246753246753 0.1474609375 0.030844155844155844 0.03515625
0 0.4099025974025974 0.1474609375 0.030844155844155844 0.03515625
0 0.474025974025974 0.13916015625 0.02922077922077922 0.0205078125
0 0.5211038961038961 0.14111328125 0.02922077922077922 0.0244140625
0 0.5803571428571429 0.1455078125 0.030844155844155844 0.03515625
0 0.6258116883116883 0.1435546875 0.030844155844155844 0.03515625
0 0.6875 0.14404296875 0.030844155844155844 0.0341796875
0 0.734577922077922 0.14501953125 0.030844155844155844 0.0341796875
0 0.797077922077922 0.13720703125 0.02922077922077922 0.0185546875
0 0.8425324675324676 0.13916015625 0.02922077922077922 0.0224609375
0 0.044642857142857144 0.2080078125 0.030844155844155844 0.03515625
0 0.9025974025974026 0.1435546875 0.02922077922077922 0.03515625
0 0.9464285714285714 0.1435546875 0.02922077922077922 0.03515625
0 0.948051948051948 0.19482421875 0.02922077922077922 0.0341796875
0 0.9042207792207793 0.19775390625 0.02922077922077922 0.0341796875
0 0.734577922077922 0.19580078125 0.030844155844155844 0.0341796875
0 0.6883116883116883 0.19677734375 0.02922077922077922 0.0341796875
0 0.627435064935065 0.1962890625 0.030844155844155844 0.03515625
0 0.5819805194805194 0.197265625 0.030844155844155844 0.03515625
0 0.4090909090909091 0.19970703125 0.02922077922077922 0.0341796875
0 0.36444805194805197 0.20166015625 0.030844155844155844 0.0341796875
0 0.30194805194805197 0.201171875 0.02922077922077922 0.03515625
0 0.2564935064935065 0.20458984375 0.02922077922077922 0.0341796875
0 0.09009740259740259 0.20654296875 0.027597402597402596 0.0322265625
0 0.16314935064935066 0.19580078125 0.017857142857142856 0.0322265625
0 0.2012987012987013 0.19873046875 0.01948051948051948 0.0322265625
0 0.19886363636363635 0.25244140625 0.017857142857142856 0.0322265625
0 0.16071428571428573 0.25146484375 0.01948051948051948 0.0322265625
0 0.15746753246753248 0.30517578125 0.01948051948051948 0.0322265625
0 0.19805194805194806 0.30908203125 0.01948051948051948 0.0322265625
0 0.48538961038961037 0.1904296875 0.01948051948051948 0.033203125
0 0.525974025974026 0.193359375 0.01948051948051948 0.033203125
0 0.5243506493506493 0.24609375 0.01948051948051948 0.033203125
0 0.48538961038961037 0.24365234375 0.01948051948051948 0.0322265625
0 0.5227272727272727 0.3017578125 0.01948051948051948 0.033203125
0 0.48295454545454547 0.2978515625 0.017857142857142856 0.033203125
0 0.8133116883116883 0.1884765625 0.01948051948051948 0.033203125
0 0.8506493506493507 0.19140625 0.01948051948051948 0.033203125
0 0.8522727272727273 0.2451171875 0.01948051948051948 0.033203125
0 0.8133116883116883 0.24267578125 0.01948051948051948 0.0322265625
0 0.814935064935065 0.2939453125 0.01948051948051948 0.033203125
0 0.8506493506493507 0.29931640625 0.01948051948051948 0.0322265625
0 0.15746753246753248 0.3603515625 0.01948051948051948 0.033203125
0 0.19642857142857142 0.36181640625 0.01948051948051948 0.0322265625
0 0.48214285714285715 0.3544921875 0.01948051948051948 0.033203125
0 0.5227272727272727 0.35546875 0.01948051948051948 0.033203125
0 0.8116883116883117 0.3505859375 0.01948051948051948 0.033203125
0 0.8506493506493507 0.3525390625 0.01948051948051948 0.033203125
0 0.8522727272727273 0.4091796875 0.01948051948051948 0.033203125
0 0.814935064935065 0.404296875 0.01948051948051948 0.033203125
0 0.4805194805194805 0.41015625 0.01948051948051948 0.033203125
0 0.5219155844155844 0.412109375 0.017857142857142856 0.033203125
0 0.19805194805194806 0.41796875 0.01948051948051948 0.033203125
0 0.15746753246753248 0.416015625 0.01948051948051948 0.033203125
0 0.15584415584415584 0.470703125 0.01948051948051948 0.033203125
0 0.1956168831168831 0.47412109375 0.017857142857142856 0.0322265625
0 0.48214285714285715 0.466796875 0.01948051948051948 0.033203125
0 0.5211038961038961 0.46875 0.01948051948051948 0.033203125
0 0.8173701298701299 0.4609375 0.017857142857142856 0.033203125
0 0.849025974025974 0.462890625 0.01948051948051948 0.033203125
0 0.8506493506493507 0.51953125 0.01948051948051948 0.033203125
0 0.814935064935065 0.517578125 0.01948051948051948 0.033203125
0 0.4797077922077922 0.5224609375 0.017857142857142856 0.033203125
0 0.5219155844155844 0.5244140625 0.017857142857142856 0.033203125
0 0.19805194805194806 0.52783203125 0.012987012987012988 0.0361328125
0 0.1599025974025974 0.5263671875 0.017857142857142856 0.033203125
0 0.8125 0.57421875 0.024350649350649352 0.033203125
0 0.8522727272727273 0.57421875 0.01948051948051948 0.033203125
0 0.5202922077922078 0.5791015625 0.017857142857142856 0.033203125
0 0.4797077922077922 0.578125 0.024350649350649352 0.033203125
0 0.15584415584415584 0.5810546875 0.022727272727272728 0.033203125
0 0.19886363636363635 0.58251953125 0.01461038961038961 0.0361328125
0 0.04301948051948052 0.26220703125 0.030844155844155844 0.0341796875
0 0.08847402597402597 0.2607421875 0.030844155844155844 0.03515625
0 0.08847402597402597 0.314453125 0.030844155844155844 0.03515625
0 0.03977272727272727 0.31494140625 0.030844155844155844 0.0341796875
0 0.03977272727272727 0.36865234375 0.030844155844155844 0.0341796875
0 0.08685064935064934 0.36865234375 0.030844155844155844 0.0341796875
0 0.25405844155844154 0.25537109375 0.030844155844155844 0.0341796875
0 0.3003246753246753 0.25537109375 0.02922077922077922 0.0341796875
0 0.3612012987012987 0.25341796875 0.030844155844155844 0.0341796875
0 0.4099025974025974 0.25244140625 0.030844155844155844 0.0341796875
0 0.40584415584415584 0.306640625 0.02922077922077922 0.03515625
0 0.36038961038961037 0.30859375 0.02922077922077922 0.03515625
0 0.29788961038961037 0.31005859375 0.030844155844155844 0.0341796875
0 0.25162337662337664 0.31005859375 0.02922077922077922 0.0341796875
0 0.25 0.36572265625 0.02922077922077922 0.0341796875
0 0.29707792207792205 0.36376953125 0.02922077922077922 0.0341796875
0 0.35795454545454547 0.36279296875 0.030844155844155844 0.0341796875
0 0.4050324675324675 0.3623046875 0.030844155844155844 0.03515625
0 0.4034090909090909 0.4169921875 0.030844155844155844 0.03515625
0 0.35714285714285715 0.41748046875 0.02922077922077922 0.0341796875
0 0.29707792207792205 0.41943359375 0.02922077922077922 0.0341796875
0 0.2508116883116883 0.41943359375 0.030844155844155844 0.0341796875
0 0.4034090909090909 0.47119140625 0.027597402597402596 0.0341796875
0 0.35795454545454547 0.47265625 0.027597402597402596 0.03515625
0 0.2962662337662338 0.474609375 0.027597402597402596 0.03515625
0 0.2508116883116883 0.474609375 0.027597402597402596 0.03515625
0 0.041396103896103896 0.4248046875 0.027597402597402596 0.03515625
0 0.08766233766233766 0.421875 0.025974025974025976 0.03515625
0 0.08685064935064934 0.4775390625 0.027597402597402596 0.03515625
0 0.040584415584415584 0.478515625 0.025974025974025976 0.03515625
0 0.08603896103896104 0.5322265625 0.025974025974025976 0.03515625
0 0.045454545454545456 0.533203125 0.025974025974025976 0.03515625
0 0.25 0.529296875 0.025974025974025976 0.03515625
0 0.29788961038961037 0.5283203125 0.027597402597402596 0.03515625
0 0.35795454545454547 0.5283203125 0.027597402597402596 0.03515625
0 0.4042207792207792 0.5283203125 0.025974025974025976 0.03515625
0 0.950487012987013 0.248046875 0.027597402597402596 0.03515625
0 0.9050324675324676 0.2490234375 0.027597402597402596 0.03515625
0 0.7353896103896104 0.2490234375 0.025974025974025976 0.03515625
0 0.6875 0.2490234375 0.027597402597402596 0.03515625
0 0.6266233766233766 0.25 0.025974025974025976 0.03515625
0 0.5803571428571429 0.24951171875 0.027597402597402596 0.0341796875
0 0.950487012987013 0.30078125 0.027597402597402596 0.03515625
0 0.9050324675324676 0.3017578125 0.027597402597402596 0.03515625
0 0.7353896103896104 0.302734375 0.025974025974025976 0.03515625
0 0.6875 0.302734375 0.027597402597402596 0.03515625
0 0.6233766233766234 0.3037109375 0.02922077922077922 0.03515625
0 0.5762987012987013 0.30419921875 0.02922077922077922 0.0361328125
0 0.5746753246753247 0.35888671875 0.02922077922077922 0.0361328125
0 0.6233766233766234 0.35888671875 0.02922077922077922 0.0361328125
0 0.6866883116883117 0.3583984375 0.02922077922077922 0.03515625
0 0.7337662337662337 0.357421875 0.02922077922077922 0.03515625
0 0.9042207792207793 0.3544921875 0.02922077922077922 0.03515625
0 0.9496753246753247 0.35546875 0.02922077922077922 0.03515625
0 0.9042207792207793 0.4091796875 0.02922077922077922 0.03515625
0 0.952922077922078 0.4091796875 0.02922077922077922 0.03515625
0 0.7337662337662337 0.41064453125 0.02922077922077922 0.0361328125
0 0.6866883116883117 0.41162109375 0.02922077922077922 0.0361328125
0 0.6233766233766234 0.412109375 0.02922077922077922 0.03515625
0 0.5746753246753247 0.41455078125 0.02922077922077922 0.0361328125
0 0.952922077922078 0.46435546875 0.02922077922077922 0.0361328125
0 0.9058441558441559 0.46533203125 0.02922077922077922 0.0361328125
0 0.7337662337662337 0.46875 0.02922077922077922 0.03515625
0 0.685064935064935 0.4677734375 0.02922077922077922 0.03515625
0 0.6233766233766234 0.46826171875 0.02922077922077922 0.0361328125
0 0.5762987012987013 0.4697265625 0.02922077922077922 0.03515625
0 0.5746753246753247 0.5244140625 0.02922077922077922 0.03515625
0 0.6217532467532467 0.5244140625 0.02922077922077922 0.03515625
0 0.6834415584415584 0.5244140625 0.02922077922077922 0.03515625
0 0.7337662337662337 0.5234375 0.02922077922077922 0.03515625
0 0.9058441558441559 0.52099609375 0.02922077922077922 0.0361328125
0 0.9545454545454546 0.5205078125 0.02922077922077922 0.03515625
0 0.952922077922078 0.576171875 0.02922077922077922 0.03515625
0 0.9058441558441559 0.57763671875 0.02922077922077922 0.0361328125
0 0.7321428571428571 0.57861328125 0.02922077922077922 0.0361328125
0 0.6818181818181818 0.57958984375 0.02922077922077922 0.0361328125
0 0.625 0.5810546875 0.02922077922077922 0.03515625
0 0.5762987012987013 0.5810546875 0.02922077922077922 0.03515625
0 0.08766233766233766 0.5869140625 0.02922077922077922 0.03515625
0 0.04383116883116883 0.587890625 0.02922077922077922 0.03515625
0 0.25162337662337664 0.5849609375 0.02922077922077922 0.03515625
0 0.29707792207792205 0.5849609375 0.02922077922077922 0.03515625
0 0.35714285714285715 0.5849609375 0.02922077922077922 0.03515625
0 0.4042207792207792 0.58349609375 0.02922077922077922 0.0361328125
0 0.045454545454545456 0.64013671875 0.022727272727272728 0.0341796875
0 0.08847402597402597 0.64013671875 0.024350649350649352 0.0341796875
0 0.1452922077922078 0.63916015625 0.027597402597402596 0.0341796875
0 0.19074675324675325 0.63916015625 0.027597402597402596 0.0341796875
0 0.24918831168831168 0.63916015625 0.027597402597402596 0.0341796875
0 0.29788961038961037 0.63818359375 0.027597402597402596 0.0341796875
0 0.3547077922077922 0.63623046875 0.027597402597402596 0.0341796875
0 0.35714285714285715 0.69189453125 0.02922077922077922 0.0341796875
0 0.2962662337662338 0.69287109375 0.027597402597402596 0.0341796875
0 0.25 0.69287109375 0.02922077922077922 0.0341796875
0 0.19318181818181818 0.69287109375 0.02922077922077922 0.0341796875
0 0.14853896103896103 0.69189453125 0.027597402597402596 0.0341796875
0 0.09009740259740259 0.69287109375 0.027597402597402596 0.0341796875
0 0.04707792207792208 0.69287109375 0.025974025974025976 0.0322265625
0 0.4017857142857143 0.63671875 0.030844155844155844 0.03515625
0 0.4017857142857143 0.69140625 0.030844155844155844 0.03515625
0 0.463474025974026 0.69140625 0.030844155844155844 0.03515625
0 0.5113636363636364 0.68994140625 0.02922077922077922 0.0341796875
0 0.4642857142857143 0.63671875 0.02922077922077922 0.033203125
0 0.5113636363636364 0.6357421875 0.02922077922077922 0.033203125
0 0.5722402597402597 0.63525390625 0.030844155844155844 0.0341796875
0 0.5722402597402597 0.68994140625 0.030844155844155844 0.0341796875
0 0.622564935064935 0.634765625 0.027597402597402596 0.03515625
0 0.6209415584415584 0.6904296875 0.027597402597402596 0.03515625
0 0.6842532467532467 0.634765625 0.027597402597402596 0.03515625
0 0.6842532467532467 0.689453125 0.027597402597402596 0.03515625
0 0.7313311688311688 0.6884765625 0.027597402597402596 0.03515625
0 0.7313311688311688 0.63427734375 0.027597402597402596 0.0341796875
0 0.7946428571428571 0.6318359375 0.027597402597402596 0.03515625
0 0.7930194805194806 0.6884765625 0.027597402597402596 0.03515625
0 0.8433441558441559 0.6318359375 0.027597402597402596 0.03515625
0 0.9050324675324676 0.6318359375 0.027597402597402596 0.03515625
0 0.9521103896103896 0.6298828125 0.027597402597402596 0.03515625
0 0.9521103896103896 0.6865234375 0.027597402597402596 0.03515625
0 0.9050324675324676 0.6865234375 0.027597402597402596 0.03515625
0 0.8417207792207793 0.6884765625 0.027597402597402596 0.03515625
0 0.04788961038961039 0.75048828125 0.024350649350649352 0.0361328125
0 0.09172077922077922 0.7509765625 0.024350649350649352 0.03515625
0 0.14853896103896103 0.75048828125 0.024350649350649352 0.0361328125
0 0.1939935064935065 0.75048828125 0.024350649350649352 0.0361328125
0 0.25405844155844154 0.75048828125 0.024350649350649352 0.0361328125
0 0.30113636363636365 0.751953125 0.024350649350649352 0.03515625
0 0.35957792207792205 0.75146484375 0.024350649350649352 0.0380859375
0 0.4050324675324675 0.75146484375 0.024350649350649352 0.0380859375
0 0.4659090909090909 0.7509765625 0.025974025974025976 0.037109375
0 0.5113636363636364 0.75146484375 0.025974025974025976 0.0380859375
0 0.5746753246753247 0.75048828125 0.025974025974025976 0.0380859375
0 0.6217532467532467 0.751953125 0.025974025974025976 0.037109375
0 0.6834415584415584 0.75146484375 0.025974025974025976 0.0380859375
0 0.7329545454545454 0.75048828125 0.024350649350649352 0.0380859375
0 0.7930194805194806 0.74951171875 0.024350649350649352 0.0380859375
0 0.8417207792207793 0.74951171875 0.024350649350649352 0.0380859375
0 0.9034090909090909 0.748046875 0.024350649350649352 0.037109375
0 0.9496753246753247 0.74658203125 0.025974025974025976 0.0380859375
0 0.07142857142857142 0.80908203125 0.07467532467532467 0.0400390625
0 0.17045454545454544 0.81005859375 0.07467532467532467 0.0400390625
0 0.27516233766233766 0.80908203125 0.07305194805194805 0.0400390625
0 0.3782467532467532 0.80908203125 0.07467532467532467 0.0400390625
0 0.48538961038961037 0.81005859375 0.07467532467532467 0.0400390625
0 0.5957792207792207 0.81103515625 0.07467532467532467 0.0400390625
0 0.7045454545454546 0.81005859375 0.07467532467532467 0.0400390625
0 0.8133116883116883 0.80859375 0.07467532467532467 0.041015625
0 0.9253246753246753 0.8076171875 0.07467532467532467 0.041015625
0 0.922077922077922 0.86865234375 0.07467532467532467 0.0400390625
0 0.8125 0.86962890625 0.0762987012987013 0.0419921875
0 0.7037337662337663 0.87060546875 0.0762987012987013 0.0419921875
0 0.5941558441558441 0.86962890625 0.07467532467532467 0.0419921875
0 0.3806818181818182 0.87060546875 0.0762987012987013 0.0419921875
0 0.2775974025974026 0.87060546875 0.07467532467532467 0.0419921875
0 0.1728896103896104 0.87158203125 0.0762987012987013 0.0419921875
0 0.07142857142857142 0.8681640625 0.07142857142857142 0.04296875
0 0.49188311688311687 0.87109375 0.04220779220779221 0.03125