0 0.42550143266475643 0.20754716981132076 0.07163323782234957 0.1078167115902965
0 0.5916905444126075 0.20485175202156333 0.07163323782234957 0.1078167115902965
0 0.17621776504297995 0.431266846361186 0.07163323782234957 0.1078167115902965
0 0.42550143266475643 0.41778975741239893 0.07736389684813753 0.11320754716981132
0 0.5959885386819485 0.41778975741239893 0.07449856733524356 0.11320754716981132
0 0.8065902578796562 0.42857142857142855 0.07736389684813753 0.11320754716981132
0 0.17908309455587393 0.6347708894878706 0.07163323782234957 0.1105121293800539
0 0.8123209169054442 0.633423180592992 0.07736389684813753 0.1078167115902965
0 0.5959885386819485 0.6455525606469003 0.06876790830945559 0.15363881401617252
0 0.4326647564469914 0.6495956873315364 0.06876790830945559 0.1509433962264151
0 0.18051575931232092 0.8477088948787062 0.06876790830945559 0.11590296495956873
0 0.4326647564469914 0.8490566037735849 0.07449856733524356 0.11859838274932614
0 0.5974212034383954 0.8463611859838275 0.07163323782234957 0.11859838274932614
0 0.8094555873925502 0.8490566037735849 0.07163323782234957 0.11859838274932614