0 0.44970703125 0.8815943728018757 0.0478515625 0.10550996483001172
0 0.337890625 0.8810082063305978 0.046875 0.10433763188745604
0 0.22607421875 0.8810082063305978 0.0458984375 0.10668229777256741
0 0.1240234375 0.8815943728018757 0.046875 0.10550996483001172
0 0.44775390625 0.6787807737397421 0.0478515625 0.10550996483001172
0 0.3388671875 0.6781946072684643 0.046875 0.10199296600234467
0 0.2255859375 0.6787807737397421 0.046875 0.10316529894490035
0 0.1240234375 0.6770222743259086 0.046875 0.10433763188745604
0 0.77587890625 0.8827667057444314 0.0478515625 0.10785463071512309
0 0.6630859375 0.8810082063305978 0.048828125 0.10668229777256741
0 0.5517578125 0.8810082063305978 0.044921875 0.10668229777256741
0 0.8798828125 0.6776084407971864 0.048828125 0.10082063305978899
0 0.7744140625 0.6776084407971864 0.048828125 0.10082063305978899
0 0.66357421875 0.6776084407971864 0.0478515625 0.10082063305978899
0 0.552734375 0.6776084407971864 0.048828125 0.0984759671746776
0 0.88037109375 0.4835873388042204 0.0458984375 0.09495896834701055
0 0.77490234375 0.48417350527549824 0.0439453125 0.09378663540445487
0 0.6640625 0.48534583821805394 0.04296875 0.09378663540445487
0 0.55419921875 0.4847596717467761 0.0419921875 0.09261430246189918
0 0.8798828125 0.3042203985932005 0.044921875 0.09261430246189918
0 0.775390625 0.30363423212192264 0.04296875 0.0914419695193435
0 0.66455078125 0.3042203985932005 0.0439453125 0.09261430246189918
0 0.55419921875 0.3042203985932005 0.0419921875 0.09261430246189918
0 0.8818359375 0.1160609613130129 0.04296875 0.07033997655334115
0 0.7763671875 0.11664712778429073 0.044921875 0.06916764361078546
0 0.6640625 0.11840562719812427 0.04296875 0.07033997655334115
0 0.5537109375 0.11840562719812427 0.04296875 0.07033997655334115
0 0.4482421875 0.4847596717467761 0.04296875 0.09261430246189918
0 0.33837890625 0.48534583821805394 0.0419921875 0.09378663540445487
0 0.22509765625 0.48534583821805394 0.0419921875 0.09378663540445487
0 0.12255859375 0.48534583821805394 0.0419921875 0.09378663540445487
0 0.44921875 0.3048065650644783 0.044921875 0.09378663540445487
0 0.3388671875 0.305978898007034 0.044921875 0.09378663540445487
0 0.22509765625 0.30539273153575613 0.0439453125 0.09261430246189918
0 0.123046875 0.30539273153575613 0.04296875 0.09261430246189918
0 0.44873046875 0.11957796014067995 0.0439453125 0.07033997655334115
0 0.33837890625 0.11899179366940212 0.0439453125 0.06916764361078546
0 0.224609375 0.11899179366940212 0.04296875 0.07151230949589683
0 0.1220703125 0.11899179366940212 0.041015625 0.07151230949589683