0 0.1936026936026936 0.08935546875 0.23232323232323232 0.0361328125
0 0.5067340067340067 0.08935546875 0.23232323232323232 0.0361328125
0 0.8265993265993266 0.08984375 0.23232323232323232 0.03515625
0 0.8249158249158249 0.1474609375 0.22895622895622897 0.03515625
0 0.51010101010101 0.14599609375 0.23232323232323232 0.0361328125
0 0.19023569023569023 0.14697265625 0.23232323232323232 0.0361328125
0 0.1936026936026936 0.1982421875 0.23232323232323232 0.02734375
0 0.51010101010101 0.1982421875 0.23232323232323232 0.02734375
0 0.82996632996633 0.19921875 0.23232323232323232 0.02734375
0 0.8468013468013468 0.2578125 0.23232323232323232 0.04296875
0 0.8468013468013468 0.31787109375 0.2255892255892256 0.0400390625
0 0.8468013468013468 0.37744140625 0.2255892255892256 0.0400390625
0 0.8501683501683501 0.43701171875 0.2255892255892256 0.0400390625
0 0.8468013468013468 0.49560546875 0.2255892255892256 0.0400390625
0 0.8468013468013468 0.55322265625 0.2255892255892256 0.0400390625
0 0.8468013468013468 0.61279296875 0.2255892255892256 0.0400390625
0 0.8434343434343434 0.67138671875 0.2255892255892256 0.0400390625
0 0.835016835016835 0.72705078125 0.22895622895622897 0.0400390625
0 0.8400673400673401 0.78662109375 0.2255892255892256 0.0400390625
0 0.12962962962962962 0.25390625 0.07744107744107744 0.0390625
0 0.29124579124579125 0.25439453125 0.07744107744107744 0.0380859375
0 0.4494949494949495 0.25537109375 0.07744107744107744 0.0380859375
0 0.6144781144781145 0.25537109375 0.07744107744107744 0.0380859375
0 0.132996632996633 0.31201171875 0.07744107744107744 0.0380859375
0 0.29124579124579125 0.31201171875 0.07744107744107744 0.0380859375
0 0.45286195286195285 0.3125 0.07744107744107744 0.0390625
0 0.6144781144781145 0.31298828125 0.07744107744107744 0.0380859375
0 0.132996632996633 0.37060546875 0.07744107744107744 0.0380859375
0 0.29124579124579125 0.37158203125 0.07744107744107744 0.0380859375
0 0.45286195286195285 0.37060546875 0.07744107744107744 0.0380859375
0 0.6144781144781145 0.37158203125 0.07744107744107744 0.0380859375
0 0.6144781144781145 0.43115234375 0.07744107744107744 0.0380859375
0 0.45286195286195285 0.431640625 0.07744107744107744 0.0390625
0 0.2946127946127946 0.4306640625 0.07744107744107744 0.0390625
0 0.132996632996633 0.4296875 0.07744107744107744 0.0390625
0 0.12962962962962962 0.48828125 0.07744107744107744 0.0390625
0 0.2946127946127946 0.49072265625 0.07744107744107744 0.0380859375
0 0.4562289562289562 0.49072265625 0.07744107744107744 0.0380859375
0 0.6111111111111112 0.4921875 0.07744107744107744 0.0390625
0 0.6144781144781145 0.5498046875 0.07744107744107744 0.0390625
0 0.45286195286195285 0.54931640625 0.07744107744107744 0.0380859375
0 0.29124579124579125 0.548828125 0.07744107744107744 0.0390625
0 0.132996632996633 0.5478515625 0.07744107744107744 0.0390625
0 0.13636363636363635 0.607421875 0.07744107744107744 0.0390625
0 0.2946127946127946 0.60791015625 0.07744107744107744 0.0380859375
0 0.4562289562289562 0.609375 0.07744107744107744 0.0390625
0 0.6178451178451179 0.6083984375 0.07744107744107744 0.0390625
0 0.6144781144781145 0.66748046875 0.07744107744107744 0.0380859375
0 0.4562289562289562 0.66748046875 0.07744107744107744 0.0380859375
0 0.29124579124579125 0.666015625 0.07744107744107744 0.0390625
0 0.13636363636363635 0.66552734375 0.07744107744107744 0.0380859375
0 0.13636363636363635 0.72314453125 0.07744107744107744 0.0380859375
0 0.2946127946127946 0.72412109375 0.07744107744107744 0.0380859375
0 0.45286195286195285 0.72509765625 0.07744107744107744 0.0380859375
0 0.6077441077441077 0.7255859375 0.07744107744107744 0.0390625
0 0.6144781144781145 0.783203125 0.07744107744107744 0.0390625
0 0.45286195286195285 0.78271484375 0.07744107744107744 0.0380859375
0 0.29797979797979796 0.7822265625 0.07744107744107744 0.0390625
0 0.13636363636363635 0.78125 0.07744107744107744 0.0390625
0 0.21548821548821548 0.8427734375 0.22895622895622897 0.041015625
0 0.21548821548821548 0.89501953125 0.22895622895622897 0.0400390625