0 0.1213527851458886 0.21923828125 0.06763925729442971 0.0888671875
0 0.3149867374005305 0.2119140625 0.06763925729442971 0.087890625
0 0.5179045092838196 0.2099609375 0.06763925729442971 0.087890625
0 0.71684350132626 0.212890625 0.06763925729442971 0.087890625
0 0.9131299734748011 0.2158203125 0.06763925729442971 0.087890625
0 0.7228116710875332 0.38818359375 0.07427055702917772 0.1025390625
0 0.9177718832891246 0.3916015625 0.07427055702917772 0.103515625
0 0.5185676392572944 0.38671875 0.07427055702917772 0.103515625
0 0.3163129973474801 0.3876953125 0.07559681697612732 0.103515625
0 0.11936339522546419 0.39306640625 0.07427055702917772 0.1025390625
0 0.1206896551724138 0.5859375 0.07427055702917772 0.103515625
0 0.31432360742705573 0.58740234375 0.07427055702917772 0.1064453125
0 0.5185676392572944 0.58544921875 0.07427055702917772 0.1103515625
0 0.7241379310344828 0.5859375 0.07427055702917772 0.111328125
0 0.9210875331564987 0.58544921875 0.07559681697612732 0.1103515625
0 0.7228116710875332 0.7763671875 0.07427055702917772 0.111328125
0 0.5192307692307693 0.7783203125 0.07559681697612732 0.111328125
0 0.3169761273209549 0.77783203125 0.07427055702917772 0.1103515625
0 0.1220159151193634 0.775390625 0.07427055702917772 0.111328125