0 0.14111328125 0.2691771269177127 0.0439453125 0.100418410041841
0 0.28564453125 0.2733612273361227 0.0341796875 0.09762900976290098
0 0.3505859375 0.2712691771269177 0.033203125 0.10460251046025104
0 0.416015625 0.2733612273361227 0.03515625 0.100418410041841
0 0.48095703125 0.2733612273361227 0.0341796875 0.100418410041841
0 0.5673828125 0.2719665271966527 0.041015625 0.09762900976290098
0 0.646484375 0.2733612273361227 0.041015625 0.09762900976290098
0 0.7255859375 0.27266387726638774 0.04296875 0.09623430962343096
0 0.8134765625 0.2719665271966527 0.03515625 0.100418410041841
0 0.87890625 0.2719665271966527 0.033203125 0.09762900976290098
0 0.94384765625 0.2712691771269177 0.0341796875 0.09902370990237098
0 0.1416015625 0.4707112970711297 0.04296875 0.10181311018131102
0 0.28564453125 0.4755927475592748 0.0341796875 0.09762900976290098
0 0.35107421875 0.47419804741980476 0.0341796875 0.09762900976290098
0 0.41552734375 0.47419804741980476 0.0341796875 0.09762900976290098
0 0.48046875 0.47419804741980476 0.033203125 0.09762900976290098
0 0.5673828125 0.47280334728033474 0.04296875 0.100418410041841
0 0.6474609375 0.47280334728033474 0.04296875 0.100418410041841
0 0.72607421875 0.4721059972105997 0.0419921875 0.09902370990237098
0 0.81298828125 0.47419804741980476 0.0341796875 0.100418410041841
0 0.8798828125 0.4735006973500697 0.03515625 0.09902370990237098
0 0.9443359375 0.4735006973500697 0.033203125 0.09902370990237098
0 0.1416015625 0.6722454672245467 0.04296875 0.10320781032078104
0 0.28662109375 0.6722454672245467 0.0341796875 0.10599721059972106
0 0.35205078125 0.6722454672245467 0.0341796875 0.10320781032078104
0 0.416015625 0.6715481171548117 0.03515625 0.10460251046025104
0 0.48193359375 0.6715481171548117 0.0341796875 0.10460251046025104
0 0.568359375 0.6750348675034867 0.04296875 0.10320781032078104
0 0.6474609375 0.6743375174337517 0.0390625 0.10739191073919108
0 0.7265625 0.6722454672245467 0.041015625 0.10320781032078104
0 0.8154296875 0.6715481171548117 0.03515625 0.10181311018131102
0 0.8828125 0.6722454672245467 0.033203125 0.10320781032078104
0 0.140625 0.8702928870292888 0.041015625 0.10320781032078104
0 0.28564453125 0.8765690376569037 0.0341796875 0.10181311018131102
0 0.35107421875 0.8758716875871687 0.0341796875 0.100418410041841
0 0.416015625 0.8758716875871687 0.033203125 0.10320781032078104
0 0.4814453125 0.8751743375174338 0.033203125 0.10181311018131102
0 0.5693359375 0.8856345885634589 0.02734375 0.08368200836820083
0 0.728515625 0.8849372384937239 0.029296875 0.08228730822873083
0 0.81396484375 0.8758716875871687 0.0361328125 0.100418410041841