0 0.15798045602605862 0.07987551867219916 0.029315960912052116 0.03112033195020747
0 0.2687296416938111 0.07780082987551867 0.029315960912052116 0.03112033195020747
0 0.3786644951140065 0.07365145228215768 0.02768729641693811 0.03112033195020747
0 0.49267100977198697 0.07261410788381743 0.02768729641693811 0.029045643153526972
0 0.6034201954397395 0.07157676348547717 0.02768729641693811 0.03112033195020747
0 0.15472312703583063 0.21369294605809128 0.048859934853420196 0.0912863070539419
0 0.26384364820846906 0.21058091286307054 0.048859934853420196 0.08921161825726141
0 0.3778501628664495 0.2074688796680498 0.048859934853420196 0.0912863070539419
0 0.49104234527687296 0.2074688796680498 0.04723127035830619 0.0912863070539419
0 0.6066775244299675 0.2053941908713693 0.04723127035830619 0.0912863070539419
0 0.9039087947882736 0.15560165975103735 0.04234527687296417 0.07468879668049792
0 0.8387622149837134 0.15352697095435686 0.03908794788273615 0.07468879668049792
0 0.7752442996742671 0.15352697095435686 0.03908794788273615 0.07468879668049792
0 0.9063517915309446 0.3039419087136929 0.04071661237785016 0.08506224066390042
0 0.8412052117263844 0.3039419087136929 0.04071661237785016 0.08506224066390042
0 0.7760586319218241 0.30186721991701243 0.04071661237785016 0.08506224066390042
0 0.9079804560260586 0.4553941908713693 0.04071661237785016 0.08506224066390042
0 0.8428338762214984 0.45435684647302904 0.04071661237785016 0.08298755186721991
0 0.7768729641693811 0.45435684647302904 0.04234527687296417 0.08298755186721991
0 0.9087947882736156 0.6130705394190872 0.04234527687296417 0.08506224066390042
0 0.8444625407166124 0.6130705394190872 0.04071661237785016 0.08506224066390042
0 0.7801302931596091 0.6130705394190872 0.04234527687296417 0.08506224066390042
0 0.8322475570032574 0.03112033195020747 0.0781758957654723 0.04149377593360996
0 0.15065146579804561 0.37655601659751037 0.050488599348534204 0.08921161825726141
0 0.26221498371335505 0.37655601659751037 0.05211726384364821 0.08921161825726141
0 0.3770358306188925 0.3724066390041494 0.050488599348534204 0.08921161825726141
0 0.48941368078175895 0.3724066390041494 0.050488599348534204 0.08921161825726141
0 0.6066775244299675 0.3682572614107884 0.050488599348534204 0.08921161825726141
0 0.1490228013029316 0.5456431535269709 0.050488599348534204 0.1037344398340249
0 0.25977198697068404 0.5477178423236515 0.050488599348534204 0.1037344398340249
0 0.3737785016286645 0.549792531120332 0.050488599348534204 0.1037344398340249
0 0.49104234527687296 0.5435684647302904 0.050488599348534204 0.1037344398340249
0 0.6083061889250815 0.5414937759336099 0.050488599348534204 0.1037344398340249
0 0.1473941368078176 0.7240663900414938 0.050488599348534204 0.1037344398340249
0 0.25977198697068404 0.7240663900414938 0.050488599348534204 0.1037344398340249
0 0.3737785016286645 0.7261410788381742 0.050488599348534204 0.1037344398340249
0 0.49185667752442996 0.7240663900414938 0.05211726384364821 0.1078838174273859
0 0.6066775244299675 0.7219917012448133 0.050488599348534204 0.1078838174273859