0 0.5376106194690266 0.29262295081967216 0.09292035398230089 0.09344262295081968
0 0.2676991150442478 0.2901639344262295 0.09292035398230089 0.09180327868852459
0 0.8030973451327433 0.29508196721311475 0.09292035398230089 0.09180327868852459
0 0.8141592920353983 0.4663934426229508 0.09292035398230089 0.1
0 0.5376106194690266 0.46311475409836067 0.09292035398230089 0.1
0 0.26991150442477874 0.4598360655737705 0.09292035398230089 0.1
0 0.5464601769911505 0.6442622950819672 0.09292035398230089 0.10819672131147541
0 0.2688053097345133 0.6418032786885246 0.09513274336283185 0.10983606557377049
0 0.8196902654867256 0.6401639344262295 0.09513274336283185 0.10983606557377049
0 0.8207964601769911 0.8270491803278689 0.09292035398230089 0.10983606557377049
0 0.5453539823008849 0.8262295081967214 0.09513274336283185 0.10819672131147541
0 0.2688053097345133 0.8270491803278689 0.09513274336283185 0.10983606557377049
0 0.2721238938053097 0.1377049180327869 0.06637168141592921 0.07540983606557378
0 0.5342920353982301 0.14098360655737704 0.06415929203539823 0.07540983606557378
0 0.8030973451327433 0.14262295081967213 0.07079646017699115 0.06885245901639345