0 0.7649739583333334 0.794921875 0.032552083333333336 0.052734375
0 0.7213541666666666 0.7939453125 0.03125 0.052734375
0 0.744140625 0.685546875 0.07421875 0.078125
0 0.7447916666666666 0.54638671875 0.09375 0.0849609375
0 0.74609375 0.41455078125 0.09375 0.0810546875
0 0.7688802083333334 0.29052734375 0.03515625 0.0634765625
0 0.72265625 0.29052734375 0.033854166666666664 0.0634765625
0 0.3782552083333333 0.54833984375 0.048177083333333336 0.0712890625
0 0.3776041666666667 0.68212890625 0.049479166666666664 0.0732421875
0 0.2688802083333333 0.6806640625 0.05078125 0.072265625
0 0.26953125 0.54736328125 0.049479166666666664 0.0712890625
0 0.380859375 0.83203125 0.055989583333333336 0.08203125
0 0.2721354166666667 0.8310546875 0.0546875 0.083984375
0 0.3776041666666667 0.95068359375 0.0546875 0.0771484375
0 0.2682291666666667 0.9501953125 0.0546875 0.078125
0 0.595703125 0.95068359375 0.055989583333333336 0.0732421875
0 0.4869791666666667 0.9501953125 0.0546875 0.07421875
0 0.59765625 0.833984375 0.0546875 0.08203125
0 0.4895833333333333 0.83203125 0.0546875 0.08203125
0 0.5963541666666666 0.68310546875 0.049479166666666664 0.0712890625
0 0.48828125 0.6826171875 0.049479166666666664 0.072265625
0 0.5963541666666666 0.5498046875 0.049479166666666664 0.0703125
0 0.48828125 0.54931640625 0.049479166666666664 0.0712890625
0 0.59765625 0.41796875 0.049479166666666664 0.0703125
0 0.4889322916666667 0.4169921875 0.05078125 0.0703125
0 0.599609375 0.29638671875 0.048177083333333336 0.0634765625
0 0.490234375 0.294921875 0.048177083333333336 0.0625
0 0.3802083333333333 0.41650390625 0.049479166666666664 0.0693359375
0 0.26953125 0.41552734375 0.049479166666666664 0.0693359375
0 0.3802083333333333 0.29443359375 0.049479166666666664 0.0634765625
0 0.2708333333333333 0.2939453125 0.049479166666666664 0.064453125
0 0.14192708333333334 0.287109375 0.033854166666666664 0.064453125
0 0.09635416666666667 0.28564453125 0.033854166666666664 0.0634765625
0 0.90234375 0.4775390625 0.033854166666666664 0.0625
0 0.9446614583333334 0.4775390625 0.037760416666666664 0.064453125
0 0.896484375 0.6083984375 0.03515625 0.060546875
0 0.9016927083333334 0.35107421875 0.037760416666666664 0.0615234375
0 0.9466145833333334 0.35009765625 0.036458333333333336 0.0615234375
0 0.12044270833333333 0.1767578125 0.07942708333333333 0.0390625
0 0.11848958333333333 0.40869140625 0.09635416666666667 0.0810546875
0 0.11783854166666667 0.548828125 0.10026041666666667 0.09765625