0 0.31467181467181465 0.8447265625 0.09137709137709138 0.072265625
0 0.14478764478764478 0.7080078125 0.05276705276705277 0.07421875
0 0.34555984555984554 0.70751953125 0.05019305019305019 0.0751953125
0 0.28378378378378377 0.70703125 0.05019305019305019 0.07421875
0 0.5842985842985843 0.70703125 0.05148005148005148 0.07421875
0 0.4646074646074646 0.84423828125 0.09009009009009009 0.0712890625
0 0.46525096525096526 0.70751953125 0.07078507078507079 0.0732421875
0 0.6138996138996139 0.84375 0.09009009009009009 0.072265625
0 0.7754182754182755 0.84326171875 0.0888030888030888 0.0712890625
0 0.6447876447876448 0.70703125 0.0489060489060489 0.07421875
0 0.7773487773487774 0.70703125 0.05405405405405406 0.07421875
0 0.7773487773487774 0.57470703125 0.05405405405405406 0.0732421875
0 0.777992277992278 0.44677734375 0.055341055341055344 0.0732421875
0 0.6435006435006435 0.57568359375 0.0489060489060489 0.0732421875
0 0.6435006435006435 0.44775390625 0.04633204633204633 0.0712890625
0 0.5836550836550837 0.5751953125 0.05019305019305019 0.072265625
0 0.5836550836550837 0.44677734375 0.047619047619047616 0.0712890625
0 0.4646074646074646 0.57470703125 0.07207207207207207 0.0732421875
0 0.46525096525096526 0.4462890625 0.0682110682110682 0.072265625
0 0.34555984555984554 0.57421875 0.05019305019305019 0.072265625
0 0.28378378378378377 0.57470703125 0.05019305019305019 0.0732421875
0 0.34491634491634493 0.4453125 0.0489060489060489 0.072265625
0 0.28314028314028317 0.4453125 0.0489060489060489 0.072265625
0 0.14414414414414414 0.5732421875 0.05662805662805663 0.07421875
0 0.14414414414414414 0.44287109375 0.05662805662805663 0.0751953125
0 0.11583011583011583 0.3134765625 0.018018018018018018 0.029296875
0 0.14285714285714285 0.3134765625 0.018018018018018018 0.029296875
0 0.16988416988416988 0.31494140625 0.018018018018018018 0.0283203125
0 0.750965250965251 0.318359375 0.019305019305019305 0.029296875
0 0.777992277992278 0.318359375 0.019305019305019305 0.029296875
0 0.803088803088803 0.318359375 0.018018018018018018 0.029296875