0 0.521484375 0.18097643097643099 0.041015625 0.08922558922558922
0 0.2900390625 0.18181818181818182 0.037109375 0.08754208754208755
0 0.0576171875 0.18518518518518517 0.037109375 0.08754208754208755
0 0.876953125 0.1632996632996633 0.015625 0.07407407407407407
0 0.81005859375 0.16414141414141414 0.0166015625 0.07575757575757576
0 0.84228515625 0.14057239057239057 0.0185546875 0.11616161616161616
0 0.875 0.781986531986532 0.04296875 0.15656565656565657
0 0.81494140625 0.7836700336700336 0.0439453125 0.15656565656565657
0 0.6494140625 0.7878787878787878 0.041015625 0.15151515151515152
0 0.53076171875 0.7861952861952862 0.0419921875 0.15151515151515152
0 0.41064453125 0.7853535353535354 0.0439453125 0.14983164983164984
0 0.17333984375 0.7904040404040404 0.0419921875 0.14983164983164984
0 0.05419921875 0.7904040404040404 0.0439453125 0.14983164983164984
0 0.8720703125 0.4772727272727273 0.037109375 0.16666666666666666
0 0.81201171875 0.47895622895622897 0.0380859375 0.16666666666666666
0 0.646484375 0.4898989898989899 0.044921875 0.16161616161616163
0 0.52880859375 0.49074074074074076 0.0439453125 0.15993265993265993
0 0.41015625 0.49242424242424243 0.046875 0.1632996632996633
0 0.29296875 0.494949494949495 0.046875 0.16498316498316498
0 0.17529296875 0.4941077441077441 0.0458984375 0.16666666666666666
0 0.056640625 0.494949494949495 0.046875 0.16498316498316498