0 0.2630208333333333 0.29345703125 0.041666666666666664 0.0615234375
0 0.3515625 0.29345703125 0.041666666666666664 0.0615234375
0 0.2623697916666667 0.4267578125 0.040364583333333336 0.064453125
0 0.3502604166666667 0.4267578125 0.041666666666666664 0.064453125
0 0.451171875 0.29345703125 0.040364583333333336 0.0615234375
0 0.5403645833333334 0.2939453125 0.0390625 0.0625
0 0.4518229166666667 0.42626953125 0.041666666666666664 0.0634765625
0 0.541015625 0.4267578125 0.040364583333333336 0.0625
0 0.640625 0.29345703125 0.041666666666666664 0.0615234375
0 0.7298177083333334 0.29296875 0.040364583333333336 0.060546875
0 0.6399739583333334 0.42578125 0.04296875 0.0625
0 0.73046875 0.42578125 0.0390625 0.0625
0 0.6399739583333334 0.560546875 0.04296875 0.064453125
0 0.7311197916666666 0.560546875 0.040364583333333336 0.064453125
0 0.640625 0.69775390625 0.041666666666666664 0.0634765625
0 0.7317708333333334 0.6982421875 0.041666666666666664 0.064453125
0 0.451171875 0.548828125 0.04296875 0.041015625
0 0.5403645833333334 0.54931640625 0.041666666666666664 0.0419921875
0 0.4524739583333333 0.68994140625 0.040364583333333336 0.0498046875
0 0.541015625 0.69091796875 0.040364583333333336 0.0498046875
0 0.2610677083333333 0.560546875 0.04296875 0.064453125
0 0.3515625 0.560546875 0.041666666666666664 0.064453125
0 0.2630208333333333 0.697265625 0.041666666666666664 0.064453125
0 0.3515625 0.69677734375 0.041666666666666664 0.0634765625
0 0.2623697916666667 0.83251953125 0.040364583333333336 0.0654296875
0 0.3522135416666667 0.83203125 0.040364583333333336 0.06640625
0 0.4518229166666667 0.8330078125 0.0390625 0.064453125
0 0.541015625 0.83203125 0.040364583333333336 0.064453125
0 0.6399739583333334 0.83203125 0.040364583333333336 0.06640625
0 0.7317708333333334 0.83544921875 0.041666666666666664 0.0400390625
0 0.14322916666666666 0.3046875 0.041666666666666664 0.060546875
0 0.06510416666666667 0.3037109375 0.041666666666666664 0.060546875
0 0.14453125 0.42236328125 0.041666666666666664 0.0361328125
0 0.06575520833333333 0.42138671875 0.040364583333333336 0.0361328125
0 0.14453125 0.56103515625 0.041666666666666664 0.0439453125
0 0.14518229166666666 0.69970703125 0.040364583333333336 0.0517578125
0 0.7272135416666666 0.1494140625 0.040364583333333336 0.025390625
0 0.6354166666666666 0.1494140625 0.041666666666666664 0.025390625
0 0.5358072916666666 0.150390625 0.040364583333333336 0.025390625
0 0.44921875 0.14990234375 0.041666666666666664 0.0244140625
0 0.3489583333333333 0.150390625 0.041666666666666664 0.025390625
0 0.8743489583333334 0.29052734375 0.04296875 0.0673828125
0 0.9309895833333334 0.29052734375 0.041666666666666664 0.0673828125
0 0.90234375 0.423828125 0.041666666666666664 0.07421875
0 0.86328125 0.42333984375 0.020833333333333332 0.0751953125
0 0.86328125 0.52978515625 0.0234375 0.0263671875
0 0.8951822916666666 0.52978515625 0.029947916666666668 0.0263671875
0 0.86328125 0.57080078125 0.0234375 0.0458984375
0 0.8958333333333334 0.5712890625 0.028645833333333332 0.046875