0 0.2811791383219955 0.17578125 0.07029478458049887 0.076171875
0 0.44047619047619047 0.357421875 0.048752834467120185 0.087890625
0 0.2789115646258503 0.35546875 0.08163265306122448 0.08984375
0 0.44387755102040816 0.1796875 0.05782312925170068 0.076171875
0 0.5170068027210885 0.1806640625 0.05895691609977324 0.076171875
0 0.6496598639455783 0.17919921875 0.05895691609977324 0.0751953125
0 0.7244897959183674 0.18017578125 0.05895691609977324 0.0751953125
0 0.8990929705215419 0.1748046875 0.07029478458049887 0.076171875
0 0.5153061224489796 0.3583984375 0.048752834467120185 0.087890625
0 0.6479591836734694 0.35595703125 0.048752834467120185 0.0869140625
0 0.7244897959183674 0.35693359375 0.049886621315192746 0.0869140625
0 0.8945578231292517 0.35400390625 0.08163265306122448 0.0908203125
0 0.27607709750566894 0.53173828125 0.08049886621315193 0.0966796875
0 0.44047619047619047 0.53271484375 0.048752834467120185 0.0947265625
0 0.5175736961451247 0.53271484375 0.048752834467120185 0.0947265625
0 0.6490929705215419 0.53076171875 0.048752834467120185 0.0947265625
0 0.7239229024943311 0.53076171875 0.048752834467120185 0.0947265625
0 0.8956916099773242 0.5302734375 0.08163265306122448 0.095703125
0 0.2766439909297052 0.70849609375 0.08163265306122448 0.0908203125
0 0.5158730158730159 0.7099609375 0.049886621315192746 0.091796875
0 0.4421768707482993 0.71044921875 0.047619047619047616 0.0927734375
0 0.6479591836734694 0.71044921875 0.048752834467120185 0.0947265625
0 0.7239229024943311 0.70947265625 0.048752834467120185 0.0947265625
0 0.8968253968253969 0.70849609375 0.08163265306122448 0.0947265625
0 0.6870748299319728 0.8916015625 0.08390022675736962 0.103515625
0 0.06462585034013606 0.216796875 0.08616780045351474 0.083984375
0 0.06575963718820861 0.38525390625 0.08163265306122448 0.0830078125
0 0.06575963718820861 0.55322265625 0.08163265306122448 0.0830078125
0 0.06519274376417233 0.71875 0.08049886621315193 0.08203125
0 0.06235827664399093 0.88623046875 0.07936507936507936 0.0830078125