0 0.3942505133470226 0.3302180685358255 0.06570841889117043 0.13707165109034267
0 0.6663244353182751 0.3333333333333333 0.06365503080082136 0.13707165109034267
0 0.3942505133470226 0.573208722741433 0.061601642710472276 0.13707165109034267
0 0.6663244353182751 0.5685358255451713 0.06365503080082136 0.13395638629283488
0 0.3069815195071869 0.3691588785046729 0.06365503080082136 0.1277258566978193
0 0.3131416837782341 0.5996884735202492 0.059548254620123205 0.1277258566978193
0 0.8470225872689938 0.37850467289719625 0.06365503080082136 0.1277258566978193
0 0.8480492813141683 0.6043613707165109 0.06570841889117043 0.12461059190031153
0 0.5852156057494866 0.6214953271028038 0.057494866529774126 0.1588785046728972
0 0.5852156057494866 0.3925233644859813 0.057494866529774126 0.13707165109034267
0 0.6663244353182751 0.09813084112149532 0.07186858316221766 0.11526479750778816
0 0.3952772073921971 0.09190031152647975 0.07186858316221766 0.11526479750778816
0 0.3162217659137577 0.16199376947040497 0.049281314168377825 0.08099688473520249
0 0.8470225872689938 0.16822429906542055 0.0513347022587269 0.08722741433021806
0 0.5841889117043121 0.12305295950155763 0.06365503080082136 0.059190031152647975
0 0.47638603696098564 0.09968847352024922 0.03696098562628337 0.09968847352024922
0 0.7361396303901437 0.1277258566978193 0.026694045174537988 0.14330218068535824
0 0.4722792607802875 0.37227414330218067 0.024640657084188913 0.17133956386292834
0 0.4753593429158111 0.6074766355140186 0.026694045174537988 0.18691588785046728
0 0.742299794661191 0.5841121495327103 0.022587268993839837 0.14641744548286603
0 0.7412731006160165 0.3598130841121495 0.02053388090349076 0.14641744548286603
0 0.1704312114989733 0.38317757009345793 0.045174537987679675 0.09968847352024922
0 0.10882956878850103 0.38161993769470404 0.045174537987679675 0.09657320872274143
0 0.04722792607802875 0.38161993769470404 0.045174537987679675 0.09657320872274143
0 0.11293634496919917 0.5482866043613707 0.045174537987679675 0.09968847352024922
0 0.04722792607802875 0.5545171339563862 0.045174537987679675 0.09968847352024922
0 0.1704312114989733 0.5514018691588785 0.045174537987679675 0.09968847352024922
0 0.175564681724846 0.7165109034267912 0.03490759753593429 0.08099688473520249