0 0.17150170648464164 0.1181640625 0.032423208191126277 0.060546875
0 0.128839590443686 0.1201171875 0.032423208191126277 0.060546875
0 0.08361774744027303 0.12109375 0.030716723549488054 0.060546875
0 0.26791808873720135 0.1171875 0.030716723549488054 0.060546875
0 0.31399317406143346 0.1171875 0.030716723549488054 0.060546875
0 0.35921501706484643 0.1162109375 0.032423208191126277 0.060546875
0 0.45819112627986347 0.115234375 0.032423208191126277 0.060546875
0 0.5 0.1162109375 0.030716723549488054 0.060546875
0 0.5511945392491467 0.1142578125 0.030716723549488054 0.060546875
0 0.6484641638225256 0.115234375 0.030716723549488054 0.060546875
0 0.6928327645051194 0.115234375 0.030716723549488054 0.060546875
0 0.7397610921501706 0.115234375 0.032423208191126277 0.060546875
0 0.07849829351535836 0.2275390625 0.030716723549488054 0.064453125
0 0.12372013651877133 0.2265625 0.02901023890784983 0.06640625
0 0.1680887372013652 0.2265625 0.02901023890784983 0.06640625
0 0.26109215017064846 0.2255859375 0.03754266211604096 0.06640625
0 0.310580204778157 0.224609375 0.03754266211604096 0.06640625
0 0.35238907849829354 0.22265625 0.03583617747440273 0.06640625
0 0.4513651877133106 0.22314453125 0.03583617747440273 0.0673828125
0 0.4991467576791809 0.22216796875 0.03583617747440273 0.0673828125
0 0.5426621160409556 0.22265625 0.03754266211604096 0.06640625
0 0.7380546075085325 0.2236328125 0.03583617747440273 0.06640625
0 0.6902730375426621 0.22265625 0.03583617747440273 0.06640625
0 0.6450511945392492 0.22216796875 0.03754266211604096 0.0673828125
0 0.8361774744027304 0.224609375 0.03754266211604096 0.06640625
0 0.8831058020477816 0.2255859375 0.03583617747440273 0.06640625
0 0.9308873720136519 0.224609375 0.03583617747440273 0.06640625
0 0.9291808873720137 0.33154296875 0.03583617747440273 0.0673828125
0 0.8831058020477816 0.3330078125 0.03583617747440273 0.068359375
0 0.8336177474402731 0.33203125 0.03583617747440273 0.068359375
0 0.7363481228668942 0.3310546875 0.03583617747440273 0.068359375
0 0.6911262798634812 0.3310546875 0.03754266211604096 0.068359375
0 0.6416382252559727 0.33154296875 0.03754266211604096 0.0673828125
0 0.5418088737201365 0.3310546875 0.03583617747440273 0.068359375
0 0.49573378839590443 0.33203125 0.03583617747440273 0.068359375
0 0.4496587030716723 0.3310546875 0.03583617747440273 0.068359375
0 0.3532423208191126 0.33203125 0.03754266211604096 0.068359375
0 0.3054607508532423 0.33203125 0.03754266211604096 0.068359375
0 0.2619453924914676 0.3330078125 0.03583617747440273 0.068359375
0 0.12030716723549488 0.33447265625 0.032423208191126277 0.0654296875
0 0.16296928327645052 0.33349609375 0.032423208191126277 0.0654296875
0 0.07679180887372014 0.33349609375 0.034129692832764506 0.0654296875
0 0.07423208191126279 0.44091796875 0.032423208191126277 0.0654296875
0 0.11689419795221843 0.44140625 0.03583617747440273 0.06640625
0 0.16382252559726962 0.44189453125 0.034129692832764506 0.0673828125
0 0.2568259385665529 0.44140625 0.03583617747440273 0.06640625
0 0.3046075085324232 0.44091796875 0.03583617747440273 0.0673828125
0 0.34897610921501704 0.44091796875 0.03583617747440273 0.0673828125
0 0.44880546075085326 0.44189453125 0.034129692832764506 0.0673828125
0 0.4931740614334471 0.4404296875 0.034129692832764506 0.068359375
0 0.5443686006825939 0.4404296875 0.034129692832764506 0.068359375
0 0.6399317406143344 0.44091796875 0.034129692832764506 0.0673828125
0 0.6860068259385665 0.4404296875 0.034129692832764506 0.068359375
0 0.734641638225256 0.44189453125 0.03583617747440273 0.0673828125
0 0.8336177474402731 0.44091796875 0.03583617747440273 0.0673828125
0 0.8813993174061433 0.4404296875 0.03583617747440273 0.068359375
0 0.9308873720136519 0.4404296875 0.03583617747440273 0.068359375
0 0.9300341296928327 0.55126953125 0.034129692832764506 0.0673828125
0 0.8822525597269625 0.55126953125 0.034129692832764506 0.0673828125
0 0.8336177474402731 0.55126953125 0.03583617747440273 0.0673828125
0 0.7320819112627986 0.55029296875 0.034129692832764506 0.0673828125
0 0.6877133105802048 0.55029296875 0.034129692832764506 0.0673828125
0 0.6416382252559727 0.55126953125 0.034129692832764506 0.0673828125
0 0.5401023890784983 0.55126953125 0.03583617747440273 0.0673828125
0 0.492320819112628 0.54931640625 0.03583617747440273 0.0673828125
0 0.4462457337883959 0.55126953125 0.03583617747440273 0.0673828125
0 0.35238907849829354 0.55126953125 0.03583617747440273 0.0673828125
0 0.302901023890785 0.55126953125 0.03583617747440273 0.0673828125
0 0.25597269624573377 0.55126953125 0.034129692832764506 0.0673828125
0 0.16382252559726962 0.55126953125 0.034129692832764506 0.0673828125
0 0.12030716723549488 0.54931640625 0.03583617747440273 0.0673828125
0 0.07252559726962457 0.54931640625 0.03583617747440273 0.0673828125
0 0.9283276450511946 0.65869140625 0.034129692832764506 0.0634765625
0 0.8805460750853242 0.6591796875 0.034129692832764506 0.064453125
0 0.8353242320819113 0.6591796875 0.03583617747440273 0.064453125
0 0.7337883959044369 0.658203125 0.034129692832764506 0.064453125
0 0.6885665529010239 0.65869140625 0.03583617747440273 0.0634765625
0 0.6390784982935154 0.658203125 0.03583617747440273 0.064453125
0 0.5392491467576792 0.6572265625 0.034129692832764506 0.064453125
0 0.49573378839590443 0.6572265625 0.03583617747440273 0.064453125
0 0.4462457337883959 0.6572265625 0.03583617747440273 0.064453125
0 0.3464163822525597 0.65625 0.034129692832764506 0.064453125
0 0.30204778156996587 0.65625 0.034129692832764506 0.064453125
0 0.2568259385665529 0.65625 0.03583617747440273 0.064453125
0 0.11945392491467577 0.65576171875 0.034129692832764506 0.0634765625
0 0.07167235494880546 0.65576171875 0.034129692832764506 0.0634765625
0 0.1621160409556314 0.6552734375 0.030716723549488054 0.064453125
0 0.11689419795221843 0.78076171875 0.042662116040955635 0.0693359375
0 0.06399317406143344 0.78076171875 0.042662116040955635 0.0693359375
0 0.15870307167235495 0.78076171875 0.023890784982935155 0.0712890625
0 0.34812286689419797 0.783203125 0.023890784982935155 0.072265625
0 0.537542662116041 0.78369140625 0.023890784982935155 0.0712890625
0 0.7337883959044369 0.78564453125 0.023890784982935155 0.0712890625
0 0.3046075085324232 0.78125 0.042662116040955635 0.0703125
0 0.24658703071672355 0.7802734375 0.042662116040955635 0.0703125
0 0.4325938566552901 0.7841796875 0.042662116040955635 0.0703125
0 0.49402730375426623 0.7841796875 0.042662116040955635 0.0703125
0 0.6834470989761092 0.7841796875 0.042662116040955635 0.0703125
0 0.6254266211604096 0.783203125 0.042662116040955635 0.0703125
0 0.8250853242320819 0.7861328125 0.042662116040955635 0.0703125
0 0.8771331058020477 0.78515625 0.040955631399317405 0.0703125
0 0.931740614334471 0.78369140625 0.023890784982935155 0.0712890625
0 0.9274744027303754 0.1162109375 0.032423208191126277 0.060546875
0 0.8643344709897611 0.11572265625 0.07679180887372014 0.0595703125