0 0.27963272120200333 0.16247139588100687 0.035058430717863104 0.09610983981693363
0 0.31969949916527546 0.16018306636155608 0.035058430717863104 0.09610983981693363
0 0.494991652754591 0.15331807780320367 0.035058430717863104 0.09610983981693363
0 0.5350584307178631 0.15331807780320367 0.035058430717863104 0.09610983981693363
0 0.654424040066778 0.10297482837528604 0.04006677796327212 0.10526315789473684
0 0.7011686143572621 0.10526315789473684 0.04006677796327212 0.10526315789473684
0 0.656093489148581 0.3157894736842105 0.04006677796327212 0.13729977116704806
0 0.7003338898163606 0.3157894736842105 0.038397328881469114 0.13729977116704806
0 0.7036727879799666 0.5526315789473685 0.041736227045075125 0.15331807780320367
0 0.656093489148581 0.5503432494279176 0.04006677796327212 0.15331807780320367
0 0.7170283806343907 0.7974828375286042 0.03171953255425709 0.14416475972540047
0 0.671118530884808 0.7986270022883295 0.03672787979966611 0.14187643020594964
0 0.5567612687813022 0.7986270022883295 0.05843071786310518 0.14187643020594964
0 0.2595993322203673 0.7917620137299771 0.05175292153589316 0.14645308924485126
0 0.15525876460767946 0.7791762013729977 0.0333889816360601 0.12585812356979406
0 0.11686143572621036 0.7814645308924485 0.0333889816360601 0.12585812356979406
0 0.0659432387312187 0.5434782608695652 0.035058430717863104 0.13501144164759726
0 0.10767946577629382 0.5434782608695652 0.035058430717863104 0.13501144164759726
0 0.06928213689482471 0.3329519450800915 0.035058430717863104 0.13501144164759726
0 0.11435726210350584 0.3306636155606407 0.035058430717863104 0.13501144164759726
0 0.07595993322203673 0.13729977116704806 0.03171953255425709 0.12356979405034325
0 0.11435726210350584 0.13501144164759726 0.03171953255425709 0.12356979405034325
0 0.19532554257095158 0.14302059496567507 0.02003338898163606 0.11212814645308924
0 0.19031719532554256 0.32837528604118993 0.02003338898163606 0.11212814645308924
0 0.18614357262103506 0.5526315789473685 0.018363939899833055 0.13501144164759726
0 0.27629382303839733 0.5549199084668193 0.035058430717863104 0.11212814645308924
0 0.31803005008347246 0.5594965675057209 0.035058430717863104 0.11212814645308924
0 0.494991652754591 0.5583524027459954 0.035058430717863104 0.11441647597254005
0 0.5350584307178631 0.5594965675057209 0.035058430717863104 0.11212814645308924
0 0.5392320534223706 0.3352402745995423 0.0333889816360601 0.09839816933638444
0 0.4958263772954925 0.3340961098398169 0.0333889816360601 0.09610983981693363
0 0.32053422370617696 0.33867276887871856 0.0333889816360601 0.09610983981693363
0 0.27629382303839733 0.33981693363844395 0.035058430717863104 0.09839816933638444
0 0.8931552587646077 0.3512585812356979 0.13689482470784642 0.12585812356979406
0 0.8939899833055092 0.5675057208237986 0.13856427378964942 0.14645308924485126
0 0.8923205342237062 0.7986270022883295 0.13856427378964942 0.15102974828375287
0 0.8906510851419032 0.19336384439359267 0.041736227045075125 0.08466819221967964