0 0.14318706697459585 0.25727069351230425 0.05542725173210162 0.06263982102908278
0 0.28752886836027713 0.2595078299776286 0.057736720554272515 0.06263982102908278
0 0.4330254041570439 0.2595078299776286 0.057736720554272515 0.06263982102908278
0 0.581986143187067 0.25727069351230425 0.05542725173210162 0.06263982102908278
0 0.6558891454965358 0.38478747203579416 0.05542725173210162 0.06263982102908278
0 0.5103926096997691 0.383668903803132 0.05542725173210162 0.06040268456375839
0 0.3625866050808314 0.383668903803132 0.05542725173210162 0.06040268456375839
0 0.21593533487297922 0.383668903803132 0.057736720554272515 0.06040268456375839
0 0.06928406466512702 0.38478747203579416 0.05542725173210162 0.06263982102908278
0 0.14087759815242495 0.5078299776286354 0.05542725173210162 0.06263982102908278
0 0.28868360277136257 0.5100671140939598 0.05542725173210162 0.06263982102908278
0 0.4330254041570439 0.5100671140939598 0.057736720554272515 0.06263982102908278
0 0.581986143187067 0.5100671140939598 0.05542725173210162 0.06263982102908278
0 0.6535796766743649 0.6375838926174496 0.05542725173210162 0.058165548098434
0 0.5103926096997691 0.6342281879194631 0.05542725173210162 0.06040268456375839
0 0.3556581986143187 0.6342281879194631 0.05542725173210162 0.06040268456375839
0 0.21247113163972287 0.6353467561521253 0.05542725173210162 0.058165548098434
0 0.06466512702078522 0.6308724832214765 0.05542725173210162 0.058165548098434
0 0.14087759815242495 0.7539149888143176 0.050808314087759814 0.053691275167785234
0 0.28290993071593534 0.756152125279642 0.04849884526558892 0.053691275167785234
0 0.4295612009237875 0.7595078299776287 0.050808314087759814 0.05592841163310962
0 0.5796766743648961 0.7606263982102909 0.050808314087759814 0.053691275167785234
0 0.8637413394919169 0.2516778523489933 0.19861431870669746 0.07829977628635347
0 0.8660508083140878 0.37919463087248323 0.18937644341801385 0.06935123042505593
0 0.8648960739030023 0.5044742729306487 0.19168591224018475 0.06935123042505593
0 0.8672055427251733 0.6263982102908278 0.18244803695150116 0.06711409395973154
0 0.8672055427251733 0.7505592841163311 0.18706697459584296 0.07829977628635347
0 0.07505773672055427 0.2595078299776286 0.06235565819861432 0.06263982102908278
0 0.21478060046189376 0.25838926174496646 0.06004618937644342 0.06040268456375839
0 0.3625866050808314 0.25838926174496646 0.06004618937644342 0.06040268456375839
0 0.5115473441108545 0.25838926174496646 0.06235565819861432 0.06040268456375839
0 0.6593533487297921 0.25727069351230425 0.06235565819861432 0.06263982102908278
0 0.5831408775981525 0.383668903803132 0.06235565819861432 0.06040268456375839
0 0.4387990762124711 0.383668903803132 0.06004618937644342 0.06487695749440715
0 0.28868360277136257 0.383668903803132 0.06004618937644342 0.06487695749440715
0 0.14318706697459585 0.383668903803132 0.06004618937644342 0.06487695749440715
0 0.07159353348729793 0.5067114093959731 0.05542725173210162 0.06487695749440715
0 0.21478060046189376 0.5067114093959731 0.05542725173210162 0.06487695749440715
0 0.36027713625866054 0.5089485458612976 0.05542725173210162 0.06487695749440715
0 0.5069284064665127 0.5078299776286354 0.053117782909930716 0.06263982102908278
0 0.6558891454965358 0.5100671140939598 0.05542725173210162 0.06263982102908278
0 0.5773672055427251 0.6353467561521253 0.05542725173210162 0.06263982102908278
0 0.4341801385681293 0.6331096196868009 0.05542725173210162 0.06263982102908278
0 0.2863741339491917 0.6331096196868009 0.05542725173210162 0.06263982102908278
0 0.14087759815242495 0.6308724832214765 0.05542725173210162 0.06263982102908278
0 0.06697459584295612 0.7539149888143176 0.05542725173210162 0.06263982102908278
0 0.21362586605080833 0.756152125279642 0.053117782909930716 0.06263982102908278
0 0.3568129330254042 0.7583892617449665 0.053117782909930716 0.06263982102908278
0 0.5057736720554272 0.7572706935123042 0.05542725173210162 0.06487695749440715
0 0.6535796766743649 0.7606263982102909 0.05542725173210162 0.06263982102908278
0 0.1651270207852194 0.12639821029082773 0.03002309468822171 0.020134228187919462
0 0.38221709006928406 0.12527964205816555 0.03002309468822171 0.017897091722595078
0 0.5993071593533488 0.12304250559284116 0.03002309468822171 0.017897091722595078