0 0.36063218390804597 0.212890625 0.10057471264367816 0.11328125
0 0.6048850574712644 0.2099609375 0.10057471264367816 0.11328125
0 0.8548850574712644 0.2099609375 0.10057471264367816 0.11328125
0 0.6041666666666666 0.45068359375 0.11350574712643678 0.1396484375
0 0.3584770114942529 0.45166015625 0.11350574712643678 0.1396484375
0 0.8584770114942529 0.45166015625 0.11350574712643678 0.1396484375
0 0.8491379310344828 0.72998046875 0.10919540229885058 0.1630859375
0 0.5998563218390804 0.732421875 0.11063218390804598 0.158203125
0 0.1278735632183908 0.21044921875 0.1206896551724138 0.1220703125
0 0.11853448275862069 0.451171875 0.11063218390804598 0.146484375
0 0.11853448275862069 0.7216796875 0.11063218390804598 0.146484375