0 0.09096692111959287 0.12744140625 0.05725190839694656 0.0654296875
0 0.16793893129770993 0.12744140625 0.058524173027989825 0.0654296875
0 0.27353689567430023 0.125 0.061068702290076333 0.06640625
0 0.35368956743002544 0.123046875 0.061068702290076333 0.06640625
0 0.4599236641221374 0.12353515625 0.062340966921119595 0.0673828125
0 0.539440203562341 0.1240234375 0.061068702290076333 0.06640625
0 0.6412213740458015 0.1220703125 0.061068702290076333 0.06640625
0 0.7213740458015268 0.123046875 0.061068702290076333 0.06640625
0 0.8282442748091603 0.1240234375 0.061068702290076333 0.06640625
0 0.9045801526717557 0.12646484375 0.061068702290076333 0.0673828125
0 0.9096692111959288 0.24609375 0.061068702290076333 0.06640625
0 0.8314249363867684 0.2451171875 0.062340966921119595 0.0703125
0 0.7264631043256997 0.24365234375 0.061068702290076333 0.0712890625
0 0.6437659033078881 0.244140625 0.061068702290076333 0.0703125
0 0.539440203562341 0.24365234375 0.061068702290076333 0.0712890625
0 0.46055979643765904 0.24365234375 0.061068702290076333 0.0712890625
0 0.3524173027989822 0.2451171875 0.061068702290076333 0.0703125
0 0.272264631043257 0.2451171875 0.061068702290076333 0.0703125
0 0.1692111959287532 0.2470703125 0.061068702290076333 0.0703125
0 0.089058524173028 0.2490234375 0.061068702290076333 0.0703125
0 0.08778625954198473 0.3662109375 0.061068702290076333 0.0703125
0 0.16539440203562342 0.3671875 0.061068702290076333 0.0703125
0 0.2697201017811705 0.3662109375 0.061068702290076333 0.0703125
0 0.3555979643765903 0.365234375 0.062340966921119595 0.0703125
0 0.45674300254452926 0.365234375 0.061068702290076333 0.0703125
0 0.5381679389312977 0.36474609375 0.061068702290076333 0.0712890625
0 0.6475826972010178 0.365234375 0.061068702290076333 0.0703125
0 0.7264631043256997 0.3642578125 0.061068702290076333 0.0703125
0 0.8295165394402035 0.365234375 0.061068702290076333 0.0703125
0 0.910941475826972 0.365234375 0.061068702290076333 0.0703125
0 0.08778625954198473 0.48876953125 0.061068702290076333 0.0712890625
0 0.16666666666666666 0.48779296875 0.061068702290076333 0.0712890625
0 0.2697201017811705 0.48876953125 0.061068702290076333 0.0712890625
0 0.3524173027989822 0.4892578125 0.061068702290076333 0.072265625
0 0.4592875318066158 0.4892578125 0.061068702290076333 0.072265625
0 0.5381679389312977 0.48779296875 0.061068702290076333 0.0712890625
0 0.8307888040712468 0.4892578125 0.061068702290076333 0.072265625
0 0.7251908396946565 0.48876953125 0.061068702290076333 0.0712890625
0 0.6450381679389313 0.4892578125 0.061068702290076333 0.072265625
0 0.9103053435114504 0.490234375 0.062340966921119595 0.072265625
0 0.9096692111959288 0.611328125 0.061068702290076333 0.072265625
0 0.8295165394402035 0.6123046875 0.061068702290076333 0.072265625
0 0.7251908396946565 0.611328125 0.061068702290076333 0.072265625
0 0.6450381679389313 0.611328125 0.061068702290076333 0.072265625
0 0.5419847328244275 0.6123046875 0.061068702290076333 0.072265625
0 0.4592875318066158 0.6123046875 0.061068702290076333 0.072265625
0 0.3511450381679389 0.61083984375 0.061068702290076333 0.0712890625
0 0.27353689567430023 0.6123046875 0.061068702290076333 0.072265625
0 0.16793893129770993 0.611328125 0.061068702290076333 0.072265625
0 0.0871501272264631 0.609375 0.062340966921119595 0.072265625
0 0.4993638676844784 0.7421875 0.9834605597964376 0.095703125