0 0.30112359550561796 0.2512019230769231 0.05393258426966292 0.11298076923076923
0 0.36292134831460676 0.25 0.051685393258426963 0.11057692307692307
0 0.6674157303370787 0.2512019230769231 0.05393258426966292 0.11298076923076923
0 0.7314606741573034 0.2548076923076923 0.051685393258426963 0.11057692307692307
0 0.22359550561797753 0.4543269230769231 0.051685393258426963 0.12980769230769232
0 0.1662921348314607 0.4567307692307692 0.02696629213483146 0.1346153846153846
0 0.3044943820224719 0.46033653846153844 0.0696629213483146 0.14182692307692307
0 0.30112359550561796 0.7007211538461539 0.06741573033707865 0.13221153846153846
0 0.21910112359550563 0.6959134615384616 0.056179775280898875 0.13221153846153846
0 0.16292134831460675 0.6983173076923077 0.029213483146067417 0.13701923076923078
0 0.5269662921348315 0.042067307692307696 0.36629213483146067 0.07451923076923077
0 0.5157303370786517 0.47596153846153844 0.09213483146067415 0.1346153846153846
0 0.5123595505617977 0.7139423076923077 0.09438202247191012 0.1346153846153846
0 0.5157303370786517 0.9399038461538461 0.09213483146067415 0.11057692307692307
0 0.25280898876404495 0.9399038461538461 0.09213483146067415 0.11057692307692307
0 0.8292134831460675 0.5144230769230769 0.08089887640449438 0.125
0 0.8314606741573034 0.7463942307692307 0.07640449438202247 0.1466346153846154
0 0.8314606741573034 0.9447115384615384 0.07640449438202247 0.09615384615384616
0 0.5438202247191011 0.2704326923076923 0.09438202247191012 0.13221153846153846