0 0.1640625 0.6724137931034483 0.03515625 0.10591133004926108
0 0.29541015625 0.8786945812807881 0.0380859375 0.09975369458128079
0 0.29443359375 0.6761083743842364 0.0419921875 0.10344827586206896
0 0.56396484375 0.6730295566502463 0.0400390625 0.09729064039408868
0 0.47412109375 0.6761083743842364 0.0400390625 0.10098522167487685
0 0.38330078125 0.6754926108374384 0.0400390625 0.1022167487684729
0 0.38427734375 0.8786945812807881 0.0400390625 0.09975369458128079
0 0.474609375 0.8780788177339901 0.0390625 0.09852216748768473
0 0.564453125 0.8786945812807881 0.0390625 0.09975369458128079
0 0.6533203125 0.8786945812807881 0.037109375 0.09975369458128079
0 0.65380859375 0.6730295566502463 0.0400390625 0.09729064039408868
0 0.74365234375 0.8793103448275862 0.0380859375 0.10098522167487685
0 0.83251953125 0.8799261083743842 0.0380859375 0.09975369458128079
0 0.92236328125 0.8805418719211823 0.0380859375 0.10098522167487685
0 0.74267578125 0.6761083743842364 0.0400390625 0.10344827586206896
0 0.8330078125 0.6767241379310345 0.0390625 0.1022167487684729
0 0.92236328125 0.6773399014778325 0.0400390625 0.10344827586206896
0 0.9228515625 0.4870689655172414 0.0390625 0.1022167487684729
0 0.83251953125 0.4870689655172414 0.0380859375 0.09975369458128079
0 0.92236328125 0.2986453201970443 0.0380859375 0.09729064039408868
0 0.83203125 0.29926108374384236 0.037109375 0.0960591133004926
0 0.7431640625 0.48645320197044334 0.037109375 0.09852216748768473
0 0.654296875 0.48645320197044334 0.0390625 0.09852216748768473
0 0.56494140625 0.4858374384236453 0.0380859375 0.09975369458128079
0 0.4755859375 0.4858374384236453 0.0390625 0.09729064039408868
0 0.7431640625 0.29926108374384236 0.0390625 0.0960591133004926
0 0.654296875 0.2986453201970443 0.0390625 0.09482758620689655
0 0.564453125 0.2986453201970443 0.037109375 0.09482758620689655
0 0.47509765625 0.29926108374384236 0.0380859375 0.0960591133004926
0 0.3857421875 0.29802955665024633 0.037109375 0.0960591133004926
0 0.296875 0.2974137931034483 0.0390625 0.09482758620689655
0 0.38623046875 0.4858374384236453 0.0380859375 0.09729064039408868
0 0.296875 0.4858374384236453 0.0390625 0.09729064039408868
0 0.16650390625 0.4753694581280788 0.0322265625 0.09359605911330049
0 0.1259765625 0.4766009852216749 0.03515625 0.09359605911330049
0 0.16650390625 0.28879310344827586 0.0322265625 0.09482758620689655
0 0.1259765625 0.28879310344827586 0.03125 0.09482758620689655