0 0.6276041666666666 0.76123046875 0.049479166666666664 0.0380859375
0 0.3541666666666667 0.6337890625 0.06510416666666667 0.123046875
0 0.3528645833333333 0.79345703125 0.09635416666666667 0.1044921875
0 0.3509114583333333 0.9326171875 0.07942708333333333 0.078125
0 0.8138020833333334 0.9384765625 0.06770833333333333 0.0625
0 0.8125 0.79345703125 0.057291666666666664 0.1044921875
0 0.8098958333333334 0.61572265625 0.0625 0.0908203125
0 0.6256510416666666 0.61474609375 0.061197916666666664 0.0908203125
0 0.6243489583333334 0.28125 0.055989583333333336 0.08203125
0 0.8059895833333334 0.28173828125 0.0546875 0.0830078125
0 0.8079427083333334 0.44677734375 0.055989583333333336 0.0869140625
0 0.6243489583333334 0.44677734375 0.055989583333333336 0.0869140625
0 0.3548177083333333 0.46435546875 0.06901041666666667 0.1279296875
0 0.35546875 0.2783203125 0.0546875 0.083984375
0 0.3541666666666667 0.1103515625 0.0546875 0.083984375
0 0.6236979166666666 0.1123046875 0.0546875 0.083984375
0 0.8059895833333334 0.11328125 0.0546875 0.083984375
0 0.07356770833333333 0.05517578125 0.09505208333333333 0.0849609375
0 0.07291666666666667 0.2158203125 0.09375 0.095703125