0 0.1044921875 0.28454172366621067 0.07421875 0.08481532147742818
0 0.10107421875 0.38850889192886456 0.0732421875 0.08207934336525308
0 0.099609375 0.48768809849521205 0.07421875 0.08071135430916553
0 0.09765625 0.5930232558139535 0.07421875 0.08071135430916553
0 0.09765625 0.6942544459644323 0.07421875 0.08071135430916553
0 0.09765625 0.7968536251709987 0.07421875 0.08071135430916553
0 0.0947265625 0.8980848153214774 0.07421875 0.08071135430916553
0 0.52294921875 0.1538987688098495 0.0283203125 0.08891928864569083
0 0.560546875 0.1573187414500684 0.029296875 0.08755129958960328
0 0.3525390625 0.15595075239398085 0.029296875 0.07934336525307797
0 0.3154296875 0.15595075239398085 0.029296875 0.08207934336525308
0 0.3125 0.37209302325581395 0.033203125 0.11491108071135431
0 0.3525390625 0.37209302325581395 0.033203125 0.11491108071135431
0 0.5205078125 0.37209302325581395 0.033203125 0.11491108071135431
0 0.5625 0.37209302325581395 0.033203125 0.11491108071135431
0 0.7685546875 0.3741450068399453 0.033203125 0.11354309165526676
0 0.7294921875 0.3741450068399453 0.033203125 0.11354309165526676
0 0.767578125 0.5745554035567716 0.033203125 0.12038303693570451
0 0.7265625 0.5772913816689467 0.033203125 0.12038303693570451
0 0.76904296875 0.7790697674418605 0.0322265625 0.11901504787961696
0 0.72802734375 0.780437756497948 0.0322265625 0.11901504787961696
0 0.5458984375 0.5567715458276333 0.046875 0.12585499316005472
0 0.54296875 0.7674418604651163 0.046875 0.12585499316005472
0 0.35107421875 0.5752393980848153 0.0341796875 0.12175102599179206
0 0.30810546875 0.5766073871409029 0.0341796875 0.12175102599179206
0 0.34716796875 0.7872777017783857 0.0341796875 0.12175102599179206
0 0.30517578125 0.7831737346101231 0.0341796875 0.12175102599179206
0 0.453125 0.7626538987688098 0.056640625 0.12722298221614228
0 0.45703125 0.5458276333789329 0.056640625 0.12859097127222982
0 0.54052734375 0.9589603283173734 0.0517578125 0.06566347469220246
0 0.45263671875 0.9596443228454172 0.0556640625 0.06703146374829001