0 0.3893229166666667 0.634765625 0.041666666666666664 0.080078125
0 0.388671875 0.517578125 0.040364583333333336 0.056640625
0 0.5651041666666666 0.52001953125 0.041666666666666664 0.0556640625
0 0.6510416666666666 0.52001953125 0.041666666666666664 0.0556640625
0 0.56640625 0.62646484375 0.041666666666666664 0.0595703125
0 0.6510416666666666 0.626953125 0.041666666666666664 0.05859375
0 0.7376302083333334 0.52001953125 0.040364583333333336 0.0556640625
0 0.8235677083333334 0.52001953125 0.040364583333333336 0.0556640625
0 0.7376302083333334 0.62744140625 0.040364583333333336 0.0595703125
0 0.8235677083333334 0.626953125 0.040364583333333336 0.05859375
0 0.8235677083333334 0.736328125 0.040364583333333336 0.052734375
0 0.73828125 0.740234375 0.041666666666666664 0.060546875
0 0.73828125 0.85302734375 0.041666666666666664 0.0595703125
0 0.5670572916666666 0.740234375 0.040364583333333336 0.060546875
0 0.6529947916666666 0.740234375 0.040364583333333336 0.060546875
0 0.5677083333333334 0.85302734375 0.041666666666666664 0.0615234375
0 0.6529947916666666 0.85302734375 0.040364583333333336 0.0595703125
0 0.3671875 0.73095703125 0.044270833333333336 0.0634765625
0 0.388671875 0.8525390625 0.04296875 0.060546875
0 0.91015625 0.5205078125 0.041666666666666664 0.056640625
0 0.9088541666666666 0.626953125 0.041666666666666664 0.05859375
0 0.91015625 0.7421875 0.041666666666666664 0.060546875
0 0.3860677083333333 0.35595703125 0.024739583333333332 0.0185546875