0 0.10400390625 0.5271966527196653 0.0927734375 0.1896792189679219
0 0.298828125 0.5271966527196653 0.091796875 0.1896792189679219
0 0.4921875 0.5362622036262203 0.091796875 0.1910739191073919
0 0.681640625 0.5404463040446305 0.091796875 0.1910739191073919
0 0.84326171875 0.5411436541143654 0.0830078125 0.18688981868898186
0 0.83544921875 0.17573221757322174 0.0830078125 0.17294281729428174
0 0.67626953125 0.16457461645746166 0.0830078125 0.17294281729428174
0 0.49072265625 0.15481171548117154 0.0830078125 0.17294281729428174
0 0.29736328125 0.14783821478382148 0.0830078125 0.17294281729428174
0 0.10595703125 0.8186889818688982 0.0693359375 0.11436541143654114
0 0.29931640625 0.8242677824267782 0.0693359375 0.11436541143654114
0 0.4951171875 0.8284518828451883 0.0703125 0.11436541143654114
0 0.85205078125 0.8200836820083682 0.0693359375 0.11436541143654114
0 0.1064453125 0.14644351464435146 0.08203125 0.17294281729428174