0 0.09765625 0.15846456692913385 0.029296875 0.10433070866141732
0 0.134765625 0.15551181102362205 0.029296875 0.10236220472440945
0 0.171875 0.15551181102362205 0.029296875 0.10236220472440945
0 0.208984375 0.15255905511811024 0.029296875 0.10433070866141732
0 0.24609375 0.15255905511811024 0.029296875 0.10433070866141732
0 0.2822265625 0.15059055118110237 0.029296875 0.10433070866141732
0 0.3212890625 0.14960629921259844 0.029296875 0.10236220472440945
0 0.3564453125 0.1466535433070866 0.029296875 0.10433070866141732
0 0.3935546875 0.1466535433070866 0.029296875 0.10433070866141732
0 0.4306640625 0.14763779527559054 0.029296875 0.10236220472440945
0 0.4677734375 0.1437007874015748 0.029296875 0.10236220472440945
0 0.5048828125 0.1437007874015748 0.029296875 0.10236220472440945
0 0.5390625 0.14566929133858267 0.029296875 0.10236220472440945
0 0.5751953125 0.1437007874015748 0.029296875 0.10236220472440945
0 0.6103515625 0.14173228346456693 0.029296875 0.10236220472440945
0 0.6474609375 0.1437007874015748 0.029296875 0.10236220472440945
0 0.6796875 0.14173228346456693 0.029296875 0.10236220472440945
0 0.7177734375 0.13976377952755906 0.029296875 0.10236220472440945
0 0.7490234375 0.13877952755905512 0.029296875 0.10433070866141732
0 0.78515625 0.13877952755905512 0.029296875 0.10433070866141732
0 0.81640625 0.13877952755905512 0.029296875 0.10433070866141732
0 0.8515625 0.140748031496063 0.029296875 0.10433070866141732
0 0.888671875 0.14173228346456693 0.029296875 0.10236220472440945
0 0.0966796875 0.3169291338582677 0.029296875 0.10236220472440945
0 0.1328125 0.31496062992125984 0.029296875 0.10236220472440945
0 0.169921875 0.31299212598425197 0.029296875 0.10236220472440945
0 0.2080078125 0.31200787401574803 0.029296875 0.10433070866141732
0 0.24609375 0.3110236220472441 0.029296875 0.10236220472440945
0 0.2822265625 0.3090551181102362 0.029296875 0.10236220472440945
0 0.3212890625 0.3090551181102362 0.029296875 0.10236220472440945
0 0.3564453125 0.3080708661417323 0.029296875 0.10433070866141732
0 0.3955078125 0.3061023622047244 0.029296875 0.10433070866141732
0 0.4326171875 0.3051181102362205 0.029296875 0.10236220472440945
0 0.4658203125 0.3031496062992126 0.029296875 0.10236220472440945
0 0.5029296875 0.30118110236220474 0.029296875 0.10236220472440945
0 0.5400390625 0.30413385826771655 0.029296875 0.10433070866141732
0 0.5771484375 0.30118110236220474 0.029296875 0.10236220472440945
0 0.611328125 0.3001968503937008 0.029296875 0.10433070866141732
0 0.6474609375 0.30118110236220474 0.029296875 0.10236220472440945
0 0.6845703125 0.2992125984251969 0.029296875 0.10236220472440945
0 0.716796875 0.29822834645669294 0.029296875 0.10433070866141732
0 0.75 0.297244094488189 0.029296875 0.10236220472440945
0 0.7861328125 0.297244094488189 0.029296875 0.10236220472440945
0 0.0966796875 0.4793307086614173 0.029296875 0.10433070866141732
0 0.1328125 0.4793307086614173 0.029296875 0.10433070866141732
0 0.169921875 0.4793307086614173 0.029296875 0.10433070866141732
0 0.2080078125 0.4763779527559055 0.029296875 0.10236220472440945
0 0.2451171875 0.4763779527559055 0.029296875 0.10236220472440945
0 0.283203125 0.47244094488188976 0.029296875 0.10236220472440945
0 0.3203125 0.4704724409448819 0.029296875 0.10236220472440945
0 0.357421875 0.46948818897637795 0.029296875 0.10433070866141732
0 0.39453125 0.4675196850393701 0.029296875 0.10433070866141732
0 0.431640625 0.46653543307086615 0.029296875 0.10236220472440945
0 0.46875 0.4655511811023622 0.029296875 0.10433070866141732
0 0.505859375 0.4645669291338583 0.029296875 0.10236220472440945
0 0.541015625 0.46358267716535434 0.029296875 0.10433070866141732
0 0.576171875 0.46358267716535434 0.029296875 0.10433070866141732
0 0.611328125 0.46062992125984253 0.029296875 0.10236220472440945
0 0.6474609375 0.46062992125984253 0.029296875 0.10236220472440945
0 0.6826171875 0.45767716535433073 0.029296875 0.10433070866141732
0 0.71875 0.453740157480315 0.029296875 0.10433070866141732
0 0.751953125 0.4547244094488189 0.029296875 0.10236220472440945
0 0.7841796875 0.453740157480315 0.029296875 0.10433070866141732
0 0.095703125 0.6427165354330708 0.029296875 0.10433070866141732
0 0.1328125 0.6417322834645669 0.029296875 0.10236220472440945
0 0.169921875 0.640748031496063 0.029296875 0.10433070866141732
0 0.20703125 0.6377952755905512 0.029296875 0.10236220472440945
0 0.244140625 0.6358267716535433 0.029296875 0.10236220472440945
0 0.283203125 0.6358267716535433 0.029296875 0.10236220472440945
0 0.3203125 0.6338582677165354 0.029296875 0.10236220472440945
0 0.357421875 0.6318897637795275 0.029296875 0.10236220472440945
0 0.39453125 0.6309055118110236 0.029296875 0.10433070866141732
0 0.4296875 0.6279527559055118 0.029296875 0.10236220472440945
0 0.4677734375 0.6279527559055118 0.029296875 0.10236220472440945
0 0.5048828125 0.625 0.029296875 0.10433070866141732
0 0.5400390625 0.625 0.029296875 0.10433070866141732
0 0.5751953125 0.6210629921259843 0.029296875 0.10433070866141732
0 0.61328125 0.6200787401574803 0.029296875 0.10236220472440945
0 0.6474609375 0.6181102362204725 0.029296875 0.0984251968503937
0 0.6826171875 0.6131889763779528 0.029296875 0.09645669291338582
0 0.7158203125 0.6122047244094488 0.029296875 0.0984251968503937
0 0.7509765625 0.610236220472441 0.029296875 0.0984251968503937
0 0.09765625 0.8051181102362205 0.029296875 0.10236220472440945
0 0.1337890625 0.8031496062992126 0.029296875 0.10236220472440945
0 0.1708984375 0.8031496062992126 0.029296875 0.10236220472440945
0 0.20703125 0.8011811023622047 0.029296875 0.10236220472440945
0 0.24609375 0.7992125984251969 0.029296875 0.10236220472440945
0 0.2841796875 0.7992125984251969 0.029296875 0.10236220472440945
0 0.318359375 0.7952755905511811 0.029296875 0.10236220472440945
0 0.3583984375 0.7952755905511811 0.029296875 0.10236220472440945
0 0.39453125 0.7933070866141733 0.029296875 0.10236220472440945
0 0.431640625 0.7913385826771654 0.029296875 0.10236220472440945
0 0.4677734375 0.7874015748031497 0.029296875 0.10236220472440945
0 0.50390625 0.7874015748031497 0.029296875 0.10236220472440945
0 0.541015625 0.7834645669291339 0.029296875 0.10236220472440945
0 0.57421875 0.7834645669291339 0.02734375 0.10236220472440945
0 0.61279296875 0.7834645669291339 0.0263671875 0.10236220472440945
0 0.646484375 0.781496062992126 0.02734375 0.10236220472440945
0 0.681640625 0.7726377952755905 0.02734375 0.10433070866141732
0 0.7177734375 0.7696850393700787 0.02734375 0.10236220472440945
0 0.576171875 0.2234251968503937 0.02734375 0.045275590551181105
0 0.6123046875 0.22145669291338582 0.02734375 0.045275590551181105
0 0.64599609375 0.22244094488188976 0.0263671875 0.047244094488188976
0 0.576171875 0.3809055118110236 0.02734375 0.045275590551181105
0 0.611328125 0.3809055118110236 0.02734375 0.045275590551181105
0 0.64794921875 0.37893700787401574 0.0263671875 0.045275590551181105
0 0.57666015625 0.5403543307086615 0.0263671875 0.045275590551181105
0 0.611328125 0.5403543307086615 0.02734375 0.045275590551181105
0 0.646484375 0.5383858267716536 0.02734375 0.045275590551181105
0 0.57568359375 0.6998031496062992 0.0263671875 0.045275590551181105
0 0.611328125 0.6988188976377953 0.02734375 0.047244094488188976
0 0.646484375 0.6978346456692913 0.02734375 0.045275590551181105