0 0.06922310756972111 0.09912109375 0.060756972111553786 0.1201171875
0 0.3291832669322709 0.09521484375 0.060756972111553786 0.1201171875
0 0.1997011952191235 0.09619140625 0.060756972111553786 0.1201171875
0 0.4805776892430279 0.09521484375 0.060756972111553786 0.1201171875
0 0.6309760956175299 0.09619140625 0.060756972111553786 0.1201171875
0 0.7639442231075697 0.09912109375 0.05976095617529881 0.1201171875
0 0.8939243027888446 0.10107421875 0.060756972111553786 0.1201171875
0 0.8909362549800797 0.3203125 0.060756972111553786 0.134765625
0 0.7664342629482072 0.318359375 0.060756972111553786 0.134765625
0 0.6359561752988048 0.31787109375 0.060756972111553786 0.1337890625
0 0.4845617529880478 0.3154296875 0.060756972111553786 0.134765625
0 0.33117529880478086 0.3154296875 0.060756972111553786 0.134765625
0 0.19870517928286852 0.3173828125 0.060756972111553786 0.134765625
0 0.07021912350597609 0.31884765625 0.060756972111553786 0.1337890625
0 0.07619521912350598 0.56884765625 0.06872509960159362 0.1494140625
0 0.20468127490039842 0.56787109375 0.06872509960159362 0.1494140625
0 0.33217131474103584 0.56884765625 0.06872509960159362 0.1494140625
0 0.4855577689243028 0.56689453125 0.06872509960159362 0.1494140625
0 0.6319721115537849 0.5693359375 0.06872509960159362 0.1484375
0 0.7644422310756972 0.5693359375 0.06872509960159362 0.1484375
0 0.8884462151394422 0.5673828125 0.06374501992031872 0.1484375