0 0.69189453125 0.13381201044386423 0.0185546875 0.04569190600522193
0 0.6259765625 0.13381201044386423 0.017578125 0.04569190600522193
0 0.603515625 0.13511749347258487 0.017578125 0.04569190600522193
0 0.529296875 0.13642297650130547 0.017578125 0.04569190600522193
0 0.5078125 0.13642297650130547 0.017578125 0.04569190600522193
0 0.4287109375 0.13642297650130547 0.017578125 0.04308093994778068
0 0.4072265625 0.13511749347258487 0.017578125 0.04308093994778068
0 0.3330078125 0.13642297650130547 0.017578125 0.04308093994778068
0 0.3115234375 0.13642297650130547 0.017578125 0.04308093994778068
0 0.24609375 0.13642297650130547 0.017578125 0.04308093994778068
0 0.2451171875 0.2539164490861619 0.02734375 0.0639686684073107
0 0.30126953125 0.25261096605744127 0.0283203125 0.0639686684073107
0 0.341796875 0.25261096605744127 0.02734375 0.0639686684073107
0 0.39794921875 0.25130548302872063 0.0283203125 0.0639686684073107
0 0.439453125 0.25130548302872063 0.02734375 0.0639686684073107
0 0.4970703125 0.25130548302872063 0.02734375 0.0639686684073107
0 0.53759765625 0.25130548302872063 0.0283203125 0.0639686684073107
0 0.59423828125 0.25 0.0283203125 0.0639686684073107
0 0.63525390625 0.25 0.0283203125 0.0639686684073107
0 0.6923828125 0.24934725848563968 0.02734375 0.06527415143603134
0 0.69287109375 0.38446475195822455 0.0322265625 0.07441253263707572
0 0.63525390625 0.3857702349869452 0.0322265625 0.07441253263707572
0 0.59521484375 0.3857702349869452 0.0322265625 0.07441253263707572
0 0.5380859375 0.38642297650130547 0.033203125 0.07571801566579635
0 0.49853515625 0.3857702349869452 0.0322265625 0.07441253263707572
0 0.44091796875 0.3857702349869452 0.0322265625 0.07441253263707572
0 0.40087890625 0.3857702349869452 0.0322265625 0.07441253263707572
0 0.34375 0.3870757180156658 0.033203125 0.07441253263707572
0 0.30322265625 0.3877284595300261 0.0341796875 0.07571801566579635
0 0.24658203125 0.38838120104438645 0.0322265625 0.07441253263707572
0 0.693359375 0.5117493472584856 0.033203125 0.08877284595300261
0 0.63623046875 0.5130548302872062 0.0322265625 0.08877284595300261
0 0.59619140625 0.5195822454308094 0.0322265625 0.10443864229765012
0 0.53857421875 0.5117493472584856 0.0322265625 0.08877284595300261
0 0.49853515625 0.5117493472584856 0.0322265625 0.08616187989556136
0 0.44091796875 0.5110966057441253 0.0322265625 0.08485639686684072
0 0.40087890625 0.5130548302872062 0.0322265625 0.08616187989556136
0 0.34423828125 0.5228459530026109 0.0322265625 0.10574412532637076
0 0.30322265625 0.5117493472584856 0.0322265625 0.0835509138381201
0 0.24658203125 0.5130548302872062 0.0322265625 0.0835509138381201
0 0.24462890625 0.6540469973890339 0.0322265625 0.07571801566579635
0 0.30224609375 0.6533942558746736 0.0322265625 0.07441253263707572
0 0.3427734375 0.6527415143603134 0.033203125 0.07571801566579635
0 0.39892578125 0.6527415143603134 0.0322265625 0.07571801566579635
0 0.4404296875 0.652088772845953 0.033203125 0.07441253263707572
0 0.49755859375 0.652088772845953 0.0322265625 0.07441253263707572
0 0.53857421875 0.652088772845953 0.0322265625 0.07702349869451697
0 0.5947265625 0.652088772845953 0.03125 0.07702349869451697
0 0.63671875 0.6533942558746736 0.03125 0.07702349869451697
0 0.69384765625 0.6533942558746736 0.0322265625 0.07702349869451697
0 0.7744140625 0.40013054830287204 0.0234375 0.07441253263707572
0 0.77685546875 0.5274151436031331 0.0263671875 0.09399477806788512
0 0.77978515625 0.6592689295039165 0.0205078125 0.07571801566579635
0 0.7783203125 0.2643603133159269 0.021484375 0.05352480417754569
0 0.79736328125 0.2754569190600522 0.0126953125 0.05483028720626632