0 0.26805143422354105 0.19204152249134948 0.03956478733926805 0.08304498269896193
0 0.5202769535113749 0.19377162629757785 0.04549950544015826 0.07612456747404844
0 0.7744807121661721 0.18598615916955016 0.04549950544015826 0.08823529411764706
0 0.6538081107814046 0.17128027681660898 0.04549950544015826 0.06920415224913495
0 0.39960435212660733 0.17387543252595156 0.043521266073194856 0.06747404844290658
0 0.27299703264094954 0.36678200692041524 0.057368941641938676 0.09688581314878893
0 0.27398615232443124 0.5588235294117647 0.057368941641938676 0.09688581314878893
0 0.27299703264094954 0.754325259515571 0.057368941641938676 0.09688581314878893
0 0.3867457962413452 0.754325259515571 0.057368941641938676 0.09688581314878893
0 0.526706231454006 0.36678200692041524 0.058358061325420374 0.09688581314878893
0 0.5276953511374877 0.5588235294117647 0.058358061325420374 0.09688581314878893
0 0.5291790306627102 0.7534602076124568 0.057368941641938676 0.08823529411764706
0 0.781404549950544 0.370242214532872 0.051434223541048464 0.09688581314878893
0 0.7828882294757665 0.5605536332179931 0.050445103857566766 0.09688581314878893
0 0.38229475766567755 0.36591695501730104 0.05242334322453017 0.07093425605536333
0 0.3847675568743818 0.5614186851211073 0.05341246290801187 0.08131487889273356
0 0.6340257171117705 0.3788927335640138 0.05341246290801187 0.058823529411764705
0 0.6350148367952523 0.5700692041522492 0.05341246290801187 0.07785467128027682
0 0.6345202769535113 0.7508650519031141 0.050445103857566766 0.0726643598615917
0 0.27497527200791294 0.9143598615916955 0.033630069238377844 0.04325259515570934
0 0.4391691394658754 0.8572664359861591 0.019782393669634024 0.015570934256055362
0 0.5573689416419386 0.8615916955017301 0.024727992087042534 0.01384083044982699
0 0.7235410484668645 0.8641868512110726 0.03066271018793274 0.015570934256055362