0 0.4837239583333333 0.794921875 0.016927083333333332 0.0390625
0 0.517578125 0.7919921875 0.029947916666666668 0.044921875
0 0.5514322916666666 0.79443359375 0.01953125 0.0419921875
0 0.724609375 0.94384765625 0.045572916666666664 0.0751953125
0 0.24934895833333334 0.29443359375 0.045572916666666664 0.0751953125
0 0.314453125 0.2939453125 0.045572916666666664 0.076171875
0 0.4889322916666667 0.296875 0.045572916666666664 0.076171875
0 0.5540364583333334 0.29638671875 0.045572916666666664 0.0751953125
0 0.7220052083333334 0.294921875 0.05859375 0.07421875
0 0.896484375 0.29345703125 0.048177083333333336 0.0771484375
0 0.5540364583333334 0.46435546875 0.045572916666666664 0.0791015625
0 0.4895833333333333 0.46533203125 0.046875 0.0791015625
0 0.8971354166666666 0.4619140625 0.046875 0.080078125
0 0.7233072916666666 0.4638671875 0.05859375 0.078125
0 0.7259114583333334 0.12890625 0.05859375 0.078125
0 0.5553385416666666 0.13037109375 0.048177083333333336 0.0810546875
0 0.4889322916666667 0.13037109375 0.048177083333333336 0.0810546875
0 0.2819010416666667 0.1279296875 0.05859375 0.083984375
0 0.8977864583333334 0.12548828125 0.048177083333333336 0.0810546875
0 0.962890625 0.12548828125 0.048177083333333336 0.0810546875
0 0.24544270833333334 0.63232421875 0.048177083333333336 0.0810546875
0 0.310546875 0.63330078125 0.048177083333333336 0.0810546875
0 0.244140625 0.80615234375 0.045572916666666664 0.0849609375
0 0.30859375 0.80615234375 0.046875 0.0849609375
0 0.4876302083333333 0.63525390625 0.045572916666666664 0.0810546875
0 0.5514322916666666 0.63525390625 0.045572916666666664 0.0810546875
0 0.72265625 0.63525390625 0.059895833333333336 0.0830078125
0 0.7220052083333334 0.8056640625 0.05859375 0.083984375
0 0.2740885416666667 0.9423828125 0.08203125 0.0703125
0 0.2799479166666667 0.46240234375 0.10416666666666667 0.0810546875
0 0.8997395833333334 0.63330078125 0.059895833333333336 0.0830078125
0 0.06640625 0.27783203125 0.041666666666666664 0.0869140625
0 0.06380208333333333 0.4580078125 0.041666666666666664 0.052734375
0 0.06380208333333333 0.4111328125 0.041666666666666664 0.03125