0 0.37725381414701803 0.11952191235059761 0.049930651872399444 0.099601593625498
0 0.2552011095700416 0.12450199203187251 0.049930651872399444 0.09760956175298804
0 0.13314840499306518 0.1294820717131474 0.049930651872399444 0.099601593625498
0 0.1317614424410541 0.30677290836653387 0.049930651872399444 0.099601593625498
0 0.2524271844660194 0.30278884462151395 0.049930651872399444 0.099601593625498
0 0.37586685159500693 0.299800796812749 0.049930651872399444 0.09760956175298804
0 0.130374479889043 0.4950199203187251 0.049930651872399444 0.09760956175298804
0 0.2538141470180305 0.4940239043824701 0.049930651872399444 0.099601593625498
0 0.37725381414701803 0.4910358565737052 0.049930651872399444 0.10159362549800798
0 0.130374479889043 0.6812749003984063 0.049930651872399444 0.099601593625498
0 0.2552011095700416 0.6832669322709163 0.049930651872399444 0.099601593625498
0 0.3800277392510402 0.6832669322709163 0.049930651872399444 0.099601593625498
0 0.7579750346740638 0.11553784860557768 0.04854368932038835 0.10756972111553785
0 0.8744798890429958 0.11852589641434264 0.04854368932038835 0.10557768924302789
0 0.7600554785020804 0.30278884462151395 0.049930651872399444 0.09561752988047809
0 0.8800277392510403 0.30378486055776893 0.04576976421636616 0.08964143426294821
0 0.7621359223300971 0.48306772908366535 0.05131761442441054 0.10159362549800798
0 0.8814147018030514 0.4850597609561753 0.05131761442441054 0.10159362549800798
0 0.7614424410540915 0.6733067729083665 0.049930651872399444 0.10358565737051793
0 0.8814147018030514 0.6703187250996016 0.05131761442441054 0.10159362549800798
0 0.8828016643550625 0.853585657370518 0.05131761442441054 0.10956175298804781
0 0.5880721220527045 0.11155378486055777 0.030513176144244106 0.099601593625498
0 0.5464632454923717 0.11155378486055777 0.030513176144244106 0.09163346613545817
0 0.5464632454923717 0.29282868525896416 0.030513176144244106 0.09163346613545817
0 0.5908460471567267 0.2948207171314741 0.030513176144244106 0.09163346613545817
0 0.5485436893203883 0.4860557768924303 0.03467406380027739 0.10358565737051793
0 0.5936199722607489 0.48406374501992033 0.033287101248266296 0.099601593625498
0 0.25450762829403606 0.8336653386454184 0.03467406380027739 0.025896414342629483