0 0.5403645833333334 0.20556640625 0.044270833333333336 0.0693359375
0 0.599609375 0.20458984375 0.04296875 0.0693359375
0 0.91015625 0.20458984375 0.044270833333333336 0.0693359375
0 0.9654947916666666 0.20458984375 0.04296875 0.0693359375
0 0.3079427083333333 0.34326171875 0.04296875 0.0693359375
0 0.3645833333333333 0.34326171875 0.044270833333333336 0.0673828125
0 0.53515625 0.349609375 0.044270833333333336 0.06640625
0 0.5950520833333334 0.349609375 0.044270833333333336 0.06640625
0 0.3626302083333333 0.4892578125 0.04296875 0.068359375
0 0.3046875 0.4892578125 0.044270833333333336 0.068359375
0 0.5390625 0.4931640625 0.044270833333333336 0.068359375
0 0.5983072916666666 0.49365234375 0.04296875 0.0693359375
0 0.3470052083333333 0.201171875 0.05078125 0.0703125
0 0.9075520833333334 0.3486328125 0.041666666666666664 0.064453125
0 0.9134114583333334 0.4912109375 0.04296875 0.06640625
0 0.3040364583333333 0.6396484375 0.04296875 0.072265625
0 0.3626302083333333 0.64013671875 0.04296875 0.0712890625
0 0.36328125 0.791015625 0.044270833333333336 0.072265625
0 0.302734375 0.791015625 0.04296875 0.072265625
0 0.5384114583333334 0.79296875 0.04296875 0.072265625
0 0.5983072916666666 0.79296875 0.04296875 0.072265625
0 0.5983072916666666 0.6416015625 0.04296875 0.072265625
0 0.5390625 0.64208984375 0.044270833333333336 0.0712890625
0 0.751953125 0.20361328125 0.07161458333333333 0.0693359375
0 0.7513020833333334 0.34765625 0.078125 0.068359375
0 0.7552083333333334 0.4931640625 0.07552083333333333 0.068359375
0 0.75390625 0.6416015625 0.07291666666666667 0.072265625
0 0.755859375 0.79296875 0.07161458333333333 0.072265625
0 0.19140625 0.5361328125 0.020833333333333332 0.068359375
0 0.5709635416666666 0.92041015625 0.07682291666666667 0.0791015625
0 0.759765625 0.92138671875 0.053385416666666664 0.0810546875