0 0.09234608985024959 0.0849609375 0.048252911813643926 0.041015625
0 0.1572379367720466 0.08447265625 0.048252911813643926 0.0419921875
0 0.2795341098169717 0.0849609375 0.04658901830282862 0.041015625
0 0.3452579034941764 0.08544921875 0.048252911813643926 0.0419921875
0 0.9059900166389351 0.087890625 0.048252911813643926 0.041015625
0 0.8410981697171381 0.08642578125 0.048252911813643926 0.0419921875
0 0.7179700499168054 0.08740234375 0.048252911813643926 0.0419921875
0 0.6547420965058236 0.08740234375 0.048252911813643926 0.0419921875
0 0.5332778702163061 0.08642578125 0.048252911813643926 0.0419921875
0 0.4667221297836938 0.0859375 0.048252911813643926 0.041015625
0 0.09317803660565724 0.3642578125 0.04991680532445923 0.048828125
0 0.1605657237936772 0.365234375 0.051580698835274545 0.048828125
0 0.27870216306156403 0.3642578125 0.051580698835274545 0.048828125
0 0.3469217970049917 0.365234375 0.051580698835274545 0.048828125
0 0.4650582362728785 0.365234375 0.051580698835274545 0.048828125
0 0.5341098169717138 0.365234375 0.04991680532445923 0.048828125
0 0.651414309484193 0.365234375 0.051580698835274545 0.048828125
0 0.7196339434276207 0.365234375 0.051580698835274545 0.048828125
0 0.8394342762063228 0.3662109375 0.051580698835274545 0.048828125
0 0.908485856905158 0.3662109375 0.04991680532445923 0.048828125
0 0.9093178036605657 0.4443359375 0.051580698835274545 0.048828125
0 0.8394342762063228 0.4423828125 0.051580698835274545 0.048828125
0 0.7196339434276207 0.4443359375 0.051580698835274545 0.048828125
0 0.651414309484193 0.4453125 0.051580698835274545 0.048828125
0 0.5349417637271214 0.4453125 0.051580698835274545 0.048828125
0 0.46589018302828616 0.443359375 0.04991680532445923 0.048828125
0 0.348585690515807 0.44189453125 0.051580698835274545 0.0478515625
0 0.2795341098169717 0.443359375 0.04991680532445923 0.048828125
0 0.16139767054908485 0.4443359375 0.04991680532445923 0.048828125
0 0.09484193011647254 0.443359375 0.04991680532445923 0.048828125
0 0.09317803660565724 0.5205078125 0.04991680532445923 0.048828125
0 0.1638935108153078 0.5205078125 0.051580698835274545 0.048828125
0 0.2795341098169717 0.521484375 0.04991680532445923 0.048828125
0 0.3519134775374376 0.5224609375 0.051580698835274545 0.048828125
0 0.46755407653910147 0.5224609375 0.04991680532445923 0.048828125
0 0.5349417637271214 0.52197265625 0.051580698835274545 0.0478515625
0 0.6530782029950083 0.5205078125 0.051580698835274545 0.048828125
0 0.721297836938436 0.52197265625 0.051580698835274545 0.0478515625
0 0.8394342762063228 0.52294921875 0.051580698835274545 0.0478515625
0 0.9059900166389351 0.5224609375 0.051580698835274545 0.048828125
0 0.9076539101497504 0.6015625 0.051580698835274545 0.048828125
0 0.8361064891846922 0.599609375 0.051580698835274545 0.048828125
0 0.7196339434276207 0.6005859375 0.051580698835274545 0.048828125
0 0.651414309484193 0.6005859375 0.051580698835274545 0.048828125
0 0.5316139767054908 0.60107421875 0.051580698835274545 0.0478515625
0 0.46589018302828616 0.599609375 0.04991680532445923 0.048828125
0 0.348585690515807 0.599609375 0.051580698835274545 0.048828125
0 0.27870216306156403 0.6005859375 0.051580698835274545 0.048828125
0 0.1622296173044925 0.599609375 0.051580698835274545 0.048828125
0 0.09068219633943428 0.5986328125 0.051580698835274545 0.048828125
0 0.09151414309484193 0.67919921875 0.04991680532445923 0.0478515625
0 0.16139767054908485 0.6787109375 0.04991680532445923 0.048828125
0 0.281198003327787 0.67919921875 0.04991680532445923 0.0478515625
0 0.348585690515807 0.67919921875 0.051580698835274545 0.0478515625
0 0.4650582362728785 0.677734375 0.051580698835274545 0.048828125
0 0.5341098169717138 0.67919921875 0.04991680532445923 0.0478515625
0 0.651414309484193 0.67919921875 0.051580698835274545 0.0478515625
0 0.7221297836938436 0.6806640625 0.04991680532445923 0.048828125
0 0.8402662229617305 0.6806640625 0.04991680532445923 0.048828125
0 0.9093178036605657 0.6806640625 0.051580698835274545 0.048828125
0 0.9093178036605657 0.7578125 0.051580698835274545 0.048828125
0 0.8410981697171381 0.7568359375 0.051580698835274545 0.048828125
0 0.09400998336106489 0.7568359375 0.051580698835274545 0.048828125
0 0.1622296173044925 0.755859375 0.051580698835274545 0.048828125
0 0.2820299500831947 0.755859375 0.051580698835274545 0.048828125
0 0.35108153078202997 0.7578125 0.04991680532445923 0.048828125
0 0.46422628951747086 0.7568359375 0.04991680532445923 0.048828125
0 0.5341098169717138 0.7568359375 0.04991680532445923 0.048828125
0 0.653910149750416 0.75830078125 0.04991680532445923 0.0478515625
0 0.7179700499168054 0.75830078125 0.051580698835274545 0.0478515625
0 0.12728785357737105 0.8466796875 0.13810316139767054 0.0390625
0 0.3161397670549085 0.84619140625 0.13976705490848584 0.0400390625
0 0.5 0.2041015625 0.13477537437603992 0.0625
0 0.12479201331114809 0.201171875 0.13643926788685523 0.0625
0 0.3144758735440932 0.20361328125 0.13643926788685523 0.0634765625
0 0.6855241264559068 0.203125 0.13643926788685523 0.0625
0 0.872712146422629 0.2041015625 0.13477537437603992 0.0625
0 0.8710482529118136 0.28515625 0.1314475873544093 0.041015625
0 0.6855241264559068 0.28515625 0.129783693843594 0.041015625
0 0.5 0.2861328125 0.1314475873544093 0.041015625
0 0.31697171381031614 0.28515625 0.1314475873544093 0.041015625
0 0.1264559068219634 0.283203125 0.129783693843594 0.041015625