0 0.1796875 0.63916015625 0.0390625 0.0517578125
0 0.271484375 0.63916015625 0.040364583333333336 0.0517578125
0 0.18229166666666666 0.5615234375 0.033854166666666664 0.013671875
0 0.2721354166666667 0.5615234375 0.033854166666666664 0.013671875
0 0.3841145833333333 0.5615234375 0.033854166666666664 0.013671875
0 0.4947916666666667 0.56103515625 0.033854166666666664 0.0126953125
0 0.4921875 0.638671875 0.0390625 0.052734375
0 0.3600260416666667 0.63916015625 0.032552083333333336 0.0517578125
0 0.404296875 0.63916015625 0.032552083333333336 0.0517578125
0 0.5865885416666666 0.56005859375 0.032552083333333336 0.0126953125
0 0.5833333333333334 0.638671875 0.0390625 0.052734375
0 0.693359375 0.634765625 0.05859375 0.046875
0 0.701171875 0.71826171875 0.07682291666666667 0.0830078125
0 0.693359375 0.8349609375 0.05859375 0.0546875
0 0.5833333333333334 0.8359375 0.0390625 0.0546875
0 0.4915364583333333 0.8359375 0.037760416666666664 0.0546875
0 0.3802083333333333 0.8359375 0.057291666666666664 0.0546875
0 0.2688802083333333 0.8359375 0.040364583333333336 0.0546875
0 0.177734375 0.83642578125 0.037760416666666664 0.0556640625
0 0.17838541666666666 0.73681640625 0.0390625 0.0517578125
0 0.26953125 0.73681640625 0.0390625 0.0517578125
0 0.3483072916666667 0.7138671875 0.02734375 0.08203125
0 0.39453125 0.7138671875 0.044270833333333336 0.08203125
0 0.4388020833333333 0.7138671875 0.026041666666666668 0.08203125
0 0.4921875 0.736328125 0.0390625 0.052734375
0 0.5833333333333334 0.73583984375 0.0390625 0.0537109375
0 0.07161458333333333 0.63818359375 0.0546875 0.0478515625
0 0.8430989583333334 0.61181640625 0.037760416666666664 0.0556640625