0 0.3056640625 0.24242424242424243 0.033203125 0.10526315789473684
0 0.07861328125 0.27751196172248804 0.0380859375 0.10526315789473684
0 0.07861328125 0.48963317384370014 0.0400390625 0.11483253588516747
0 0.080078125 0.7049441786283892 0.037109375 0.11164274322169059
0 0.17333984375 0.27751196172248804 0.0341796875 0.10526315789473684
0 0.21875 0.2799043062200957 0.03125 0.10685805422647528
0 0.1748046875 0.48963317384370014 0.03125 0.11483253588516747
0 0.1728515625 0.7049441786283892 0.03515625 0.11164274322169059
0 0.216796875 0.4904306220095694 0.03125 0.11642743221690591
0 0.2177734375 0.7033492822966507 0.03515625 0.11164274322169059
0 0.3564453125 0.24082934609250398 0.033203125 0.10526315789473684
0 0.439453125 0.24082934609250398 0.033203125 0.10526315789473684
0 0.525390625 0.24082934609250398 0.033203125 0.10526315789473684
0 0.5791015625 0.24003189792663476 0.033203125 0.10685805422647528
0 0.66748046875 0.24242424242424243 0.0322265625 0.10526315789473684
0 0.759765625 0.24242424242424243 0.033203125 0.10526315789473684
0 0.81396484375 0.24082934609250398 0.0322265625 0.10526315789473684
0 0.3046875 0.45055821371610844 0.033203125 0.11961722488038277
0 0.302734375 0.6730462519936204 0.037109375 0.12121212121212122
0 0.4404296875 0.8987240829346093 0.033203125 0.11642743221690591
0 0.35888671875 0.44896331738437 0.0322265625 0.11961722488038277
0 0.43798828125 0.45215311004784686 0.0361328125 0.11961722488038277
0 0.525390625 0.45215311004784686 0.033203125 0.11961722488038277
0 0.578125 0.45215311004784686 0.033203125 0.11961722488038277
0 0.6689453125 0.45055821371610844 0.033203125 0.11961722488038277
0 0.7607421875 0.45215311004784686 0.033203125 0.11961722488038277
0 0.814453125 0.45215311004784686 0.033203125 0.11961722488038277
0 0.359375 0.6738437001594896 0.033203125 0.11961722488038277
0 0.43798828125 0.6778309409888357 0.0361328125 0.12121212121212122
0 0.5283203125 0.6786283891547049 0.033203125 0.11961722488038277
0 0.578125 0.6754385964912281 0.033203125 0.11961722488038277
0 0.7578125 0.6738437001594896 0.033203125 0.11961722488038277
0 0.66552734375 0.6762360446570973 0.0361328125 0.12121212121212122
0 0.8115234375 0.6770334928229665 0.033203125 0.11961722488038277
0 0.67041015625 0.8987240829346093 0.0341796875 0.11642743221690591
0 0.53125 0.8971291866028708 0.029296875 0.11961722488038277
0 0.5810546875 0.8971291866028708 0.029296875 0.11961722488038277
0 0.8125 0.8971291866028708 0.029296875 0.11961722488038277
0 0.921875 0.2567783094098884 0.044921875 0.11483253588516747
0 0.92041015625 0.4824561403508772 0.0439453125 0.11323763955342903
0 0.92041015625 0.6993620414673046 0.0458984375 0.11642743221690591
0 0.91943359375 0.9210526315789473 0.0498046875 0.12599681020733652
0 0.080078125 0.9298245614035088 0.037109375 0.1339712918660287