0 0.48707592891760904 0.12296416938110749 0.08239095315024232 0.10260586319218241
0 0.29967689822294025 0.12296416938110749 0.08239095315024232 0.10260586319218241
0 0.678513731825525 0.12133550488599348 0.08077544426494346 0.10260586319218241
0 0.4466882067851373 0.3355048859934853 0.07592891760904685 0.10749185667752444
0 0.43618739903069464 0.5439739413680782 0.07108239095315025 0.11074918566775244
0 0.43618739903069464 0.752442996742671 0.07108239095315025 0.11074918566775244
0 0.6736672051696284 0.5171009771986971 0.07108239095315025 0.12214983713355049
0 0.210016155088853 0.750814332247557 0.061389337641357025 0.11400651465798045
0 0.72859450726979 0.34609120521172637 0.07108239095315025 0.13517915309446255
0 0.21647819063004847 0.3501628664495114 0.05815831987075929 0.14006514657980457
0 0.2148626817447496 0.5659609120521173 0.061389337641357025 0.16123778501628663
0 0.747172859450727 0.7671009771986971 0.04038772213247173 0.14332247557003258
0 0.15508885298869143 0.3330618892508143 0.03231017770597738 0.10912052117263844
0 0.2778675282714055 0.33713355048859933 0.03231017770597738 0.11074918566775244
0 0.15347334410339256 0.5447882736156352 0.03231017770597738 0.10912052117263844
0 0.2754442649434572 0.5423452768729642 0.033925686591276254 0.11074918566775244
0 0.1470113085621971 0.754071661237785 0.03231017770597738 0.11074918566775244
0 0.27059773828756056 0.752442996742671 0.033925686591276254 0.11074918566775244
0 0.6009693053311793 0.5171009771986971 0.0420032310177706 0.1254071661237785
0 0.7439418416801292 0.5187296416938111 0.04361873990306947 0.1254071661237785
0 0.8150242326332795 0.5325732899022801 0.024232633279483037 0.1270358306188925
0 0.7956381260096931 0.33631921824104233 0.04038772213247173 0.11889250814332247
0 0.6615508885298869 0.3338762214983713 0.04361873990306947 0.11400651465798045
0 0.6672051696284329 0.751628664495114 0.03231017770597738 0.11563517915309446
0 0.8109854604200323 0.753257328990228 0.022617124394184167 0.11563517915309446