0 0.13006756756756757 0.28955078125 0.037162162162162164 0.0947265625
0 0.18524774774774774 0.28857421875 0.037162162162162164 0.0927734375
0 0.38513513513513514 0.2841796875 0.1036036036036036 0.091796875
0 0.5850225225225225 0.283203125 0.10923423423423423 0.09375
0 0.13063063063063063 0.47314453125 0.038288288288288286 0.1005859375
0 0.18468468468468469 0.47314453125 0.036036036036036036 0.1005859375
0 0.7725225225225225 0.47265625 0.04054054054054054 0.103515625
0 0.8271396396396397 0.47314453125 0.037162162162162164 0.1005859375
0 0.5822072072072072 0.47021484375 0.10810810810810811 0.1005859375
0 0.38569819819819817 0.47314453125 0.10698198198198199 0.1005859375
0 0.7719594594594594 0.28662109375 0.037162162162162164 0.0927734375
0 0.8288288288288288 0.28564453125 0.038288288288288286 0.0927734375
0 0.1858108108108108 0.658203125 0.036036036036036036 0.09765625
0 0.12894144144144143 0.65771484375 0.037162162162162164 0.0966796875
0 0.35135135135135137 0.66162109375 0.038288288288288286 0.1044921875
0 0.4166666666666667 0.66162109375 0.038288288288288286 0.1064453125
0 0.5495495495495496 0.65966796875 0.04279279279279279 0.1044921875
0 0.6131756756756757 0.65869140625 0.04391891891891892 0.1044921875
0 0.803490990990991 0.65771484375 0.09797297297297297 0.1005859375
0 0.5737612612612613 0.85986328125 0.10923423423423423 0.1103515625
0 0.7972972972972973 0.85888671875 0.10135135135135136 0.1083984375
0 0.4864864864864865 0.09326171875 0.13288288288288289 0.0771484375