0 0.10372960372960373 0.25634765625 0.04428904428904429 0.0751953125
0 0.32575757575757575 0.41748046875 0.047785547785547784 0.0751953125
0 0.21445221445221446 0.41748046875 0.04895104895104895 0.0751953125
0 0.3245920745920746 0.25537109375 0.045454545454545456 0.0751953125
0 0.21386946386946387 0.255859375 0.047785547785547784 0.076171875
0 0.43356643356643354 0.904296875 0.04428904428904429 0.080078125
0 0.6544289044289044 0.90380859375 0.047785547785547784 0.0810546875
0 0.5437062937062938 0.904296875 0.045454545454545456 0.080078125
0 0.7651515151515151 0.904296875 0.045454545454545456 0.080078125
0 0.8758741258741258 0.904296875 0.047785547785547784 0.080078125
0 0.2127039627039627 0.7412109375 0.047785547785547784 0.080078125
0 0.32284382284382285 0.74072265625 0.046620046620046623 0.0791015625
0 0.43414918414918413 0.74072265625 0.045454545454545456 0.0791015625
0 0.432983682983683 0.5810546875 0.045454545454545456 0.078125
0 0.21328671328671328 0.58056640625 0.046620046620046623 0.0771484375
0 0.32342657342657344 0.5810546875 0.047785547785547784 0.078125
0 0.5437062937062938 0.73974609375 0.047785547785547784 0.0791015625
0 0.6538461538461539 0.74072265625 0.046620046620046623 0.0791015625
0 0.6538461538461539 0.58056640625 0.046620046620046623 0.0771484375
0 0.5442890442890443 0.58056640625 0.046620046620046623 0.0771484375
0 0.8747086247086248 0.74072265625 0.045454545454545456 0.0791015625
0 0.7645687645687645 0.7412109375 0.046620046620046623 0.080078125
0 0.7645687645687645 0.580078125 0.046620046620046623 0.076171875
0 0.8752913752913752 0.5810546875 0.046620046620046623 0.078125
0 0.8747086247086248 0.41748046875 0.047785547785547784 0.0751953125
0 0.8752913752913752 0.25537109375 0.046620046620046623 0.0751953125
0 0.655011655011655 0.4130859375 0.04895104895104895 0.06640625
0 0.7651515151515151 0.41796875 0.047785547785547784 0.076171875
0 0.763986013986014 0.25537109375 0.047785547785547784 0.0771484375
0 0.655011655011655 0.25537109375 0.046620046620046623 0.0751953125
0 0.5442890442890443 0.41748046875 0.046620046620046623 0.0751953125
0 0.4353146853146853 0.41748046875 0.045454545454545456 0.0751953125
0 0.5437062937062938 0.255859375 0.047785547785547784 0.07421875
0 0.43414918414918413 0.25634765625 0.047785547785547784 0.0751953125
0 0.3210955710955711 0.88232421875 0.07342657342657342 0.0302734375
0 0.6317016317016317 0.08935546875 0.07459207459207459 0.0263671875
0 0.4557109557109557 0.08984375 0.07459207459207459 0.021484375
0 0.2762237762237762 0.087890625 0.07459207459207459 0.021484375
0 0.09557109557109557 0.08984375 0.07459207459207459 0.0234375
0 0.10256410256410256 0.41748046875 0.04895104895104895 0.0751953125