0 0.28304821150855364 0.2865296803652968 0.03421461897356143 0.06164383561643835
0 0.34447900466562986 0.2876712328767123 0.03576982892690513 0.0593607305936073
0 0.40668740279937793 0.2853881278538813 0.03576982892690513 0.0593607305936073
0 0.4051321928460342 0.3949771689497717 0.03576982892690513 0.0593607305936073
0 0.34447900466562986 0.3961187214611872 0.03576982892690513 0.06164383561643835
0 0.2838258164852255 0.3961187214611872 0.03576982892690513 0.06164383561643835
0 0.4051321928460342 0.5045662100456622 0.03576982892690513 0.0593607305936073
0 0.34447900466562986 0.5045662100456622 0.03576982892690513 0.0593607305936073
0 0.2846034214618974 0.5011415525114156 0.03421461897356143 0.06164383561643835
0 0.2838258164852255 0.613013698630137 0.03576982892690513 0.06164383561643835
0 0.3452566096423017 0.6141552511415526 0.03421461897356143 0.0593607305936073
0 0.4035769828926905 0.6141552511415526 0.03576982892690513 0.0593607305936073
0 0.1423017107309487 0.3310502283105023 0.03265940902021773 0.0684931506849315
0 0.21073094867807154 0.3310502283105023 0.03265940902021773 0.0684931506849315
0 0.14307931570762053 0.22031963470319635 0.027993779160186624 0.05251141552511415
0 0.21073094867807154 0.22031963470319635 0.029548989113530325 0.05251141552511415
0 0.14385692068429237 0.4463470319634703 0.029548989113530325 0.07077625570776255
0 0.2099533437013997 0.4440639269406393 0.027993779160186624 0.07077625570776255
0 0.21228615863141523 0.5605022831050228 0.029548989113530325 0.07077625570776255
0 0.14385692068429237 0.5605022831050228 0.029548989113530325 0.07077625570776255
0 0.4937791601866252 0.2534246575342466 0.041990668740279936 0.0684931506849315
0 0.5552099533437014 0.25 0.04043545878693624 0.07077625570776255
0 0.614307931570762 0.2522831050228311 0.04043545878693624 0.07077625570776255
0 0.49300155520995337 0.3801369863013699 0.04043545878693624 0.07077625570776255
0 0.5513219284603421 0.3801369863013699 0.041990668740279936 0.07077625570776255
0 0.6127527216174183 0.3801369863013699 0.04043545878693624 0.07077625570776255
0 0.49144634525660963 0.5045662100456622 0.03732503888024884 0.0639269406392694
0 0.5489891135303266 0.5057077625570776 0.03732503888024884 0.06621004566210045
0 0.6111975116640747 0.5091324200913242 0.03732503888024884 0.0639269406392694
0 0.7052877138413686 0.2534246575342466 0.041990668740279936 0.0639269406392694
0 0.7892690513219285 0.2534246575342466 0.041990668740279936 0.0639269406392694
0 0.8740279937791602 0.2511415525114155 0.04043545878693624 0.0639269406392694
0 0.8716951788491446 0.3778538812785388 0.041990668740279936 0.06621004566210045
0 0.7877138413685848 0.3767123287671233 0.041990668740279936 0.0639269406392694
0 0.7013996889580093 0.3812785388127854 0.04043545878693624 0.0639269406392694
0 0.5668740279937792 0.1312785388127854 0.038880248833592534 0.05707762557077625
0 0.5031104199066874 0.13013698630136986 0.038880248833592534 0.0547945205479452
0 0.47667185069984447 0.639269406392694 0.017107309486780714 0.0730593607305936
0 0.5 0.6404109589041096 0.017107309486780714 0.07534246575342465
0 0.5396578538102644 0.639269406392694 0.01866251944012442 0.0730593607305936
0 0.562208398133748 0.639269406392694 0.017107309486780714 0.0730593607305936
0 0.6010886469673405 0.6415525114155252 0.017107309486780714 0.0730593607305936
0 0.6213063763608087 0.6415525114155252 0.017107309486780714 0.0730593607305936
0 0.7037325038880249 0.6415525114155252 0.038880248833592534 0.0730593607305936
0 0.7869362363919129 0.6438356164383562 0.04043545878693624 0.0730593607305936
0 0.8701399688958009 0.6438356164383562 0.038880248833592534 0.0730593607305936
0 0.7091757387247278 0.1506849315068493 0.04354587869362364 0.0593607305936073
0 0.7838258164852255 0.15296803652968036 0.06220839813374806 0.0547945205479452
0 0.8654743390357699 0.15296803652968036 0.060653188180404355 0.0547945205479452
0 0.18040435458786935 0.14726027397260275 0.09642301710730948 0.05707762557077625
0 0.16874027993779162 0.678082191780822 0.12597200622083982 0.0776255707762557
0 0.7931570762052877 0.5011415525114156 0.08398133748055987 0.07077625570776255
0 0.8779160186625194 0.5034246575342466 0.08242612752721618 0.07077625570776255
0 0.7052877138413686 0.4988584474885845 0.08242612752721618 0.07077625570776255