0 0.8862229102167183 0.5796344647519582 0.07275541795665634 0.0731070496083551
0 0.7801857585139319 0.5783289817232375 0.06501547987616099 0.07049608355091384
0 0.8862229102167183 0.4386422976501306 0.07585139318885449 0.0731070496083551
0 0.8869969040247678 0.7180156657963447 0.07430340557275542 0.0731070496083551
0 0.8831269349845201 0.30156657963446476 0.0696594427244582 0.07571801566579635
0 0.7794117647058824 0.43994778067885115 0.06346749226006192 0.07049608355091384
0 0.7770897832817337 0.2989556135770235 0.06501547987616099 0.07049608355091384
0 0.7825077399380805 0.716710182767624 0.06346749226006192 0.07049608355091384
0 0.663312693498452 0.7193211488250653 0.06656346749226007 0.07571801566579635
0 0.6625386996904025 0.5757180156657964 0.06501547987616099 0.06527415143603134
0 0.6625386996904025 0.43733681462140994 0.06501547987616099 0.06527415143603134
0 0.6625386996904025 0.29765013054830286 0.06501547987616099 0.0731070496083551
0 0.5526315789473685 0.29765013054830286 0.07430340557275542 0.0731070496083551
0 0.5526315789473685 0.4386422976501306 0.07430340557275542 0.0731070496083551
0 0.5526315789473685 0.577023498694517 0.07430340557275542 0.0731070496083551
0 0.5526315789473685 0.7154046997389034 0.07430340557275542 0.0731070496083551
0 0.4628482972136223 0.7154046997389034 0.07430340557275542 0.0731070496083551
0 0.46594427244582043 0.577023498694517 0.07120743034055728 0.0731070496083551
0 0.46439628482972134 0.43733681462140994 0.07120743034055728 0.07049608355091384
0 0.46439628482972134 0.29765013054830286 0.07120743034055728 0.0731070496083551
0 0.35835913312693496 0.2989556135770235 0.06037151702786378 0.07049608355091384
0 0.35835913312693496 0.43733681462140994 0.06037151702786378 0.07049608355091384
0 0.3560371517027864 0.5757180156657964 0.058823529411764705 0.07049608355091384
0 0.35990712074303405 0.7180156657963447 0.06037151702786378 0.0731070496083551
0 0.24380804953560373 0.5783289817232375 0.05727554179566564 0.07571801566579635
0 0.2453560371517028 0.7127937336814621 0.05727554179566564 0.06788511749347259
0 0.24458204334365324 0.43994778067885115 0.058823529411764705 0.07571801566579635
0 0.24458204334365324 0.3002610966057441 0.058823529411764705 0.0731070496083551
0 0.14086687306501547 0.3028720626631854 0.06501547987616099 0.0731070496083551
0 0.141640866873065 0.4386422976501306 0.06656346749226007 0.0731070496083551
0 0.141640866873065 0.5718015665796344 0.06656346749226007 0.0731070496083551
0 0.14318885448916407 0.7114882506527415 0.06656346749226007 0.07049608355091384
0 0.8304953560371517 0.7154046997389034 0.02631578947368421 0.0731070496083551
0 0.8312693498452013 0.577023498694517 0.02786377708978328 0.0731070496083551
0 0.8304953560371517 0.4386422976501306 0.02631578947368421 0.0731070496083551
0 0.8281733746130031 0.3002610966057441 0.02786377708978328 0.0731070496083551
0 0.6091331269349846 0.29765013054830286 0.02631578947368421 0.0731070496083551
0 0.6091331269349846 0.4386422976501306 0.02631578947368421 0.0731070496083551
0 0.6106811145510835 0.577023498694517 0.02631578947368421 0.0731070496083551
0 0.40944272445820434 0.3002610966057441 0.02631578947368421 0.0731070496083551
0 0.40789473684210525 0.4360313315926893 0.02631578947368421 0.0731070496083551
0 0.40789473684210525 0.577023498694517 0.02631578947368421 0.0731070496083551
0 0.40789473684210525 0.7180156657963447 0.02631578947368421 0.0731070496083551
0 0.19427244582043343 0.7101827676240209 0.02631578947368421 0.0731070496083551
0 0.19272445820433437 0.5744125326370757 0.02631578947368421 0.0731070496083551
0 0.19349845201238391 0.3002610966057441 0.02786377708978328 0.0731070496083551
0 0.19582043343653252 0.4360313315926893 0.02631578947368421 0.0731070496083551
0 0.6099071207430341 0.7180156657963447 0.02786377708978328 0.0731070496083551