0 0.1863468634686347 0.3274336283185841 0.07380073800738007 0.13716814159292035
0 0.34870848708487084 0.3274336283185841 0.07380073800738007 0.13274336283185842
0 0.5119926199261993 0.3252212389380531 0.07933579335793357 0.13716814159292035
0 0.6761992619926199 0.3252212389380531 0.07933579335793357 0.13716814159292035
0 0.8440959409594095 0.3241150442477876 0.07933579335793357 0.13495575221238937
0 0.18173431734317344 0.5608407079646017 0.07933579335793357 0.13495575221238937
0 0.3459409594095941 0.5608407079646017 0.07933579335793357 0.13495575221238937
0 0.5156826568265682 0.5807522123893806 0.06457564575645756 0.1836283185840708
0 0.6817343173431735 0.5564159292035398 0.07564575645756458 0.13495575221238937
0 0.8459409594095941 0.5542035398230089 0.08302583025830258 0.13938053097345132
0 0.3081180811808118 0.10619469026548672 0.07380073800738007 0.06637168141592921
0 0.5387453874538746 0.10398230088495575 0.07380073800738007 0.06637168141592921
0 0.783210332103321 0.1006637168141593 0.07195571955719557 0.06858407079646017