0 0.1171875 0.3132075471698113 0.0703125 0.13584905660377358
0 0.2353515625 0.31069182389937106 0.0703125 0.13584905660377358
0 0.35546875 0.310062893081761 0.07421875 0.1371069182389937
0 0.4765625 0.3119496855345912 0.07421875 0.13836477987421383
0 0.65673828125 0.3119496855345912 0.0732421875 0.13836477987421383
0 0.81103515625 0.3150943396226415 0.0712890625 0.1371069182389937
0 0.95947265625 0.31886792452830187 0.0712890625 0.1320754716981132
0 0.11669921875 0.5735849056603773 0.0791015625 0.20628930817610064
0 0.23388671875 0.5723270440251572 0.0791015625 0.20628930817610064
0 0.35498046875 0.5716981132075472 0.0791015625 0.20754716981132076
0 0.4775390625 0.5735849056603773 0.080078125 0.20628930817610064
0 0.65869140625 0.5710691823899371 0.0791015625 0.20628930817610064
0 0.8134765625 0.5735849056603773 0.072265625 0.20125786163522014
0 0.11669921875 0.8578616352201258 0.0810546875 0.13333333333333333
0 0.236328125 0.8584905660377359 0.08203125 0.1320754716981132
0 0.3564453125 0.8591194968553459 0.083984375 0.13333333333333333
0 0.478515625 0.8572327044025158 0.083984375 0.13459119496855346
0 0.77392578125 0.8515723270440252 0.0654296875 0.13081761006289308
0 0.95166015625 0.06666666666666667 0.0537109375 0.09056603773584905
0 0.80615234375 0.05911949685534591 0.0537109375 0.09056603773584905
0 0.80615234375 0.05911949685534591 0.0537109375 0.09056603773584905
0 0.64892578125 0.055345911949685536 0.0537109375 0.09056603773584905