0 0.58935546875 0.8519230769230769 0.0283203125 0.07307692307692308
0 0.50927734375 0.8525641025641025 0.0283203125 0.07179487179487179
0 0.4287109375 0.8525641025641025 0.02734375 0.07179487179487179
0 0.42822265625 0.7134615384615385 0.0283203125 0.07307692307692308
0 0.58984375 0.7141025641025641 0.02734375 0.07435897435897436
0 0.5107421875 0.7147435897435898 0.03125 0.07307692307692308
0 0.84619140625 0.8538461538461538 0.0263671875 0.07179487179487179
0 0.7802734375 0.8532051282051282 0.02734375 0.07307692307692308
0 0.71826171875 0.8532051282051282 0.0283203125 0.07307692307692308
0 0.65576171875 0.8532051282051282 0.0283203125 0.07307692307692308
0 0.84619140625 0.7153846153846154 0.0283203125 0.07435897435897436
0 0.7802734375 0.7147435897435898 0.02734375 0.07307692307692308
0 0.71826171875 0.7147435897435898 0.0283203125 0.07564102564102564
0 0.65576171875 0.7134615384615385 0.0283203125 0.07307692307692308
0 0.8466796875 0.5762820512820512 0.02734375 0.07051282051282051
0 0.77978515625 0.5756410256410256 0.0283203125 0.06923076923076923
0 0.7177734375 0.5756410256410256 0.02734375 0.06923076923076923
0 0.65478515625 0.5756410256410256 0.0283203125 0.06923076923076923
0 0.8466796875 0.43846153846153846 0.02734375 0.0641025641025641
0 0.7802734375 0.43846153846153846 0.02734375 0.0641025641025641
0 0.71728515625 0.43846153846153846 0.0283203125 0.0641025641025641
0 0.6552734375 0.4378205128205128 0.02734375 0.06282051282051282
0 0.50830078125 0.5756410256410256 0.0263671875 0.06923076923076923
0 0.58935546875 0.575 0.0283203125 0.07051282051282051
0 0.427734375 0.5756410256410256 0.02734375 0.06923076923076923
0 0.587890625 0.43846153846153846 0.02734375 0.0641025641025641
0 0.5078125 0.43846153846153846 0.025390625 0.0641025641025641
0 0.427734375 0.4371794871794872 0.02734375 0.0641025641025641
0 0.361328125 0.4371794871794872 0.02734375 0.0641025641025641
0 0.296875 0.43846153846153846 0.02734375 0.0641025641025641
0 0.2333984375 0.4371794871794872 0.02734375 0.0641025641025641
0 0.298828125 0.5756410256410256 0.029296875 0.07435897435897436
0 0.361328125 0.575 0.029296875 0.07307692307692308
0 0.361328125 0.7141025641025641 0.029296875 0.07435897435897436
0 0.298828125 0.7141025641025641 0.029296875 0.07435897435897436
0 0.3623046875 0.8544871794871794 0.029296875 0.07307692307692308
0 0.9365234375 0.4346153846153846 0.02734375 0.0641025641025641
0 0.935546875 0.566025641025641 0.02734375 0.05512820512820513
0 0.93505859375 0.7064102564102565 0.0263671875 0.06153846153846154
0 0.93505859375 0.8538461538461538 0.0263671875 0.07179487179487179