0 0.22592592592592592 0.2529296875 0.1037037037037037 0.109375
0 0.4351851851851852 0.25 0.0654320987654321 0.109375
0 0.2222222222222222 0.46533203125 0.1037037037037037 0.1083984375
0 0.4327160493827161 0.462890625 0.0654320987654321 0.109375
0 0.5216049382716049 0.24951171875 0.0654320987654321 0.1083984375
0 0.5185185185185185 0.46337890625 0.06419753086419754 0.1083984375
0 0.725925925925926 0.25146484375 0.1037037037037037 0.1083984375
0 0.7234567901234568 0.46533203125 0.1037037037037037 0.1083984375
0 0.43148148148148147 0.673828125 0.0654320987654321 0.109375
0 0.5191358024691358 0.6728515625 0.0654320987654321 0.109375
0 0.22407407407407406 0.67431640625 0.10493827160493827 0.1083984375
0 0.7228395061728395 0.67431640625 0.10493827160493827 0.1083984375
0 0.22469135802469137 0.8876953125 0.10864197530864197 0.125
0 0.721604938271605 0.88818359375 0.10740740740740741 0.1240234375
0 0.95 0.462890625 0.06049382716049383 0.111328125
0 0.9506172839506173 0.25146484375 0.06419753086419754 0.1083984375
0 0.9487654320987654 0.66796875 0.06049382716049383 0.111328125