0 0.6477272727272727 0.3641456582633053 0.07670454545454546 0.1092436974789916
0 0.8721590909090909 0.36064425770308123 0.07670454545454546 0.10784313725490197
0 0.6477272727272727 0.5595238095238095 0.07670454545454546 0.11904761904761904
0 0.8735795454545454 0.5581232492997199 0.07670454545454546 0.11904761904761904
0 0.6470170454545454 0.7633053221288515 0.07244318181818182 0.12324929971988796
0 0.8771306818181818 0.761204481792717 0.07244318181818182 0.12184873949579832
0 0.3252840909090909 0.7626050420168067 0.07386363636363637 0.12745098039215685
0 0.6505681818181818 0.15966386554621848 0.0625 0.0896358543417367
0 0.8693181818181818 0.1568627450980392 0.0625 0.0896358543417367
0 0.33451704545454547 0.18627450980392157 0.07528409090909091 0.10644257703081232
0 0.33167613636363635 0.37184873949579833 0.07244318181818182 0.13585434173669467
0 0.32670454545454547 0.5707282913165266 0.07954545454545454 0.15546218487394958