0 0.13054187192118227 0.1568627450980392 0.034482758620689655 0.10021786492374728
0 0.5172413793103449 0.15904139433551198 0.06568144499178982 0.0392156862745098
0 0.11658456486042693 0.5577342047930284 0.06568144499178982 0.13507625272331156
0 0.30623973727422005 0.5816993464052288 0.06732348111658457 0.18736383442265794
0 0.30952380952380953 0.35947712418300654 0.06732348111658457 0.1437908496732026
0 0.8579638752052545 0.3366013071895425 0.06732348111658457 0.1111111111111111
0 0.7167487684729064 0.3627450980392157 0.06732348111658457 0.15904139433551198
0 0.7151067323481116 0.5533769063180828 0.06403940886699508 0.13071895424836602
0 0.8481116584564861 0.5675381263616558 0.09688013136288999 0.11546840958605664
0 0.6223316912972086 0.8562091503267973 0.03284072249589491 0.0784313725490196
0 0.7151067323481116 0.8246187363834423 0.060755336617405585 0.13725490196078433
0 0.3916256157635468 0.1437908496732026 0.031198686371100164 0.04357298474945534
0 0.2889983579638752 0.14270152505446623 0.03940886699507389 0.0196078431372549
0 0.4064039408866995 0.29520697167755994 0.024630541871921183 0.04139433551198257
0 0.40229885057471265 0.49782135076252726 0.03284072249589491 0.04139433551198257
0 0.40229885057471265 0.5849673202614379 0.03284072249589491 0.07625272331154684
0 0.6231527093596059 0.49782135076252726 0.034482758620689655 0.037037037037037035
0 0.6239737274220033 0.5827886710239651 0.03284072249589491 0.07625272331154684
0 0.6231527093596059 0.29411764705882354 0.027914614121510674 0.04357298474945534
0 0.6896551724137931 0.14270152505446623 0.029556650246305417 0.037037037037037035
0 0.7635467980295566 0.1514161220043573 0.026272577996715927 0.04139433551198257
0 0.8423645320197044 0.1568627450980392 0.029556650246305417 0.10021786492374728
0 0.9794745484400657 0.17538126361655773 0.034482758620689655 0.02832244008714597
0 0.5147783251231527 0.49455337690631807 0.07060755336617405 0.4793028322440087
0 0.6231527093596059 0.7788671023965141 0.031198686371100164 0.04139433551198257