0 0.2799442896935933 0.1132596685082873 0.06963788300835655 0.07458563535911603
0 0.532033426183844 0.11533149171270718 0.09749303621169916 0.07044198895027624
0 0.8071030640668524 0.48549723756906077 0.08217270194986072 0.106353591160221
0 0.807799442896936 0.675414364640884 0.07520891364902507 0.11049723756906077
0 0.8071030640668524 0.30455801104972374 0.06824512534818941 0.0925414364640884
0 0.28551532033426186 0.2969613259668508 0.06685236768802229 0.0856353591160221
0 0.28133704735376047 0.47651933701657456 0.06963788300835655 0.10773480662983426
0 0.27506963788300837 0.6685082872928176 0.07381615598885793 0.1132596685082873
0 0.11768802228412256 0.6650552486187845 0.07381615598885793 0.10911602209944751
0 0.12674094707520892 0.47375690607734805 0.07242339832869081 0.10220994475138122
0 0.12813370473537605 0.2921270718232044 0.06685236768802229 0.08701657458563536
0 0.5167130919220055 0.2969613259668508 0.05013927576601671 0.09116022099447514
0 0.5766016713091922 0.29765193370165743 0.05013927576601671 0.08977900552486189
0 0.575208913649025 0.4930939226519337 0.05013927576601671 0.1408839779005525
0 0.5125348189415042 0.4930939226519337 0.05013927576601671 0.1408839779005525
0 0.5083565459610028 0.6899171270718232 0.052924791086350974 0.1505524861878453
0 0.5696378830083565 0.6899171270718232 0.052924791086350974 0.1505524861878453