0 0.45016077170418006 0.24853515625 0.06002143622722401 0.0966796875
0 0.602357984994641 0.248046875 0.05787781350482315 0.09765625
0 0.755091103965702 0.248046875 0.05680600214362272 0.09765625
0 0.9062165058949625 0.248046875 0.06109324758842444 0.09765625
0 0.44962486602357987 0.4716796875 0.07181136120042872 0.119140625
0 0.6028938906752411 0.47265625 0.06752411575562701 0.1171875
0 0.755091103965702 0.47216796875 0.06752411575562701 0.1181640625
0 0.909967845659164 0.47412109375 0.06859592711682744 0.1201171875
0 0.4490889603429796 0.71484375 0.07717041800643087 0.12890625
0 0.6045016077170418 0.71484375 0.07717041800643087 0.12890625
0 0.755091103965702 0.71484375 0.06966773847802786 0.130859375
0 0.9083601286173634 0.71484375 0.06966773847802786 0.12890625
0 0.44962486602357987 0.92724609375 0.06109324758842444 0.0947265625
0 0.6018220793140407 0.927734375 0.05894962486602358 0.09375
0 0.7556270096463023 0.927734375 0.055734190782422297 0.091796875
0 0.9088960342979635 0.92919921875 0.055734190782422297 0.0947265625
0 0.16988210075026794 0.224609375 0.05894962486602358 0.09765625
0 0.10182207931404073 0.2236328125 0.05787781350482315 0.09765625
0 0.08360128617363344 0.458984375 0.0707395498392283 0.125
0 0.18220793140407288 0.45703125 0.0707395498392283 0.125
0 0.1827438370846731 0.7021484375 0.07181136120042872 0.130859375
0 0.0819935691318328 0.703125 0.07181136120042872 0.130859375
0 0.18381564844587353 0.921875 0.05894962486602358 0.095703125