0 0.10642857142857143 0.41606498194945846 0.07 0.16064981949458484
0 0.10857142857142857 0.677797833935018 0.06 0.14259927797833935
0 0.8342857142857143 0.6750902527075813 0.045714285714285714 0.1624548736462094
0 0.7728571428571429 0.677797833935018 0.045714285714285714 0.16425992779783394
0 0.5535714285714286 0.4214801444043321 0.06428571428571428 0.13898916967509026
0 0.29642857142857143 0.4268953068592058 0.05857142857142857 0.13537906137184116
0 0.29 0.6823104693140795 0.06 0.1371841155234657
0 0.5521428571428572 0.6859205776173285 0.05857142857142857 0.148014440433213
0 0.41785714285714287 0.7030685920577617 0.05285714285714286 0.17509025270758122
0 0.4157142857142857 0.4368231046931408 0.05714285714285714 0.16967509025270758
0 0.415 0.9223826714801444 0.05857142857142857 0.1299638989169675
0 0.5421428571428571 0.924187725631769 0.05857142857142857 0.1299638989169675
0 0.765 0.9205776173285198 0.05857142857142857 0.1299638989169675
0 0.8371428571428572 0.9223826714801444 0.06 0.1299638989169675
0 0.3142857142857143 0.18862815884476533 0.04857142857142857 0.11010830324909747
0 0.5257142857142857 0.18862815884476533 0.04857142857142857 0.11010830324909747
0 0.41928571428571426 0.19043321299638988 0.05285714285714286 0.11732851985559567
0 0.10714285714285714 0.18140794223826714 0.054285714285714284 0.10288808664259928
0 0.7821428571428571 0.17689530685920576 0.027142857142857142 0.10830324909747292
0 0.8264285714285714 0.17509025270758122 0.027142857142857142 0.10830324909747292