0 0.349609375 0.5766182298546896 0.044921875 0.1096433289299868
0 0.09912109375 0.3414795244385733 0.0458984375 0.10700132100396301
0 0.22802734375 0.3428005284015852 0.0458984375 0.10435931307793923
0 0.3486328125 0.34346103038309117 0.044921875 0.10568031704095113
0 0.10009765625 0.5752972258916776 0.0458984375 0.11228533685601057
0 0.22900390625 0.5759577278731837 0.0458984375 0.11096433289299867
0 0.486328125 0.3394980184940555 0.044921875 0.10303830911492734
0 0.63525390625 0.33883751651254956 0.0458984375 0.1096433289299868
0 0.7822265625 0.33883751651254956 0.044921875 0.10435931307793923
0 0.486328125 0.5739762219286658 0.044921875 0.11228533685601057
0 0.63671875 0.5733157199471598 0.044921875 0.11096433289299867
0 0.78271484375 0.5726552179656539 0.0458984375 0.1096433289299868
0 0.9228515625 0.34346103038309117 0.044921875 0.10568031704095113
0 0.923828125 0.5766182298546896 0.046875 0.1096433289299868
0 0.09814453125 0.834214002642008 0.0458984375 0.11228533685601057
0 0.22900390625 0.832892998678996 0.0458984375 0.11228533685601057
0 0.35009765625 0.834214002642008 0.0458984375 0.11228533685601057
0 0.78173828125 0.832892998678996 0.0458984375 0.11228533685601057
0 0.48583984375 0.832892998678996 0.0458984375 0.11228533685601057
0 0.2080078125 0.14861294583883752 0.02734375 0.022457067371202115
0 0.4736328125 0.1525759577278732 0.02734375 0.022457067371202115
0 0.97412109375 0.1499339498018494 0.0244140625 0.019815059445178335