0 0.11444652908067542 0.0712890625 0.05628517823639775 0.0390625
0 0.19887429643527205 0.0712890625 0.05628517823639775 0.0390625
0 0.2861163227016886 0.0703125 0.054409005628517824 0.0390625
0 0.42213883677298314 0.0693359375 0.05628517823639775 0.0390625
0 0.5056285178236398 0.06982421875 0.054409005628517824 0.0400390625
0 0.5909943714821764 0.0693359375 0.05628517823639775 0.0390625
0 0.8968105065666041 0.0712890625 0.05628517823639775 0.0390625
0 0.8123827392120075 0.07080078125 0.05628517823639775 0.0400390625
0 0.726078799249531 0.0703125 0.05628517823639775 0.0390625
0 0.8921200750469043 0.15673828125 0.058161350844277676 0.0537109375
0 0.8123827392120075 0.1572265625 0.0600375234521576 0.052734375
0 0.7317073170731707 0.15673828125 0.0600375234521576 0.0537109375
0 0.5881801125703565 0.15576171875 0.058161350844277676 0.0537109375
0 0.5046904315196998 0.15673828125 0.0600375234521576 0.0537109375
0 0.42401500938086306 0.15576171875 0.0600375234521576 0.0537109375
0 0.2776735459662289 0.15673828125 0.0600375234521576 0.0537109375
0 0.199812382739212 0.15771484375 0.058161350844277676 0.0537109375
0 0.11726078799249531 0.15869140625 0.058161350844277676 0.0537109375
0 0.11538461538461539 0.23779296875 0.058161350844277676 0.0498046875
0 0.19606003752345216 0.23583984375 0.058161350844277676 0.0498046875
0 0.27861163227016883 0.23583984375 0.058161350844277676 0.0498046875
0 0.424953095684803 0.23779296875 0.058161350844277676 0.0498046875
0 0.5037523452157598 0.23681640625 0.058161350844277676 0.0498046875
0 0.5881801125703565 0.23583984375 0.058161350844277676 0.0498046875
0 0.7326454033771107 0.23583984375 0.058161350844277676 0.0498046875
0 0.8114446529080676 0.23583984375 0.058161350844277676 0.0498046875
0 0.8939962476547842 0.23681640625 0.058161350844277676 0.0498046875
0 0.8930581613508443 0.3154296875 0.05628517823639775 0.05078125
0 0.8114446529080676 0.3154296875 0.058161350844277676 0.05078125
0 0.7307692307692307 0.31396484375 0.058161350844277676 0.0498046875
0 0.5863039399624765 0.31396484375 0.058161350844277676 0.0498046875
0 0.50187617260788 0.31396484375 0.058161350844277676 0.0498046875
0 0.42120075046904315 0.31494140625 0.058161350844277676 0.0498046875
0 0.274859287054409 0.3154296875 0.058161350844277676 0.05078125
0 0.1904315196998124 0.31689453125 0.06191369606003752 0.0498046875
0 0.10881801125703565 0.3173828125 0.0600375234521576 0.052734375
0 0.10787992495309569 0.39794921875 0.06191369606003752 0.0537109375
0 0.18761726078799248 0.39794921875 0.0600375234521576 0.0537109375
0 0.2701688555347092 0.39697265625 0.0600375234521576 0.0537109375
0 0.4165103189493433 0.39697265625 0.0600375234521576 0.0537109375
0 0.4981238273921201 0.39697265625 0.06191369606003752 0.0537109375
0 0.5825515947467167 0.3955078125 0.06191369606003752 0.052734375
0 0.7298311444652908 0.39453125 0.0600375234521576 0.052734375
0 0.8123827392120075 0.3955078125 0.0600375234521576 0.052734375
0 0.8949343339587242 0.39697265625 0.0600375234521576 0.0537109375
0 0.8977485928705441 0.4794921875 0.06191369606003752 0.052734375
0 0.8123827392120075 0.48046875 0.06378986866791744 0.0546875
0 0.7288930581613509 0.4794921875 0.06191369606003752 0.0546875
0 0.5816135084427767 0.4794921875 0.06378986866791744 0.0546875
0 0.4981238273921201 0.48046875 0.06191369606003752 0.0546875
0 0.5825515947467167 0.56640625 0.06191369606003752 0.0546875
0 0.7270168855534709 0.5654296875 0.06191369606003752 0.0546875
0 0.8123827392120075 0.564453125 0.06378986866791744 0.0546875
0 0.8958724202626641 0.564453125 0.06191369606003752 0.0546875
0 0.41369606003752346 0.4814453125 0.06191369606003752 0.0546875
0 0.27298311444652906 0.4833984375 0.06191369606003752 0.0546875
0 0.1904315196998124 0.4833984375 0.06191369606003752 0.0546875
0 0.10600375234521577 0.4833984375 0.06191369606003752 0.0546875
0 0.10881801125703565 0.5693359375 0.06378986866791744 0.0546875
0 0.18855534709193245 0.568359375 0.06191369606003752 0.0546875
0 0.27298311444652906 0.5693359375 0.06191369606003752 0.0546875
0 0.4155722326454034 0.5673828125 0.06191369606003752 0.0546875
0 0.5 0.5673828125 0.06191369606003752 0.0546875
0 0.10881801125703565 0.6513671875 0.06378986866791744 0.0546875
0 0.19230769230769232 0.6513671875 0.06191369606003752 0.0546875
0 0.27298311444652906 0.6533203125 0.06191369606003752 0.0546875
0 0.4174484052532833 0.65234375 0.06191369606003752 0.0546875
0 0.50187617260788 0.65234375 0.06191369606003752 0.0546875
0 0.5844277673545967 0.6513671875 0.06191369606003752 0.0546875
0 0.7288930581613509 0.6494140625 0.06191369606003752 0.0546875
0 0.8114446529080676 0.6484375 0.06191369606003752 0.0546875
0 0.8939962476547842 0.6494140625 0.06191369606003752 0.0546875
0 0.1125703564727955 0.73388671875 0.06378986866791744 0.0537109375
0 0.19136960600375236 0.73388671875 0.06378986866791744 0.0537109375
0 0.27392120075046905 0.73486328125 0.06378986866791744 0.0537109375
0 0.41369606003752346 0.7353515625 0.06191369606003752 0.052734375
0 0.50093808630394 0.7353515625 0.06378986866791744 0.052734375
0 0.5834896810506567 0.73486328125 0.06378986866791744 0.0537109375
0 0.8949343339587242 0.7333984375 0.06378986866791744 0.052734375
0 0.8105065666041276 0.73583984375 0.06378986866791744 0.0537109375
0 0.726078799249531 0.73486328125 0.06378986866791744 0.0537109375
0 0.20168855534709193 0.83349609375 0.21200750469043153 0.0615234375
0 0.5056285178236398 0.83349609375 0.2270168855534709 0.0615234375
0 0.7720450281425891 0.83203125 0.13696060037523453 0.064453125
0 0.9230769230769231 0.83642578125 0.07129455909943715 0.0400390625