0 0.41064453125 0.5935412026726058 0.0341796875 0.1492204899777283
0 0.64599609375 0.5946547884187082 0.0302734375 0.14699331848552338
0 0.07080078125 0.24276169265033407 0.0302734375 0.14253897550111358
0 0.177734375 0.24387527839643652 0.03125 0.1447661469933185
0 0.31396484375 0.24387527839643652 0.0302734375 0.1447661469933185
0 0.06787109375 0.4365256124721604 0.0283203125 0.155902004454343
0 0.17724609375 0.4365256124721604 0.0283203125 0.155902004454343
0 0.31494140625 0.43429844097995546 0.0322265625 0.14253897550111358
0 0.31396484375 0.6380846325167038 0.0341796875 0.15367483296213807
0 0.17626953125 0.6403118040089086 0.0361328125 0.16258351893095768
0 0.06982421875 0.6425389755011136 0.0361328125 0.16258351893095768
0 0.2470703125 0.22048997772828507 0.021484375 0.0935412026726058
0 0.24755859375 0.41202672605790647 0.0205078125 0.10244988864142539
0 0.24658203125 0.6146993318485523 0.0205078125 0.10244988864142539
0 0.38623046875 0.19599109131403117 0.0146484375 0.0757238307349666
0 0.40966796875 0.19599109131403117 0.0146484375 0.0757238307349666
0 0.43310546875 0.19599109131403117 0.0146484375 0.0757238307349666
0 0.50634765625 0.19487750556792874 0.0146484375 0.08240534521158129
0 0.52685546875 0.19821826280623608 0.0146484375 0.0757238307349666
0 0.55029296875 0.19821826280623608 0.0146484375 0.0757238307349666
0 0.62158203125 0.20044543429844097 0.0146484375 0.0757238307349666
0 0.64404296875 0.20044543429844097 0.0146484375 0.0757238307349666
0 0.66650390625 0.20044543429844097 0.0146484375 0.0757238307349666
0 0.41064453125 0.3530066815144766 0.0283203125 0.11358574610244988
0 0.64501953125 0.35523385300668153 0.0283203125 0.11358574610244988
0 0.50341796875 0.3518930957683742 0.0205078125 0.111358574610245
0 0.52734375 0.3530066815144766 0.01953125 0.11358574610244988
0 0.552734375 0.3518930957683742 0.01953125 0.111358574610245
0 0.4111328125 0.8351893095768375 0.04296875 0.14699331848552338
0 0.64599609375 0.8307349665924276 0.0419921875 0.14699331848552338
0 0.52880859375 0.576837416481069 0.0419921875 0.155902004454343
0 0.857421875 0.20935412026726058 0.01953125 0.08908685968819599
0 0.8583984375 0.3819599109131403 0.01953125 0.09131403118040089
0 0.859375 0.5712694877505567 0.021484375 0.10467706013363029
0 0.8212890625 0.37973273942093544 0.01953125 0.09131403118040089
0 0.8193359375 0.20824053452115812 0.01953125 0.09131403118040089
0 0.8212890625 0.5734966592427617 0.01953125 0.10022271714922049
0 0.818359375 0.12694877505567928 0.01171875 0.013363028953229399
0 0.85693359375 0.12694877505567928 0.0107421875 0.013363028953229399
0 0.75048828125 0.12472160356347439 0.0107421875 0.013363028953229399
0 0.75146484375 0.22605790645879734 0.0302734375 0.1358574610244989
0 0.7529296875 0.4042316258351893 0.03125 0.1403118040089087
0 0.75439453125 0.5991091314031181 0.0361328125 0.155902004454343
0 0.923828125 0.5679287305122495 0.029296875 0.0935412026726058
0 0.9267578125 0.4086859688195991 0.033203125 0.12694877505567928