0 0.66375 0.1522911051212938 0.0875 0.1320754716981132
0 0.563125 0.14555256064690028 0.08625 0.1293800539083558
0 0.664375 0.40161725067385445 0.08625 0.14555256064690028
0 0.560625 0.40161725067385445 0.08625 0.14555256064690028
0 0.56625 0.6536388140161725 0.0825 0.14285714285714285
0 0.66375 0.6590296495956873 0.0875 0.14285714285714285
0 0.47375 0.20215633423180593 0.055 0.1078167115902965
0 0.475 0.4393530997304582 0.055 0.1078167115902965
0 0.4775 0.6765498652291105 0.055 0.1078167115902965
0 0.894375 0.4919137466307278 0.02625 0.0889487870619946
0 0.895625 0.7196765498652291 0.02625 0.09164420485175202
0 0.889375 0.25336927223719674 0.02625 0.08086253369272237
0 0.743125 0.1778975741239892 0.03875 0.16711590296495957
0 0.745 0.4164420485175202 0.0375 0.16981132075471697
0 0.744375 0.6657681940700808 0.03875 0.16711590296495957
0 0.163125 0.6819407008086253 0.09125 0.12398921832884097
0 0.1675 0.444743935309973 0.0825 0.11859838274932614
0 0.166875 0.21024258760107817 0.08375 0.11859838274932614
0 0.30375 0.4393530997304582 0.0675 0.1078167115902965
0 0.3075 0.6765498652291105 0.0675 0.1078167115902965
0 0.3075 0.20080862533692723 0.0675 0.1105121293800539
0 0.415 0.18328840970350405 0.0275 0.07008086253369272
0 0.414375 0.41778975741239893 0.02875 0.07008086253369272
0 0.4175 0.6765498652291105 0.0275 0.1078167115902965
0 0.306875 0.9123989218328841 0.06875 0.1105121293800539
0 0.14375 0.898921832884097 0.045 0.0889487870619946
0 0.195625 0.9002695417789758 0.02375 0.09703504043126684
0 0.71625 0.9177897574123989 0.05 0.11590296495956873
0 0.62125 0.9164420485175202 0.05 0.11320754716981132
0 0.896875 0.9285714285714286 0.05375 0.09433962264150944
0 0.41875 0.9070080862533693 0.0275 0.1105121293800539