0 0.25463623395149787 0.12451171875 0.06990014265335236 0.0673828125
0 0.14122681883024252 0.12353515625 0.07132667617689016 0.0673828125
0 0.369472182596291 0.12744140625 0.07132667617689016 0.0673828125
0 0.4015691868758916 0.26611328125 0.06990014265335236 0.0556640625
0 0.40228245363766046 0.41064453125 0.07417974322396577 0.0712890625
0 0.18687589158345222 0.279296875 0.09415121255349501 0.09375
0 0.19400855920114124 0.42041015625 0.10841654778887304 0.1044921875
0 0.4029957203994294 0.552734375 0.08416547788873038 0.08203125
0 0.19400855920114124 0.56982421875 0.11412268188302425 0.1083984375
0 0.398716119828816 0.71630859375 0.0898716119828816 0.0908203125
0 0.19044222539229672 0.7353515625 0.12125534950071326 0.126953125
0 0.6198288159771754 0.14599609375 0.0898716119828816 0.0673828125
0 0.862339514978602 0.14697265625 0.0898716119828816 0.0673828125
0 0.8673323823109843 0.28173828125 0.0912981455064194 0.0693359375
0 0.6184022824536377 0.2802734375 0.0898716119828816 0.0703125
0 0.8751783166904422 0.4248046875 0.08416547788873038 0.0859375
0 0.6241084165477889 0.423828125 0.08416547788873038 0.0859375
0 0.6291012838801712 0.57421875 0.0912981455064194 0.09375
0 0.8716119828815977 0.57373046875 0.0912981455064194 0.0947265625
0 0.8651925820256776 0.744140625 0.08701854493580599 0.10546875
0 0.6298145506419401 0.74658203125 0.08416547788873038 0.1083984375
0 0.4094151212553495 0.86572265625 0.07703281027104136 0.0439453125