0 0.21499013806706113 0.14978902953586498 0.07100591715976332 0.0759493670886076
0 0.30177514792899407 0.15084388185654007 0.07100591715976332 0.07383966244725738
0 0.3905325443786982 0.1540084388185654 0.07100591715976332 0.0759493670886076
0 0.47928994082840237 0.15611814345991562 0.07100591715976332 0.0759493670886076
0 0.5690335305719921 0.15611814345991562 0.07297830374753451 0.0759493670886076
0 0.126232741617357 0.15084388185654007 0.07100591715976332 0.07383966244725738
0 0.23175542406311636 0.31329113924050633 0.0611439842209073 0.10759493670886076
0 0.40433925049309666 0.3154008438818565 0.0631163708086785 0.11181434599156118
0 0.5838264299802761 0.31645569620253167 0.0631163708086785 0.10970464135021098
0 0.8057199211045365 0.3217299578059072 0.0611439842209073 0.10759493670886076
0 0.8067061143984221 0.520042194092827 0.0631163708086785 0.13291139240506328
0 0.5838264299802761 0.5126582278481012 0.07100591715976332 0.1308016877637131
0 0.40433925049309666 0.510548523206751 0.07100591715976332 0.1308016877637131
0 0.22879684418145957 0.5084388185654009 0.07100591715976332 0.1308016877637131
0 0.23076923076923078 0.7088607594936709 0.0631163708086785 0.11392405063291139
0 0.40433925049309666 0.7109704641350211 0.0631163708086785 0.11392405063291139
0 0.5838264299802761 0.7172995780590717 0.0631163708086785 0.11392405063291139
0 0.8086785009861933 0.7194092827004219 0.0631163708086785 0.11392405063291139