0 0.8589894242068156 0.2353515625 0.04935370152761457 0.05078125
0 0.6733254994124559 0.2353515625 0.04935370152761457 0.05078125
0 0.4782608695652174 0.2353515625 0.04935370152761457 0.05078125
0 0.28554641598119856 0.2392578125 0.04935370152761457 0.05078125
0 0.10340775558166862 0.2451171875 0.04935370152761457 0.05078125
0 0.86310223266745 0.3623046875 0.045828437132784956 0.080078125
0 0.6745005875440658 0.3603515625 0.04465334900117509 0.080078125
0 0.4782608695652174 0.3623046875 0.04465334900117509 0.080078125
0 0.28437132784958874 0.365234375 0.04465334900117509 0.080078125
0 0.099882491186839 0.369140625 0.04465334900117509 0.080078125
0 0.28319623971797886 0.50732421875 0.04700352526439483 0.0751953125
0 0.47591069330199764 0.50537109375 0.04700352526439483 0.0751953125
0 0.09811985898942421 0.51025390625 0.0481786133960047 0.0751953125
0 0.6762632197414806 0.5048828125 0.0481786133960047 0.072265625
0 0.8619271445358402 0.50439453125 0.0481786133960047 0.0751953125
0 0.6733254994124559 0.65478515625 0.0564042303172738 0.0927734375
0 0.8654524089306698 0.6552734375 0.057579318448883664 0.09375
0 0.2826086956521739 0.6572265625 0.057579318448883664 0.09375
0 0.47414806110458285 0.6357421875 0.07873090481786134 0.095703125
0 0.28319623971797886 0.80908203125 0.04935370152761457 0.0673828125
0 0.6709753231492362 0.07861328125 0.05405405405405406 0.0341796875
0 0.8566392479435958 0.07861328125 0.05405405405405406 0.0341796875
0 0.481786133960047 0.08154296875 0.05405405405405406 0.0341796875
0 0.2890716803760282 0.08642578125 0.05405405405405406 0.0341796875
0 0.10752056404230317 0.09228515625 0.055229142185663924 0.0341796875
0 0.47532314923619273 0.8115234375 0.05052878965922444 0.068359375
0 0.6745005875440658 0.81005859375 0.04935370152761457 0.0673828125