0 0.59326171875 0.41304347826086957 0.0439453125 0.09178743961352658
0 0.52294921875 0.4082125603864734 0.0439453125 0.09178743961352658
0 0.45361328125 0.4033816425120773 0.0439453125 0.09178743961352658
0 0.3837890625 0.4033816425120773 0.044921875 0.09178743961352658
0 0.31201171875 0.4082125603864734 0.0439453125 0.09178743961352658
0 0.24462890625 0.4082125603864734 0.0439453125 0.09178743961352658
0 0.17822265625 0.41304347826086957 0.0439453125 0.09178743961352658
0 0.1083984375 0.41304347826086957 0.044921875 0.09178743961352658
0 0.10986328125 0.6256038647342995 0.0439453125 0.09178743961352658
0 0.17724609375 0.6207729468599034 0.0439453125 0.09178743961352658
0 0.24560546875 0.6256038647342995 0.0439453125 0.09178743961352658
0 0.31201171875 0.6207729468599034 0.0439453125 0.09178743961352658
0 0.38330078125 0.6207729468599034 0.0439453125 0.09178743961352658
0 0.45263671875 0.6256038647342995 0.0439453125 0.09178743961352658
0 0.521484375 0.6207729468599034 0.044921875 0.09178743961352658
0 0.59033203125 0.6256038647342995 0.0439453125 0.09178743961352658
0 0.72607421875 0.41304347826086957 0.0439453125 0.09178743961352658
0 0.72509765625 0.6207729468599034 0.0439453125 0.09178743961352658
0 0.79248046875 0.6207729468599034 0.0439453125 0.09178743961352658
0 0.79248046875 0.4082125603864734 0.0439453125 0.09178743961352658
0 0.85986328125 0.4082125603864734 0.0439453125 0.09178743961352658
0 0.85986328125 0.6256038647342995 0.0439453125 0.09178743961352658
0 0.92626953125 0.6207729468599034 0.0439453125 0.09178743961352658
0 0.92626953125 0.4033816425120773 0.0439453125 0.09178743961352658
0 0.4873046875 0.8743961352657005 0.080078125 0.21256038647342995
0 0.5732421875 0.8864734299516909 0.076171875 0.16908212560386474
0 0.7373046875 0.8695652173913043 0.068359375 0.18357487922705315
0 0.80859375 0.8816425120772947 0.068359375 0.178743961352657
0 0.9697265625 0.8913043478260869 0.046875 0.178743961352657
0 0.91015625 0.8792270531400966 0.060546875 0.1642512077294686
0 0.857421875 0.7971014492753623 0.025390625 0.03864734299516908