0 0.1543956043956044 0.16845703125 0.07362637362637363 0.0986328125
0 0.32857142857142857 0.16796875 0.07252747252747253 0.09765625
0 0.1554945054945055 0.40478515625 0.07362637362637363 0.1279296875
0 0.32857142857142857 0.40478515625 0.07252747252747253 0.1279296875
0 0.5027472527472527 0.1689453125 0.07142857142857142 0.095703125
0 0.671978021978022 0.16796875 0.07142857142857142 0.09765625
0 0.5016483516483516 0.40380859375 0.07362637362637363 0.1259765625
0 0.6714285714285714 0.4033203125 0.07032967032967033 0.126953125
0 0.8417582417582418 0.16748046875 0.07252747252747253 0.0966796875
0 0.8428571428571429 0.40283203125 0.07252747252747253 0.1279296875
0 0.15604395604395604 0.65478515625 0.09010989010989011 0.1708984375
0 0.3302197802197802 0.654296875 0.0912087912087912 0.169921875
0 0.15714285714285714 0.8720703125 0.06813186813186813 0.1015625
0 0.3313186813186813 0.87060546875 0.06923076923076923 0.1005859375
0 0.6730769230769231 0.65283203125 0.08901098901098901 0.1728515625
0 0.8417582417582418 0.6513671875 0.09010989010989011 0.171875
0 0.6736263736263737 0.869140625 0.06813186813186813 0.1015625
0 0.8461538461538461 0.8681640625 0.07032967032967033 0.103515625
0 0.5021978021978022 0.6533203125 0.09010989010989011 0.169921875
0 0.5027472527472527 0.8701171875 0.06923076923076923 0.1015625