0 0.1361344537815126 0.14111328125 0.09411764705882353 0.0615234375
0 0.3142857142857143 0.13720703125 0.09411764705882353 0.0615234375
0 0.49747899159663866 0.13671875 0.09747899159663866 0.0625
0 0.6823529411764706 0.13623046875 0.09411764705882353 0.0615234375
0 0.8588235294117647 0.13720703125 0.09411764705882353 0.0615234375
0 0.3142857142857143 0.33642578125 0.09747899159663866 0.0576171875
0 0.13109243697478992 0.33935546875 0.09747899159663866 0.0576171875
0 0.5008403361344538 0.33447265625 0.09747899159663866 0.0576171875
0 0.6890756302521008 0.33544921875 0.09747899159663866 0.0576171875
0 0.8689075630252101 0.33837890625 0.09747899159663866 0.0576171875
0 0.1361344537815126 0.22705078125 0.09747899159663866 0.0322265625
0 0.31512605042016806 0.22412109375 0.0957983193277311 0.0322265625
0 0.4991596638655462 0.22265625 0.09747899159663866 0.03125
0 0.6781512605042017 0.22412109375 0.0957983193277311 0.0322265625
0 0.8596638655462185 0.224609375 0.0957983193277311 0.03515625
0 0.12941176470588237 0.44580078125 0.09747899159663866 0.0673828125
0 0.12941176470588237 0.55224609375 0.09747899159663866 0.0673828125
0 0.8705882352941177 0.44482421875 0.09747899159663866 0.0673828125
0 0.8689075630252101 0.55029296875 0.09747899159663866 0.0673828125
0 0.6680672268907563 0.44970703125 0.1226890756302521 0.0634765625
0 0.5033613445378151 0.447265625 0.15630252100840336 0.060546875
0 0.334453781512605 0.44970703125 0.12100840336134454 0.0634765625
0 0.3319327731092437 0.55517578125 0.12605042016806722 0.0673828125
0 0.6672268907563025 0.55419921875 0.12436974789915967 0.0673828125
0 0.5008403361344538 0.55126953125 0.15798319327731092 0.0693359375
0 0.12773109243697478 0.65576171875 0.09747899159663866 0.0654296875
0 0.8714285714285714 0.65283203125 0.09915966386554621 0.0634765625
0 0.66890756302521 0.6552734375 0.12100840336134454 0.064453125
0 0.3302521008403361 0.65625 0.12941176470588237 0.060546875
0 0.5016806722689076 0.65283203125 0.16302521008403362 0.0634765625
0 0.6764705882352942 0.79248046875 0.14285714285714285 0.0595703125
0 0.5025210084033613 0.7919921875 0.16134453781512606 0.060546875
0 0.32941176470588235 0.79443359375 0.1411764705882353 0.0595703125
0 0.1319327731092437 0.779296875 0.10252100840336134 0.083984375
0 0.873109243697479 0.77734375 0.10252100840336134 0.083984375
0 0.32941176470588235 0.748046875 0.14453781512605043 0.015625
0 0.6739495798319328 0.7470703125 0.14453781512605043 0.015625
0 0.5033613445378151 0.7470703125 0.16302521008403362 0.015625