0 0.2634032634032634 0.17166416791604197 0.04895104895104895 0.0704647676161919
0 0.3269230769230769 0.16941529235382308 0.05011655011655012 0.06896551724137931
0 0.6031468531468531 0.1634182908545727 0.05011655011655012 0.06896551724137931
0 0.6672494172494172 0.16116941529235382 0.05011655011655012 0.0704647676161919
0 0.8391608391608392 0.30884557721139433 0.05128205128205128 0.06296851574212893
0 0.7645687645687645 0.30884557721139433 0.05128205128205128 0.06296851574212893
0 0.6946386946386947 0.3073463268365817 0.05128205128205128 0.06296851574212893
0 0.6235431235431236 0.3073463268365817 0.05128205128205128 0.06296851574212893
0 0.5501165501165501 0.3073463268365817 0.05128205128205128 0.06296851574212893
0 0.4825174825174825 0.30884557721139433 0.05128205128205128 0.06296851574212893
0 0.4143356643356643 0.3073463268365817 0.05011655011655012 0.06296851574212893
0 0.34440559440559443 0.3058470764617691 0.05011655011655012 0.06296851574212893
0 0.27564102564102566 0.3058470764617691 0.05011655011655012 0.06296851574212893
0 0.2097902097902098 0.30884557721139433 0.046620046620046623 0.06296851574212893
0 0.14219114219114218 0.3073463268365817 0.046620046620046623 0.06296851574212893
0 0.14277389277389277 0.4985007496251874 0.045454545454545456 0.09145427286356822
0 0.21037296037296038 0.5 0.045454545454545456 0.09145427286356822
0 0.2773892773892774 0.5 0.046620046620046623 0.09145427286356822
0 0.34557109557109555 0.5007496251874063 0.045454545454545456 0.08995502248875563
0 0.4160839160839161 0.5007496251874063 0.04895104895104895 0.08995502248875563
0 0.486013986013986 0.5022488755622189 0.05128205128205128 0.09895052473763119
0 0.5536130536130536 0.5037481259370314 0.05128205128205128 0.09895052473763119
0 0.6247086247086248 0.5022488755622189 0.05128205128205128 0.09895052473763119
0 0.6946386946386947 0.5052473763118441 0.05128205128205128 0.09895052473763119
0 0.7657342657342657 0.5037481259370314 0.05128205128205128 0.09895052473763119
0 0.8344988344988346 0.5059970014992504 0.05128205128205128 0.10044977511244378
0 0.8344988344988346 0.6836581709145427 0.04895104895104895 0.13493253373313344
0 0.7645687645687645 0.679160419790105 0.04895104895104895 0.13493253373313344
0 0.6911421911421911 0.6761619190404797 0.04895104895104895 0.13493253373313344
0 0.6235431235431236 0.6761619190404797 0.04895104895104895 0.13493253373313344
0 0.5536130536130536 0.6761619190404797 0.04895104895104895 0.13493253373313344
0 0.4825174825174825 0.6761619190404797 0.04895104895104895 0.13493253373313344
0 0.4143356643356643 0.6701649175412294 0.047785547785547784 0.13493253373313344
0 0.3473193473193473 0.6701649175412294 0.04895104895104895 0.13493253373313344
0 0.27972027972027974 0.6701649175412294 0.04895104895104895 0.13493253373313344
0 0.21153846153846154 0.6656671664167916 0.047785547785547784 0.13493253373313344
0 0.14685314685314685 0.6656671664167916 0.04895104895104895 0.13493253373313344
0 0.2768065268065268 0.835832083958021 0.047785547785547784 0.10044977511244378
0 0.20745920745920746 0.8343328335832084 0.04895104895104895 0.10044977511244378
0 0.4085081585081585 0.8388305847076462 0.047785547785547784 0.10044977511244378
0 0.4766899766899767 0.8403298350824587 0.04895104895104895 0.10044977511244378
0 0.5751748251748252 0.843328335832084 0.047785547785547784 0.10044977511244378