0 0.13612903225806453 0.14697265625 0.07354838709677419 0.1123046875
0 0.33225806451612905 0.14404296875 0.07354838709677419 0.1123046875
0 0.5283870967741936 0.14306640625 0.07354838709677419 0.1123046875
0 0.7154838709677419 0.14599609375 0.07354838709677419 0.1123046875
0 0.9077419354838709 0.1513671875 0.07354838709677419 0.11328125
0 0.9103225806451613 0.37451171875 0.07612903225806451 0.1240234375
0 0.7187096774193549 0.3720703125 0.07741935483870968 0.123046875
0 0.5290322580645161 0.369140625 0.07741935483870968 0.123046875
0 0.3303225806451613 0.3720703125 0.07741935483870968 0.123046875
0 0.1393548387096774 0.3759765625 0.07741935483870968 0.123046875
0 0.14774193548387096 0.60595703125 0.07870967741935483 0.1181640625
0 0.3361290322580645 0.60302734375 0.07870967741935483 0.1181640625
0 0.5270967741935484 0.60302734375 0.07870967741935483 0.1181640625
0 0.7206451612903226 0.603515625 0.07870967741935483 0.1171875
0 0.9064516129032258 0.60205078125 0.07870967741935483 0.1181640625