0 0.576 0.2815126050420168 0.068 0.10504201680672269
0 0.762 0.2804621848739496 0.068 0.10294117647058823
0 0.58 0.4695378151260504 0.068 0.10294117647058823
0 0.762 0.4695378151260504 0.068 0.10294117647058823
0 0.767 0.6586134453781513 0.07 0.10294117647058823
0 0.58 0.6586134453781513 0.068 0.10294117647058823
0 0.367 0.4726890756302521 0.118 0.09663865546218488
0 0.368 0.2857142857142857 0.116 0.09663865546218488
0 0.363 0.6554621848739496 0.118 0.09663865546218488
0 0.522 0.07878151260504201 0.068 0.09453781512605042
0 0.132 0.39915966386554624 0.028 0.04201680672268908
0 0.125 0.49369747899159666 0.026 0.04201680672268908
0 0.124 0.5798319327731093 0.028 0.04201680672268908
0 0.121 0.6701680672268907 0.026 0.04201680672268908