0 0.9359550561797753 0.16650390625 0.04943820224719101 0.0771484375
0 0.7376404494382023 0.1630859375 0.052808988764044947 0.076171875
0 0.5365168539325843 0.16064453125 0.052808988764044947 0.0751953125
0 0.3365168539325843 0.1630859375 0.052808988764044947 0.076171875
0 0.14213483146067415 0.1650390625 0.052808988764044947 0.076171875
0 0.9387640449438203 0.3076171875 0.052808988764044947 0.08203125
0 0.7404494382022472 0.3037109375 0.051685393258426963 0.08203125
0 0.5353932584269663 0.30224609375 0.052808988764044947 0.0830078125
0 0.33314606741573033 0.3037109375 0.052808988764044947 0.08203125
0 0.13820224719101123 0.30810546875 0.051685393258426963 0.0830078125
0 0.13595505617977527 0.4609375 0.058426966292134834 0.091796875
0 0.3325842696629214 0.45849609375 0.058426966292134834 0.0908203125
0 0.5359550561797752 0.4580078125 0.058426966292134834 0.091796875
0 0.7376404494382023 0.45849609375 0.05955056179775281 0.0908203125
0 0.33314606741573033 0.630859375 0.05955056179775281 0.091796875
0 0.7387640449438202 0.630859375 0.05955056179775281 0.091796875
0 0.5348314606741573 0.62255859375 0.058426966292134834 0.0771484375
0 0.3342696629213483 0.78857421875 0.05955056179775281 0.0673828125
0 0.5342696629213484 0.79150390625 0.05955056179775281 0.0673828125
0 0.7382022471910112 0.79052734375 0.058426966292134834 0.0673828125