0 0.32583454281567487 0.12158203125 0.08272859216255443 0.0634765625
0 0.5870827285921626 0.12158203125 0.08272859216255443 0.0634765625
0 0.19811320754716982 0.29541015625 0.09724238026124818 0.0830078125
0 0.45718432510885343 0.29052734375 0.09869375907111756 0.0830078125
0 0.7851959361393324 0.29443359375 0.09869375907111756 0.0830078125
0 0.7895500725689405 0.47900390625 0.09869375907111756 0.0927734375
0 0.4528301886792453 0.47705078125 0.09869375907111756 0.0927734375
0 0.20174165457184326 0.47802734375 0.09869375907111756 0.0927734375
0 0.204644412191582 0.6748046875 0.09869375907111756 0.091796875
0 0.4528301886792453 0.67431640625 0.09869375907111756 0.0927734375
0 0.7917271407837445 0.6748046875 0.09724238026124818 0.091796875