0 0.463768115942029 0.2796420581655481 0.034255599472990776 0.07606263982102908
0 0.5085638998682477 0.2785234899328859 0.034255599472990776 0.0738255033557047
0 0.5533596837944664 0.2796420581655481 0.034255599472990776 0.07606263982102908
0 0.5988142292490118 0.2841163310961969 0.03557312252964427 0.07606263982102908
0 0.6455862977602108 0.2796420581655481 0.034255599472990776 0.07606263982102908
0 0.6897233201581028 0.2829977628635347 0.03557312252964427 0.0738255033557047
0 0.7325428194993412 0.2829977628635347 0.034255599472990776 0.0738255033557047
0 0.7786561264822134 0.2841163310961969 0.034255599472990776 0.07606263982102908
0 0.8241106719367589 0.2841163310961969 0.03557312252964427 0.07606263982102908
0 0.8669301712779973 0.2841163310961969 0.034255599472990776 0.07606263982102908
0 0.9117259552042161 0.2841163310961969 0.034255599472990776 0.07606263982102908
0 0.958498023715415 0.2841163310961969 0.03557312252964427 0.07606263982102908
0 0.46179183135704877 0.43400447427293065 0.03557312252964427 0.07606263982102908
0 0.5092226613965745 0.4317673378076063 0.03557312252964427 0.07606263982102908
0 0.5546772068511199 0.4317673378076063 0.034255599472990776 0.07606263982102908
0 0.5994729907773386 0.43400447427293065 0.034255599472990776 0.07606263982102908
0 0.6455862977602108 0.436241610738255 0.034255599472990776 0.07606263982102908
0 0.6903820816864296 0.4317673378076063 0.034255599472990776 0.07606263982102908
0 0.733201581027668 0.4317673378076063 0.03557312252964427 0.07606263982102908
0 0.7799736495388669 0.43400447427293065 0.034255599472990776 0.07606263982102908
0 0.8221343873517787 0.436241610738255 0.034255599472990776 0.07606263982102908
0 0.8708827404479579 0.4317673378076063 0.034255599472990776 0.07606263982102908
0 0.9143610013175231 0.43400447427293065 0.034255599472990776 0.07606263982102908
0 0.9591567852437418 0.436241610738255 0.034255599472990776 0.07606263982102908
0 0.4631093544137022 0.5838926174496645 0.03557312252964427 0.08053691275167785
0 0.5098814229249012 0.5861297539149888 0.034255599472990776 0.07606263982102908
0 0.5540184453227931 0.5827740492170023 0.03293807641633729 0.07829977628635347
0 0.5981554677206851 0.5827740492170023 0.034255599472990776 0.07829977628635347
0 0.644927536231884 0.5827740492170023 0.03293807641633729 0.07829977628635347
0 0.689064558629776 0.5816554809843401 0.034255599472990776 0.07606263982102908
0 0.7345191040843215 0.5816554809843401 0.03293807641633729 0.07606263982102908
0 0.7799736495388669 0.5816554809843401 0.034255599472990776 0.07606263982102908
0 0.8280632411067194 0.5827740492170023 0.03293807641633729 0.07829977628635347
0 0.8722002635046113 0.5861297539149888 0.034255599472990776 0.07606263982102908
0 0.9163372859025033 0.5827740492170023 0.03293807641633729 0.07829977628635347
0 0.9631093544137023 0.5838926174496645 0.034255599472990776 0.07606263982102908
0 0.5421607378129117 0.7706935123042505 0.05928853754940711 0.08277404921700224
0 0.4736495388669302 0.7706935123042505 0.05928853754940711 0.08277404921700224
0 0.61133069828722 0.7684563758389261 0.05533596837944664 0.07829977628635347
0 0.6772068511198946 0.7684563758389261 0.05533596837944664 0.07829977628635347
0 0.7430830039525692 0.7706935123042505 0.05533596837944664 0.07829977628635347
0 0.8142292490118577 0.772930648769575 0.05533596837944664 0.07829977628635347
0 0.8840579710144928 0.772930648769575 0.05533596837944664 0.07829977628635347
0 0.9512516469038208 0.772930648769575 0.05533596837944664 0.07829977628635347
0 0.461133069828722 0.7046979865771812 0.03689064558629776 0.02237136465324385
0 0.5085638998682477 0.70917225950783 0.03689064558629776 0.02237136465324385
0 0.5520421607378129 0.7069351230425056 0.03689064558629776 0.02237136465324385
0 0.5994729907773386 0.7080536912751678 0.03689064558629776 0.024608501118568233
0 0.6429512516469038 0.7069351230425056 0.03689064558629776 0.02237136465324385
0 0.6877470355731226 0.70917225950783 0.03689064558629776 0.02237136465324385
0 0.7364953886693018 0.70917225950783 0.03689064558629776 0.02237136465324385
0 0.7832674571805006 0.7114093959731543 0.03557312252964427 0.02237136465324385
0 0.8274044795783926 0.7080536912751678 0.03689064558629776 0.024608501118568233
0 0.8682476943346509 0.7114093959731543 0.03689064558629776 0.02237136465324385
0 0.9176548089591567 0.7080536912751678 0.03557312252964427 0.024608501118568233
0 0.9637681159420289 0.7125279642058165 0.03557312252964427 0.024608501118568233
0 0.2964426877470356 0.20246085011185683 0.06324110671936758 0.03355704697986577
0 0.12450592885375494 0.1912751677852349 0.05401844532279315 0.042505592841163314
0 0.05401844532279315 0.3187919463087248 0.03689064558629776 0.0738255033557047
0 0.09354413702239789 0.32102908277404923 0.03689064558629776 0.0738255033557047
0 0.13965744400527008 0.319910514541387 0.03162055335968379 0.07606263982102908
0 0.1857707509881423 0.319910514541387 0.03162055335968379 0.07606263982102908
0 0.22793148880105402 0.32102908277404923 0.03162055335968379 0.0738255033557047
0 0.27009222661396576 0.3221476510067114 0.03689064558629776 0.07606263982102908
0 0.3194993412384717 0.31767337807606266 0.03557312252964427 0.07606263982102908
0 0.36495388669301715 0.319910514541387 0.03689064558629776 0.07606263982102908
0 0.4077733860342556 0.3221476510067114 0.030303030303030304 0.07158836689038031
0 0.40250329380764166 0.4519015659955257 0.03557312252964427 0.07606263982102908
0 0.3201581027667984 0.4541387024608501 0.034255599472990776 0.07606263982102908
0 0.27140974967061926 0.44742729306487694 0.034255599472990776 0.07606263982102908
0 0.22793148880105402 0.4563758389261745 0.034255599472990776 0.07606263982102908
0 0.18511198945981555 0.44966442953020136 0.03557312252964427 0.07606263982102908
0 0.1370223978919631 0.4541387024608501 0.034255599472990776 0.07606263982102908
0 0.09552042160737813 0.44966442953020136 0.03557312252964427 0.07606263982102908
0 0.052700922266139656 0.4552572706935123 0.034255599472990776 0.0738255033557047
0 0.4031620553359684 0.5906040268456376 0.034255599472990776 0.07606263982102908
0 0.3603425559947299 0.44966442953020136 0.03557312252964427 0.07606263982102908
0 0.36429512516469037 0.5838926174496645 0.03557312252964427 0.07606263982102908
0 0.3194993412384717 0.5850111856823266 0.03557312252964427 0.0738255033557047
0 0.26877470355731226 0.5816554809843401 0.034255599472990776 0.07606263982102908
0 0.22529644268774704 0.5850111856823266 0.034255599472990776 0.0738255033557047
0 0.1831357048748353 0.5850111856823266 0.034255599472990776 0.0738255033557047
0 0.1370223978919631 0.5861297539149888 0.034255599472990776 0.07606263982102908
0 0.09354413702239789 0.5850111856823266 0.034255599472990776 0.0738255033557047
0 0.052700922266139656 0.5816554809843401 0.034255599472990776 0.07606263982102908
0 0.22793148880105402 0.7348993288590604 0.03689064558629776 0.11409395973154363
0 0.2707509881422925 0.7348993288590604 0.03557312252964427 0.11409395973154363
0 0.3188405797101449 0.7371364653243848 0.03689064558629776 0.11409395973154363
0 0.36231884057971014 0.7337807606263982 0.03689064558629776 0.11185682326621924
0 0.40711462450592883 0.7348993288590604 0.03689064558629776 0.11409395973154363
0 0.1844532279314888 0.7337807606263982 0.03689064558629776 0.11185682326621924
0 0.13306982872200263 0.7337807606263982 0.03689064558629776 0.11185682326621924
0 0.09486166007905138 0.7337807606263982 0.03689064558629776 0.11185682326621924
0 0.050724637681159424 0.7348993288590604 0.03293807641633729 0.11409395973154363