0 0.10319148936170212 0.3253012048192771 0.05319148936170213 0.10120481927710843
0 0.22234042553191488 0.3204819277108434 0.05319148936170213 0.10120481927710843
0 0.3382978723404255 0.3180722891566265 0.05531914893617021 0.10120481927710843
0 0.4819148936170213 0.3180722891566265 0.05319148936170213 0.10120481927710843
0 0.6287234042553191 0.3132530120481928 0.05319148936170213 0.10120481927710843
0 0.7393617021276596 0.3132530120481928 0.05319148936170213 0.10120481927710843
0 0.8531914893617021 0.3060240963855422 0.05531914893617021 0.10120481927710843
0 0.10531914893617021 0.5060240963855421 0.05319148936170213 0.10120481927710843
0 0.2276595744680851 0.4987951807228916 0.05531914893617021 0.10120481927710843
0 0.33085106382978724 0.5012048192771085 0.05319148936170213 0.10120481927710843
0 0.48617021276595745 0.5012048192771085 0.05319148936170213 0.10120481927710843
0 0.6287234042553191 0.4939759036144578 0.05319148936170213 0.10120481927710843
0 0.7414893617021276 0.4939759036144578 0.05319148936170213 0.10120481927710843
0 0.8542553191489362 0.491566265060241 0.05319148936170213 0.10120481927710843
0 0.8521276595744681 0.6746987951807228 0.0574468085106383 0.10602409638554217
0 0.7372340425531915 0.6759036144578313 0.0574468085106383 0.10361445783132531
0 0.6265957446808511 0.6759036144578313 0.0574468085106383 0.10361445783132531
0 0.48617021276595745 0.6783132530120481 0.0574468085106383 0.09879518072289156
0 0.3393617021276596 0.6795180722891566 0.0574468085106383 0.10120481927710843
0 0.2276595744680851 0.6783132530120481 0.05531914893617021 0.10361445783132531
0 0.10531914893617021 0.6783132530120481 0.0574468085106383 0.10843373493975904
0 0.10531914893617021 0.8554216867469879 0.0574468085106383 0.1108433734939759
0 0.2276595744680851 0.8602409638554217 0.05531914893617021 0.1108433734939759
0 0.34361702127659577 0.8614457831325302 0.0574468085106383 0.11325301204819277
0 0.4851063829787234 0.8614457831325302 0.05531914893617021 0.11325301204819277
0 0.6276595744680851 0.863855421686747 0.05531914893617021 0.11325301204819277
0 0.7404255319148936 0.8626506024096385 0.05531914893617021 0.1108433734939759
0 0.8563829787234043 0.8650602409638555 0.0574468085106383 0.1108433734939759
0 0.5925531914893617 0.13614457831325302 0.04468085106382979 0.0891566265060241
0 0.6478723404255319 0.13373493975903614 0.04468085106382979 0.09397590361445783