0 0.16783625730994153 0.18798828125 0.08304093567251462 0.0986328125
0 0.4087719298245614 0.19091796875 0.08304093567251462 0.0986328125
0 0.6426900584795322 0.19091796875 0.08304093567251462 0.0986328125
0 0.8859649122807017 0.189453125 0.08304093567251462 0.09765625
0 0.8894736842105263 0.3447265625 0.08304093567251462 0.103515625
0 0.6485380116959064 0.34326171875 0.08304093567251462 0.1025390625
0 0.4070175438596491 0.34326171875 0.08421052631578947 0.1025390625
0 0.16783625730994153 0.34326171875 0.08304093567251462 0.1025390625
0 0.16842105263157894 0.50830078125 0.08654970760233918 0.1181640625
0 0.4070175438596491 0.50927734375 0.08654970760233918 0.1181640625
0 0.6467836257309941 0.50927734375 0.08654970760233918 0.1181640625
0 0.8853801169590644 0.50830078125 0.08654970760233918 0.1181640625
0 0.6444444444444445 0.68359375 0.08654970760233918 0.1171875
0 0.4070175438596491 0.68798828125 0.08654970760233918 0.1181640625
0 0.16608187134502925 0.6875 0.0935672514619883 0.12890625
0 0.8871345029239766 0.6875 0.09473684210526316 0.12890625
0 0.16900584795321638 0.8369140625 0.08070175438596491 0.072265625
0 0.4087719298245614 0.8359375 0.08070175438596491 0.072265625
0 0.6514619883040935 0.8359375 0.08187134502923976 0.072265625
0 0.8888888888888888 0.83349609375 0.08187134502923976 0.0712890625
0 0.16842105263157894 0.07763671875 0.03976608187134503 0.0107421875
0 0.4093567251461988 0.07763671875 0.03976608187134503 0.0107421875
0 0.8865497076023392 0.07861328125 0.03976608187134503 0.0107421875
0 0.6450292397660818 0.07861328125 0.03859649122807018 0.0107421875