0 0.1776937618147448 0.16712328767123288 0.0831758034026465 0.08767123287671233
0 0.3931947069943289 0.17534246575342466 0.0831758034026465 0.08767123287671233
0 0.6181474480151229 0.1726027397260274 0.0831758034026465 0.08767123287671233
0 0.8412098298676749 0.1726027397260274 0.0831758034026465 0.08767123287671233
0 0.8431001890359168 0.3232876712328767 0.0831758034026465 0.08767123287671233
0 0.6162570888468809 0.32054794520547947 0.0831758034026465 0.08767123287671233
0 0.391304347826087 0.32054794520547947 0.0831758034026465 0.08767123287671233
0 0.17391304347826086 0.3150684931506849 0.0831758034026465 0.08767123287671233
0 0.17580340264650285 0.49726027397260275 0.07939508506616257 0.10136986301369863
0 0.3941398865784499 0.5 0.06994328922495274 0.10136986301369863
0 0.6200378071833649 0.5013698630136987 0.0831758034026465 0.09863013698630137
0 0.8431001890359168 0.5027397260273972 0.0831758034026465 0.0958904109589041
0 0.8393194706994329 0.673972602739726 0.0831758034026465 0.09863013698630137
0 0.6134215500945179 0.6712328767123288 0.08506616257088846 0.09863013698630137
0 0.387523629489603 0.6712328767123288 0.0831758034026465 0.09863013698630137
0 0.17485822306238186 0.6726027397260274 0.07750472589792061 0.10136986301369863
0 0.28733459357277885 0.1684931506849315 0.04914933837429111 0.09041095890410959
0 0.5103969754253308 0.1684931506849315 0.04914933837429111 0.09041095890410959
0 0.7277882797731569 0.1726027397260274 0.04914933837429111 0.08767123287671233
0 0.7287334593572778 0.32054794520547947 0.04725897920604915 0.08767123287671233
0 0.5085066162570888 0.3136986301369863 0.04914933837429111 0.09041095890410959
0 0.28733459357277885 0.3136986301369863 0.04914933837429111 0.09041095890410959
0 0.28544423440453687 0.4945205479452055 0.04914933837429111 0.09041095890410959
0 0.7287334593572778 0.5 0.04725897920604915 0.09041095890410959
0 0.505671077504726 0.49726027397260275 0.03969754253308128 0.09041095890410959
0 0.28733459357277885 0.6684931506849315 0.04914933837429111 0.08767123287671233
0 0.502835538752363 0.6671232876712329 0.04914933837429111 0.09041095890410959
0 0.7315689981096408 0.6753424657534246 0.04914933837429111 0.09041095890410959