0 0.11795774647887323 0.22998046875 0.05046948356807512 0.0751953125
0 0.24882629107981222 0.22998046875 0.04225352112676056 0.0751953125
0 0.31338028169014087 0.2294921875 0.04460093896713615 0.076171875
0 0.4636150234741784 0.22998046875 0.04460093896713615 0.0751953125
0 0.5258215962441315 0.228515625 0.04460093896713615 0.07421875
0 0.6561032863849765 0.22900390625 0.04929577464788732 0.0751953125
0 0.8503521126760564 0.2236328125 0.0528169014084507 0.076171875
0 0.11678403755868545 0.375 0.04812206572769953 0.07421875
0 0.6543427230046949 0.37353515625 0.05046948356807512 0.0751953125
0 0.8491784037558685 0.36865234375 0.05046948356807512 0.0751953125
0 0.11737089201877934 0.52197265625 0.04929577464788732 0.0810546875
0 0.22476525821596244 0.52099609375 0.05046948356807512 0.0810546875
0 0.33215962441314556 0.52099609375 0.04929577464788732 0.0810546875
0 0.43896713615023475 0.52099609375 0.04929577464788732 0.0810546875
0 0.5446009389671361 0.5224609375 0.04929577464788732 0.08203125
0 0.6525821596244131 0.52197265625 0.04929577464788732 0.0830078125
0 0.8573943661971831 0.5146484375 0.05046948356807512 0.08203125
0 0.11561032863849766 0.6728515625 0.04812206572769953 0.08203125
0 0.22300469483568075 0.6728515625 0.04929577464788732 0.083984375
0 0.33215962441314556 0.6728515625 0.04929577464788732 0.083984375
0 0.43896713615023475 0.673828125 0.04929577464788732 0.083984375
0 0.5446009389671361 0.67236328125 0.051643192488262914 0.0830078125
0 0.6514084507042254 0.6728515625 0.051643192488262914 0.08203125
0 0.829225352112676 0.669921875 0.045774647887323945 0.08203125
0 0.8884976525821596 0.669921875 0.04460093896713615 0.08203125
0 0.11678403755868545 0.826171875 0.04812206572769953 0.07421875
0 0.22124413145539906 0.82666015625 0.04812206572769953 0.0751953125
0 0.33039906103286387 0.8271484375 0.04812206572769953 0.076171875
0 0.5410798122065728 0.82666015625 0.046948356807511735 0.0751953125
0 0.6514084507042254 0.82666015625 0.04929577464788732 0.0751953125
0 0.8433098591549296 0.8251953125 0.05046948356807512 0.076171875
0 0.27816901408450706 0.37451171875 0.07746478873239436 0.0751953125
0 0.4923708920187793 0.3740234375 0.07629107981220658 0.076171875
0 0.11619718309859155 0.94970703125 0.04460093896713615 0.0439453125