0 0.8973799126637555 0.638671875 0.07423580786026202 0.142578125
0 0.7372634643377002 0.64013671875 0.07423580786026202 0.1416015625
0 0.5676855895196506 0.63623046875 0.08151382823871907 0.1416015625
0 0.4024745269286754 0.63818359375 0.08296943231441048 0.1416015625
0 0.23435225618631733 0.6318359375 0.07860262008733625 0.12890625
0 0.06768558951965066 0.630859375 0.07423580786026202 0.12890625
0 0.9032023289665211 0.404296875 0.08005822416302766 0.130859375
0 0.7387190684133915 0.40234375 0.08005822416302766 0.130859375
0 0.5669577874818049 0.3857421875 0.08296943231441048 0.095703125
0 0.39956331877729256 0.38623046875 0.08005822416302766 0.1025390625
0 0.22852983988355166 0.40087890625 0.07860262008733625 0.1298828125
0 0.0611353711790393 0.40576171875 0.07860262008733625 0.1298828125
0 0.05895196506550218 0.17822265625 0.06841339155749636 0.1220703125
0 0.22852983988355166 0.17626953125 0.07278020378457059 0.1201171875
0 0.39737991266375544 0.17333984375 0.07278020378457059 0.1201171875
0 0.5676855895196506 0.171875 0.07278020378457059 0.12109375
0 0.7372634643377002 0.17333984375 0.07423580786026202 0.1240234375
0 0.9053857350800583 0.1767578125 0.07278020378457059 0.123046875
0 0.24090247452692867 0.833984375 0.10625909752547306 0.046875
0 0.07787481804949054 0.83154296875 0.10625909752547306 0.0478515625
0 0.8857350800582242 0.828125 0.10043668122270742 0.04296875
0 0.727802037845706 0.82958984375 0.09898107714701601 0.0419921875