0 0.1416015625 0.29456706281833617 0.044921875 0.1035653650254669
0 0.24609375 0.29626485568760613 0.044921875 0.1035653650254669
0 0.35546875 0.2928692699490662 0.044921875 0.1035653650254669
0 0.470703125 0.29456706281833617 0.044921875 0.1035653650254669
0 0.51806640625 0.29456706281833617 0.0439453125 0.1035653650254669
0 0.63134765625 0.2928692699490662 0.0439453125 0.1035653650254669
0 0.7451171875 0.2928692699490662 0.044921875 0.1035653650254669
0 0.85498046875 0.2928692699490662 0.0439453125 0.1035653650254669
0 0.1416015625 0.5534804753820034 0.04296875 0.12563667232597622
0 0.2451171875 0.5543293718166383 0.04296875 0.12393887945670629
0 0.35546875 0.5551782682512734 0.04296875 0.12563667232597622
0 0.51611328125 0.5509337860780985 0.0419921875 0.11375212224108659
0 0.4677734375 0.5509337860780985 0.0390625 0.11375212224108659
0 0.6328125 0.5568760611205433 0.04296875 0.12563667232597622
0 0.74658203125 0.5560271646859083 0.0439453125 0.12393887945670629
0 0.85546875 0.5585738539898133 0.04296875 0.12563667232597622
0 0.142578125 0.8064516129032258 0.04296875 0.11205432937181664
0 0.24658203125 0.8073005093378608 0.0439453125 0.11035653650254669
0 0.35498046875 0.8098471986417657 0.0439453125 0.10865874363327674
0 0.630859375 0.8157894736842105 0.04296875 0.10696095076400679
0 0.7431640625 0.8191850594227504 0.04296875 0.10696095076400679
0 0.85302734375 0.8200339558573854 0.0439453125 0.11205432937181664