0 0.0615234375 0.09696016771488469 0.05859375 0.09748427672955975
0 0.0595703125 0.279874213836478 0.05859375 0.09433962264150944
0 0.05712890625 0.47327044025157233 0.0595703125 0.08909853249475891
0 0.060546875 0.6624737945492662 0.0625 0.10482180293501048
0 0.32763671875 0.08542976939203355 0.0615234375 0.06184486373165619
0 0.3271484375 0.26467505241090145 0.0625 0.07232704402515723
0 0.3291015625 0.4659329140461216 0.0625 0.08071278825995808
0 0.3310546875 0.660377358490566 0.060546875 0.09853249475890985
0 0.57373046875 0.0870020964360587 0.0556640625 0.0649895178197065
0 0.6025390625 0.2557651991614256 0.05859375 0.10062893081761007
0 0.60595703125 0.4570230607966457 0.0556640625 0.09224318658280922
0 0.6083984375 0.6530398322851153 0.05859375 0.1069182389937107
0 0.71630859375 0.6635220125786163 0.0576171875 0.1069182389937107
0 0.71630859375 0.47117400419287214 0.0576171875 0.09119496855345911
0 0.71337890625 0.279874213836478 0.0634765625 0.09433962264150944
0 0.70849609375 0.10167714884696016 0.0634765625 0.0859538784067086
0 0.921875 0.10796645702306079 0.0546875 0.0859538784067086
0 0.931640625 0.28197064989517817 0.0625 0.09433962264150944
0 0.93212890625 0.4722222222222222 0.0615234375 0.0870020964360587
0 0.93359375 0.6619496855345912 0.056640625 0.10587002096436059
0 0.193359375 0.10062893081761007 0.029296875 0.0859538784067086
0 0.19189453125 0.27672955974842767 0.0302734375 0.09224318658280922
0 0.19287109375 0.4716981132075472 0.0322265625 0.09433962264150944
0 0.19482421875 0.6645702306079665 0.0341796875 0.10482180293501048
0 0.47021484375 0.6629979035639413 0.0341796875 0.10587002096436059
0 0.8251953125 0.660377358490566 0.03125 0.10482180293501048
0 0.82470703125 0.4722222222222222 0.0322265625 0.08909853249475891
0 0.470703125 0.4716981132075472 0.03515625 0.09014675052410902
0 0.4658203125 0.27620545073375263 0.03515625 0.09748427672955975
0 0.82421875 0.28197064989517817 0.033203125 0.09224318658280922
0 0.81787109375 0.10429769392033543 0.0322265625 0.08490566037735849
0 0.46044921875 0.0980083857442348 0.0302734375 0.08909853249475891
0 0.47216796875 0.8668763102725366 0.0302734375 0.1069182389937107