0 0.34498480243161095 0.3740234375 0.06382978723404255 0.087890625
0 0.46504559270516715 0.37548828125 0.06281661600810537 0.0869140625
0 0.46605876393110435 0.55810546875 0.06281661600810537 0.0947265625
0 0.3444782168186423 0.5556640625 0.06281661600810537 0.09375
0 0.19807497467071936 0.552734375 0.03343465045592705 0.091796875
0 0.24974670719351572 0.552734375 0.03343465045592705 0.091796875
0 0.35106382978723405 0.740234375 0.057750759878419454 0.083984375
0 0.47112462006079026 0.74169921875 0.05876393110435663 0.0830078125
0 0.2548125633232016 0.7392578125 0.031408308004052685 0.08203125
0 0.20415400202634246 0.73828125 0.031408308004052685 0.08203125
0 0.24924012158054712 0.37060546875 0.03242147922998987 0.0888671875
0 0.19908814589665655 0.3681640625 0.031408308004052685 0.087890625
0 0.6565349544072948 0.2744140625 0.0547112462006079 0.083984375
0 0.7634245187436677 0.27490234375 0.05572441742654509 0.0830078125
0 0.5932117527862208 0.4306640625 0.06382978723404255 0.095703125
0 0.7087132725430598 0.4287109375 0.06382978723404255 0.095703125
0 0.8252279635258358 0.427734375 0.06382978723404255 0.095703125
0 0.5942249240121581 0.5966796875 0.06382978723404255 0.095703125
0 0.7066869300911854 0.595703125 0.06382978723404255 0.095703125
0 0.8262411347517731 0.5947265625 0.06382978723404255 0.095703125
0 0.8302938196555217 0.75439453125 0.06382978723404255 0.0947265625
0 0.7117527862208713 0.7548828125 0.06382978723404255 0.095703125
0 0.5962512664640324 0.7568359375 0.06382978723404255 0.095703125