0 0.35365853658536583 0.14892578125 0.057649667405764965 0.0791015625
0 0.4977827050997783 0.14892578125 0.057649667405764965 0.0791015625
0 0.6441241685144125 0.14892578125 0.057649667405764965 0.0791015625
0 0.35199556541019955 0.32763671875 0.0565410199556541 0.0908203125
0 0.49722838137472286 0.32763671875 0.0565410199556541 0.0908203125
0 0.643569844789357 0.32666015625 0.0565410199556541 0.0908203125
0 0.352549889135255 0.49462890625 0.05543237250554324 0.0947265625
0 0.21119733924611975 0.32763671875 0.04988913525498891 0.0908203125
0 0.14412416851441243 0.32763671875 0.04878048780487805 0.0908203125
0 0.7838137472283814 0.32763671875 0.050997782705099776 0.0908203125
0 0.8519955654101996 0.3271484375 0.052106430155210645 0.091796875
0 0.2106430155210643 0.49462890625 0.04878048780487805 0.0947265625
0 0.14467849223946785 0.49462890625 0.052106430155210645 0.0966796875
0 0.4977827050997783 0.494140625 0.05543237250554324 0.095703125
0 0.6430155210643016 0.494140625 0.05543237250554324 0.095703125
0 0.7854767184035477 0.49267578125 0.052106430155210645 0.0947265625
0 0.852549889135255 0.49365234375 0.050997782705099776 0.0947265625
0 0.3553215077605322 0.66455078125 0.058758314855875834 0.0986328125
0 0.6452328159645233 0.6640625 0.057649667405764965 0.099609375
0 0.14356984478935697 0.6650390625 0.052106430155210645 0.1015625
0 0.2106430155210643 0.66455078125 0.05321507760532151 0.1005859375
0 0.7876940133037694 0.6650390625 0.04988913525498891 0.1015625
0 0.856430155210643 0.6640625 0.052106430155210645 0.1015625
0 0.3531042128603104 0.85107421875 0.0565410199556541 0.0966796875
0 0.4983370288248337 0.85205078125 0.0565410199556541 0.0966796875
0 0.6430155210643016 0.8505859375 0.05543237250554324 0.09765625
0 0.1746119733924612 0.1494140625 0.09201773835920177 0.080078125
0 0.8198447893569845 0.150390625 0.09201773835920177 0.080078125
0 0.49944567627494457 0.6806640625 0.058758314855875834 0.134765625