0 0.33226221079691515 0.07958984375 0.05784061696658098 0.0439453125
0 0.5044987146529563 0.0810546875 0.05784061696658098 0.04296875
0 0.6767352185089974 0.0830078125 0.05784061696658098 0.04296875
0 0.8065552699228792 0.06884765625 0.042416452442159386 0.0419921875
0 0.9087403598971723 0.06884765625 0.06426735218508997 0.0400390625
0 0.9068123393316195 0.13671875 0.06298200514138817 0.041015625
0 0.9087403598971723 0.20458984375 0.06426735218508997 0.0400390625
0 0.9106683804627249 0.275390625 0.060411311053984576 0.044921875
0 0.9106683804627249 0.34130859375 0.06298200514138817 0.0400390625
0 0.8078406169665809 0.13720703125 0.042416452442159386 0.0419921875
0 0.8091259640102828 0.20458984375 0.042416452442159386 0.0419921875
0 0.8078406169665809 0.27099609375 0.042416452442159386 0.0419921875
0 0.8104113110539846 0.3388671875 0.042416452442159386 0.04296875
0 0.6844473007712082 0.20166015625 0.06298200514138817 0.0400390625
0 0.6857326478149101 0.27001953125 0.06298200514138817 0.0400390625
0 0.6857326478149101 0.33642578125 0.06298200514138817 0.0400390625
0 0.5083547557840618 0.20166015625 0.06298200514138817 0.0400390625
0 0.5083547557840618 0.26806640625 0.06298200514138817 0.0400390625
0 0.5096401028277635 0.33544921875 0.06298200514138817 0.0400390625
0 0.5096401028277635 0.404296875 0.06298200514138817 0.041015625
0 0.5102827763496144 0.47314453125 0.06426735218508997 0.0400390625
0 0.6870179948586118 0.40673828125 0.06298200514138817 0.0400390625
0 0.9138817480719794 0.40869140625 0.06426735218508997 0.0400390625
0 0.9119537275064268 0.47705078125 0.06298200514138817 0.0400390625
0 0.6876606683804627 0.47705078125 0.06426735218508997 0.0400390625
0 0.32904884318766064 0.201171875 0.06426735218508997 0.041015625
0 0.33033419023136246 0.2666015625 0.06426735218508997 0.041015625
0 0.33161953727506427 0.33544921875 0.06426735218508997 0.0400390625
0 0.33226221079691515 0.40283203125 0.06298200514138817 0.0400390625
0 0.32840616966580977 0.47314453125 0.06298200514138817 0.0400390625
0 0.33161953727506427 0.54345703125 0.06426735218508997 0.0400390625
0 0.5102827763496144 0.54345703125 0.06426735218508997 0.0400390625
0 0.6870179948586118 0.54443359375 0.06298200514138817 0.0400390625
0 0.9119537275064268 0.5458984375 0.06298200514138817 0.041015625
0 0.10347043701799485 0.13427734375 0.06298200514138817 0.0400390625
0 0.09961439588688946 0.20068359375 0.06298200514138817 0.0400390625
0 0.10347043701799485 0.26806640625 0.06298200514138817 0.0400390625
0 0.10218508997429306 0.33642578125 0.06298200514138817 0.0400390625
0 0.09961439588688946 0.40771484375 0.06298200514138817 0.0400390625
0 0.09832904884318766 0.47607421875 0.06298200514138817 0.0400390625
0 0.09832904884318766 0.54541015625 0.06298200514138817 0.0400390625
0 0.09897172236503857 0.06591796875 0.06426735218508997 0.0400390625
0 0.8123393316195373 0.40869140625 0.043701799485861184 0.0419921875
0 0.8116966580976864 0.4765625 0.042416452442159386 0.044921875
0 0.8116966580976864 0.54736328125 0.042416452442159386 0.0439453125
0 0.8110539845758354 0.615234375 0.043701799485861184 0.044921875
0 0.8091259640102828 0.6845703125 0.042416452442159386 0.044921875
0 0.8071979434447301 0.751953125 0.04113110539845758 0.044921875
0 0.6863753213367609 0.61474609375 0.06426735218508997 0.0400390625
0 0.5096401028277635 0.61474609375 0.06298200514138817 0.0400390625
0 0.33033419023136246 0.61474609375 0.06426735218508997 0.0400390625
0 0.32904884318766064 0.68505859375 0.06426735218508997 0.0400390625
0 0.5102827763496144 0.68505859375 0.06426735218508997 0.0400390625
0 0.6857326478149101 0.68310546875 0.06298200514138817 0.0400390625
0 0.9087403598971723 0.68505859375 0.06426735218508997 0.0400390625
0 0.9048843187660668 0.75244140625 0.056555269922879174 0.0400390625
0 0.7268637532133676 0.75439453125 0.03984575835475578 0.0439453125
0 0.6420308483290489 0.75439453125 0.03984575835475578 0.0439453125
0 0.5533419023136247 0.75439453125 0.03984575835475578 0.0439453125
0 0.46593830334190234 0.7548828125 0.03984575835475578 0.044921875
0 0.3759640102827764 0.7548828125 0.03984575835475578 0.044921875
0 0.09832904884318766 0.6162109375 0.060411311053984576 0.04296875
0 0.09832904884318766 0.6845703125 0.060411311053984576 0.04296875
0 0.4987146529562982 0.85205078125 0.061696658097686374 0.0498046875
0 0.6625964010282777 0.84912109375 0.060411311053984576 0.0498046875
0 0.839974293059126 0.837890625 0.03470437017994859 0.05859375