0 0.0498046875 0.20157068062827224 0.03515625 0.09947643979057591
0 0.138671875 0.2 0.037109375 0.09633507853403141
0 0.22265625 0.19790575916230366 0.037109375 0.09633507853403141
0 0.048828125 0.36178010471204186 0.033203125 0.10157068062827225
0 0.13671875 0.3607329842931937 0.033203125 0.10157068062827225
0 0.2236328125 0.36544502617801045 0.033203125 0.10261780104712041
0 0.05029296875 0.5382198952879581 0.0361328125 0.1068062827225131
0 0.1376953125 0.53717277486911 0.03515625 0.1068062827225131
0 0.22314453125 0.5392670157068062 0.0361328125 0.1068062827225131
0 0.2265625 0.7151832460732984 0.0390625 0.11727748691099477
0 0.13720703125 0.7167539267015707 0.0361328125 0.11832460732984293
0 0.05322265625 0.7151832460732984 0.0361328125 0.1193717277486911
0 0.32861328125 0.19476439790575917 0.0458984375 0.09633507853403141
0 0.4169921875 0.1973821989528796 0.046875 0.10157068062827225
0 0.50732421875 0.19581151832460733 0.0458984375 0.10052356020942409
0 0.5986328125 0.19790575916230366 0.044921875 0.10261780104712041
0 0.70263671875 0.19895287958115182 0.0458984375 0.10261780104712041
0 0.791015625 0.19842931937172775 0.044921875 0.10157068062827225
0 0.880859375 0.20104712041884817 0.044921875 0.10261780104712041
0 0.966796875 0.20471204188481676 0.044921875 0.10157068062827225
0 0.9619140625 0.3643979057591623 0.044921875 0.10261780104712041
0 0.8798828125 0.3643979057591623 0.044921875 0.10261780104712041
0 0.7919921875 0.362303664921466 0.044921875 0.10261780104712041
0 0.70458984375 0.362303664921466 0.0439453125 0.10890052356020942
0 0.60009765625 0.362303664921466 0.0439453125 0.10890052356020942
0 0.50927734375 0.3612565445026178 0.0439453125 0.10890052356020942
0 0.41943359375 0.362303664921466 0.0439453125 0.10890052356020942
0 0.32763671875 0.36020942408376966 0.0439453125 0.10890052356020942
0 0.32666015625 0.5397905759162304 0.0439453125 0.10785340314136126
0 0.41943359375 0.5424083769633508 0.0439453125 0.1130890052356021
0 0.51123046875 0.5408376963350785 0.0458984375 0.11204188481675392
0 0.59765625 0.5408376963350785 0.044921875 0.11204188481675392
0 0.70263671875 0.5418848167539267 0.0458984375 0.11204188481675392
0 0.96142578125 0.5424083769633508 0.0458984375 0.1130890052356021
0 0.8779296875 0.5418848167539267 0.044921875 0.11204188481675392
0 0.7919921875 0.5403141361256545 0.044921875 0.1130890052356021
0 0.95751953125 0.7089005235602094 0.0380859375 0.10890052356020942
0 0.87353515625 0.7099476439790576 0.0380859375 0.10890052356020942
0 0.7890625 0.7099476439790576 0.0390625 0.10890052356020942
0 0.7041015625 0.7104712041884816 0.04296875 0.1099476439790576
0 0.6005859375 0.7104712041884816 0.04296875 0.1099476439790576
0 0.51123046875 0.712565445026178 0.0419921875 0.1099476439790576
0 0.4208984375 0.7167539267015707 0.04296875 0.1099476439790576
0 0.32958984375 0.7115183246073299 0.0419921875 0.1099476439790576
0 0.14306640625 0.9041884816753927 0.0908203125 0.10157068062827225