0 0.5888888888888889 0.11932773109243698 0.03333333333333333 0.03361344537815126
0 0.5481481481481482 0.22605042016806723 0.037037037037037035 0.058823529411764705
0 0.44537037037037036 0.4218487394957983 0.07592592592592592 0.11092436974789915
0 0.649074074074074 0.4226890756302521 0.07592592592592592 0.1092436974789916
0 0.4425925925925926 0.6218487394957983 0.07777777777777778 0.11764705882352941
0 0.6462962962962963 0.6235294117647059 0.07777777777777778 0.11764705882352941
0 0.4425925925925926 0.8394957983193277 0.08148148148148149 0.12605042016806722
0 0.6472222222222223 0.8394957983193277 0.07962962962962963 0.12605042016806722
0 0.887962962962963 0.7411764705882353 0.07222222222222222 0.10756302521008404
0 0.8870370370370371 0.553781512605042 0.06666666666666667 0.09915966386554621
0 0.8870370370370371 0.4126050420168067 0.06296296296296296 0.052100840336134456
0 0.20925925925925926 0.4647058823529412 0.06666666666666667 0.13277310924369748
0 0.21203703703703702 0.6605042016806723 0.07222222222222222 0.14789915966386555
0 0.2064814814814815 0.8563025210084033 0.07222222222222222 0.15966386554621848