0 0.90966796875 0.2328080229226361 0.0341796875 0.050143266475644696
0 0.7900390625 0.2328080229226361 0.033203125 0.050143266475644696
0 0.90966796875 0.4140401146131805 0.0341796875 0.09742120343839542
0 0.7890625 0.414756446991404 0.033203125 0.0988538681948424
0 0.6689453125 0.414756446991404 0.033203125 0.0988538681948424
0 0.54833984375 0.414756446991404 0.0341796875 0.0988538681948424
0 0.4287109375 0.4154727793696275 0.033203125 0.09742120343839542
0 0.66943359375 0.2335243553008596 0.0341796875 0.04871060171919771
0 0.54931640625 0.2328080229226361 0.0341796875 0.050143266475644696
0 0.4287109375 0.2328080229226361 0.033203125 0.050143266475644696
0 0.30810546875 0.414756446991404 0.0341796875 0.09598853868194843
0 0.18798828125 0.4154727793696275 0.0341796875 0.09742120343839542
0 0.06689453125 0.414756446991404 0.0341796875 0.0988538681948424
0 0.30908203125 0.2342406876790831 0.0341796875 0.050143266475644696
0 0.189453125 0.2349570200573066 0.033203125 0.05157593123209169
0 0.0693359375 0.23638968481375358 0.03515625 0.05157593123209169
0 0.0673828125 0.6654727793696275 0.033203125 0.11031518624641834
0 0.1884765625 0.664756446991404 0.03515625 0.10888252148997135
0 0.30810546875 0.6654727793696275 0.0341796875 0.11031518624641834
0 0.427734375 0.664756446991404 0.033203125 0.10888252148997135
0 0.548828125 0.6654727793696275 0.033203125 0.11031518624641834
0 0.66796875 0.6654727793696275 0.033203125 0.11031518624641834
0 0.78857421875 0.6575931232091691 0.0322265625 0.09455587392550144
0 0.91015625 0.6597421203438395 0.033203125 0.0988538681948424
0 0.0654296875 0.9025787965616046 0.037109375 0.06876790830945559
0 0.18603515625 0.9025787965616046 0.0361328125 0.06876790830945559
0 0.30712890625 0.9040114613180515 0.0341796875 0.0659025787965616
0 0.4267578125 0.9018624641833811 0.03515625 0.0673352435530086
0 0.5478515625 0.9025787965616046 0.037109375 0.06876790830945559
0 0.66796875 0.9025787965616046 0.037109375 0.06876790830945559
0 0.91015625 0.9018624641833811 0.0390625 0.0673352435530086
0 0.2041015625 0.07593123209169055 0.02734375 0.025787965616045846
0 0.43505859375 0.07664756446991404 0.0283203125 0.024355300859598854
0 0.8974609375 0.07306590257879657 0.02734375 0.025787965616045846
0 0.6650390625 0.07593123209169055 0.02734375 0.025787965616045846