0 0.12255859375 0.8484299516908212 0.0693359375 0.14855072463768115
0 0.2509765625 0.8532608695652174 0.0703125 0.14855072463768115
0 0.7783203125 0.8484299516908212 0.0703125 0.14855072463768115
0 0.90673828125 0.8472222222222222 0.0693359375 0.14855072463768115
0 0.1162109375 0.25120772946859904 0.0703125 0.16666666666666666
0 0.2509765625 0.2536231884057971 0.0703125 0.16666666666666666
0 0.3818359375 0.25120772946859904 0.0703125 0.16666666666666666
0 0.52001953125 0.2554347826086957 0.0693359375 0.16545893719806765
0 0.66455078125 0.2524154589371981 0.0693359375 0.16666666666666666
0 0.79052734375 0.2524154589371981 0.0693359375 0.16666666666666666
0 0.923828125 0.2536231884057971 0.0703125 0.16666666666666666
0 0.1162109375 0.5579710144927537 0.0703125 0.16666666666666666
0 0.24853515625 0.5579710144927537 0.0693359375 0.16666666666666666
0 0.38037109375 0.5591787439613527 0.0693359375 0.16666666666666666
0 0.51904296875 0.5591787439613527 0.0693359375 0.16666666666666666
0 0.65966796875 0.5615942028985508 0.0693359375 0.16666666666666666
0 0.783203125 0.5652173913043478 0.0703125 0.16666666666666666
0 0.91748046875 0.5615942028985508 0.0693359375 0.16666666666666666