0 0.13253012048192772 0.29931640625 0.06224899598393574 0.0908203125
0 0.28664658634538154 0.29931640625 0.06124497991967871 0.0908203125
0 0.4959839357429719 0.298828125 0.06224899598393574 0.091796875
0 0.713855421686747 0.30029296875 0.06224899598393574 0.0908203125
0 0.8704819277108434 0.29833984375 0.06224899598393574 0.0908203125
0 0.8664658634538153 0.1552734375 0.06224899598393574 0.091796875
0 0.7123493975903614 0.15478515625 0.06124497991967871 0.0908203125
0 0.49899598393574296 0.15478515625 0.06224899598393574 0.0908203125
0 0.28865461847389556 0.15673828125 0.06124497991967871 0.0908203125
0 0.1360441767068273 0.15869140625 0.06124497991967871 0.0908203125
0 0.2876506024096386 0.4462890625 0.06325301204819277 0.099609375
0 0.13654618473895583 0.447265625 0.06224899598393574 0.099609375
0 0.5005020080321285 0.4453125 0.06325301204819277 0.099609375
0 0.7128514056224899 0.4462890625 0.06224899598393574 0.099609375
0 0.8719879518072289 0.447265625 0.06325301204819277 0.099609375
0 0.13453815261044177 0.607421875 0.06827309236947791 0.107421875
0 0.28714859437751006 0.6083984375 0.06827309236947791 0.107421875
0 0.501004016064257 0.607421875 0.07228915662650602 0.09765625
0 0.7173694779116466 0.6083984375 0.071285140562249 0.107421875
0 0.8714859437751004 0.60791015625 0.07028112449799197 0.1083984375
0 0.873995983935743 0.7587890625 0.05923694779116466 0.107421875
0 0.7133534136546185 0.76025390625 0.05923694779116466 0.1083984375
0 0.28815261044176704 0.75927734375 0.05823293172690763 0.1083984375
0 0.1350401606425703 0.7587890625 0.05923694779116466 0.107421875