0 0.17513020833333334 0.4267578125 0.03515625 0.048828125
0 0.24934895833333334 0.4267578125 0.03515625 0.048828125
0 0.3131510416666667 0.4267578125 0.03515625 0.048828125
0 0.17578125 0.53515625 0.036458333333333336 0.052734375
0 0.251953125 0.53515625 0.03515625 0.052734375
0 0.314453125 0.5244140625 0.03515625 0.03125
0 0.3932291666666667 0.42724609375 0.033854166666666664 0.0498046875
0 0.4557291666666667 0.42724609375 0.033854166666666664 0.0498046875
0 0.5319010416666666 0.42822265625 0.03515625 0.0498046875
0 0.39453125 0.53564453125 0.033854166666666664 0.0537109375
0 0.45703125 0.53564453125 0.033854166666666664 0.0537109375
0 0.5345052083333334 0.5361328125 0.032552083333333336 0.052734375
0 0.669921875 0.42724609375 0.037760416666666664 0.0498046875
0 0.671875 0.53564453125 0.0390625 0.0537109375
0 0.6712239583333334 0.6455078125 0.037760416666666664 0.052734375
0 0.5338541666666666 0.64599609375 0.033854166666666664 0.0537109375
0 0.45703125 0.6455078125 0.033854166666666664 0.052734375
0 0.3932291666666667 0.6455078125 0.033854166666666664 0.052734375
0 0.3151041666666667 0.63623046875 0.033854166666666664 0.0341796875
0 0.251953125 0.64599609375 0.03515625 0.0537109375
0 0.17578125 0.6455078125 0.033854166666666664 0.052734375
0 0.17578125 0.7548828125 0.033854166666666664 0.052734375
0 0.2526041666666667 0.7548828125 0.033854166666666664 0.052734375
0 0.17513020833333334 0.86181640625 0.03515625 0.0537109375
0 0.2552083333333333 0.86181640625 0.033854166666666664 0.0537109375
0 0.31640625 0.86181640625 0.033854166666666664 0.0537109375
0 0.31640625 0.7490234375 0.033854166666666664 0.041015625
0 0.39453125 0.75537109375 0.033854166666666664 0.0537109375
0 0.45703125 0.75537109375 0.033854166666666664 0.0537109375
0 0.5338541666666666 0.75537109375 0.033854166666666664 0.0537109375
0 0.3958333333333333 0.86181640625 0.033854166666666664 0.0537109375
0 0.4557291666666667 0.86181640625 0.033854166666666664 0.0537109375
0 0.5338541666666666 0.86181640625 0.033854166666666664 0.0537109375
0 0.669921875 0.75537109375 0.037760416666666664 0.0537109375
0 0.6705729166666666 0.8623046875 0.036458333333333336 0.0546875
0 0.11067708333333333 0.42822265625 0.033854166666666664 0.0478515625
0 0.11067708333333333 0.53564453125 0.036458333333333336 0.0537109375
0 0.11263020833333333 0.64599609375 0.03515625 0.0537109375
0 0.11328125 0.7548828125 0.033854166666666664 0.052734375
0 0.11197916666666667 0.86328125 0.033854166666666664 0.0546875
0 0.3971354166666667 0.9619140625 0.03125 0.04296875
0 0.4576822916666667 0.9619140625 0.029947916666666668 0.04296875
0 0.5364583333333334 0.9619140625 0.03125 0.04296875
0 0.2571614583333333 0.962890625 0.029947916666666668 0.04296875
0 0.17643229166666666 0.962890625 0.029947916666666668 0.04296875