0 0.18815104166666666 0.505859375 0.032552083333333336 0.048828125
0 0.2734375 0.50634765625 0.033854166666666664 0.0478515625
0 0.3580729166666667 0.50830078125 0.033854166666666664 0.0498046875
0 0.443359375 0.5078125 0.03515625 0.048828125
0 0.595703125 0.5078125 0.07682291666666667 0.046875
0 0.6009114583333334 0.60595703125 0.032552083333333336 0.0556640625
0 0.5618489583333334 0.60546875 0.022135416666666668 0.056640625
0 0.6399739583333334 0.6064453125 0.022135416666666668 0.056640625
0 0.5611979166666666 0.70556640625 0.0234375 0.0556640625
0 0.6399739583333334 0.70556640625 0.022135416666666668 0.0556640625
0 0.6009114583333334 0.70556640625 0.032552083333333336 0.0556640625
0 0.5651041666666666 0.80908203125 0.036458333333333336 0.0595703125
0 0.6295572916666666 0.8095703125 0.037760416666666664 0.05859375
0 0.6341145833333334 0.91796875 0.0390625 0.060546875
0 0.5677083333333334 0.91748046875 0.036458333333333336 0.0615234375
0 0.357421875 0.91796875 0.032552083333333336 0.05859375
0 0.4407552083333333 0.9169921875 0.03515625 0.05859375
0 0.357421875 0.8095703125 0.032552083333333336 0.05859375
0 0.44140625 0.8095703125 0.033854166666666664 0.05859375
0 0.2727864583333333 0.81005859375 0.03515625 0.0595703125
0 0.18880208333333334 0.81005859375 0.033854166666666664 0.0595703125
0 0.2721354166666667 0.9189453125 0.033854166666666664 0.05859375
0 0.18880208333333334 0.70654296875 0.033854166666666664 0.0556640625
0 0.2734375 0.70654296875 0.033854166666666664 0.0556640625
0 0.3580729166666667 0.70654296875 0.033854166666666664 0.0556640625
0 0.18815104166666666 0.60546875 0.032552083333333336 0.056640625
0 0.2734375 0.60546875 0.033854166666666664 0.056640625
0 0.3580729166666667 0.60546875 0.033854166666666664 0.056640625
0 0.4420572916666667 0.60595703125 0.032552083333333336 0.0556640625
0 0.44140625 0.70654296875 0.033854166666666664 0.0556640625
0 0.107421875 0.42724609375 0.07682291666666667 0.0244140625
0 0.2610677083333333 0.4306640625 0.07682291666666667 0.0234375
0 0.4147135416666667 0.4306640625 0.07682291666666667 0.0234375
0 0.10286458333333333 0.505859375 0.033854166666666664 0.048828125
0 0.1015625 0.60595703125 0.033854166666666664 0.0576171875
0 0.018229166666666668 0.50634765625 0.03125 0.0517578125
0 0.103515625 0.70654296875 0.03515625 0.0556640625
0 0.103515625 0.8095703125 0.032552083333333336 0.05859375
0 0.189453125 0.8955078125 0.055989583333333336 0.013671875