23 0.6442307692307693 0.65625 0.6610576923076923 0.65625 0.6610576923076923 0.6971153846153846 0.6442307692307693 0.6971153846153846
23 0.40384615384615385 0.8100961538461539 0.41346153846153844 0.8100961538461539 0.41346153846153844 0.8509615384615384 0.40384615384615385 0.8509615384615384
23 0.6418269230769231 0.7067307692307693 0.6586538461538461 0.7067307692307693 0.6586538461538461 0.7475961538461539 0.6418269230769231 0.7475961538461539
23 0.6081730769230769 0.65625 0.6225961538461539 0.65625 0.6225961538461539 0.6971153846153846 0.6081730769230769 0.6971153846153846
23 0.3605769230769231 0.65625 0.375 0.65625 0.375 0.6971153846153846 0.3605769230769231 0.6971153846153846
23 0.40625 0.65625 0.4206730769230769 0.65625 0.4206730769230769 0.6971153846153846 0.40625 0.6971153846153846
23 0.5240384615384616 0.65625 0.5408653846153846 0.65625 0.5408653846153846 0.6971153846153846 0.5240384615384616 0.6971153846153846
23 0.40625 0.7067307692307693 0.4206730769230769 0.7067307692307693 0.4206730769230769 0.7475961538461539 0.40625 0.7475961538461539
23 0.4807692307692308 0.7067307692307693 0.4951923076923077 0.7067307692307693 0.4951923076923077 0.7475961538461539 0.4807692307692308 0.7475961538461539
23 0.5240384615384616 0.7067307692307693 0.5408653846153846 0.7067307692307693 0.5408653846153846 0.7475961538461539 0.5240384615384616 0.7475961538461539
23 0.5889423076923077 0.7067307692307693 0.6057692307692307 0.7067307692307693 0.6057692307692307 0.7475961538461539 0.5889423076923077 0.7475961538461539
23 0.46153846153846156 0.65625 0.47836538461538464 0.65625 0.47836538461538464 0.6971153846153846 0.46153846153846156 0.6971153846153846
23 0.3605769230769231 0.7067307692307693 0.375 0.7067307692307693 0.375 0.7475961538461539 0.3605769230769231 0.7475961538461539
23 0.6370192307692307 0.7596153846153846 0.6514423076923077 0.7596153846153846 0.6514423076923077 0.8004807692307693 0.6370192307692307 0.8004807692307693
23 0.6442307692307693 0.8100961538461539 0.6586538461538461 0.8100961538461539 0.6586538461538461 0.8509615384615384 0.6442307692307693 0.8509615384615384
23 0.3605769230769231 0.7596153846153846 0.375 0.7596153846153846 0.375 0.8004807692307693 0.3605769230769231 0.8004807692307693
23 0.5336538461538461 0.7596153846153846 0.5504807692307693 0.7596153846153846 0.5504807692307693 0.8004807692307693 0.5336538461538461 0.8004807692307693
23 0.5985576923076923 0.7596153846153846 0.6129807692307693 0.7596153846153846 0.6129807692307693 0.8004807692307693 0.5985576923076923 0.8004807692307693
23 0.6274038461538461 0.8725961538461539 0.6442307692307693 0.8725961538461539 0.6442307692307693 0.9158653846153846 0.6274038461538461 0.9158653846153846
23 0.46875 0.8100961538461539 0.4831730769230769 0.8100961538461539 0.4831730769230769 0.8509615384615384 0.46875 0.8509615384615384
23 0.5168269230769231 0.8100961538461539 0.53125 0.8100961538461539 0.53125 0.8509615384615384 0.5168269230769231 0.8509615384615384
23 0.5889423076923077 0.8100961538461539 0.6057692307692307 0.8100961538461539 0.6057692307692307 0.8509615384615384 0.5889423076923077 0.8509615384615384
23 0.2548076923076923 0.7956730769230769 0.27163461538461536 0.7956730769230769 0.27163461538461536 0.8413461538461539 0.2548076923076923 0.8413461538461539
23 0.18509615384615385 0.7956730769230769 0.19471153846153846 0.7956730769230769 0.19471153846153846 0.8389423076923077 0.18509615384615385 0.8389423076923077
23 0.25721153846153844 0.6826923076923077 0.27403846153846156 0.6826923076923077 0.27403846153846156 0.7259615384615384 0.25721153846153844 0.7259615384615384
23 0.24759615384615385 0.7403846153846154 0.25961538461538464 0.7403846153846154 0.25961538461538464 0.7836538461538461 0.24759615384615385 0.7836538461538461
23 0.7884615384615384 0.7692307692307693 0.8076923076923077 0.7692307692307693 0.8076923076923077 0.8245192307692307 0.7884615384615384 0.8245192307692307
23 0.19471153846153846 0.6225961538461539 0.2091346153846154 0.6225961538461539 0.2091346153846154 0.6682692307692307 0.19471153846153846 0.6682692307692307
23 0.07451923076923077 0.6778846153846154 0.09134615384615384 0.6778846153846154 0.09134615384615384 0.7235576923076923 0.07451923076923077 0.7235576923076923
23 0.07451923076923077 0.7379807692307693 0.09134615384615384 0.7379807692307693 0.09134615384615384 0.7836538461538461 0.07451923076923077 0.7836538461538461
23 0.0889423076923077 0.6225961538461539 0.10576923076923077 0.6225961538461539 0.10576923076923077 0.6682692307692307 0.0889423076923077 0.6682692307692307
8 0.16105769230769232 0.7956730769230769 0.18269230769230768 0.7956730769230769 0.18269230769230768 0.8389423076923077 0.16105769230769232 0.8389423076923077
8 0.17307692307692307 0.6225961538461539 0.19471153846153846 0.6225961538461539 0.19471153846153846 0.6682692307692307 0.17307692307692307 0.6682692307692307
8 0.8798076923076923 0.7716346153846154 0.90625 0.7716346153846154 0.90625 0.8245192307692307 0.8798076923076923 0.8245192307692307
23 0.08413461538461539 0.7956730769230769 0.10096153846153846 0.7956730769230769 0.10096153846153846 0.8413461538461539 0.08413461538461539 0.8413461538461539
0 0.14903846153846154 0.6346153846153846 0.21153846153846154 0.6346153846153846 0.21153846153846154 0.6610576923076923 0.14903846153846154 0.6610576923076923
0 0.13701923076923078 0.8173076923076923 0.19951923076923078 0.8173076923076923 0.19951923076923078 0.8413461538461539 0.13701923076923078 0.8413461538461539
0 0.14903846153846154 0.6947115384615384 0.21153846153846154 0.6947115384615384 0.21153846153846154 0.7211538461538461 0.14903846153846154 0.7211538461538461
0 0.125 0.7548076923076923 0.1875 0.7548076923076923 0.1875 0.78125 0.125 0.78125
23 0.25721153846153844 0.6225961538461539 0.27403846153846156 0.6225961538461539 0.27403846153846156 0.6682692307692307 0.25721153846153844 0.6682692307692307
23 0.8004807692307693 0.6298076923076923 0.8197115384615384 0.6298076923076923 0.8197115384615384 0.6826923076923077 0.8004807692307693 0.6826923076923077
0 0.8774038461538461 0.7956730769230769 0.9375 0.7956730769230769 0.9375 0.8245192307692307 0.8774038461538461 0.8245192307692307
0 0.8509615384615384 0.5769230769230769 0.9110576923076923 0.5769230769230769 0.9110576923076923 0.6057692307692307 0.8509615384615384 0.6057692307692307
0 0.8774038461538461 0.6490384615384616 0.9375 0.6490384615384616 0.9375 0.6778846153846154 0.8774038461538461 0.6778846153846154
0 0.8653846153846154 0.7211538461538461 0.9254807692307693 0.7211538461538461 0.9254807692307693 0.75 0.8653846153846154 0.75
8 0.17307692307692307 0.6802884615384616 0.19471153846153846 0.6802884615384616 0.19471153846153846 0.7235576923076923 0.17307692307692307 0.7235576923076923
8 0.8677884615384616 0.6995192307692307 0.8942307692307693 0.6995192307692307 0.8942307692307693 0.7524038461538461 0.8677884615384616 0.7524038461538461
8 0.8774038461538461 0.6274038461538461 0.9038461538461539 0.6274038461538461 0.9038461538461539 0.6802884615384616 0.8774038461538461 0.6802884615384616
8 0.8557692307692307 0.5625 0.8822115384615384 0.5625 0.8822115384615384 0.6153846153846154 0.8557692307692307 0.6153846153846154
23 0.7091346153846154 0.6057692307692307 0.7283653846153846 0.6057692307692307 0.7283653846153846 0.6394230769230769 0.7091346153846154 0.6394230769230769
23 0.7091346153846154 0.7908653846153846 0.7283653846153846 0.7908653846153846 0.7283653846153846 0.8221153846153846 0.7091346153846154 0.8221153846153846
23 0.7091346153846154 0.6706730769230769 0.7283653846153846 0.6706730769230769 0.7283653846153846 0.6995192307692307 0.7091346153846154 0.6995192307692307
23 0.7091346153846154 0.7283653846153846 0.7283653846153846 0.7283653846153846 0.7283653846153846 0.7620192307692307 0.7091346153846154 0.7620192307692307
23 0.3173076923076923 0.625 0.3245192307692308 0.625 0.3245192307692308 0.6586538461538461 0.3173076923076923 0.6586538461538461
23 0.3004807692307692 0.625 0.31490384615384615 0.625 0.31490384615384615 0.6586538461538461 0.3004807692307692 0.6586538461538461
23 0.3004807692307692 0.6850961538461539 0.31490384615384615 0.6850961538461539 0.31490384615384615 0.7139423076923077 0.3004807692307692 0.7139423076923077
23 0.3004807692307692 0.7403846153846154 0.31490384615384615 0.7403846153846154 0.31490384615384615 0.7716346153846154 0.3004807692307692 0.7716346153846154
23 0.3004807692307692 0.7980769230769231 0.31490384615384615 0.7980769230769231 0.31490384615384615 0.8269230769230769 0.3004807692307692 0.8269230769230769
23 0.3173076923076923 0.7980769230769231 0.3245192307692308 0.7980769230769231 0.3245192307692308 0.8269230769230769 0.3173076923076923 0.8269230769230769
23 0.3173076923076923 0.7403846153846154 0.3245192307692308 0.7403846153846154 0.3245192307692308 0.7716346153846154 0.3173076923076923 0.7716346153846154
23 0.3173076923076923 0.6850961538461539 0.3245192307692308 0.6850961538461539 0.3245192307692308 0.7139423076923077 0.3173076923076923 0.7139423076923077
23 0.3293269230769231 0.625 0.34375 0.625 0.34375 0.6826923076923077 0.3293269230769231 0.6826923076923077
23 0.3293269230769231 0.6875 0.34375 0.6875 0.34375 0.7331730769230769 0.3293269230769231 0.7331730769230769
23 0.3293269230769231 0.7427884615384616 0.34375 0.7427884615384616 0.34375 0.7860576923076923 0.3293269230769231 0.7860576923076923
23 0.3293269230769231 0.7980769230769231 0.34375 0.7980769230769231 0.34375 0.8389423076923077 0.3293269230769231 0.8389423076923077
23 0.6754807692307693 0.6081730769230769 0.7019230769230769 0.6081730769230769 0.7019230769230769 0.6802884615384616 0.6754807692307693 0.6802884615384616
23 0.6754807692307693 0.6730769230769231 0.7019230769230769 0.6730769230769231 0.7019230769230769 0.7307692307692307 0.6754807692307693 0.7307692307692307
23 0.6754807692307693 0.7307692307692307 0.7019230769230769 0.7307692307692307 0.7019230769230769 0.7836538461538461 0.6754807692307693 0.7836538461538461
23 0.6754807692307693 0.7908653846153846 0.7019230769230769 0.7908653846153846 0.7019230769230769 0.8365384615384616 0.6754807692307693 0.8365384615384616
23 0.3605769230769231 0.8100961538461539 0.375 0.8100961538461539 0.375 0.8509615384615384 0.3605769230769231 0.8509615384615384
23 0.3557692307692308 0.8725961538461539 0.38221153846153844 0.8725961538461539 0.38221153846153844 0.9158653846153846 0.3557692307692308 0.9158653846153846
23 0.40384615384615385 0.8725961538461539 0.4206730769230769 0.8725961538461539 0.4206730769230769 0.9158653846153846 0.40384615384615385 0.9158653846153846
23 0.46875 0.8725961538461539 0.4855769230769231 0.8725961538461539 0.4855769230769231 0.9158653846153846 0.46875 0.9158653846153846
23 0.5168269230769231 0.8725961538461539 0.53125 0.8725961538461539 0.53125 0.9158653846153846 0.5168269230769231 0.9158653846153846
23 0.5793269230769231 0.8725961538461539 0.5913461538461539 0.8725961538461539 0.5913461538461539 0.9158653846153846 0.5793269230769231 0.9158653846153846
12 0.055288461538461536 0.8461538461538461 0.3269230769230769 0.8461538461538461 0.3269230769230769 0.8509615384615384 0.055288461538461536 0.8509615384615384
12 0.055288461538461536 0.6706730769230769 0.3269230769230769 0.6706730769230769 0.3269230769230769 0.6754807692307693 0.055288461538461536 0.6754807692307693
12 0.055288461538461536 0.7259615384615384 0.3269230769230769 0.7259615384615384 0.3269230769230769 0.7307692307692307 0.055288461538461536 0.7307692307692307
12 0.055288461538461536 0.7836538461538461 0.3269230769230769 0.7836538461538461 0.3269230769230769 0.7884615384615384 0.055288461538461536 0.7884615384615384
12 0.7764423076923077 0.8269230769230769 0.9567307692307693 0.8269230769230769 0.9567307692307693 0.8317307692307693 0.7764423076923077 0.8317307692307693
12 0.7764423076923077 0.6201923076923077 0.9567307692307693 0.6201923076923077 0.9567307692307693 0.625 0.7764423076923077 0.625
12 0.7764423076923077 0.6875 0.9567307692307693 0.6875 0.9567307692307693 0.6923076923076923 0.7764423076923077 0.6923076923076923
12 0.7764423076923077 0.7548076923076923 0.9567307692307693 0.7548076923076923 0.9567307692307693 0.7596153846153846 0.7764423076923077 0.7596153846153846
12 0.3485576923076923 0.8509615384615384 0.6706730769230769 0.8509615384615384 0.6706730769230769 0.8557692307692307 0.3485576923076923 0.8557692307692307
12 0.3485576923076923 0.6995192307692307 0.6706730769230769 0.6995192307692307 0.6706730769230769 0.7019230769230769 0.3485576923076923 0.7019230769230769
12 0.3485576923076923 0.75 0.6706730769230769 0.75 0.6706730769230769 0.7524038461538461 0.3485576923076923 0.7524038461538461
12 0.3485576923076923 0.8004807692307693 0.6706730769230769 0.8004807692307693 0.6706730769230769 0.8028846153846154 0.3485576923076923 0.8028846153846154
2 0.05048076923076923 0.5408653846153846 0.9615384615384616 0.5408653846153846 0.9615384615384616 0.9350961538461539 0.05048076923076923 0.9350961538461539
10 0.05048076923076923 0.5408653846153846 0.9615384615384616 0.5408653846153846 0.9615384615384616 0.9350961538461539 0.05048076923076923 0.9350961538461539