23 0.18269230769230768 0.17067307692307693 0.23798076923076922 0.17067307692307693 0.23798076923076922 0.23557692307692307 0.18269230769230768 0.23557692307692307
24 0.2620192307692308 0.15865384615384615 0.32211538461538464 0.15865384615384615 0.32211538461538464 0.23557692307692307 0.2620192307692308 0.23557692307692307
23 0.3485576923076923 0.17067307692307693 0.4014423076923077 0.17067307692307693 0.4014423076923077 0.23798076923076922 0.3485576923076923 0.23798076923076922
24 0.1778846153846154 0.15865384615384615 0.23798076923076922 0.15865384615384615 0.23798076923076922 0.23557692307692307 0.1778846153846154 0.23557692307692307
23 0.2668269230769231 0.17067307692307693 0.32211538461538464 0.17067307692307693 0.32211538461538464 0.23557692307692307 0.2668269230769231 0.23557692307692307
24 0.34615384615384615 0.15865384615384615 0.40625 0.15865384615384615 0.40625 0.23798076923076922 0.34615384615384615 0.23798076923076922
23 0.5985576923076923 0.17067307692307693 0.6538461538461539 0.17067307692307693 0.6538461538461539 0.23798076923076922 0.5985576923076923 0.23798076923076922
24 0.5961538461538461 0.15865384615384615 0.6538461538461539 0.15865384615384615 0.6538461538461539 0.23798076923076922 0.5961538461538461 0.23798076923076922
23 0.43028846153846156 0.17067307692307693 0.4855769230769231 0.17067307692307693 0.4855769230769231 0.23798076923076922 0.43028846153846156 0.23798076923076922
24 0.42788461538461536 0.15865384615384615 0.4879807692307692 0.15865384615384615 0.4879807692307692 0.23798076923076922 0.42788461538461536 0.23798076923076922
23 0.5144230769230769 0.17067307692307693 0.5697115384615384 0.17067307692307693 0.5697115384615384 0.23798076923076922 0.5144230769230769 0.23798076923076922
24 0.5120192307692307 0.15865384615384615 0.5721153846153846 0.15865384615384615 0.5721153846153846 0.23798076923076922 0.5120192307692307 0.23798076923076922
23 0.6802884615384616 0.17067307692307693 0.7331730769230769 0.17067307692307693 0.7331730769230769 0.23798076923076922 0.6802884615384616 0.23798076923076922
24 0.7620192307692307 0.15865384615384615 0.8221153846153846 0.15865384615384615 0.8221153846153846 0.23798076923076922 0.7620192307692307 0.23798076923076922
23 0.7620192307692307 0.17067307692307693 0.8173076923076923 0.17067307692307693 0.8173076923076923 0.23798076923076922 0.7620192307692307 0.23798076923076922
24 0.6802884615384616 0.15865384615384615 0.7379807692307693 0.15865384615384615 0.7379807692307693 0.23798076923076922 0.6802884615384616 0.23798076923076922
23 0.18269230769230768 0.27163461538461536 0.23798076923076922 0.27163461538461536 0.23798076923076922 0.3389423076923077 0.18269230769230768 0.3389423076923077
24 0.2620192307692308 0.25961538461538464 0.31971153846153844 0.25961538461538464 0.31971153846153844 0.3389423076923077 0.2620192307692308 0.3389423076923077
23 0.3485576923076923 0.2692307692307692 0.4014423076923077 0.2692307692307692 0.4014423076923077 0.3389423076923077 0.3485576923076923 0.3389423076923077
24 0.1778846153846154 0.25961538461538464 0.23798076923076922 0.25961538461538464 0.23798076923076922 0.3389423076923077 0.1778846153846154 0.3389423076923077
23 0.2668269230769231 0.2692307692307692 0.31971153846153844 0.2692307692307692 0.31971153846153844 0.3389423076923077 0.2668269230769231 0.3389423076923077
24 0.34615384615384615 0.25961538461538464 0.40625 0.25961538461538464 0.40625 0.3389423076923077 0.34615384615384615 0.3389423076923077
23 0.5961538461538461 0.2692307692307692 0.6538461538461539 0.2692307692307692 0.6538461538461539 0.3389423076923077 0.5961538461538461 0.3389423076923077
24 0.5961538461538461 0.25961538461538464 0.6538461538461539 0.25961538461538464 0.6538461538461539 0.3389423076923077 0.5961538461538461 0.3389423076923077
23 0.43028846153846156 0.2692307692307692 0.4855769230769231 0.2692307692307692 0.4855769230769231 0.3389423076923077 0.43028846153846156 0.3389423076923077
24 0.42788461538461536 0.25961538461538464 0.4879807692307692 0.25961538461538464 0.4879807692307692 0.3389423076923077 0.42788461538461536 0.3389423076923077
23 0.5144230769230769 0.2692307692307692 0.5697115384615384 0.2692307692307692 0.5697115384615384 0.3389423076923077 0.5144230769230769 0.3389423076923077
24 0.5120192307692307 0.25961538461538464 0.5721153846153846 0.25961538461538464 0.5721153846153846 0.3389423076923077 0.5120192307692307 0.3389423076923077
23 0.6802884615384616 0.2692307692307692 0.7331730769230769 0.2692307692307692 0.7331730769230769 0.3389423076923077 0.6802884615384616 0.3389423076923077
24 0.7620192307692307 0.25961538461538464 0.8221153846153846 0.25961538461538464 0.8221153846153846 0.3389423076923077 0.7620192307692307 0.3389423076923077
23 0.7620192307692307 0.2692307692307692 0.8173076923076923 0.2692307692307692 0.8173076923076923 0.3389423076923077 0.7620192307692307 0.3389423076923077
24 0.6802884615384616 0.25961538461538464 0.7379807692307693 0.25961538461538464 0.7379807692307693 0.3389423076923077 0.6802884615384616 0.3389423076923077
23 0.18269230769230768 0.3701923076923077 0.23798076923076922 0.3701923076923077 0.23798076923076922 0.43990384615384615 0.18269230769230768 0.43990384615384615
24 0.2620192307692308 0.3605769230769231 0.31971153846153844 0.3605769230769231 0.31971153846153844 0.4375 0.2620192307692308 0.4375
23 0.3485576923076923 0.3701923076923077 0.4014423076923077 0.3701923076923077 0.4014423076923077 0.43990384615384615 0.3485576923076923 0.43990384615384615
24 0.1778846153846154 0.3605769230769231 0.23798076923076922 0.3605769230769231 0.23798076923076922 0.43990384615384615 0.1778846153846154 0.43990384615384615
23 0.2668269230769231 0.3701923076923077 0.31971153846153844 0.3701923076923077 0.31971153846153844 0.4375 0.2668269230769231 0.4375
24 0.34615384615384615 0.3605769230769231 0.40625 0.3605769230769231 0.40625 0.43990384615384615 0.34615384615384615 0.43990384615384615
23 0.5961538461538461 0.3701923076923077 0.6538461538461539 0.3701923076923077 0.6538461538461539 0.43990384615384615 0.5961538461538461 0.43990384615384615
24 0.5961538461538461 0.3605769230769231 0.6538461538461539 0.3605769230769231 0.6538461538461539 0.43990384615384615 0.5961538461538461 0.43990384615384615
23 0.43028846153846156 0.3701923076923077 0.4855769230769231 0.3701923076923077 0.4855769230769231 0.43990384615384615 0.43028846153846156 0.43990384615384615
24 0.42788461538461536 0.3605769230769231 0.4879807692307692 0.3605769230769231 0.4879807692307692 0.43990384615384615 0.42788461538461536 0.43990384615384615
23 0.5144230769230769 0.3701923076923077 0.5697115384615384 0.3701923076923077 0.5697115384615384 0.43990384615384615 0.5144230769230769 0.43990384615384615
24 0.5120192307692307 0.3605769230769231 0.5721153846153846 0.3605769230769231 0.5721153846153846 0.43990384615384615 0.5120192307692307 0.43990384615384615
23 0.6802884615384616 0.3701923076923077 0.7355769230769231 0.3701923076923077 0.7355769230769231 0.43990384615384615 0.6802884615384616 0.43990384615384615
24 0.7620192307692307 0.3605769230769231 0.8221153846153846 0.3605769230769231 0.8221153846153846 0.43990384615384615 0.7620192307692307 0.43990384615384615
23 0.7620192307692307 0.3701923076923077 0.8149038461538461 0.3701923076923077 0.8149038461538461 0.43990384615384615 0.7620192307692307 0.43990384615384615
24 0.6778846153846154 0.3605769230769231 0.7379807692307693 0.3605769230769231 0.7379807692307693 0.43990384615384615 0.6778846153846154 0.43990384615384615
24 0.7620192307692307 0.46153846153846156 0.8221153846153846 0.46153846153846156 0.8221153846153846 0.5408653846153846 0.7620192307692307 0.5408653846153846
24 0.1778846153846154 0.46153846153846156 0.23798076923076922 0.46153846153846156 0.23798076923076922 0.5408653846153846 0.1778846153846154 0.5408653846153846
24 0.2620192307692308 0.46153846153846156 0.32211538461538464 0.46153846153846156 0.32211538461538464 0.5408653846153846 0.2620192307692308 0.5408653846153846
24 0.34615384615384615 0.46153846153846156 0.40625 0.46153846153846156 0.40625 0.5408653846153846 0.34615384615384615 0.5408653846153846
24 0.42788461538461536 0.46153846153846156 0.4879807692307692 0.46153846153846156 0.4879807692307692 0.5408653846153846 0.42788461538461536 0.5408653846153846
24 0.5120192307692307 0.46153846153846156 0.5721153846153846 0.46153846153846156 0.5721153846153846 0.5408653846153846 0.5120192307692307 0.5408653846153846
24 0.59375 0.46153846153846156 0.6538461538461539 0.46153846153846156 0.6538461538461539 0.5408653846153846 0.59375 0.5408653846153846
24 0.6778846153846154 0.46153846153846156 0.7379807692307693 0.46153846153846156 0.7379807692307693 0.5408653846153846 0.6778846153846154 0.5408653846153846
23 0.7620192307692307 0.46875 0.8173076923076923 0.46875 0.8173076923076923 0.5408653846153846 0.7620192307692307 0.5408653846153846
23 0.6778846153846154 0.46875 0.7331730769230769 0.46875 0.7331730769230769 0.5408653846153846 0.6778846153846154 0.5408653846153846
23 0.5961538461538461 0.46875 0.6514423076923077 0.46875 0.6514423076923077 0.5408653846153846 0.5961538461538461 0.5408653846153846
23 0.5144230769230769 0.46875 0.5697115384615384 0.46875 0.5697115384615384 0.5408653846153846 0.5144230769230769 0.5408653846153846
23 0.43028846153846156 0.46875 0.4855769230769231 0.46875 0.4855769230769231 0.5408653846153846 0.43028846153846156 0.5408653846153846
23 0.3485576923076923 0.46875 0.40384615384615385 0.46875 0.40384615384615385 0.5408653846153846 0.3485576923076923 0.5408653846153846
23 0.2644230769230769 0.46875 0.31971153846153844 0.46875 0.31971153846153844 0.5408653846153846 0.2644230769230769 0.5408653846153846
23 0.18269230769230768 0.46875 0.23798076923076922 0.46875 0.23798076923076922 0.5408653846153846 0.18269230769230768 0.5408653846153846
24 0.7620192307692307 0.5649038461538461 0.8221153846153846 0.5649038461538461 0.8221153846153846 0.6418269230769231 0.7620192307692307 0.6418269230769231
24 0.1778846153846154 0.5649038461538461 0.23798076923076922 0.5649038461538461 0.23798076923076922 0.6418269230769231 0.1778846153846154 0.6418269230769231
24 0.25961538461538464 0.5649038461538461 0.31971153846153844 0.5649038461538461 0.31971153846153844 0.6418269230769231 0.25961538461538464 0.6418269230769231
24 0.34375 0.5649038461538461 0.40384615384615385 0.5649038461538461 0.40384615384615385 0.6418269230769231 0.34375 0.6418269230769231
24 0.42788461538461536 0.5649038461538461 0.4879807692307692 0.5649038461538461 0.4879807692307692 0.6418269230769231 0.42788461538461536 0.6418269230769231
24 0.5120192307692307 0.5649038461538461 0.5721153846153846 0.5649038461538461 0.5721153846153846 0.6418269230769231 0.5120192307692307 0.6418269230769231
24 0.5961538461538461 0.5649038461538461 0.6538461538461539 0.5649038461538461 0.6538461538461539 0.6418269230769231 0.5961538461538461 0.6418269230769231
24 0.6778846153846154 0.5649038461538461 0.7379807692307693 0.5649038461538461 0.7379807692307693 0.6418269230769231 0.6778846153846154 0.6418269230769231
23 0.18269230769230768 0.5673076923076923 0.23798076923076922 0.5673076923076923 0.23798076923076922 0.6418269230769231 0.18269230769230768 0.6418269230769231
23 0.7620192307692307 0.5673076923076923 0.8173076923076923 0.5673076923076923 0.8173076923076923 0.6418269230769231 0.7620192307692307 0.6418269230769231
23 0.2644230769230769 0.5673076923076923 0.31971153846153844 0.5673076923076923 0.31971153846153844 0.6418269230769231 0.2644230769230769 0.6418269230769231
23 0.3485576923076923 0.5673076923076923 0.40384615384615385 0.5673076923076923 0.40384615384615385 0.6418269230769231 0.3485576923076923 0.6418269230769231
23 0.43028846153846156 0.5673076923076923 0.4855769230769231 0.5673076923076923 0.4855769230769231 0.6418269230769231 0.43028846153846156 0.6418269230769231
23 0.5144230769230769 0.5673076923076923 0.5697115384615384 0.5673076923076923 0.5697115384615384 0.6418269230769231 0.5144230769230769 0.6418269230769231
23 0.5961538461538461 0.5673076923076923 0.6514423076923077 0.5673076923076923 0.6514423076923077 0.6418269230769231 0.5961538461538461 0.6418269230769231
23 0.6802884615384616 0.5673076923076923 0.7355769230769231 0.5673076923076923 0.7355769230769231 0.6418269230769231 0.6802884615384616 0.6418269230769231
24 0.6778846153846154 0.7668269230769231 0.7379807692307693 0.7668269230769231 0.7379807692307693 0.8485576923076923 0.6778846153846154 0.8485576923076923
24 0.7620192307692307 0.7668269230769231 0.8221153846153846 0.7668269230769231 0.8221153846153846 0.8485576923076923 0.7620192307692307 0.8485576923076923
24 0.6778846153846154 0.6658653846153846 0.7379807692307693 0.6658653846153846 0.7379807692307693 0.7427884615384616 0.6778846153846154 0.7427884615384616
24 0.7620192307692307 0.6658653846153846 0.8221153846153846 0.6658653846153846 0.8221153846153846 0.7427884615384616 0.7620192307692307 0.7427884615384616
23 0.7620192307692307 0.7692307692307693 0.8173076923076923 0.7692307692307693 0.8173076923076923 0.8461538461538461 0.7620192307692307 0.8461538461538461
23 0.7620192307692307 0.6682692307692307 0.8173076923076923 0.6682692307692307 0.8173076923076923 0.7427884615384616 0.7620192307692307 0.7427884615384616
23 0.6802884615384616 0.6682692307692307 0.7331730769230769 0.6682692307692307 0.7331730769230769 0.7427884615384616 0.6802884615384616 0.7427884615384616
23 0.6802884615384616 0.7692307692307693 0.7331730769230769 0.7692307692307693 0.7331730769230769 0.8461538461538461 0.6802884615384616 0.8461538461538461
24 0.17548076923076922 0.7692307692307693 0.23557692307692307 0.7692307692307693 0.23557692307692307 0.8485576923076923 0.17548076923076922 0.8485576923076923
24 0.17548076923076922 0.6658653846153846 0.23557692307692307 0.6658653846153846 0.23557692307692307 0.7427884615384616 0.17548076923076922 0.7427884615384616
24 0.2620192307692308 0.6658653846153846 0.32211538461538464 0.6658653846153846 0.32211538461538464 0.7427884615384616 0.2620192307692308 0.7427884615384616
24 0.2620192307692308 0.7692307692307693 0.32211538461538464 0.7692307692307693 0.32211538461538464 0.8485576923076923 0.2620192307692308 0.8485576923076923
23 0.18509615384615385 0.6706730769230769 0.23557692307692307 0.6706730769230769 0.23557692307692307 0.7427884615384616 0.18509615384615385 0.7427884615384616
23 0.18509615384615385 0.7692307692307693 0.23557692307692307 0.7692307692307693 0.23557692307692307 0.8461538461538461 0.18509615384615385 0.8461538461538461
23 0.2668269230769231 0.7716346153846154 0.31971153846153844 0.7716346153846154 0.31971153846153844 0.8461538461538461 0.2668269230769231 0.8461538461538461
23 0.2668269230769231 0.6682692307692307 0.31971153846153844 0.6682692307692307 0.31971153846153844 0.7427884615384616 0.2668269230769231 0.7427884615384616
23 0.47115384615384615 0.7764423076923077 0.5288461538461539 0.7764423076923077 0.5288461538461539 0.7980769230769231 0.47115384615384615 0.7980769230769231
24 0.2620192307692308 0.7692307692307693 0.32211538461538464 0.7692307692307693 0.32211538461538464 0.8485576923076923 0.2620192307692308 0.8485576923076923
23 0.53125 0.7764423076923077 0.5600961538461539 0.7764423076923077 0.5600961538461539 0.7980769230769231 0.53125 0.7980769230769231
23 0.4375 0.7764423076923077 0.46875 0.7764423076923077 0.46875 0.7980769230769231 0.4375 0.7980769230769231
14 0.4375 0.8028846153846154 0.46153846153846156 0.8028846153846154 0.46153846153846156 0.8653846153846154 0.4375 0.8653846153846154
14 0.5360576923076923 0.8028846153846154 0.5625 0.8028846153846154 0.5625 0.8653846153846154 0.5360576923076923 0.8653846153846154
8 0.46875 0.8004807692307693 0.5288461538461539 0.8004807692307693 0.5288461538461539 0.8677884615384616 0.46875 0.8677884615384616
23 0.5865384615384616 0.7764423076923077 0.6370192307692307 0.7764423076923077 0.6370192307692307 0.84375 0.5865384615384616 0.84375
24 0.5865384615384616 0.7740384615384616 0.6394230769230769 0.7740384615384616 0.6394230769230769 0.8485576923076923 0.5865384615384616 0.8485576923076923
23 0.3629807692307692 0.7764423076923077 0.4110576923076923 0.7764423076923077 0.4110576923076923 0.84375 0.3629807692307692 0.84375
24 0.3581730769230769 0.7716346153846154 0.41346153846153844 0.7716346153846154 0.41346153846153844 0.8461538461538461 0.3581730769230769 0.8461538461538461
23 0.5865384615384616 0.6850961538461539 0.6370192307692307 0.6850961538461539 0.6370192307692307 0.75 0.5865384615384616 0.75
24 0.5865384615384616 0.6802884615384616 0.6394230769230769 0.6802884615384616 0.6394230769230769 0.7524038461538461 0.5865384615384616 0.7524038461538461
23 0.3629807692307692 0.6850961538461539 0.4110576923076923 0.6850961538461539 0.4110576923076923 0.75 0.3629807692307692 0.75
24 0.3605769230769231 0.6802884615384616 0.41346153846153844 0.6802884615384616 0.41346153846153844 0.7524038461538461 0.3605769230769231 0.7524038461538461
23 0.4375 0.6850961538461539 0.4855769230769231 0.6850961538461539 0.4855769230769231 0.75 0.4375 0.75
24 0.43509615384615385 0.6802884615384616 0.4879807692307692 0.6802884615384616 0.4879807692307692 0.7524038461538461 0.43509615384615385 0.7524038461538461
23 0.5120192307692307 0.6850961538461539 0.5625 0.6850961538461539 0.5625 0.75 0.5120192307692307 0.75
24 0.5096153846153846 0.6802884615384616 0.5625 0.6802884615384616 0.5625 0.7524038461538461 0.5096153846153846 0.7524038461538461
9 0.34375 0.6658653846153846 0.6538461538461539 0.6658653846153846 0.6538461538461539 0.8725961538461539 0.34375 0.8725961538461539
2 0.15384615384615385 0.13701923076923078 0.84375 0.13701923076923078 0.84375 0.8725961538461539 0.15384615384615385 0.8725961538461539
12 0.15384615384615385 0.24519230769230768 0.84375 0.24519230769230768 0.84375 0.25240384615384615 0.15384615384615385 0.25240384615384615
12 0.15384615384615385 0.34615384615384615 0.84375 0.34615384615384615 0.84375 0.35336538461538464 0.15384615384615385 0.35336538461538464
12 0.15384615384615385 0.44711538461538464 0.84375 0.44711538461538464 0.84375 0.4543269230769231 0.15384615384615385 0.4543269230769231
12 0.15384615384615385 0.5504807692307693 0.84375 0.5504807692307693 0.84375 0.5576923076923077 0.15384615384615385 0.5576923076923077
12 0.15384615384615385 0.6490384615384616 0.84375 0.6490384615384616 0.84375 0.65625 0.15384615384615385 0.65625
12 0.15384615384615385 0.7572115384615384 0.84375 0.7572115384615384 0.84375 0.7644230769230769 0.15384615384615385 0.7644230769230769
15 0.15384615384615385 0.7644230769230769 0.84375 0.7644230769230769 0.84375 0.875 0.15384615384615385 0.875
11 0.15384615384615385 0.65625 0.84375 0.65625 0.84375 0.7572115384615384 0.15384615384615385 0.7572115384615384
11 0.15384615384615385 0.5552884615384616 0.84375 0.5552884615384616 0.84375 0.6490384615384616 0.15384615384615385 0.6490384615384616
11 0.15384615384615385 0.4543269230769231 0.84375 0.4543269230769231 0.84375 0.5480769230769231 0.15384615384615385 0.5480769230769231
11 0.15384615384615385 0.35096153846153844 0.84375 0.35096153846153844 0.84375 0.44711538461538464 0.15384615384615385 0.44711538461538464
11 0.15384615384615385 0.25240384615384615 0.84375 0.25240384615384615 0.84375 0.34375 0.15384615384615385 0.34375
22 0.15384615384615385 0.13701923076923078 0.84375 0.13701923076923078 0.84375 0.24278846153846154 0.15384615384615385 0.24278846153846154
10 0.15384615384615385 0.13701923076923078 0.84375 0.13701923076923078 0.84375 0.8725961538461539 0.15384615384615385 0.8725961538461539