23 0.46153846153846156 0.3173076923076923 0.7067307692307693 0.3173076923076923 0.7067307692307693 0.4543269230769231 0.46153846153846156 0.4543269230769231
23 0.4807692307692308 0.6298076923076923 0.7716346153846154 0.6298076923076923 0.7716346153846154 0.7620192307692307 0.4807692307692308 0.7620192307692307
20 0.4831730769230769 0.38461538461538464 0.7379807692307693 0.38461538461538464 0.7379807692307693 0.53125 0.4831730769230769 0.53125
20 0.12740384615384615 0.5985576923076923 0.28125 0.5985576923076923 0.28125 0.6826923076923077 0.12740384615384615 0.6826923076923077
20 0.5072115384615384 0.6081730769230769 0.59375 0.6081730769230769 0.59375 0.6370192307692307 0.5072115384615384 0.6370192307692307
20 0.6538461538461539 0.6057692307692307 0.7403846153846154 0.6057692307692307 0.7403846153846154 0.6394230769230769 0.6538461538461539 0.6394230769230769
20 0.6370192307692307 0.8100961538461539 0.6514423076923077 0.8100961538461539 0.6514423076923077 0.8870192307692307 0.6370192307692307 0.8870192307692307
20 0.49038461538461536 0.8100961538461539 0.5072115384615384 0.8100961538461539 0.5072115384615384 0.8870192307692307 0.49038461538461536 0.8870192307692307
20 0.5120192307692307 0.8100961538461539 0.5288461538461539 0.8100961538461539 0.5288461538461539 0.8870192307692307 0.5120192307692307 0.8870192307692307
20 0.5336538461538461 0.8100961538461539 0.5504807692307693 0.8100961538461539 0.5504807692307693 0.8870192307692307 0.5336538461538461 0.8870192307692307
20 0.5528846153846154 0.8100961538461539 0.5673076923076923 0.8100961538461539 0.5673076923076923 0.8870192307692307 0.5528846153846154 0.8870192307692307
20 0.5697115384615384 0.8100961538461539 0.5841346153846154 0.8100961538461539 0.5841346153846154 0.8870192307692307 0.5697115384615384 0.8870192307692307
20 0.5913461538461539 0.8100961538461539 0.6057692307692307 0.8100961538461539 0.6057692307692307 0.8870192307692307 0.5913461538461539 0.8870192307692307
20 0.6129807692307693 0.8100961538461539 0.6298076923076923 0.8100961538461539 0.6298076923076923 0.8870192307692307 0.6129807692307693 0.8870192307692307
20 0.2932692307692308 0.40625 0.3581730769230769 0.40625 0.3581730769230769 0.4951923076923077 0.2932692307692308 0.4951923076923077
7 0.7788461538461539 0.2644230769230769 0.8966346153846154 0.2644230769230769 0.8966346153846154 0.9951923076923077 0.7788461538461539 0.9951923076923077
7 0 0.29086538461538464 0.08413461538461539 0.29086538461538464 0.08413461538461539 1 0 1
19 0.028846153846153848 0.25 0.3798076923076923 0.25 0.3798076923076923 0.47596153846153844 0.028846153846153848 0.47596153846153844
19 0.2692307692307692 0 0.8990384615384616 0 0.8990384615384616 0.2548076923076923 0.2692307692307692 0.2548076923076923
19 0.3942307692307692 0.23557692307692307 0.7956730769230769 0.23557692307692307 0.7956730769230769 0.25721153846153844 0.3942307692307692 0.25721153846153844
8 0.14903846153846154 0.6129807692307693 0.4639423076923077 0.6129807692307693 0.4639423076923077 0.9399038461538461 0.14903846153846154 0.9399038461538461
17 0.31490384615384615 0.5913461538461539 0.34134615384615385 0.5913461538461539 0.34134615384615385 0.9302884615384616 0.31490384615384615 0.9302884615384616
7 0.8774038461538461 0.6466346153846154 0.9855769230769231 0.6466346153846154 0.9855769230769231 1 0.8774038461538461 1
2 0 0 0.9759615384615384 0 0.9759615384615384 0.9423076923076923 0 0.9423076923076923
8 0.8605769230769231 0.6394230769230769 0.9375 0.6394230769230769 0.9375 0.90625 0.8605769230769231 0.90625
20 0.7884615384615384 0.6826923076923077 0.8509615384615384 0.6826923076923077 0.8509615384615384 0.7644230769230769 0.7884615384615384 0.7644230769230769
12 0.14423076923076922 0.5480769230769231 0.9471153846153846 0.5480769230769231 0.9471153846153846 0.5721153846153846 0.14423076923076922 0.5721153846153846
15 0.14423076923076922 0.5721153846153846 0.9471153846153846 0.5721153846153846 0.9471153846153846 0.90625 0.14423076923076922 0.90625
22 0.31009615384615385 0.21153846153846154 0.8413461538461539 0.21153846153846154 0.8413461538461539 0.5456730769230769 0.31009615384615385 0.5456730769230769
10 0.31009615384615385 0.21153846153846154 0.8413461538461539 0.21153846153846154 0.8413461538461539 0.9399038461538461 0.31009615384615385 0.9399038461538461
19 0 0.47115384615384615 0.9591346153846154 0.47115384615384615 0.9591346153846154 0.5721153846153846 0 0.5721153846153846