23 0.6346153846153846 0.6658653846153846 0.7259615384615384 0.6658653846153846 0.7259615384615384 0.7548076923076923 0.6346153846153846 0.7548076923076923
23 0.53125 0.1466346153846154 0.7259615384615384 0.1466346153846154 0.7259615384615384 0.23557692307692307 0.53125 0.23557692307692307
23 0.29086538461538464 0.1466346153846154 0.38221153846153844 0.1466346153846154 0.38221153846153844 0.23557692307692307 0.29086538461538464 0.23557692307692307
23 0.29086538461538464 0.2764423076923077 0.6153846153846154 0.2764423076923077 0.6153846153846154 0.36538461538461536 0.29086538461538464 0.36538461538461536
23 0.4014423076923077 0.40625 0.4879807692307692 0.40625 0.4879807692307692 0.4951923076923077 0.4014423076923077 0.4951923076923077
23 0.6394230769230769 0.40625 0.7211538461538461 0.40625 0.7211538461538461 0.4951923076923077 0.6394230769230769 0.4951923076923077
23 0.40384615384615385 0.5360576923076923 0.7259615384615384 0.5360576923076923 0.7259615384615384 0.6225961538461539 0.40384615384615385 0.6225961538461539
8 0.47836538461538464 0.8317307692307693 0.5528846153846154 0.8317307692307693 0.5528846153846154 0.8870192307692307 0.47836538461538464 0.8870192307692307
23 0.2980769230769231 0.6658653846153846 0.4855769230769231 0.6658653846153846 0.4855769230769231 0.7548076923076923 0.2980769230769231 0.7548076923076923
23 0.34375 0.8317307692307693 0.47115384615384615 0.8317307692307693 0.47115384615384615 0.8870192307692307 0.34375 0.8870192307692307
12 0.2692307692307692 0.3798076923076923 0.75 0.3798076923076923 0.75 0.39663461538461536 0.2692307692307692 0.39663461538461536
12 0.2692307692307692 0.25 0.75 0.25 0.75 0.2644230769230769 0.2692307692307692 0.2644230769230769
12 0.2692307692307692 0.5096153846153846 0.75 0.5096153846153846 0.75 0.5240384615384616 0.2692307692307692 0.5240384615384616
12 0.2692307692307692 0.6418269230769231 0.7524038461538461 0.6418269230769231 0.7524038461538461 0.6538461538461539 0.2692307692307692 0.6538461538461539
12 0.2692307692307692 0.7716346153846154 0.7524038461538461 0.7716346153846154 0.7524038461538461 0.7908653846153846 0.2692307692307692 0.7908653846153846
2 0.25721153846153844 0.055288461538461536 0.7644230769230769 0.055288461538461536 0.7644230769230769 0.9567307692307693 0.25721153846153844 0.9567307692307693
10 0.25721153846153844 0.055288461538461536 0.7644230769230769 0.055288461538461536 0.7644230769230769 0.9567307692307693 0.25721153846153844 0.9567307692307693