23 0.08413461538461539 0.3701923076923077 0.11778846153846154 0.3701923076923077 0.11778846153846154 0.4495192307692308 0.08413461538461539 0.4495192307692308
23 0.08413461538461539 0.5216346153846154 0.1201923076923077 0.5216346153846154 0.1201923076923077 0.6033653846153846 0.08413461538461539 0.6033653846153846
23 0.8798076923076923 0.5216346153846154 0.9134615384615384 0.5216346153846154 0.9134615384615384 0.6009615384615384 0.8798076923076923 0.6009615384615384
23 0.8798076923076923 0.3701923076923077 0.9158653846153846 0.3701923076923077 0.9158653846153846 0.4495192307692308 0.8798076923076923 0.4495192307692308
23 0.12740384615384615 0.36778846153846156 0.18269230769230768 0.36778846153846156 0.18269230769230768 0.43990384615384615 0.12740384615384615 0.43990384615384615
23 0.1971153846153846 0.3701923076923077 0.25240384615384615 0.3701923076923077 0.25240384615384615 0.43990384615384615 0.1971153846153846 0.43990384615384615
23 0.12740384615384615 0.5216346153846154 0.18509615384615385 0.5216346153846154 0.18509615384615385 0.5913461538461539 0.12740384615384615 0.5913461538461539
23 0.1971153846153846 0.5216346153846154 0.25240384615384615 0.5216346153846154 0.25240384615384615 0.5913461538461539 0.1971153846153846 0.5913461538461539
23 0.7475961538461539 0.3701923076923077 0.8028846153846154 0.3701923076923077 0.8028846153846154 0.43990384615384615 0.7475961538461539 0.43990384615384615
23 0.375 0.5144230769230769 0.4375 0.5144230769230769 0.4375 0.5841346153846154 0.375 0.5841346153846154
23 0.375 0.3629807692307692 0.4375 0.3629807692307692 0.4375 0.4326923076923077 0.375 0.4326923076923077
23 0.5625 0.3629807692307692 0.625 0.3629807692307692 0.625 0.4326923076923077 0.5625 0.4326923076923077
23 0.5625 0.5144230769230769 0.625 0.5144230769230769 0.625 0.5841346153846154 0.5625 0.5841346153846154
23 0.7475961538461539 0.5216346153846154 0.8028846153846154 0.5216346153846154 0.8028846153846154 0.59375 0.7475961538461539 0.59375
23 0.8173076923076923 0.5216346153846154 0.8725961538461539 0.5216346153846154 0.8725961538461539 0.59375 0.8173076923076923 0.59375
23 0.8173076923076923 0.3701923076923077 0.8725961538461539 0.3701923076923077 0.8725961538461539 0.43990384615384615 0.8173076923076923 0.43990384615384615
23 0.8028846153846154 0.6802884615384616 0.8990384615384616 0.6802884615384616 0.8990384615384616 0.8076923076923077 0.8028846153846154 0.8076923076923077
23 0.10336538461538461 0.6802884615384616 0.1971153846153846 0.6802884615384616 0.1971153846153846 0.8076923076923077 0.10336538461538461 0.8076923076923077
23 0.21875 0.6802884615384616 0.36538461538461536 0.6802884615384616 0.36538461538461536 0.8076923076923077 0.21875 0.8076923076923077
23 0.6346153846153846 0.6802884615384616 0.78125 0.6802884615384616 0.78125 0.8076923076923077 0.6346153846153846 0.8076923076923077
23 0.4375 0.6875 0.5649038461538461 0.6875 0.5649038461538461 0.7307692307692307 0.4375 0.7307692307692307
8 0.4326923076923077 0.7355769230769231 0.5697115384615384 0.7355769230769231 0.5697115384615384 0.8725961538461539 0.4326923076923077 0.8725961538461539
16 0.08413461538461539 0.2692307692307692 0.3125 0.2692307692307692 0.3125 0.3269230769230769 0.08413461538461539 0.3269230769230769
16 0.6899038461538461 0.2692307692307692 0.9158653846153846 0.2692307692307692 0.9158653846153846 0.3293269230769231 0.6899038461538461 0.3293269230769231
17 0.31009615384615385 0.21394230769230768 0.375 0.21394230769230768 0.375 0.6538461538461539 0.31009615384615385 0.6538461538461539
17 0.625 0.21394230769230768 0.6923076923076923 0.21394230769230768 0.6923076923076923 0.6538461538461539 0.625 0.6538461538461539
2 0.007211538461538462 0.16105769230769232 0.9951923076923077 0.16105769230769232 0.9951923076923077 0.9110576923076923 0.007211538461538462 0.9110576923076923
17 0.78125 0.6682692307692307 0.8028846153846154 0.6682692307692307 0.8028846153846154 0.8701923076923077 0.78125 0.8701923076923077
17 0.19951923076923078 0.6682692307692307 0.22115384615384615 0.6682692307692307 0.22115384615384615 0.8701923076923077 0.19951923076923078 0.8701923076923077
17 0.43509615384615385 0.16346153846153846 0.5649038461538461 0.16346153846153846 0.5649038461538461 0.6538461538461539 0.43509615384615385 0.6538461538461539
10 0.007211538461538462 0.16346153846153846 0.9951923076923077 0.16346153846153846 0.9951923076923077 0.9110576923076923 0.007211538461538462 0.9110576923076923