23 0.4951923076923077 0.7740384615384616 0.6538461538461539 0.7740384615384616 0.6538461538461539 0.7884615384615384 0.4951923076923077 0.7884615384615384
23 0.49759615384615385 0.7908653846153846 0.5384615384615384 0.7908653846153846 0.5384615384615384 0.8774038461538461 0.49759615384615385 0.8774038461538461
23 0.6129807692307693 0.7908653846153846 0.6538461538461539 0.7908653846153846 0.6538461538461539 0.8774038461538461 0.6129807692307693 0.8774038461538461
8 0.5432692307692307 0.7908653846153846 0.6057692307692307 0.7908653846153846 0.6057692307692307 0.8774038461538461 0.5432692307692307 0.8774038461538461
20 0.49759615384615385 0.7259615384615384 0.6706730769230769 0.7259615384615384 0.6706730769230769 0.7427884615384616 0.49759615384615385 0.7427884615384616
12 0.44711538461538464 0.5961538461538461 0.7091346153846154 0.5961538461538461 0.7091346153846154 0.6129807692307693 0.44711538461538464 0.6129807692307693
0 0.4639423076923077 0.4375 0.6899038461538461 0.4375 0.6899038461538461 0.47115384615384615 0.4639423076923077 0.47115384615384615
0 0.46153846153846156 0.5745192307692307 0.5336538461538461 0.5745192307692307 0.5336538461538461 0.5961538461538461 0.46153846153846156 0.5961538461538461
8 0.46634615384615385 0.5360576923076923 0.5336538461538461 0.5360576923076923 0.5336538461538461 0.5985576923076923 0.46634615384615385 0.5985576923076923
8 0.46634615384615385 0.40625 0.5336538461538461 0.40625 0.5336538461538461 0.4639423076923077 0.46634615384615385 0.4639423076923077
8 0.46153846153846156 0.6634615384615384 0.5336538461538461 0.6634615384615384 0.5336538461538461 0.7331730769230769 0.46153846153846156 0.7331730769230769
0 0.4519230769230769 0.7019230769230769 0.7043269230769231 0.7019230769230769 0.7043269230769231 0.7524038461538461 0.4519230769230769 0.7524038461538461
23 0.5649038461538461 0.3870192307692308 0.5913461538461539 0.3870192307692308 0.5913461538461539 0.4375 0.5649038461538461 0.4375
23 0.6466346153846154 0.3870192307692308 0.6706730769230769 0.3870192307692308 0.6706730769230769 0.4375 0.6466346153846154 0.4375
23 0.5649038461538461 0.5216346153846154 0.5913461538461539 0.5216346153846154 0.5913461538461539 0.5721153846153846 0.5649038461538461 0.5721153846153846
23 0.6490384615384616 0.5216346153846154 0.6706730769230769 0.5216346153846154 0.6706730769230769 0.5721153846153846 0.6490384615384616 0.5721153846153846
23 0.5985576923076923 0.5264423076923077 0.6105769230769231 0.5264423076923077 0.6105769230769231 0.5673076923076923 0.5985576923076923 0.5673076923076923
23 0.625 0.5264423076923077 0.6394230769230769 0.5264423076923077 0.6394230769230769 0.5673076923076923 0.625 0.5673076923076923
23 0.5985576923076923 0.3894230769230769 0.6105769230769231 0.3894230769230769 0.6105769230769231 0.4326923076923077 0.5985576923076923 0.4326923076923077
23 0.625 0.3894230769230769 0.6394230769230769 0.3894230769230769 0.6394230769230769 0.4326923076923077 0.625 0.4326923076923077
23 0.5649038461538461 0.65625 0.5913461538461539 0.65625 0.5913461538461539 0.7019230769230769 0.5649038461538461 0.7019230769230769
23 0.6490384615384616 0.65625 0.6730769230769231 0.65625 0.6730769230769231 0.7019230769230769 0.6490384615384616 0.7019230769230769
23 0.5985576923076923 0.6610576923076923 0.6105769230769231 0.6610576923076923 0.6105769230769231 0.7019230769230769 0.5985576923076923 0.7019230769230769
23 0.6274038461538461 0.6610576923076923 0.6394230769230769 0.6610576923076923 0.6394230769230769 0.7019230769230769 0.6274038461538461 0.7019230769230769
0 0.4567307692307692 0.3076923076923077 0.5336538461538461 0.3076923076923077 0.5336538461538461 0.33653846153846156 0.4567307692307692 0.33653846153846156
0 0.4567307692307692 0.16346153846153846 0.5336538461538461 0.16346153846153846 0.5336538461538461 0.1971153846153846 0.4567307692307692 0.1971153846153846
12 0.44711538461538464 0.33653846153846156 0.7067307692307693 0.33653846153846156 0.7067307692307693 0.35336538461538464 0.44711538461538464 0.35336538461538464
8 0.46153846153846156 0.28125 0.5336538461538461 0.28125 0.5336538461538461 0.34375 0.46153846153846156 0.34375
8 0.4567307692307692 0.15384615384615385 0.5336538461538461 0.15384615384615385 0.5336538461538461 0.20432692307692307 0.4567307692307692 0.20432692307692307
23 0.5649038461538461 0.25240384615384615 0.5913461538461539 0.25240384615384615 0.5913461538461539 0.3004807692307692 0.5649038461538461 0.3004807692307692
23 0.6490384615384616 0.25240384615384615 0.6706730769230769 0.25240384615384615 0.6706730769230769 0.3004807692307692 0.6490384615384616 0.3004807692307692
23 0.5985576923076923 0.25721153846153844 0.6105769230769231 0.25721153846153844 0.6105769230769231 0.2980769230769231 0.5985576923076923 0.2980769230769231
23 0.625 0.25721153846153844 0.6394230769230769 0.25721153846153844 0.6394230769230769 0.2980769230769231 0.625 0.2980769230769231
23 0.5649038461538461 0.11778846153846154 0.5913461538461539 0.11778846153846154 0.5913461538461539 0.16826923076923078 0.5649038461538461 0.16826923076923078
23 0.6466346153846154 0.11778846153846154 0.6706730769230769 0.11778846153846154 0.6706730769230769 0.1658653846153846 0.6466346153846154 0.1658653846153846
23 0.5985576923076923 0.1201923076923077 0.6105769230769231 0.1201923076923077 0.6105769230769231 0.16346153846153846 0.5985576923076923 0.16346153846153846
23 0.625 0.1201923076923077 0.6394230769230769 0.1201923076923077 0.6394230769230769 0.16346153846153846 0.625 0.16346153846153846
2 0.4423076923076923 0.021634615384615384 0.7235576923076923 0.021634615384615384 0.7235576923076923 0.9134615384615384 0.4423076923076923 0.9134615384615384
12 0.4423076923076923 0.8918269230769231 0.7235576923076923 0.8918269230769231 0.7235576923076923 0.9110576923076923 0.4423076923076923 0.9110576923076923
0 0.5336538461538461 0.038461538461538464 0.7043269230769231 0.038461538461538464 0.7043269230769231 0.057692307692307696 0.5336538461538461 0.057692307692307696
12 0.4495192307692308 0.7379807692307693 0.7043269230769231 0.7379807692307693 0.7043269230769231 0.7524038461538461 0.4495192307692308 0.7524038461538461
12 0.44711538461538464 0.45913461538461536 0.7067307692307693 0.45913461538461536 0.7067307692307693 0.4735576923076923 0.44711538461538464 0.4735576923076923
12 0.44711538461538464 0.1971153846153846 0.7067307692307693 0.1971153846153846 0.7067307692307693 0.21394230769230768 0.44711538461538464 0.21394230769230768
10 0.4423076923076923 0.019230769230769232 0.7115384615384616 0.019230769230769232 0.7115384615384616 0.9134615384615384 0.4423076923076923 0.9134615384615384
23 0.4567307692307692 0.6225961538461539 0.5336538461538461 0.6225961538461539 0.5336538461538461 0.7427884615384616 0.4567307692307692 0.7427884615384616
23 0.4567307692307692 0.07932692307692307 0.5336538461538461 0.07932692307692307 0.5336538461538461 0.1971153846153846 0.4567307692307692 0.1971153846153846
23 0.4639423076923077 0.3557692307692308 0.6923076923076923 0.3557692307692308 0.6923076923076923 0.5961538461538461 0.4639423076923077 0.5961538461538461
23 0.4567307692307692 0.21394230769230768 0.5336538461538461 0.21394230769230768 0.5336538461538461 0.33653846153846156 0.4567307692307692 0.33653846153846156
23 0.5408653846153846 0.052884615384615384 0.6875 0.052884615384615384 0.6875 0.33653846153846156 0.5408653846153846 0.33653846153846156