14 0.43028846153846156 0.06971153846153846 0.5240384615384616 0.06971153846153846 0.5240384615384616 0.2668269230769231 0.43028846153846156 0.2668269230769231
14 0.17548076923076922 0.06971153846153846 0.2668269230769231 0.06971153846153846 0.2668269230769231 0.2668269230769231 0.17548076923076922 0.2668269230769231
14 0.30288461538461536 0.06971153846153846 0.3942307692307692 0.06971153846153846 0.3942307692307692 0.2668269230769231 0.30288461538461536 0.2668269230769231
14 0.43509615384615385 0.7668269230769231 0.5288461538461539 0.7668269230769231 0.5288461538461539 0.9639423076923077 0.43509615384615385 0.9639423076923077
14 0.18028846153846154 0.7668269230769231 0.27403846153846156 0.7668269230769231 0.27403846153846156 0.9639423076923077 0.18028846153846154 0.9639423076923077
14 0.3076923076923077 0.7668269230769231 0.4014423076923077 0.7668269230769231 0.4014423076923077 0.9639423076923077 0.3076923076923077 0.9639423076923077
14 0.43509615384615385 0.5288461538461539 0.5288461538461539 0.5288461538461539 0.5288461538461539 0.7259615384615384 0.43509615384615385 0.7259615384615384
14 0.18028846153846154 0.5288461538461539 0.27403846153846156 0.5288461538461539 0.27403846153846156 0.7259615384615384 0.18028846153846154 0.7259615384615384
14 0.3076923076923077 0.5288461538461539 0.4014423076923077 0.5288461538461539 0.4014423076923077 0.7259615384615384 0.3076923076923077 0.7259615384615384
14 0.18269230769230768 0.29086538461538464 0.2764423076923077 0.29086538461538464 0.2764423076923077 0.4855769230769231 0.18269230769230768 0.4855769230769231
14 0.4375 0.29086538461538464 0.53125 0.29086538461538464 0.53125 0.4855769230769231 0.4375 0.4855769230769231
14 0.31009615384615385 0.29086538461538464 0.40384615384615385 0.29086538461538464 0.40384615384615385 0.4855769230769231 0.31009615384615385 0.4855769230769231
0 0.5721153846153846 0.875 0.7932692307692307 0.875 0.7932692307692307 0.9663461538461539 0.5721153846153846 0.9663461538461539
0 0.5721153846153846 0.18269230769230768 0.7932692307692307 0.18269230769230768 0.7932692307692307 0.2644230769230769 0.5721153846153846 0.2644230769230769
0 0.5721153846153846 0.40384615384615385 0.7932692307692307 0.40384615384615385 0.7932692307692307 0.4879807692307692 0.5721153846153846 0.4879807692307692
0 0.5721153846153846 0.6418269230769231 0.7932692307692307 0.6418269230769231 0.7932692307692307 0.7283653846153846 0.5721153846153846 0.7283653846153846
8 0.5769230769230769 0.18990384615384615 0.6322115384615384 0.18990384615384615 0.6322115384615384 0.2644230769230769 0.5769230769230769 0.2644230769230769
8 0.5769230769230769 0.8149038461538461 0.6322115384615384 0.8149038461538461 0.6322115384615384 0.9663461538461539 0.5769230769230769 0.9663461538461539
8 0.5769230769230769 0.6105769230769231 0.6322115384615384 0.6105769230769231 0.6322115384615384 0.7283653846153846 0.5769230769230769 0.7283653846153846
8 0.5769230769230769 0.4014423076923077 0.6322115384615384 0.4014423076923077 0.6322115384615384 0.4879807692307692 0.5769230769230769 0.4879807692307692
12 0.13701923076923078 0.7283653846153846 0.8605769230769231 0.7283653846153846 0.8605769230769231 0.7524038461538461 0.13701923076923078 0.7524038461538461
12 0.13942307692307693 0.2644230769230769 0.8629807692307693 0.2644230769230769 0.8629807692307693 0.28846153846153844 0.13942307692307693 0.28846153846153844
12 0.13942307692307693 0.49038461538461536 0.8629807692307693 0.49038461538461536 0.8629807692307693 0.5144230769230769 0.13942307692307693 0.5144230769230769
23 0.6995192307692307 0.7548076923076923 0.8076923076923077 0.7548076923076923 0.8076923076923077 0.9639423076923077 0.6995192307692307 0.9639423076923077
23 0.6995192307692307 0.03365384615384615 0.8076923076923077 0.03365384615384615 0.8076923076923077 0.2644230769230769 0.6995192307692307 0.2644230769230769
23 0.18028846153846154 0.03365384615384615 0.28846153846153844 0.03365384615384615 0.28846153846153844 0.2644230769230769 0.18028846153846154 0.2644230769230769
23 0.5721153846153846 0.03365384615384615 0.6778846153846154 0.03365384615384615 0.6778846153846154 0.2644230769230769 0.5721153846153846 0.2644230769230769
23 0.18028846153846154 0.7548076923076923 0.28846153846153844 0.7548076923076923 0.28846153846153844 0.9639423076923077 0.18028846153846154 0.9639423076923077
23 0.5721153846153846 0.7548076923076923 0.6778846153846154 0.7548076923076923 0.6778846153846154 0.9639423076923077 0.5721153846153846 0.9639423076923077
23 0.6995192307692307 0.5120192307692307 0.8076923076923077 0.5120192307692307 0.8076923076923077 0.7283653846153846 0.6995192307692307 0.7283653846153846
23 0.18028846153846154 0.5120192307692307 0.28846153846153844 0.5120192307692307 0.28846153846153844 0.7283653846153846 0.18028846153846154 0.7283653846153846
23 0.5721153846153846 0.5120192307692307 0.6778846153846154 0.5120192307692307 0.6778846153846154 0.7283653846153846 0.5721153846153846 0.7283653846153846
23 0.43990384615384615 0.7548076923076923 0.5480769230769231 0.7548076923076923 0.5480769230769231 0.9639423076923077 0.43990384615384615 0.9639423076923077
23 0.31009615384615385 0.7548076923076923 0.4182692307692308 0.7548076923076923 0.4182692307692308 0.9639423076923077 0.31009615384615385 0.9639423076923077
23 0.43990384615384615 0.5120192307692307 0.5480769230769231 0.5120192307692307 0.5480769230769231 0.7283653846153846 0.43990384615384615 0.7283653846153846
23 0.31009615384615385 0.5120192307692307 0.4182692307692308 0.5120192307692307 0.4182692307692308 0.7283653846153846 0.31009615384615385 0.7283653846153846
23 0.43990384615384615 0.03365384615384615 0.5480769230769231 0.03365384615384615 0.5480769230769231 0.2644230769230769 0.43990384615384615 0.2644230769230769
23 0.31009615384615385 0.03365384615384615 0.4182692307692308 0.03365384615384615 0.4182692307692308 0.2644230769230769 0.31009615384615385 0.2644230769230769
23 0.7019230769230769 0.28846153846153844 0.8100961538461539 0.28846153846153844 0.8100961538461539 0.4879807692307692 0.7019230769230769 0.4879807692307692
23 0.5721153846153846 0.28846153846153844 0.6802884615384616 0.28846153846153844 0.6802884615384616 0.4879807692307692 0.5721153846153846 0.4879807692307692
2 0.13221153846153846 0 0.8629807692307693 0 0.8629807692307693 1 0.13221153846153846 1
10 0.13221153846153846 0 0.8653846153846154 0 0.8653846153846154 1 0.13221153846153846 1