23 0.6658653846153846 0.40865384615384615 0.6995192307692307 0.40865384615384615 0.6995192307692307 0.5120192307692307 0.6658653846153846 0.5120192307692307
23 0.2283653846153846 0.27884615384615385 0.30528846153846156 0.27884615384615385 0.30528846153846156 0.38221153846153844 0.2283653846153846 0.38221153846153844
23 0.1971153846153846 0.5456730769230769 0.2668269230769231 0.5456730769230769 0.2668269230769231 0.6466346153846154 0.1971153846153846 0.6466346153846154
23 0.35336538461538464 0.5456730769230769 0.3894230769230769 0.5456730769230769 0.3894230769230769 0.6466346153846154 0.35336538461538464 0.6466346153846154
23 0.4567307692307692 0.5456730769230769 0.49278846153846156 0.5456730769230769 0.49278846153846156 0.6466346153846154 0.4567307692307692 0.6466346153846154
23 0.5360576923076923 0.5456730769230769 0.6153846153846154 0.5456730769230769 0.6153846153846154 0.6466346153846154 0.5360576923076923 0.6466346153846154
14 0.25 0.4495192307692308 0.44471153846153844 0.4495192307692308 0.44471153846153844 0.5144230769230769 0.25 0.5144230769230769
23 0.5673076923076923 0.40865384615384615 0.6009615384615384 0.40865384615384615 0.6009615384615384 0.5120192307692307 0.5673076923076923 0.5120192307692307
0 0.19951923076923078 0.46875 0.44471153846153844 0.46875 0.44471153846153844 0.5144230769230769 0.19951923076923078 0.5144230769230769
14 0.10817307692307693 0.5985576923076923 0.18509615384615385 0.5985576923076923 0.18509615384615385 0.6634615384615384 0.10817307692307693 0.6634615384615384
0 0.05048076923076923 0.6298076923076923 0.1875 0.6298076923076923 0.1875 0.6634615384615384 0.05048076923076923 0.6634615384615384
23 0.1466346153846154 0.6899038461538461 0.17067307692307693 0.6899038461538461 0.17067307692307693 0.7620192307692307 0.1466346153846154 0.7620192307692307
23 0.07932692307692307 0.4879807692307692 0.10336538461538461 0.4879807692307692 0.10336538461538461 0.5625 0.07932692307692307 0.5625
0 0.44711538461538464 0.3317307692307692 0.7475961538461539 0.3317307692307692 0.7475961538461539 0.3798076923076923 0.44711538461538464 0.3798076923076923
12 0.1875 0.6490384615384616 0.7475961538461539 0.6490384615384616 0.7475961538461539 0.6730769230769231 0.1875 0.6730769230769231
12 0.1875 0.38461538461538464 0.7475961538461539 0.38461538461538464 0.7475961538461539 0.40865384615384615 0.1875 0.40865384615384615
12 0.1875 0.5168269230769231 0.7475961538461539 0.5168269230769231 0.7475961538461539 0.5408653846153846 0.1875 0.5408653846153846
0 0.040865384615384616 0.4254807692307692 0.22596153846153846 0.4254807692307692 0.22596153846153846 0.4639423076923077 0.040865384615384616 0.4639423076923077
12 0.040865384615384616 0.6658653846153846 0.18509615384615385 0.6658653846153846 0.18509615384615385 0.6826923076923077 0.040865384615384616 0.6826923076923077
12 0.040865384615384616 0.5673076923076923 0.18509615384615385 0.5673076923076923 0.18509615384615385 0.5841346153846154 0.040865384615384616 0.5841346153846154
12 0.040865384615384616 0.4639423076923077 0.22596153846153846 0.4639423076923077 0.22596153846153846 0.4807692307692308 0.040865384615384616 0.4807692307692308
14 0.5024038461538461 0.6826923076923077 0.6947115384615384 0.6826923076923077 0.6947115384615384 0.7764423076923077 0.5024038461538461 0.7764423076923077
23 0.27163461538461536 0.6899038461538461 0.2980769230769231 0.6899038461538461 0.2980769230769231 0.7740384615384616 0.27163461538461536 0.7740384615384616
23 0.4639423076923077 0.6778846153846154 0.49278846153846156 0.6778846153846154 0.49278846153846156 0.7764423076923077 0.4639423076923077 0.7764423076923077
0 0.19951923076923078 0.7331730769230769 0.2956730769230769 0.7331730769230769 0.2956730769230769 0.7764423076923077 0.19951923076923078 0.7764423076923077
0 0.5 0.7355769230769231 0.7403846153846154 0.7355769230769231 0.7403846153846154 0.7788461538461539 0.5 0.7788461538461539
2 0.038461538461538464 0.23317307692307693 0.7524038461538461 0.23317307692307693 0.7524038461538461 0.7956730769230769 0.038461538461538464 0.7956730769230769
10 0.038461538461538464 0.23317307692307693 0.75 0.23317307692307693 0.75 0.7956730769230769 0.038461538461538464 0.7956730769230769