12 0.34375 0.06009615384615385 0.6514423076923077 0.06009615384615385 0.6514423076923077 0.06490384615384616 0.34375 0.06490384615384616
12 0.34375 0.125 0.6514423076923077 0.125 0.6514423076923077 0.12980769230769232 0.34375 0.12980769230769232
12 0.34375 0.15865384615384615 0.6514423076923077 0.15865384615384615 0.6514423076923077 0.16346153846153846 0.34375 0.16346153846153846
12 0.34134615384615385 0.19230769230769232 0.6490384615384616 0.19230769230769232 0.6490384615384616 0.1971153846153846 0.34134615384615385 0.1971153846153846
12 0.34134615384615385 0.22596153846153846 0.6490384615384616 0.22596153846153846 0.6490384615384616 0.2283653846153846 0.34134615384615385 0.2283653846153846
12 0.34375 0.29086538461538464 0.6514423076923077 0.29086538461538464 0.6514423076923077 0.2956730769230769 0.34375 0.2956730769230769
12 0.34134615384615385 0.3557692307692308 0.6490384615384616 0.3557692307692308 0.6490384615384616 0.3581730769230769 0.34134615384615385 0.3581730769230769
12 0.34375 0.3894230769230769 0.6538461538461539 0.3894230769230769 0.6538461538461539 0.3942307692307692 0.34375 0.3942307692307692
12 0.34375 0.4230769230769231 0.6538461538461539 0.4230769230769231 0.6538461538461539 0.42788461538461536 0.34375 0.42788461538461536
12 0.34375 0.4543269230769231 0.6538461538461539 0.4543269230769231 0.6538461538461539 0.45913461538461536 0.34375 0.45913461538461536
12 0.34375 0.4879807692307692 0.6538461538461539 0.4879807692307692 0.6538461538461539 0.49278846153846156 0.34375 0.49278846153846156
12 0.34375 0.5144230769230769 0.6538461538461539 0.5144230769230769 0.6538461538461539 0.5192307692307693 0.34375 0.5192307692307693
12 0.34134615384615385 0.9182692307692307 0.6490384615384616 0.9182692307692307 0.6490384615384616 0.9230769230769231 0.34134615384615385 0.9230769230769231
12 0.34134615384615385 0.5552884615384616 0.6490384615384616 0.5552884615384616 0.6490384615384616 0.5576923076923077 0.34134615384615385 0.5576923076923077
12 0.34134615384615385 0.5817307692307693 0.6490384615384616 0.5817307692307693 0.6490384615384616 0.5841346153846154 0.34134615384615385 0.5841346153846154
12 0.34134615384615385 0.6153846153846154 0.6490384615384616 0.6153846153846154 0.6490384615384616 0.6177884615384616 0.34134615384615385 0.6177884615384616
12 0.34134615384615385 0.6682692307692307 0.6490384615384616 0.6682692307692307 0.6490384615384616 0.6706730769230769 0.34134615384615385 0.6706730769230769
12 0.34134615384615385 0.7548076923076923 0.6490384615384616 0.7548076923076923 0.6490384615384616 0.7572115384615384 0.34134615384615385 0.7572115384615384
12 0.34134615384615385 0.7884615384615384 0.6490384615384616 0.7884615384615384 0.6490384615384616 0.7908653846153846 0.34134615384615385 0.7908653846153846
12 0.34134615384615385 0.8076923076923077 0.6490384615384616 0.8076923076923077 0.6490384615384616 0.8100961538461539 0.34134615384615385 0.8100961538461539
12 0.34134615384615385 0.8533653846153846 0.6490384615384616 0.8533653846153846 0.6490384615384616 0.8557692307692307 0.34134615384615385 0.8557692307692307
12 0.34134615384615385 0.8846153846153846 0.6490384615384616 0.8846153846153846 0.6490384615384616 0.8894230769230769 0.34134615384615385 0.8894230769230769
12 0.34375 0.09375 0.6514423076923077 0.09375 0.6514423076923077 0.09615384615384616 0.34375 0.09615384615384616
5 0.24278846153846154 0.5721153846153846 0.44471153846153844 0.5721153846153846 0.44471153846153844 0.7788461538461539 0.24278846153846154 0.7788461538461539
5 0.5480769230769231 0.5745192307692307 0.7548076923076923 0.5745192307692307 0.7548076923076923 0.78125 0.5480769230769231 0.78125
5 0.28846153846153844 0.34375 0.4495192307692308 0.34375 0.4495192307692308 0.5288461538461539 0.28846153846153844 0.5288461538461539
5 0.5456730769230769 0.33413461538461536 0.7115384615384616 0.33413461538461536 0.7115384615384616 0.5264423076923077 0.5456730769230769 0.5264423076923077
12 0.34134615384615385 0.32211538461538464 0.6490384615384616 0.32211538461538464 0.6490384615384616 0.3269230769230769 0.34134615384615385 0.3269230769230769
5 0.4110576923076923 0.06490384615384616 0.4543269230769231 0.06490384615384616 0.4543269230769231 0.3269230769230769 0.4110576923076923 0.3269230769230769
5 0.5408653846153846 0.0673076923076923 0.5841346153846154 0.0673076923076923 0.5841346153846154 0.3269230769230769 0.5408653846153846 0.3269230769230769
14 0.34134615384615385 0.052884615384615384 0.65625 0.052884615384615384 0.65625 0.9447115384615384 0.34134615384615385 0.9447115384615384
2 0.24278846153846154 0.052884615384615384 0.7548076923076923 0.052884615384615384 0.7548076923076923 0.9471153846153846 0.24278846153846154 0.9471153846153846
10 0.23557692307692307 0.052884615384615384 0.7596153846153846 0.052884615384615384 0.7596153846153846 0.9471153846153846 0.23557692307692307 0.9471153846153846
5 0.4543269230769231 0.4951923076923077 0.5384615384615384 0.4951923076923077 0.5384615384615384 0.8966346153846154 0.4543269230769231 0.8966346153846154