14 0.14903846153846154 0.5552884615384616 0.22355769230769232 0.5552884615384616 0.22355769230769232 0.7644230769230769 0.14903846153846154 0.7644230769230769
14 0.25240384615384615 0.5552884615384616 0.34134615384615385 0.5552884615384616 0.34134615384615385 0.7956730769230769 0.25240384615384615 0.7956730769230769
14 0.3701923076923077 0.40865384615384615 0.44471153846153844 0.40865384615384615 0.44471153846153844 0.7836538461538461 0.3701923076923077 0.7836538461538461
14 0.46875 0.40865384615384615 0.49038461538461536 0.40865384615384615 0.49038461538461536 0.7836538461538461 0.46875 0.7836538461538461
14 0.5024038461538461 0.40384615384615385 0.5360576923076923 0.40384615384615385 0.5360576923076923 0.7884615384615384 0.5024038461538461 0.7884615384615384
14 0.5480769230769231 0.40865384615384615 0.5673076923076923 0.40865384615384615 0.5673076923076923 0.7860576923076923 0.5480769230769231 0.7860576923076923
14 0.5961538461538461 0.40865384615384615 0.6682692307692307 0.40865384615384615 0.6682692307692307 0.7836538461538461 0.5961538461538461 0.7836538461538461
14 0.6971153846153846 0.5552884615384616 0.7860576923076923 0.5552884615384616 0.7860576923076923 0.7980769230769231 0.6971153846153846 0.7980769230769231
14 0.8149038461538461 0.5528846153846154 0.8894230769230769 0.5528846153846154 0.8894230769230769 0.7644230769230769 0.8149038461538461 0.7644230769230769
14 0.08173076923076923 0.16105769230769232 0.13701923076923078 0.16105769230769232 0.13701923076923078 0.7163461538461539 0.08173076923076923 0.7163461538461539
14 0.15384615384615385 0.14423076923076922 0.20192307692307693 0.14423076923076922 0.20192307692307693 0.38221153846153844 0.15384615384615385 0.38221153846153844
14 0.8389423076923077 0.14182692307692307 0.8846153846153846 0.14182692307692307 0.8846153846153846 0.38221153846153844 0.8389423076923077 0.38221153846153844
23 0.22115384615384615 0.16346153846153846 0.2403846153846154 0.16346153846153846 0.2403846153846154 0.23557692307692307 0.22115384615384615 0.23557692307692307
23 0.22115384615384615 0.2860576923076923 0.23798076923076922 0.2860576923076923 0.23798076923076922 0.3629807692307692 0.22115384615384615 0.3629807692307692
23 0.25961538461538464 0.2860576923076923 0.3485576923076923 0.2860576923076923 0.3485576923076923 0.36778846153846156 0.25961538461538464 0.36778846153846156
23 0.25961538461538464 0.16105769230769232 0.3485576923076923 0.16105769230769232 0.3485576923076923 0.23557692307692307 0.25961538461538464 0.23557692307692307
23 0.3701923076923077 0.16346153846153846 0.4495192307692308 0.16346153846153846 0.4495192307692308 0.23557692307692307 0.3701923076923077 0.23557692307692307
23 0.2548076923076923 0.40865384615384615 0.34134615384615385 0.40865384615384615 0.34134615384615385 0.5024038461538461 0.2548076923076923 0.5024038461538461
23 0.5913461538461539 0.16105769230769232 0.6730769230769231 0.16105769230769232 0.6730769230769231 0.23557692307692307 0.5913461538461539 0.23557692307692307
23 0.6923076923076923 0.16105769230769232 0.78125 0.16105769230769232 0.78125 0.23557692307692307 0.6923076923076923 0.23557692307692307
23 0.8028846153846154 0.15865384615384615 0.8197115384615384 0.15865384615384615 0.8197115384615384 0.23557692307692307 0.8028846153846154 0.23557692307692307
23 0.8004807692307693 0.2860576923076923 0.8197115384615384 0.2860576923076923 0.8197115384615384 0.3629807692307692 0.8004807692307693 0.3629807692307692
23 0.6995192307692307 0.40865384615384615 0.7860576923076923 0.40865384615384615 0.7860576923076923 0.5024038461538461 0.6995192307692307 0.5024038461538461
23 0.6923076923076923 0.2860576923076923 0.78125 0.2860576923076923 0.78125 0.3629807692307692 0.6923076923076923 0.3629807692307692
23 0.3485576923076923 0.5168269230769231 0.3629807692307692 0.5168269230769231 0.3629807692307692 0.5408653846153846 0.3485576923076923 0.5408653846153846
23 0.3485576923076923 0.5649038461538461 0.3629807692307692 0.5649038461538461 0.3629807692307692 0.5889423076923077 0.3485576923076923 0.5889423076923077
23 0.3485576923076923 0.6129807692307693 0.3629807692307692 0.6129807692307693 0.3629807692307692 0.6370192307692307 0.3485576923076923 0.6370192307692307
23 0.3485576923076923 0.4230769230769231 0.3629807692307692 0.4230769230769231 0.3629807692307692 0.44711538461538464 0.3485576923076923 0.44711538461538464
23 0.3485576923076923 0.7139423076923077 0.3629807692307692 0.7139423076923077 0.3629807692307692 0.7379807692307693 0.3485576923076923 0.7379807692307693
23 0.3485576923076923 0.6634615384615384 0.3629807692307692 0.6634615384615384 0.3629807692307692 0.6875 0.3485576923076923 0.6875
23 0.6754807692307693 0.47115384615384615 0.6923076923076923 0.47115384615384615 0.6923076923076923 0.4951923076923077 0.6754807692307693 0.4951923076923077
23 0.3485576923076923 0.46875 0.36538461538461536 0.46875 0.36538461538461536 0.49278846153846156 0.3485576923076923 0.49278846153846156
23 0.6754807692307693 0.5192307692307693 0.6923076923076923 0.5192307692307693 0.6923076923076923 0.5432692307692307 0.6754807692307693 0.5432692307692307
23 0.6754807692307693 0.5673076923076923 0.6923076923076923 0.5673076923076923 0.6923076923076923 0.5913461538461539 0.6754807692307693 0.5913461538461539
23 0.6754807692307693 0.6177884615384616 0.6923076923076923 0.6177884615384616 0.6923076923076923 0.6418269230769231 0.6754807692307693 0.6418269230769231
23 0.6754807692307693 0.6658653846153846 0.6923076923076923 0.6658653846153846 0.6923076923076923 0.6899038461538461 0.6754807692307693 0.6899038461538461
23 0.6754807692307693 0.7139423076923077 0.6923076923076923 0.7139423076923077 0.6923076923076923 0.7379807692307693 0.6754807692307693 0.7379807692307693
23 0.6754807692307693 0.4254807692307692 0.6923076923076923 0.4254807692307692 0.6923076923076923 0.4495192307692308 0.6754807692307693 0.4495192307692308
23 0.6754807692307693 0.4254807692307692 0.6923076923076923 0.4254807692307692 0.6923076923076923 0.4495192307692308 0.6754807692307693 0.4495192307692308
23 0.36778846153846156 0.2860576923076923 0.4495192307692308 0.2860576923076923 0.4495192307692308 0.36538461538461536 0.36778846153846156 0.36538461538461536
23 0.5889423076923077 0.2860576923076923 0.6730769230769231 0.2860576923076923 0.6730769230769231 0.36538461538461536 0.5889423076923077 0.36538461538461536
23 0.0985576923076923 0.11057692307692307 0.10817307692307693 0.11057692307692307 0.10817307692307693 0.1466346153846154 0.0985576923076923 0.1466346153846154
23 0.84375 0.10576923076923077 0.875 0.10576923076923077 0.875 0.11538461538461539 0.84375 0.11538461538461539
23 0.49278846153846156 0.08653846153846154 0.5168269230769231 0.08653846153846154 0.5168269230769231 0.10817307692307693 0.49278846153846156 0.10817307692307693
23 0.5240384615384616 0.08413461538461539 0.5480769230769231 0.08413461538461539 0.5480769230769231 0.10576923076923077 0.5240384615384616 0.10576923076923077
23 0.45913461538461536 0.09375 0.4879807692307692 0.09375 0.4879807692307692 0.14423076923076922 0.45913461538461536 0.14423076923076922
23 0.5504807692307693 0.0985576923076923 0.5817307692307693 0.0985576923076923 0.5817307692307693 0.14423076923076922 0.5504807692307693 0.14423076923076922
23 0.4807692307692308 0.13221153846153846 0.5168269230769231 0.13221153846153846 0.5168269230769231 0.37259615384615385 0.4807692307692308 0.37259615384615385
23 0.5240384615384616 0.13221153846153846 0.5576923076923077 0.13221153846153846 0.5576923076923077 0.37259615384615385 0.5240384615384616 0.37259615384615385
5 0.5096153846153846 0.18028846153846154 0.53125 0.18028846153846154 0.53125 0.21394230769230768 0.5096153846153846 0.21394230769230768
5 0.5072115384615384 0.30528846153846156 0.53125 0.30528846153846156 0.53125 0.3389423076923077 0.5072115384615384 0.3389423076923077
23 0.1658653846153846 0.10576923076923077 0.19471153846153846 0.10576923076923077 0.19471153846153846 0.11538461538461539 0.1658653846153846 0.11538461538461539
21 0.5889423076923077 0.23557692307692307 0.8221153846153846 0.23557692307692307 0.8221153846153846 0.25240384615384615 0.5889423076923077 0.25240384615384615
21 0.21875 0.23557692307692307 0.4519230769230769 0.23557692307692307 0.4519230769230769 0.25240384615384615 0.21875 0.25240384615384615
21 0.6971153846153846 0.5024038461538461 0.7908653846153846 0.5024038461538461 0.7908653846153846 0.5168269230769231 0.6971153846153846 0.5168269230769231
21 0.24759615384615385 0.5024038461538461 0.34134615384615385 0.5024038461538461 0.34134615384615385 0.5168269230769231 0.24759615384615385 0.5168269230769231
23 0.1971153846153846 0.8389423076923077 0.24519230769230768 0.8389423076923077 0.24519230769230768 0.8557692307692307 0.1971153846153846 0.8557692307692307
23 0.28846153846153844 0.8389423076923077 0.34134615384615385 0.8389423076923077 0.34134615384615385 0.8557692307692307 0.28846153846153844 0.8557692307692307
23 0.3701923076923077 0.8389423076923077 0.42788461538461536 0.8389423076923077 0.42788461538461536 0.8581730769230769 0.3701923076923077 0.8581730769230769
23 0.4326923076923077 0.8413461538461539 0.46153846153846156 0.8413461538461539 0.46153846153846156 0.8581730769230769 0.4326923076923077 0.8581730769230769
23 0.49278846153846156 0.8413461538461539 0.5432692307692307 0.8413461538461539 0.5432692307692307 0.8581730769230769 0.49278846153846156 0.8581730769230769
23 0.59375 0.8389423076923077 0.6490384615384616 0.8389423076923077 0.6490384615384616 0.8557692307692307 0.59375 0.8557692307692307
23 0.6947115384615384 0.8389423076923077 0.75 0.8389423076923077 0.75 0.8557692307692307 0.6947115384615384 0.8557692307692307
23 0.7956730769230769 0.8413461538461539 0.8509615384615384 0.8413461538461539 0.8509615384615384 0.8557692307692307 0.7956730769230769 0.8557692307692307
8 0.11298076923076923 0.8461538461538461 0.15625 0.8461538461538461 0.15625 0.9567307692307693 0.11298076923076923 0.9567307692307693
8 0.7956730769230769 0.8677884615384616 0.8509615384615384 0.8677884615384616 0.8509615384615384 0.9735576923076923 0.7956730769230769 0.9735576923076923
8 0.1971153846153846 0.8677884615384616 0.24278846153846154 0.8677884615384616 0.24278846153846154 0.9591346153846154 0.1971153846153846 0.9591346153846154
8 0.29086538461538464 0.8725961538461539 0.3389423076923077 0.8725961538461539 0.3389423076923077 0.9639423076923077 0.29086538461538464 0.9639423076923077
8 0.3701923076923077 0.8677884615384616 0.42788461538461536 0.8677884615384616 0.42788461538461536 0.9663461538461539 0.3701923076923077 0.9663461538461539
8 0.49278846153846156 0.8677884615384616 0.5432692307692307 0.8677884615384616 0.5432692307692307 0.96875 0.49278846153846156 0.96875
8 0.59375 0.8701923076923077 0.6466346153846154 0.8701923076923077 0.6466346153846154 0.9711538461538461 0.59375 0.9711538461538461
8 0.6947115384615384 0.8701923076923077 0.7524038461538461 0.8701923076923077 0.7524038461538461 0.9735576923076923 0.6947115384615384 0.9735576923076923
8 0.4326923076923077 0.8677884615384616 0.46153846153846156 0.8677884615384616 0.46153846153846156 0.96875 0.4326923076923077 0.96875
20 0.27403846153846156 0.8557692307692307 0.35336538461538464 0.8557692307692307 0.35336538461538464 0.8822115384615384 0.27403846153846156 0.8822115384615384
5 0.07932692307692307 0.7764423076923077 0.15384615384615385 0.7764423076923077 0.15384615384615385 0.8317307692307693 0.07932692307692307 0.8317307692307693
2 0.016826923076923076 0.04326923076923077 0.9086538461538461 0.04326923076923077 0.9086538461538461 0.9783653846153846 0.016826923076923076 0.9783653846153846
10 0.016826923076923076 0.040865384615384616 0.9110576923076923 0.040865384615384616 0.9110576923076923 0.9783653846153846 0.016826923076923076 0.9783653846153846
23 0.15144230769230768 0.40865384615384615 0.2403846153846154 0.40865384615384615 0.2403846153846154 0.5024038461538461 0.15144230769230768 0.5024038461538461
23 0.8028846153846154 0.4110576923076923 0.8870192307692307 0.4110576923076923 0.8870192307692307 0.5120192307692307 0.8028846153846154 0.5120192307692307