23 0.7620192307692307 0.06971153846153846 0.8966346153846154 0.06971153846153846 0.8966346153846154 0.20673076923076922 0.7620192307692307 0.20673076923076922
23 0.7620192307692307 0.8149038461538461 0.8966346153846154 0.8149038461538461 0.8966346153846154 0.9519230769230769 0.7620192307692307 0.9519230769230769
23 0.7620192307692307 0.31971153846153844 0.8966346153846154 0.31971153846153844 0.8966346153846154 0.4567307692307692 0.7620192307692307 0.4567307692307692
23 0.7620192307692307 0.5649038461538461 0.8966346153846154 0.5649038461538461 0.8966346153846154 0.7019230769230769 0.7620192307692307 0.7019230769230769
23 0.016826923076923076 0.06971153846153846 0.15144230769230768 0.06971153846153846 0.15144230769230768 0.20673076923076922 0.016826923076923076 0.20673076923076922
23 0.016826923076923076 0.8149038461538461 0.15144230769230768 0.8149038461538461 0.15144230769230768 0.9519230769230769 0.016826923076923076 0.9519230769230769
23 0.016826923076923076 0.31971153846153844 0.15144230769230768 0.31971153846153844 0.15144230769230768 0.4567307692307692 0.016826923076923076 0.4567307692307692
23 0.016826923076923076 0.5649038461538461 0.15144230769230768 0.5649038461538461 0.15144230769230768 0.7019230769230769 0.016826923076923076 0.7019230769230769
23 0.2620192307692308 0.06971153846153846 0.39663461538461536 0.06971153846153846 0.39663461538461536 0.20673076923076922 0.2620192307692308 0.20673076923076922
23 0.2620192307692308 0.8149038461538461 0.39663461538461536 0.8149038461538461 0.39663461538461536 0.9519230769230769 0.2620192307692308 0.9519230769230769
23 0.2620192307692308 0.31971153846153844 0.39663461538461536 0.31971153846153844 0.39663461538461536 0.4567307692307692 0.2620192307692308 0.4567307692307692
23 0.2620192307692308 0.5649038461538461 0.39663461538461536 0.5649038461538461 0.39663461538461536 0.7019230769230769 0.2620192307692308 0.7019230769230769
23 0.5120192307692307 0.06971153846153846 0.6466346153846154 0.06971153846153846 0.6466346153846154 0.20673076923076922 0.5120192307692307 0.20673076923076922
23 0.5120192307692307 0.8149038461538461 0.6466346153846154 0.8149038461538461 0.6466346153846154 0.9519230769230769 0.5120192307692307 0.9519230769230769
23 0.5120192307692307 0.31971153846153844 0.6466346153846154 0.31971153846153844 0.6466346153846154 0.4567307692307692 0.5120192307692307 0.4567307692307692
23 0.5120192307692307 0.5649038461538461 0.6466346153846154 0.5649038461538461 0.6466346153846154 0.7019230769230769 0.5120192307692307 0.7019230769230769
11 0 0 0.9975961538461539 0 0.9975961538461539 0.25 0 0.25
12 0 0.25 0.9975961538461539 0.25 0.9975961538461539 0.2668269230769231 0 0.2668269230769231
12 0 0.5 0.9975961538461539 0.5 0.9975961538461539 0.5144230769230769 0 0.5144230769230769
12 0 0.75 0.9975961538461539 0.75 0.9975961538461539 0.7668269230769231 0 0.7668269230769231
11 0 0.7668269230769231 0.9975961538461539 0.7668269230769231 0.9975961538461539 0.9975961538461539 0 0.9975961538461539
11 0 0.7668269230769231 0.9975961538461539 0.7668269230769231 0.9975961538461539 0.9951923076923077 0 0.9951923076923077
11 0 0.5144230769230769 0.9975961538461539 0.5144230769230769 0.9975961538461539 0.75 0 0.75
11 0 0.2668269230769231 0.9975961538461539 0.2668269230769231 0.9975961538461539 0.49759615384615385 0 0.49759615384615385
2 0 0 0.9975961538461539 0 0.9975961538461539 0.9975961538461539 0 0.9975961538461539
10 0 0 0.9975961538461539 0 0.9975961538461539 0.9975961538461539 0 0.9975961538461539