23 0.8269230769230769 0.2956730769230769 0.9471153846153846 0.2956730769230769 0.9471153846153846 0.5480769230769231 0.8269230769230769 0.5480769230769231
23 0.06490384615384616 0.2764423076923077 0.1875 0.2764423076923077 0.1875 0.5600961538461539 0.06490384615384616 0.5600961538461539
23 0.22115384615384615 0.2764423076923077 0.34134615384615385 0.2764423076923077 0.34134615384615385 0.5600961538461539 0.22115384615384615 0.5600961538461539
23 0.37259615384615385 0.2764423076923077 0.49278846153846156 0.2764423076923077 0.49278846153846156 0.5600961538461539 0.37259615384615385 0.5600961538461539
23 0.014423076923076924 0.6514423076923077 0.028846153846153848 0.6514423076923077 0.028846153846153848 0.7692307692307693 0.014423076923076924 0.7692307692307693
23 0.10096153846153846 0.6514423076923077 0.10817307692307693 0.6514423076923077 0.10817307692307693 0.7692307692307693 0.10096153846153846 0.7692307692307693
23 0.11298076923076923 0.6514423076923077 0.1201923076923077 0.6514423076923077 0.1201923076923077 0.7692307692307693 0.11298076923076923 0.7692307692307693
23 0.12740384615384615 0.6514423076923077 0.1658653846153846 0.6514423076923077 0.1658653846153846 0.7692307692307693 0.12740384615384615 0.7692307692307693
23 0.1778846153846154 0.6514423076923077 0.18269230769230768 0.6514423076923077 0.18269230769230768 0.7692307692307693 0.1778846153846154 0.7692307692307693
23 0.1875 0.6514423076923077 0.20432692307692307 0.6514423076923077 0.20432692307692307 0.7692307692307693 0.1875 0.7692307692307693
23 0.21634615384615385 0.6514423076923077 0.22115384615384615 0.6514423076923077 0.22115384615384615 0.7692307692307693 0.21634615384615385 0.7692307692307693
23 0.055288461538461536 0.6514423076923077 0.08173076923076923 0.6514423076923077 0.08173076923076923 0.7692307692307693 0.055288461538461536 0.7692307692307693
23 0.036057692307692304 0.6514423076923077 0.040865384615384616 0.6514423076923077 0.040865384615384616 0.7692307692307693 0.036057692307692304 0.7692307692307693
14 0.6634615384615384 0.5913461538461539 0.7980769230769231 0.5913461538461539 0.7980769230769231 0.8461538461538461 0.6634615384615384 0.8461538461538461
8 0.3701923076923077 0.6274038461538461 0.4951923076923077 0.6274038461538461 0.4951923076923077 0.8509615384615384 0.3701923076923077 0.8509615384615384
8 0.5096153846153846 0.6274038461538461 0.6346153846153846 0.6274038461538461 0.6346153846153846 0.8509615384615384 0.5096153846153846 0.8509615384615384
23 0.9591346153846154 0.6105769230769231 0.9951923076923077 0.6105769230769231 0.9951923076923077 0.8317307692307693 0.9591346153846154 0.8317307692307693
8 0.6490384615384616 0.37259615384615385 0.7331730769230769 0.37259615384615385 0.7331730769230769 0.5552884615384616 0.6490384615384616 0.5552884615384616
17 0.34134615384615385 0.25961538461538464 0.37259615384615385 0.25961538461538464 0.37259615384615385 0.5721153846153846 0.34134615384615385 0.5721153846153846
17 0.18990384615384615 0.25961538461538464 0.21875 0.25961538461538464 0.21875 0.5721153846153846 0.18990384615384615 0.5721153846153846
2 0 0.17067307692307693 1 0.17067307692307693 1 0.8822115384615384 0 0.8822115384615384
19 0 0.17067307692307693 1 0.17067307692307693 1 0.30288461538461536 0 0.30288461538461536
23 0.05048076923076923 0.24519230769230768 0.49759615384615385 0.24519230769230768 0.49759615384615385 0.5721153846153846 0.05048076923076923 0.5721153846153846
23 0.8269230769230769 0.28125 0.9495192307692307 0.28125 0.9495192307692307 0.5528846153846154 0.8269230769230769 0.5528846153846154
12 0.040865384615384616 0.5649038461538461 0.9615384615384616 0.5649038461538461 0.9615384615384616 0.59375 0.040865384615384616 0.59375