23 0.23317307692307693 0.21394230769230768 0.4567307692307692 0.21394230769230768 0.4567307692307692 0.3245192307692308 0.23317307692307693 0.3245192307692308
8 0.30288461538461536 0.3581730769230769 0.3701923076923077 0.3581730769230769 0.3701923076923077 0.4567307692307692 0.30288461538461536 0.4567307692307692
23 0.2403846153846154 0.46634615384615385 0.5697115384615384 0.46634615384615385 0.5697115384615384 0.5793269230769231 0.2403846153846154 0.5793269230769231
23 0.31490384615384615 0.6394230769230769 0.49278846153846156 0.6394230769230769 0.49278846153846156 0.7067307692307693 0.31490384615384615 0.7067307692307693
8 0.23557692307692307 0.6394230769230769 0.31490384615384615 0.6394230769230769 0.31490384615384615 0.7067307692307693 0.23557692307692307 0.7067307692307693
8 0.5216346153846154 0.6394230769230769 0.5865384615384616 0.6394230769230769 0.5865384615384616 0.7067307692307693 0.5216346153846154 0.7067307692307693
23 0.3894230769230769 0.7884615384615384 0.75 0.7884615384615384 0.75 0.8413461538461539 0.3894230769230769 0.8413461538461539
8 0.2620192307692308 0.7884615384615384 0.3894230769230769 0.7884615384615384 0.3894230769230769 0.8413461538461539 0.2620192307692308 0.8413461538461539
20 0.6802884615384616 0.9471153846153846 0.7331730769230769 0.9471153846153846 0.7331730769230769 0.9543269230769231 0.6802884615384616 0.9543269230769231
23 0.47115384615384615 0.21394230769230768 0.5649038461538461 0.21394230769230768 0.5649038461538461 0.44711538461538464 0.47115384615384615 0.44711538461538464
23 0.5072115384615384 0.37259615384615385 0.6610576923076923 0.37259615384615385 0.6610576923076923 0.5793269230769231 0.5072115384615384 0.5793269230769231
0 0.20673076923076922 0.5552884615384616 0.6778846153846154 0.5552884615384616 0.6778846153846154 0.6177884615384616 0.20673076923076922 0.6177884615384616
23 0.5865384615384616 0.5649038461538461 0.7884615384615384 0.5649038461538461 0.7884615384615384 0.7067307692307693 0.5865384615384616 0.7067307692307693
0 0.5216346153846154 0.7019230769230769 0.8413461538461539 0.7019230769230769 0.8413461538461539 0.7644230769230769 0.5216346153846154 0.7644230769230769
0 0.2091346153846154 0.8533653846153846 0.8533653846153846 0.8533653846153846 0.8533653846153846 0.9206730769230769 0.2091346153846154 0.9206730769230769
0 0.20673076923076922 0.4110576923076923 0.5240384615384616 0.4110576923076923 0.5240384615384616 0.4735576923076923 0.20673076923076922 0.4735576923076923
20 0.3389423076923077 0.9350961538461539 0.6490384615384616 0.9350961538461539 0.6490384615384616 0.9591346153846154 0.3389423076923077 0.9591346153846154
10 0.1778846153846154 0.2091346153846154 0.5432692307692307 0.2091346153846154 0.5432692307692307 1 0.1778846153846154 1
12 0.17548076923076922 0.4735576923076923 0.49278846153846156 0.4735576923076923 0.49278846153846156 0.4807692307692308 0.17548076923076922 0.4807692307692308
12 0.17548076923076922 0.6177884615384616 0.6466346153846154 0.6177884615384616 0.6466346153846154 0.6274038461538461 0.17548076923076922 0.6274038461538461
12 0.17548076923076922 0.7644230769230769 0.8798076923076923 0.7644230769230769 0.8798076923076923 0.7740384615384616 0.17548076923076922 0.7740384615384616
0 0.20673076923076922 0.7043269230769231 0.5048076923076923 0.7043269230769231 0.5048076923076923 0.7644230769230769 0.20673076923076922 0.7644230769230769
12 0.17548076923076922 0.9206730769230769 0.8798076923076923 0.9206730769230769 0.8798076923076923 0.9278846153846154 0.17548076923076922 0.9278846153846154
15 0.17548076923076922 0.9278846153846154 0.8798076923076923 0.9278846153846154 0.8798076923076923 1 0.17548076923076922 1
11 0.17548076923076922 0.6274038461538461 0.7956730769230769 0.6274038461538461 0.7956730769230769 0.7644230769230769 0.17548076923076922 0.7644230769230769
11 0.17548076923076922 0.4831730769230769 0.7067307692307693 0.4831730769230769 0.7067307692307693 0.6201923076923077 0.17548076923076922 0.6201923076923077
2 0.08173076923076923 0.016826923076923076 0.9927884615384616 0.016826923076923076 0.9927884615384616 1 0.08173076923076923 1
22 0.1778846153846154 0.21153846153846154 0.5432692307692307 0.21153846153846154 0.5432692307692307 0.4831730769230769 0.1778846153846154 0.4831730769230769
11 0.17548076923076922 0.7740384615384616 0.8798076923076923 0.7740384615384616 0.8798076923076923 0.9206730769230769 0.17548076923076922 0.9206730769230769
17 0.7572115384615384 0.9567307692307693 0.7956730769230769 0.9567307692307693 0.7956730769230769 0.9735576923076923 0.7572115384615384 0.9735576923076923
24 0.20192307692307693 0.038461538461538464 0.5865384615384616 0.038461538461538464 0.5865384615384616 0.4735576923076923 0.20192307692307693 0.4735576923076923
24 0.20192307692307693 0.3629807692307692 0.7043269230769231 0.3629807692307692 0.7043269230769231 0.625 0.20192307692307693 0.625
24 0.5216346153846154 0.5528846153846154 0.8461538461538461 0.5528846153846154 0.8461538461538461 0.7740384615384616 0.5216346153846154 0.7740384615384616
24 0.20432692307692307 0.6370192307692307 0.5048076923076923 0.6370192307692307 0.5048076923076923 0.7740384615384616 0.20432692307692307 0.7740384615384616
24 0.20673076923076922 0.7884615384615384 0.8605769230769231 0.7884615384615384 0.8605769230769231 0.9278846153846154 0.20673076923076922 0.9278846153846154