23 0.2620192307692308 0.1875 0.28125 0.1875 0.28125 0.22596153846153846 0.2620192307692308 0.22596153846153846
23 0.39663461538461536 0.18509615384615385 0.41586538461538464 0.18509615384615385 0.41586538461538464 0.22355769230769232 0.39663461538461536 0.22355769230769232
23 0.39663461538461536 0.24278846153846154 0.41346153846153844 0.24278846153846154 0.41346153846153844 0.2692307692307692 0.39663461538461536 0.2692307692307692
8 0.3004807692307692 0.2403846153846154 0.3581730769230769 0.2403846153846154 0.3581730769230769 0.2692307692307692 0.3004807692307692 0.2692307692307692
23 0.2644230769230769 0.24278846153846154 0.28125 0.24278846153846154 0.28125 0.2692307692307692 0.2644230769230769 0.2692307692307692
23 0.38221153846153844 0.2980769230769231 0.42788461538461536 0.2980769230769231 0.42788461538461536 0.31490384615384615 0.38221153846153844 0.31490384615384615
23 0.24759615384615385 0.5721153846153846 0.3269230769230769 0.5721153846153846 0.3269230769230769 0.6009615384615384 0.24759615384615385 0.6009615384615384
23 0.24759615384615385 0.2980769230769231 0.3269230769230769 0.2980769230769231 0.3269230769230769 0.3269230769230769 0.24759615384615385 0.3269230769230769
23 0.24278846153846154 0.40625 0.4254807692307692 0.40625 0.4254807692307692 0.43509615384615385 0.24278846153846154 0.43509615384615385
23 0.38221153846153844 0.35336538461538464 0.42788461538461536 0.35336538461538464 0.42788461538461536 0.3701923076923077 0.38221153846153844 0.3701923076923077
23 0.38221153846153844 0.5168269230769231 0.42788461538461536 0.5168269230769231 0.42788461538461536 0.5336538461538461 0.38221153846153844 0.5336538461538461
23 0.24278846153846154 0.6778846153846154 0.4254807692307692 0.6778846153846154 0.4254807692307692 0.7115384615384616 0.24278846153846154 0.7115384615384616
23 0.24759615384615385 0.35336538461538464 0.3269230769230769 0.35336538461538464 0.3269230769230769 0.38221153846153844 0.24759615384615385 0.38221153846153844
23 0.24759615384615385 0.5168269230769231 0.3269230769230769 0.5168269230769231 0.3269230769230769 0.5456730769230769 0.24759615384615385 0.5456730769230769
23 0.24278846153846154 0.4567307692307692 0.4254807692307692 0.4567307692307692 0.4254807692307692 0.4855769230769231 0.24278846153846154 0.4855769230769231
23 0.24278846153846154 0.6225961538461539 0.4254807692307692 0.6225961538461539 0.4254807692307692 0.65625 0.24278846153846154 0.65625
23 0.38221153846153844 0.5721153846153846 0.42788461538461536 0.5721153846153846 0.42788461538461536 0.5889423076923077 0.38221153846153844 0.5889423076923077
23 0.47115384615384615 0.37259615384615385 0.5168269230769231 0.37259615384615385 0.5168269230769231 0.3894230769230769 0.47115384615384615 0.3894230769230769
23 0.47115384615384615 0.5817307692307693 0.5168269230769231 0.5817307692307693 0.5168269230769231 0.5985576923076923 0.47115384615384615 0.5985576923076923
23 0.5576923076923077 0.6850961538461539 0.6033653846153846 0.6850961538461539 0.6033653846153846 0.7091346153846154 0.5576923076923077 0.7091346153846154
23 0.47115384615384615 0.4254807692307692 0.5168269230769231 0.4254807692307692 0.5168269230769231 0.4423076923076923 0.47115384615384615 0.4423076923076923
23 0.4519230769230769 0.2668269230769231 0.6153846153846154 0.2668269230769231 0.6153846153846154 0.2932692307692308 0.4519230769230769 0.2932692307692308
23 0.4519230769230769 0.5264423076923077 0.6153846153846154 0.5264423076923077 0.6153846153846154 0.5552884615384616 0.4519230769230769 0.5552884615384616
23 0.4519230769230769 0.31971153846153844 0.6153846153846154 0.31971153846153844 0.6153846153846154 0.34615384615384615 0.4519230769230769 0.34615384615384615
23 0.4519230769230769 0.4735576923076923 0.6153846153846154 0.4735576923076923 0.6153846153846154 0.5024038461538461 0.4519230769230769 0.5024038461538461
23 0.47115384615384615 0.6346153846153846 0.5168269230769231 0.6346153846153846 0.5168269230769231 0.6514423076923077 0.47115384615384615 0.6514423076923077
23 0.47115384615384615 0.6850961538461539 0.5168269230769231 0.6850961538461539 0.5168269230769231 0.7091346153846154 0.47115384615384615 0.7091346153846154
14 0.2283653846153846 0.7403846153846154 0.625 0.7403846153846154 0.625 0.8365384615384616 0.2283653846153846 0.8365384615384616
23 0.3004807692307692 0.18509615384615385 0.3581730769230769 0.18509615384615385 0.3581730769230769 0.23798076923076922 0.3004807692307692 0.23798076923076922
8 0.5769230769230769 0.37259615384615385 0.5961538461538461 0.37259615384615385 0.5961538461538461 0.40384615384615385 0.5769230769230769 0.40384615384615385
8 0.5769230769230769 0.6322115384615384 0.5961538461538461 0.6322115384615384 0.5961538461538461 0.6634615384615384 0.5769230769230769 0.6634615384615384
8 0.5769230769230769 0.5817307692307693 0.5961538461538461 0.5817307692307693 0.5961538461538461 0.6129807692307693 0.5769230769230769 0.6129807692307693
8 0.5769230769230769 0.4230769230769231 0.5961538461538461 0.4230769230769231 0.5961538461538461 0.4543269230769231 0.5769230769230769 0.4543269230769231
0 0.18028846153846154 0.5793269230769231 0.3245192307692308 0.5793269230769231 0.3245192307692308 0.6009615384615384 0.18028846153846154 0.6009615384615384
0 0.18028846153846154 0.2956730769230769 0.3245192307692308 0.2956730769230769 0.3245192307692308 0.3173076923076923 0.18028846153846154 0.3173076923076923
0 0.18028846153846154 0.35336538461538464 0.3245192307692308 0.35336538461538464 0.3245192307692308 0.375 0.18028846153846154 0.375
0 0.18028846153846154 0.5240384615384616 0.3245192307692308 0.5240384615384616 0.3245192307692308 0.5456730769230769 0.18028846153846154 0.5456730769230769
0 0.22596153846153846 0.6923076923076923 0.43990384615384615 0.6923076923076923 0.43990384615384615 0.7139423076923077 0.22596153846153846 0.7139423076923077
0 0.22596153846153846 0.23798076923076922 0.43990384615384615 0.23798076923076922 0.43990384615384615 0.25961538461538464 0.22596153846153846 0.25961538461538464
0 0.22596153846153846 0.4110576923076923 0.43990384615384615 0.4110576923076923 0.43990384615384615 0.43509615384615385 0.22596153846153846 0.43509615384615385
0 0.22596153846153846 0.46634615384615385 0.43990384615384615 0.46634615384615385 0.43990384615384615 0.4879807692307692 0.22596153846153846 0.4879807692307692
0 0.22596153846153846 0.6370192307692307 0.43990384615384615 0.6370192307692307 0.43990384615384615 0.6586538461538461 0.22596153846153846 0.6586538461538461
0 0.4495192307692308 0.5336538461538461 0.6225961538461539 0.5336538461538461 0.6225961538461539 0.5576923076923077 0.4495192307692308 0.5576923076923077
0 0.4495192307692308 0.2620192307692308 0.6225961538461539 0.2620192307692308 0.6225961538461539 0.2860576923076923 0.4495192307692308 0.2860576923076923
0 0.4495192307692308 0.3173076923076923 0.6225961538461539 0.3173076923076923 0.6225961538461539 0.34134615384615385 0.4495192307692308 0.34134615384615385
0 0.4495192307692308 0.47836538461538464 0.6225961538461539 0.47836538461538464 0.6225961538461539 0.5024038461538461 0.4495192307692308 0.5024038461538461
0 0.5769230769230769 0.6442307692307693 0.6634615384615384 0.6442307692307693 0.6634615384615384 0.6634615384615384 0.5769230769230769 0.6634615384615384
0 0.5769230769230769 0.37259615384615385 0.6634615384615384 0.37259615384615385 0.6634615384615384 0.3918269230769231 0.5769230769230769 0.3918269230769231
0 0.5769230769230769 0.42788461538461536 0.6634615384615384 0.42788461538461536 0.6634615384615384 0.44711538461538464 0.5769230769230769 0.44711538461538464
0 0.5769230769230769 0.5889423076923077 0.6634615384615384 0.5889423076923077 0.6634615384615384 0.6081730769230769 0.5769230769230769 0.6081730769230769
0 0.4423076923076923 0.6947115384615384 1 0.6947115384615384 1 0.7163461538461539 0.4423076923076923 0.7163461538461539
12 0.21875 0.7139423076923077 1 0.7139423076923077 1 0.7211538461538461 0.21875 0.7211538461538461
12 0.22115384615384615 0.2620192307692308 0.4423076923076923 0.2620192307692308 0.4423076923076923 0.2692307692307692 0.22115384615384615 0.2692307692307692
12 0.18028846153846154 0.3173076923076923 0.43990384615384615 0.3173076923076923 0.43990384615384615 0.3245192307692308 0.18028846153846154 0.3245192307692308
12 0.18028846153846154 0.375 0.43990384615384615 0.375 0.43990384615384615 0.38221153846153844 0.18028846153846154 0.38221153846153844
12 0.21875 0.43509615384615385 0.4423076923076923 0.43509615384615385 0.4423076923076923 0.4423076923076923 0.21875 0.4423076923076923
12 0.21875 0.49038461538461536 0.4423076923076923 0.49038461538461536 0.4423076923076923 0.49759615384615385 0.21875 0.49759615384615385
12 0.18028846153846154 0.5432692307692307 0.4423076923076923 0.5432692307692307 0.4423076923076923 0.5504807692307693 0.18028846153846154 0.5504807692307693
12 0.18028846153846154 0.6009615384615384 0.4423076923076923 0.6009615384615384 0.4423076923076923 0.6081730769230769 0.18028846153846154 0.6081730769230769
12 0.22115384615384615 0.6586538461538461 0.44471153846153844 0.6586538461538461 0.44471153846153844 0.6658653846153846 0.22115384615384615 0.6658653846153846
2 0.17307692307692307 0.11538461538461539 1 0.11538461538461539 1 0.84375 0.17307692307692307 0.84375
12 0.875 0.8004807692307693 0.9014423076923077 0.8004807692307693 0.9014423076923077 0.8413461538461539 0.875 0.8413461538461539
23 0.8629807692307693 0.8004807692307693 0.8701923076923077 0.8004807692307693 0.8701923076923077 0.8389423076923077 0.8629807692307693 0.8389423076923077
10 0.17548076923076922 0.11538461538461539 0.6682692307692307 0.11538461538461539 0.6682692307692307 0.8389423076923077 0.17548076923076922 0.8389423076923077