23 0.7163461538461539 0.6658653846153846 0.7740384615384616 0.6658653846153846 0.7740384615384616 0.8389423076923077 0.7163461538461539 0.8389423076923077
8 0.3485576923076923 0.6658653846153846 0.6514423076923077 0.6658653846153846 0.6514423076923077 0.8389423076923077 0.3485576923076923 0.8389423076923077
23 0.6490384615384616 0.6658653846153846 0.7115384615384616 0.6658653846153846 0.7115384615384616 0.8389423076923077 0.6490384615384616 0.8389423076923077
1 0.2283653846153846 0.41346153846153844 0.8942307692307693 0.41346153846153844 0.8942307692307693 0.5336538461538461 0.2283653846153846 0.5336538461538461
8 0 0.6298076923076923 0.22596153846153846 0.6298076923076923 0.22596153846153846 0.8365384615384616 0 0.8365384615384616
19 0.13221153846153846 0.31009615384615385 0.9399038461538461 0.31009615384615385 0.9399038461538461 0.3557692307692308 0.13221153846153846 0.3557692307692308
19 0 0.5384615384615384 0.9495192307692307 0.5384615384615384 0.9495192307692307 0.6201923076923077 0 0.6201923076923077
20 0.24278846153846154 0.6418269230769231 0.34134615384615385 0.6418269230769231 0.34134615384615385 0.6850961538461539 0.24278846153846154 0.6850961538461539
20 0.7764423076923077 0.6634615384615384 0.8918269230769231 0.6634615384615384 0.8918269230769231 0.78125 0.7764423076923077 0.78125
15 0 0.5456730769230769 0.8918269230769231 0.5456730769230769 0.8918269230769231 0.8413461538461539 0 0.8413461538461539
22 0.2283653846153846 0.3557692307692308 0.8918269230769231 0.3557692307692308 0.8918269230769231 0.5336538461538461 0.2283653846153846 0.5336538461538461
12 0.2283653846153846 0.5336538461538461 0.8918269230769231 0.5336538461538461 0.8918269230769231 0.5456730769230769 0.2283653846153846 0.5456730769230769
2 0 0.31009615384615385 0.9519230769230769 0.31009615384615385 0.9519230769230769 0.8629807692307693 0 0.8629807692307693
20 0.8942307692307693 0.3701923076923077 0.9495192307692307 0.3701923076923077 0.9495192307692307 0.5456730769230769 0.8942307692307693 0.5456730769230769
10 0.2283653846153846 0.34134615384615385 0.8918269230769231 0.34134615384615385 0.8918269230769231 0.84375 0.2283653846153846 0.84375