14 0.125 0.43990384615384615 0.2548076923076923 0.43990384615384615 0.2548076923076923 0.47836538461538464 0.125 0.47836538461538464
14 0.14423076923076922 0.06971153846153846 0.9879807692307693 0.06971153846153846 0.9879807692307693 0.5480769230769231 0.14423076923076922 0.5480769230769231
14 0.16346153846153846 0.25 0.9903846153846154 0.25 0.9903846153846154 0.6129807692307693 0.16346153846153846 0.6129807692307693
8 0.5216346153846154 0.7019230769230769 0.5745192307692307 0.7019230769230769 0.5745192307692307 0.75 0.5216346153846154 0.75
8 0.5913461538461539 0.6995192307692307 0.6370192307692307 0.6995192307692307 0.6370192307692307 0.7524038461538461 0.5913461538461539 0.7524038461538461
14 0.2956730769230769 0.6346153846153846 0.9879807692307693 0.6346153846153846 0.9879807692307693 0.7860576923076923 0.2956730769230769 0.7860576923076923
14 0.6802884615384616 0.15384615384615385 0.7331730769230769 0.15384615384615385 0.7331730769230769 0.3581730769230769 0.6802884615384616 0.3581730769230769
14 0.6658653846153846 0 0.7596153846153846 0 0.7596153846153846 0.3629807692307692 0.6658653846153846 0.3629807692307692
14 0.65625 0 0.7379807692307693 0 0.7379807692307693 0.3629807692307692 0.65625 0.3629807692307692
14 0.6514423076923077 0 0.7211538461538461 0 0.7211538461538461 0.36538461538461536 0.6514423076923077 0.36538461538461536
14 0.6490384615384616 0 0.7067307692307693 0 0.7067307692307693 0.33413461538461536 0.6490384615384616 0.33413461538461536
14 0.6514423076923077 0 0.6947115384615384 0 0.6947115384615384 0.28846153846153844 0.6514423076923077 0.28846153846153844
14 0.6514423076923077 0 0.6850961538461539 0 0.6850961538461539 0.25 0.6514423076923077 0.25
14 0.6490384615384616 0 0.6778846153846154 0 0.6778846153846154 0.21153846153846154 0.6490384615384616 0.21153846153846154
2 0.09134615384615384 0 0.9879807692307693 0 0.9879807692307693 0.7860576923076923 0.09134615384615384 0.7860576923076923
10 0.09134615384615384 0 0.9903846153846154 0 0.9903846153846154 0.7860576923076923 0.09134615384615384 0.7860576923076923