23 0.23798076923076922 0.8197115384615384 0.5336538461538461 0.8197115384615384 0.5336538461538461 0.8822115384615384 0.23798076923076922 0.8822115384615384
25 0.2283653846153846 0.8100961538461539 0.5408653846153846 0.8100961538461539 0.5408653846153846 0.8894230769230769 0.2283653846153846 0.8894230769230769
23 0.057692307692307696 0.8221153846153846 0.1658653846153846 0.8221153846153846 0.1658653846153846 0.8846153846153846 0.057692307692307696 0.8846153846153846
25 0.05048076923076923 0.8125 0.17307692307692307 0.8125 0.17307692307692307 0.8918269230769231 0.05048076923076923 0.8918269230769231
23 0.23798076923076922 0.057692307692307696 0.5336538461538461 0.057692307692307696 0.5336538461538461 0.11778846153846154 0.23798076923076922 0.11778846153846154
25 0.2283653846153846 0.04567307692307692 0.5408653846153846 0.04567307692307692 0.5408653846153846 0.125 0.2283653846153846 0.125
23 0.057692307692307696 0.057692307692307696 0.1658653846153846 0.057692307692307696 0.1658653846153846 0.11778846153846154 0.057692307692307696 0.11778846153846154
25 0.05048076923076923 0.04567307692307692 0.17307692307692307 0.04567307692307692 0.17307692307692307 0.125 0.05048076923076923 0.125
23 0.23798076923076922 0.3125 0.5336538461538461 0.3125 0.5336538461538461 0.37259615384615385 0.23798076923076922 0.37259615384615385
25 0.2283653846153846 0.3004807692307692 0.5408653846153846 0.3004807692307692 0.5408653846153846 0.3798076923076923 0.2283653846153846 0.3798076923076923
23 0.23798076923076922 0.5456730769230769 0.5336538461538461 0.5456730769230769 0.5336538461538461 0.6057692307692307 0.23798076923076922 0.6057692307692307
25 0.2283653846153846 0.5336538461538461 0.5408653846153846 0.5336538461538461 0.5408653846153846 0.6129807692307693 0.2283653846153846 0.6129807692307693
23 0.057692307692307696 0.3076923076923077 0.1658653846153846 0.3076923076923077 0.1658653846153846 0.3701923076923077 0.057692307692307696 0.3701923076923077
25 0.05048076923076923 0.2980769230769231 0.17307692307692307 0.2980769230769231 0.17307692307692307 0.37740384615384615 0.05048076923076923 0.37740384615384615
23 0.057692307692307696 0.5456730769230769 0.1658653846153846 0.5456730769230769 0.1658653846153846 0.6057692307692307 0.057692307692307696 0.6057692307692307
25 0.05048076923076923 0.5336538461538461 0.17307692307692307 0.5336538461538461 0.17307692307692307 0.6129807692307693 0.05048076923076923 0.6129807692307693
11 0 0 0.9975961538461539 0 0.9975961538461539 0.23076923076923078 0 0.23076923076923078
12 0 0.23076923076923078 0.9975961538461539 0.23076923076923078 0.9975961538461539 0.24519230769230768 0 0.24519230769230768
12 0 0.46875 0.9975961538461539 0.46875 0.9975961538461539 0.4831730769230769 0 0.4831730769230769
12 0 0.7548076923076923 0.9975961538461539 0.7548076923076923 0.9975961538461539 0.7692307692307693 0 0.7692307692307693
12 0 0.9831730769230769 0.9975961538461539 0.9831730769230769 0.9975961538461539 0.9975961538461539 0 0.9975961538461539
11 0 0.7692307692307693 0.9975961538461539 0.7692307692307693 0.9975961538461539 0.9831730769230769 0 0.9831730769230769
11 0 0.4831730769230769 0.9975961538461539 0.4831730769230769 0.9975961538461539 0.7548076923076923 0 0.7548076923076923
11 0 0.24519230769230768 0.9975961538461539 0.24519230769230768 0.9975961538461539 0.46875 0 0.46875
17 0 0 0.036057692307692304 0 0.036057692307692304 0.9975961538461539 0 0.9975961538461539
17 0.18028846153846154 0 0.21634615384615385 0 0.21634615384615385 0.9975961538461539 0.18028846153846154 0.9975961538461539
2 0 0 0.9975961538461539 0 0.9975961538461539 0.9975961538461539 0 0.9975961538461539
10 0 0 0.9975961538461539 0 0.9975961538461539 0.9975961538461539 0 0.9975961538461539