23 0.19951923076923078 0.25721153846153844 0.2980769230769231 0.25721153846153844 0.2980769230769231 0.34134615384615385 0.19951923076923078 0.34134615384615385
14 0.29086538461538464 0.23557692307692307 0.5913461538461539 0.23557692307692307 0.5913461538461539 0.6057692307692307 0.29086538461538464 0.6057692307692307
23 0.4831730769230769 0.38221153846153844 0.6802884615384616 0.38221153846153844 0.6802884615384616 0.46153846153846156 0.4831730769230769 0.46153846153846156
23 0.5913461538461539 0.5 0.6730769230769231 0.5 0.6730769230769231 0.5841346153846154 0.5913461538461539 0.5841346153846154
23 0.20192307692307693 0.38221153846153844 0.2980769230769231 0.38221153846153844 0.2980769230769231 0.47836538461538464 0.20192307692307693 0.47836538461538464
23 0.4807692307692308 0.24278846153846154 0.6778846153846154 0.24278846153846154 0.6778846153846154 0.34134615384615385 0.4807692307692308 0.34134615384615385
8 0.5 0.14423076923076922 0.6394230769230769 0.14423076923076922 0.6394230769230769 0.21153846153846154 0.5 0.21153846153846154
23 0.23798076923076922 0.14423076923076922 0.375 0.14423076923076922 0.375 0.19471153846153846 0.23798076923076922 0.19471153846153846
14 0.71875 0.04807692307692308 0.8942307692307693 0.04807692307692308 0.8942307692307693 0.6778846153846154 0.71875 0.6778846153846154
19 0.16826923076923078 0.014423076923076924 0.9014423076923077 0.014423076923076924 0.9014423076923077 0.1201923076923077 0.16826923076923078 0.1201923076923077
21 0.47596153846153844 0.44471153846153844 0.6850961538461539 0.44471153846153844 0.6850961538461539 0.47596153846153844 0.47596153846153844 0.47596153846153844
0 0.15865384615384615 0.14423076923076922 0.7259615384615384 0.14423076923076922 0.7259615384615384 0.21634615384615385 0.15865384615384615 0.21634615384615385
12 0.15865384615384615 0.6538461538461539 0.71875 0.6538461538461539 0.71875 0.6634615384615384 0.15865384615384615 0.6634615384615384
12 0.16105769230769232 0.21634615384615385 0.7211538461538461 0.21634615384615385 0.7211538461538461 0.22596153846153846 0.16105769230769232 0.22596153846153846
12 0.15865384615384615 0.36778846153846156 0.71875 0.36778846153846156 0.71875 0.375 0.15865384615384615 0.375
12 0.15865384615384615 0.4831730769230769 0.71875 0.4831730769230769 0.71875 0.49038461538461536 0.15865384615384615 0.49038461538461536
23 0.23317307692307693 0.6778846153846154 0.3581730769230769 0.6778846153846154 0.3581730769230769 0.7043269230769231 0.23317307692307693 0.7043269230769231
23 0.7524038461538461 0.6850961538461539 0.8365384615384616 0.6850961538461539 0.8365384615384616 0.7043269230769231 0.7524038461538461 0.7043269230769231
8 0.23557692307692307 0.7235576923076923 0.38461538461538464 0.7235576923076923 0.38461538461538464 0.8653846153846154 0.23557692307692307 0.8653846153846154
8 0.7524038461538461 0.7524038461538461 0.8341346153846154 0.7524038461538461 0.8341346153846154 0.8701923076923077 0.7524038461538461 0.8701923076923077
8 0.44711538461538464 0.7019230769230769 0.6923076923076923 0.7019230769230769 0.6923076923076923 0.8725961538461539 0.44711538461538464 0.8725961538461539
4 0.17307692307692307 0.6634615384615384 0.8966346153846154 0.6634615384615384 0.8966346153846154 0.7235576923076923 0.17307692307692307 0.7235576923076923
17 0.8725961538461539 0.7235576923076923 0.8966346153846154 0.7235576923076923 0.8966346153846154 0.8677884615384616 0.8725961538461539 0.8677884615384616
17 0.17307692307692307 0.7235576923076923 0.19471153846153846 0.7235576923076923 0.19471153846153846 0.8677884615384616 0.17307692307692307 0.8677884615384616
17 0.4206730769230769 0.7115384615384616 0.44471153846153844 0.7115384615384616 0.44471153846153844 0.8701923076923077 0.4206730769230769 0.8701923076923077
17 0.6923076923076923 0.7091346153846154 0.71875 0.7091346153846154 0.71875 0.8677884615384616 0.6923076923076923 0.8677884615384616
2 0.15865384615384615 0.014423076923076924 0.9014423076923077 0.014423076923076924 0.9014423076923077 0.8725961538461539 0.15865384615384615 0.8725961538461539
10 0.15865384615384615 0.014423076923076924 0.9038461538461539 0.014423076923076924 0.9038461538461539 0.8725961538461539 0.15865384615384615 0.8725961538461539
20 0.5240384615384616 0.6033653846153846 0.7091346153846154 0.6033653846153846 0.7091346153846154 0.6610576923076923 0.5240384615384616 0.6610576923076923