23 0.7692307692307693 0.11298076923076923 0.9302884615384616 0.11298076923076923 0.9302884615384616 0.27403846153846156 0.7692307692307693 0.27403846153846156
23 0.06971153846153846 0.11538461538461539 0.22596153846153846 0.11538461538461539 0.22596153846153846 0.2764423076923077 0.06971153846153846 0.2764423076923077
23 0.4182692307692308 0.11298076923076923 0.5769230769230769 0.11298076923076923 0.5769230769230769 0.27403846153846156 0.4182692307692308 0.27403846153846156
23 0.7692307692307693 0.41586538461538464 0.9302884615384616 0.41586538461538464 0.9302884615384616 0.6057692307692307 0.7692307692307693 0.6057692307692307
23 0.41586538461538464 0.41586538461538464 0.5769230769230769 0.41586538461538464 0.5769230769230769 0.6033653846153846 0.41586538461538464 0.6033653846153846
23 0.0673076923076923 0.41586538461538464 0.22596153846153846 0.41586538461538464 0.22596153846153846 0.6057692307692307 0.0673076923076923 0.6057692307692307
23 0.06490384615384616 0.7211538461538461 0.22596153846153846 0.7211538461538461 0.22596153846153846 0.9110576923076923 0.06490384615384616 0.9110576923076923
23 0.41586538461538464 0.7211538461538461 0.5745192307692307 0.7211538461538461 0.5745192307692307 0.9110576923076923 0.41586538461538464 0.9110576923076923
23 0.7692307692307693 0.7211538461538461 0.9302884615384616 0.7211538461538461 0.9302884615384616 0.9110576923076923 0.7692307692307693 0.9110576923076923
25 0.40865384615384615 0.0985576923076923 0.5865384615384616 0.0985576923076923 0.5865384615384616 0.3173076923076923 0.40865384615384615 0.3173076923076923
25 0.06009615384615385 0.0985576923076923 0.23798076923076922 0.0985576923076923 0.23798076923076922 0.3173076923076923 0.06009615384615385 0.3173076923076923
25 0.7596153846153846 0.10096153846153846 0.9399038461538461 0.10096153846153846 0.9399038461538461 0.31971153846153844 0.7596153846153846 0.31971153846153844
25 0.7596153846153846 0.40384615384615385 0.9399038461538461 0.40384615384615385 0.9399038461538461 0.6442307692307693 0.7596153846153846 0.6442307692307693
25 0.40865384615384615 0.40384615384615385 0.5865384615384616 0.40384615384615385 0.5865384615384616 0.6442307692307693 0.40865384615384615 0.6442307692307693
25 0.057692307692307696 0.40625 0.23557692307692307 0.40625 0.23557692307692307 0.6466346153846154 0.057692307692307696 0.6466346153846154
25 0.057692307692307696 0.7091346153846154 0.23798076923076922 0.7091346153846154 0.23798076923076922 0.9447115384615384 0.057692307692307696 0.9447115384615384
25 0.40865384615384615 0.7091346153846154 0.5865384615384616 0.7091346153846154 0.5865384615384616 0.9447115384615384 0.40865384615384615 0.9447115384615384
25 0.7596153846153846 0.7091346153846154 0.9399038461538461 0.7091346153846154 0.9399038461538461 0.9423076923076923 0.7596153846153846 0.9423076923076923
12 0 0.9711538461538461 1 0.9711538461538461 1 1 0 1
12 0 0.34615384615384615 1 0.34615384615384615 1 0.37259615384615385 0 0.37259615384615385
11 0 0 1 0 1 0.34615384615384615 0 0.34615384615384615
12 0 0.6706730769230769 1 0.6706730769230769 1 0.6971153846153846 0 0.6971153846153846
11 0 0.6971153846153846 1 0.6971153846153846 1 0.9711538461538461 0 0.9711538461538461
11 0 0.37259615384615385 1 0.37259615384615385 1 0.6706730769230769 0 0.6706730769230769
2 0 0 1 0 1 1 0 1
10 0 0 1 0 1 1 0 1