23 0.6153846153846154 0.7475961538461539 0.6586538461538461 0.7475961538461539 0.6586538461538461 0.8028846153846154 0.6153846153846154 0.8028846153846154
23 0.1875 0.7331730769230769 0.2403846153846154 0.7331730769230769 0.2403846153846154 0.8004807692307693 0.1875 0.8004807692307693
23 0.18509615384615385 0.6201923076923077 0.23798076923076922 0.6201923076923077 0.23798076923076922 0.6875 0.18509615384615385 0.6875
23 0.3004807692307692 0.6201923076923077 0.35336538461538464 0.6201923076923077 0.35336538461538464 0.6875 0.3004807692307692 0.6875
23 0.6322115384615384 0.6538461538461539 0.6586538461538461 0.6538461538461539 0.6586538461538461 0.6875 0.6322115384615384 0.6875
23 0.31971153846153844 0.7331730769230769 0.35336538461538464 0.7331730769230769 0.35336538461538464 0.7764423076923077 0.31971153846153844 0.7764423076923077
23 0.5192307692307693 0.7644230769230769 0.5480769230769231 0.7644230769230769 0.5480769230769231 0.8028846153846154 0.5192307692307693 0.8028846153846154
23 0.41346153846153844 0.8413461538461539 0.46634615384615385 0.8413461538461539 0.46634615384615385 0.90625 0.41346153846153844 0.90625
23 0.41346153846153844 0.7331730769230769 0.46634615384615385 0.7331730769230769 0.46634615384615385 0.8004807692307693 0.41346153846153844 0.8004807692307693
23 0.6298076923076923 0.84375 0.6586538461538461 0.84375 0.6586538461538461 0.8822115384615384 0.6298076923076923 0.8822115384615384
23 0.19951923076923078 0.5408653846153846 0.2620192307692308 0.5408653846153846 0.2620192307692308 0.5649038461538461 0.19951923076923078 0.5649038461538461
23 0.09134615384615384 0.5384615384615384 0.16105769230769232 0.5384615384615384 0.16105769230769232 0.5649038461538461 0.09134615384615384 0.5649038461538461
8 0.18990384615384615 0.8461538461538461 0.23798076923076922 0.8461538461538461 0.23798076923076922 0.9254807692307693 0.18990384615384615 0.9254807692307693
8 0.5072115384615384 0.8413461538461539 0.5504807692307693 0.8413461538461539 0.5504807692307693 0.9038461538461539 0.5072115384615384 0.9038461538461539
8 0.3173076923076923 0.8677884615384616 0.35096153846153844 0.8677884615384616 0.35096153846153844 0.9182692307692307 0.3173076923076923 0.9182692307692307
2 0 0.36778846153846156 0.6850961538461539 0.36778846153846156 0.6850961538461539 0.9639423076923077 0 0.9639423076923077
23 0 0.6899038461538461 0.026442307692307692 0.6899038461538461 0.026442307692307692 0.7908653846153846 0 0.7908653846153846
23 0.41586538461538464 0.6201923076923077 0.4495192307692308 0.6201923076923077 0.4495192307692308 0.6634615384615384 0.41586538461538464 0.6634615384615384
23 0.09134615384615384 0.75 0.1201923076923077 0.75 0.1201923076923077 0.7980769230769231 0.09134615384615384 0.7980769230769231
23 0.09134615384615384 0.8509615384615384 0.1201923076923077 0.8509615384615384 0.1201923076923077 0.9014423076923077 0.09134615384615384 0.9014423076923077
10 0 0.36778846153846156 0.6850961538461539 0.36778846153846156 0.6850961538461539 0.9663461538461539 0 0.9663461538461539