23 0.6057692307692307 0.7307692307692307 0.7379807692307693 0.7307692307692307 0.7379807692307693 0.7740384615384616 0.6057692307692307 0.7740384615384616
23 0.6057692307692307 0.20432692307692307 0.7379807692307693 0.20432692307692307 0.7379807692307693 0.24759615384615385 0.6057692307692307 0.24759615384615385
23 0.6057692307692307 0.2692307692307692 0.7379807692307693 0.2692307692307692 0.7379807692307693 0.3125 0.6057692307692307 0.3125
23 0.6057692307692307 0.33413461538461536 0.7379807692307693 0.33413461538461536 0.7379807692307693 0.37740384615384615 0.6057692307692307 0.37740384615384615
23 0.6057692307692307 0.4014423076923077 0.7379807692307693 0.4014423076923077 0.7379807692307693 0.44471153846153844 0.6057692307692307 0.44471153846153844
23 0.6057692307692307 0.46634615384615385 0.7379807692307693 0.46634615384615385 0.7379807692307693 0.5096153846153846 0.6057692307692307 0.5096153846153846
23 0.6057692307692307 0.5336538461538461 0.7379807692307693 0.5336538461538461 0.7379807692307693 0.5769230769230769 0.6057692307692307 0.5769230769230769
23 0.6057692307692307 0.6009615384615384 0.7379807692307693 0.6009615384615384 0.7379807692307693 0.6418269230769231 0.6057692307692307 0.6418269230769231
23 0.6057692307692307 0.6658653846153846 0.7379807692307693 0.6658653846153846 0.7379807692307693 0.7067307692307693 0.6057692307692307 0.7067307692307693
23 0.6057692307692307 0.14182692307692307 0.7379807692307693 0.14182692307692307 0.7379807692307693 0.18269230769230768 0.6057692307692307 0.18269230769230768
23 0.41586538461538464 0.14182692307692307 0.44471153846153844 0.14182692307692307 0.44471153846153844 0.18269230769230768 0.41586538461538464 0.18269230769230768
23 0.41586538461538464 0.2692307692307692 0.44471153846153844 0.2692307692307692 0.44471153846153844 0.3125 0.41586538461538464 0.3125
23 0.41586538461538464 0.33413461538461536 0.44471153846153844 0.33413461538461536 0.44471153846153844 0.37740384615384615 0.41586538461538464 0.37740384615384615
23 0.41586538461538464 0.4014423076923077 0.44471153846153844 0.4014423076923077 0.44471153846153844 0.44471153846153844 0.41586538461538464 0.44471153846153844
23 0.41586538461538464 0.46634615384615385 0.44471153846153844 0.46634615384615385 0.44471153846153844 0.5096153846153846 0.41586538461538464 0.5096153846153846
23 0.41586538461538464 0.5336538461538461 0.44471153846153844 0.5336538461538461 0.44471153846153844 0.5769230769230769 0.41586538461538464 0.5769230769230769
23 0.41586538461538464 0.6009615384615384 0.44471153846153844 0.6009615384615384 0.44471153846153844 0.6418269230769231 0.41586538461538464 0.6418269230769231
23 0.5 0.6658653846153846 0.53125 0.6658653846153846 0.53125 0.7067307692307693 0.5 0.7067307692307693
23 0.5 0.7307692307692307 0.53125 0.7307692307692307 0.53125 0.7740384615384616 0.5 0.7740384615384616
23 0.28125 0.14182692307692307 0.3701923076923077 0.14182692307692307 0.3701923076923077 0.18269230769230768 0.28125 0.18269230769230768
23 0.41586538461538464 0.6658653846153846 0.44471153846153844 0.6658653846153846 0.44471153846153844 0.7067307692307693 0.41586538461538464 0.7067307692307693
23 0.5 0.6009615384615384 0.53125 0.6009615384615384 0.53125 0.6418269230769231 0.5 0.6418269230769231
23 0.5 0.5336538461538461 0.53125 0.5336538461538461 0.53125 0.5769230769230769 0.5 0.5769230769230769
23 0.5 0.46634615384615385 0.53125 0.46634615384615385 0.53125 0.5096153846153846 0.5 0.5096153846153846
23 0.5 0.4014423076923077 0.53125 0.4014423076923077 0.53125 0.44471153846153844 0.5 0.44471153846153844
23 0.5 0.33413461538461536 0.53125 0.33413461538461536 0.53125 0.37740384615384615 0.5 0.37740384615384615
23 0.5 0.2692307692307692 0.53125 0.2692307692307692 0.53125 0.3125 0.5 0.3125
23 0.41586538461538464 0.20432692307692307 0.44471153846153844 0.20432692307692307 0.44471153846153844 0.24759615384615385 0.41586538461538464 0.24759615384615385
23 0.5 0.14182692307692307 0.53125 0.14182692307692307 0.53125 0.18269230769230768 0.5 0.18269230769230768
23 0.5 0.20432692307692307 0.53125 0.20432692307692307 0.53125 0.24759615384615385 0.5 0.24759615384615385
23 0.28125 0.7307692307692307 0.3701923076923077 0.7307692307692307 0.3701923076923077 0.7740384615384616 0.28125 0.7740384615384616
23 0.28125 0.2692307692307692 0.3701923076923077 0.2692307692307692 0.3701923076923077 0.3125 0.28125 0.3125
23 0.28125 0.20432692307692307 0.3701923076923077 0.20432692307692307 0.3701923076923077 0.24759615384615385 0.28125 0.24759615384615385
23 0.28125 0.33413461538461536 0.3701923076923077 0.33413461538461536 0.3701923076923077 0.37740384615384615 0.28125 0.37740384615384615
23 0.28125 0.4014423076923077 0.3701923076923077 0.4014423076923077 0.3701923076923077 0.44471153846153844 0.28125 0.44471153846153844
23 0.28125 0.46634615384615385 0.3701923076923077 0.46634615384615385 0.3701923076923077 0.5096153846153846 0.28125 0.5096153846153846
23 0.28125 0.5336538461538461 0.3701923076923077 0.5336538461538461 0.3701923076923077 0.5769230769230769 0.28125 0.5769230769230769
23 0.28125 0.6009615384615384 0.3701923076923077 0.6009615384615384 0.3701923076923077 0.6418269230769231 0.28125 0.6418269230769231
23 0.28125 0.6658653846153846 0.3701923076923077 0.6658653846153846 0.3701923076923077 0.7067307692307693 0.28125 0.7067307692307693
23 0.41586538461538464 0.7307692307692307 0.44471153846153844 0.7307692307692307 0.44471153846153844 0.7740384615384616 0.41586538461538464 0.7740384615384616
12 0.19230769230769232 0.4254807692307692 0.8173076923076923 0.4254807692307692 0.8173076923076923 0.4375 0.19230769230769232 0.4375
12 0.19230769230769232 0.3557692307692308 0.8173076923076923 0.3557692307692308 0.8173076923076923 0.36778846153846156 0.19230769230769232 0.36778846153846156
12 0.19230769230769232 0.28365384615384615 0.8173076923076923 0.28365384615384615 0.8173076923076923 0.2956730769230769 0.19230769230769232 0.2956730769230769
12 0.19230769230769232 0.21394230769230768 0.8173076923076923 0.21394230769230768 0.8173076923076923 0.22596153846153846 0.19230769230769232 0.22596153846153846
12 0.19230769230769232 0.4951923076923077 0.8173076923076923 0.4951923076923077 0.8173076923076923 0.5072115384615384 0.19230769230769232 0.5072115384615384
12 0.19230769230769232 0.5673076923076923 0.8173076923076923 0.5673076923076923 0.8173076923076923 0.5793269230769231 0.19230769230769232 0.5793269230769231
12 0.19230769230769232 0.6370192307692307 0.8173076923076923 0.6370192307692307 0.8173076923076923 0.6490384615384616 0.19230769230769232 0.6490384615384616
12 0.19230769230769232 0.7067307692307693 0.8173076923076923 0.7067307692307693 0.8173076923076923 0.71875 0.19230769230769232 0.71875
0 0.19230769230769232 0.125 0.8173076923076923 0.125 0.8173076923076923 0.1466346153846154 0.19230769230769232 0.1466346153846154
12 0.19230769230769232 0.14903846153846154 0.8173076923076923 0.14903846153846154 0.8173076923076923 0.16105769230769232 0.19230769230769232 0.16105769230769232
12 0.19230769230769232 0.7740384615384616 0.8173076923076923 0.7740384615384616 0.8173076923076923 0.7836538461538461 0.19230769230769232 0.7836538461538461
14 0.4831730769230769 0.8846153846153846 0.7764423076923077 0.8846153846153846 0.7764423076923077 0.9519230769230769 0.4831730769230769 0.9519230769230769
0 0.19230769230769232 0.6802884615384616 0.8173076923076923 0.6802884615384616 0.8173076923076923 0.7043269230769231 0.19230769230769232 0.7043269230769231
0 0.19230769230769232 0.6105769230769231 0.8173076923076923 0.6105769230769231 0.8173076923076923 0.6346153846153846 0.19230769230769232 0.6346153846153846
0 0.19230769230769232 0.5408653846153846 0.8173076923076923 0.5408653846153846 0.8173076923076923 0.5649038461538461 0.19230769230769232 0.5649038461538461
0 0.19230769230769232 0.47115384615384615 0.8173076923076923 0.47115384615384615 0.8173076923076923 0.4951923076923077 0.19230769230769232 0.4951923076923077
0 0.19230769230769232 0.4014423076923077 0.8173076923076923 0.4014423076923077 0.8173076923076923 0.4254807692307692 0.19230769230769232 0.4254807692307692
0 0.19230769230769232 0.3317307692307692 0.8173076923076923 0.3317307692307692 0.8173076923076923 0.35336538461538464 0.19230769230769232 0.35336538461538464
0 0.19230769230769232 0.2620192307692308 0.8173076923076923 0.2620192307692308 0.8173076923076923 0.28365384615384615 0.19230769230769232 0.28365384615384615
0 0.19230769230769232 0.19471153846153846 0.8173076923076923 0.19471153846153846 0.8173076923076923 0.21394230769230768 0.19230769230769232 0.21394230769230768
0 0.19230769230769232 0.7524038461538461 0.8173076923076923 0.7524038461538461 0.8173076923076923 0.7740384615384616 0.19230769230769232 0.7740384615384616
0 0.19230769230769232 0.7860576923076923 0.8173076923076923 0.7860576923076923 0.8173076923076923 0.8197115384615384 0.19230769230769232 0.8197115384615384
8 0.28846153846153844 0.8846153846153846 0.33413461538461536 0.8846153846153846 0.33413461538461536 0.9519230769230769 0.28846153846153844 0.9519230769230769
14 0.33653846153846156 0.8846153846153846 0.45913461538461536 0.8846153846153846 0.45913461538461536 0.9519230769230769 0.33653846153846156 0.9519230769230769
2 0.1778846153846154 0.040865384615384616 0.8269230769230769 0.040865384615384616 0.8269230769230769 0.9615384615384616 0.1778846153846154 0.9615384615384616
10 0.1778846153846154 0.040865384615384616 0.8269230769230769 0.040865384615384616 0.8269230769230769 0.9615384615384616 0.1778846153846154 0.9615384615384616