14 0.6201923076923077 0.5168269230769231 0.7596153846153846 0.5168269230769231 0.7596153846153846 0.6802884615384616 0.6201923076923077 0.6802884615384616
14 0.27163461538461536 0.5168269230769231 0.40625 0.5168269230769231 0.40625 0.6802884615384616 0.27163461538461536 0.6802884615384616
14 0.44711538461538464 0.5168269230769231 0.5817307692307693 0.5168269230769231 0.5817307692307693 0.6802884615384616 0.44711538461538464 0.6802884615384616
14 0.6225961538461539 0.10576923076923077 0.7572115384615384 0.10576923076923077 0.7572115384615384 0.2668269230769231 0.6225961538461539 0.2668269230769231
14 0.27163461538461536 0.10576923076923077 0.40625 0.10576923076923077 0.40625 0.2668269230769231 0.27163461538461536 0.2668269230769231
14 0.44711538461538464 0.10576923076923077 0.5817307692307693 0.10576923076923077 0.5817307692307693 0.2668269230769231 0.44711538461538464 0.2668269230769231
14 0.6201923076923077 0.3125 0.7596153846153846 0.3125 0.7596153846153846 0.47596153846153844 0.6201923076923077 0.47596153846153844
14 0.27163461538461536 0.3125 0.40625 0.3125 0.40625 0.47596153846153844 0.27163461538461536 0.47596153846153844
14 0.44711538461538464 0.3125 0.5817307692307693 0.3125 0.5817307692307693 0.47596153846153844 0.44711538461538464 0.47596153846153844
23 0.6947115384615384 0.84375 0.8028846153846154 0.84375 0.8028846153846154 0.9254807692307693 0.6947115384615384 0.9254807692307693
8 0.4206730769230769 0.84375 0.6129807692307693 0.84375 0.6129807692307693 0.9302884615384616 0.4206730769230769 0.9302884615384616
23 0.2283653846153846 0.84375 0.33653846153846156 0.84375 0.33653846153846156 0.9350961538461539 0.2283653846153846 0.9350961538461539
23 0.2283653846153846 0.7475961538461539 0.33653846153846156 0.7475961538461539 0.33653846153846156 0.8341346153846154 0.2283653846153846 0.8341346153846154
23 0.6947115384615384 0.7475961538461539 0.8028846153846154 0.7475961538461539 0.8028846153846154 0.8341346153846154 0.6947115384615384 0.8341346153846154
23 0.4206730769230769 0.7475961538461539 0.6129807692307693 0.7475961538461539 0.6129807692307693 0.8341346153846154 0.4206730769230769 0.8341346153846154
12 0.1875 0.6899038461538461 0.84375 0.6899038461538461 0.84375 0.71875 0.1875 0.71875
12 0.19471153846153846 0.27163461538461536 0.8389423076923077 0.27163461538461536 0.8389423076923077 0.2980769230769231 0.19471153846153846 0.2980769230769231
12 0.19471153846153846 0.47836538461538464 0.8389423076923077 0.47836538461538464 0.8389423076923077 0.5048076923076923 0.19471153846153846 0.5048076923076923
2 0.18269230769230768 0.038461538461538464 0.8485576923076923 0.038461538461538464 0.8485576923076923 0.9423076923076923 0.18269230769230768 0.9423076923076923
10 0.18269230769230768 0.038461538461538464 0.8509615384615384 0.038461538461538464 0.8509615384615384 0.9423076923076923 0.18269230769230768 0.9423076923076923