23 0.7379807692307693 0.17307692307692307 0.8317307692307693 0.17307692307692307 0.8317307692307693 0.19951923076923078 0.7379807692307693 0.19951923076923078
23 0.43028846153846156 0.29086538461538464 0.6009615384615384 0.29086538461538464 0.6009615384615384 0.3269230769230769 0.43028846153846156 0.3269230769230769
23 0.7427884615384616 0.29086538461538464 0.8341346153846154 0.29086538461538464 0.8341346153846154 0.3245192307692308 0.7427884615384616 0.3245192307692308
23 0.7379807692307693 0.3701923076923077 0.8317307692307693 0.3701923076923077 0.8317307692307693 0.39903846153846156 0.7379807692307693 0.39903846153846156
23 0.4182692307692308 0.36778846153846156 0.5889423076923077 0.36778846153846156 0.5889423076923077 0.4254807692307692 0.4182692307692308 0.4254807692307692
23 0.7379807692307693 0.46875 0.8317307692307693 0.46875 0.8317307692307693 0.5264423076923077 0.7379807692307693 0.5264423076923077
23 0.4206730769230769 0.46875 0.5889423076923077 0.46875 0.5889423076923077 0.5264423076923077 0.4206730769230769 0.5264423076923077
23 0.7475961538461539 0.5793269230769231 0.8341346153846154 0.5793269230769231 0.8341346153846154 0.6274038461538461 0.7475961538461539 0.6274038461538461
23 0.4182692307692308 0.5673076923076923 0.5913461538461539 0.5673076923076923 0.5913461538461539 0.625 0.4182692307692308 0.625
23 0.7403846153846154 0.6658653846153846 0.8317307692307693 0.6658653846153846 0.8317307692307693 0.7235576923076923 0.7403846153846154 0.7235576923076923
23 0.7379807692307693 0.7644230769230769 0.8317307692307693 0.7644230769230769 0.8317307692307693 0.8245192307692307 0.7379807692307693 0.8245192307692307
23 0.4230769230769231 0.6658653846153846 0.5913461538461539 0.6658653846153846 0.5913461538461539 0.7235576923076923 0.4230769230769231 0.7235576923076923
23 0.4206730769230769 0.7644230769230769 0.5913461538461539 0.7644230769230769 0.5913461538461539 0.8245192307692307 0.4206730769230769 0.8245192307692307
23 0.41586538461538464 0.17067307692307693 0.5865384615384616 0.17067307692307693 0.5865384615384616 0.22355769230769232 0.41586538461538464 0.22355769230769232
0 0.09615384615384616 0.6923076923076923 0.27403846153846156 0.6923076923076923 0.27403846153846156 0.75 0.09615384615384616 0.75
0 0.09615384615384616 0.7932692307692307 0.27403846153846156 0.7932692307692307 0.27403846153846156 0.8533653846153846 0.09615384615384616 0.8533653846153846
0 0.0889423076923077 0.49278846153846156 0.27403846153846156 0.49278846153846156 0.27403846153846156 0.5528846153846154 0.0889423076923077 0.5528846153846154
0 0.09375 0.3918269230769231 0.27403846153846156 0.3918269230769231 0.27403846153846156 0.4543269230769231 0.09375 0.4543269230769231
0 0.0889423076923077 0.18990384615384615 0.27163461538461536 0.18990384615384615 0.27163461538461536 0.24759615384615385 0.0889423076923077 0.24759615384615385
0 0.0889423076923077 0.29086538461538464 0.27403846153846156 0.29086538461538464 0.27403846153846156 0.34615384615384615 0.0889423076923077 0.34615384615384615
23 0.1346153846153846 0.5480769230769231 0.22596153846153846 0.5480769230769231 0.22596153846153846 0.5913461538461539 0.1346153846153846 0.5913461538461539
23 0.1346153846153846 0.24759615384615385 0.22596153846153846 0.24759615384615385 0.22596153846153846 0.29086538461538464 0.1346153846153846 0.29086538461538464
4 0.3942307692307692 0.12980769230769232 0.5913461538461539 0.12980769230769232 0.5913461538461539 0.17067307692307693 0.3942307692307692 0.17067307692307693
4 0.7307692307692307 0.12980769230769232 0.8317307692307693 0.12980769230769232 0.8317307692307693 0.17307692307692307 0.7307692307692307 0.17307692307692307
4 0.39663461538461536 0.3389423076923077 0.5913461538461539 0.3389423076923077 0.5913461538461539 0.36778846153846156 0.39663461538461536 0.36778846153846156
4 0.7307692307692307 0.3389423076923077 0.8317307692307693 0.3389423076923077 0.8317307692307693 0.3701923076923077 0.7307692307692307 0.3701923076923077
4 0.7307692307692307 0.44471153846153844 0.8317307692307693 0.44471153846153844 0.8317307692307693 0.46875 0.7307692307692307 0.46875
4 0.3942307692307692 0.4423076923076923 0.5913461538461539 0.4423076923076923 0.5913461538461539 0.46875 0.3942307692307692 0.46875
4 0.3942307692307692 0.5456730769230769 0.5913461538461539 0.5456730769230769 0.5913461538461539 0.5673076923076923 0.3942307692307692 0.5673076923076923
4 0.39663461538461536 0.6514423076923077 0.5913461538461539 0.6514423076923077 0.5913461538461539 0.6658653846153846 0.39663461538461536 0.6658653846153846
4 0.7331730769230769 0.6514423076923077 0.8317307692307693 0.6514423076923077 0.8317307692307693 0.6658653846153846 0.7331730769230769 0.6658653846153846
4 0.7307692307692307 0.7524038461538461 0.8317307692307693 0.7524038461538461 0.8317307692307693 0.7620192307692307 0.7307692307692307 0.7620192307692307
4 0.39663461538461536 0.7524038461538461 0.5913461538461539 0.7524038461538461 0.5913461538461539 0.7620192307692307 0.39663461538461536 0.7620192307692307
17 0.10817307692307693 0.8701923076923077 0.15625 0.8701923076923077 0.15625 0.9975961538461539 0.10817307692307693 0.9975961538461539
17 0.33653846153846156 0.8701923076923077 0.38461538461538464 0.8701923076923077 0.38461538461538464 0.9975961538461539 0.33653846153846156 0.9975961538461539
17 0.875 0.8701923076923077 0.9230769230769231 0.8701923076923077 0.9230769230769231 0.9975961538461539 0.875 0.9975961538461539
23 0.13701923076923078 0.1466346153846154 0.22596153846153846 0.1466346153846154 0.22596153846153846 0.1875 0.13701923076923078 0.1875
22 0.0889423076923077 0.12259615384615384 1 0.12259615384615384 1 0.24759615384615385 0.0889423076923077 0.24759615384615385
12 0.0889423076923077 0.7403846153846154 1 0.7403846153846154 1 0.75 0.0889423076923077 0.75
12 0.0889423076923077 0.6418269230769231 1 0.6418269230769231 1 0.6538461538461539 0.0889423076923077 0.6538461538461539
12 0.0889423076923077 0.5432692307692307 1 0.5432692307692307 1 0.5528846153846154 0.0889423076923077 0.5528846153846154
12 0.0889423076923077 0.44471153846153844 1 0.44471153846153844 1 0.4543269230769231 0.0889423076923077 0.4543269230769231
12 0.0889423076923077 0.34615384615384615 1 0.34615384615384615 1 0.3557692307692308 0.0889423076923077 0.3557692307692308
15 0.10817307692307693 0.8701923076923077 1 0.8701923076923077 1 0.9975961538461539 0.10817307692307693 0.9975961538461539
0 0.0889423076923077 0.5913461538461539 0.27403846153846156 0.5913461538461539 0.27403846153846156 0.6538461538461539 0.0889423076923077 0.6538461538461539
12 0.0889423076923077 0.8581730769230769 1 0.8581730769230769 1 0.8677884615384616 0.0889423076923077 0.8677884615384616
11 0.0889423076923077 0.75 1 0.75 1 0.8581730769230769 0.0889423076923077 0.8581730769230769
12 0.0889423076923077 0.24759615384615385 1 0.24759615384615385 1 0.25721153846153844 0.0889423076923077 0.25721153846153844
11 0.0889423076923077 0.25721153846153844 1 0.25721153846153844 1 0.34615384615384615 0.0889423076923077 0.34615384615384615
11 0.0889423076923077 0.3581730769230769 1 0.3581730769230769 1 0.44471153846153844 0.0889423076923077 0.44471153846153844
11 0.0889423076923077 0.4567307692307692 1 0.4567307692307692 1 0.5432692307692307 0.0889423076923077 0.5432692307692307
11 0.0889423076923077 0.5528846153846154 1 0.5528846153846154 1 0.6418269230769231 0.0889423076923077 0.6418269230769231
11 0.0889423076923077 0.6538461538461539 1 0.6538461538461539 1 0.7403846153846154 0.0889423076923077 0.7403846153846154
2 0.0889423076923077 0.09615384615384616 1 0.09615384615384616 1 0.9951923076923077 0.0889423076923077 0.9951923076923077
10 0.0889423076923077 0.12259615384615384 1 0.12259615384615384 1 0.9975961538461539 0.0889423076923077 0.9975961538461539
7 0.8870192307692307 0.9302884615384616 0.9278846153846154 0.9302884615384616 0.9278846153846154 1 0.8870192307692307 1
24 0.41586538461538464 0.2668269230769231 0.8798076923076923 0.2668269230769231 0.8798076923076923 0.3269230769230769 0.41586538461538464 0.3269230769230769
24 0.7403846153846154 0.5649038461538461 0.8822115384615384 0.5649038461538461 0.8822115384615384 0.6274038461538461 0.7403846153846154 0.6274038461538461