14 0.0673076923076923 0.5 0.9447115384615384 0.5 0.9447115384615384 0.6682692307692307 0.0673076923076923 0.6682692307692307
8 0.31490384615384615 0.7427884615384616 0.33413461538461536 0.7427884615384616 0.33413461538461536 0.8173076923076923 0.31490384615384615 0.8173076923076923
14 0.23076923076923078 0.7091346153846154 0.25721153846153844 0.7091346153846154 0.25721153846153844 0.8173076923076923 0.23076923076923078 0.8173076923076923
14 0.25961538461538464 0.7091346153846154 0.2860576923076923 0.7091346153846154 0.2860576923076923 0.8173076923076923 0.25961538461538464 0.8173076923076923
14 0.2860576923076923 0.7091346153846154 0.3125 0.7091346153846154 0.3125 0.8173076923076923 0.2860576923076923 0.8173076923076923
14 0.31490384615384615 0.7091346153846154 0.33413461538461536 0.7091346153846154 0.33413461538461536 0.7427884615384616 0.31490384615384615 0.7427884615384616
14 0.5168269230769231 0.7067307692307693 0.5432692307692307 0.7067307692307693 0.5432692307692307 0.8125 0.5168269230769231 0.8125
14 0.3701923076923077 0.7091346153846154 0.40384615384615385 0.7091346153846154 0.40384615384615385 0.8125 0.3701923076923077 0.8125
14 0.40384615384615385 0.7091346153846154 0.43028846153846156 0.7091346153846154 0.43028846153846156 0.8125 0.40384615384615385 0.8125
14 0.4326923076923077 0.7091346153846154 0.45913461538461536 0.7091346153846154 0.45913461538461536 0.8125 0.4326923076923077 0.8125
14 0.45913461538461536 0.7091346153846154 0.4855769230769231 0.7091346153846154 0.4855769230769231 0.8149038461538461 0.45913461538461536 0.8149038461538461
14 0.4879807692307692 0.7067307692307693 0.5144230769230769 0.7067307692307693 0.5144230769230769 0.8149038461538461 0.4879807692307692 0.8149038461538461
8 0.5432692307692307 0.7403846153846154 0.5841346153846154 0.7403846153846154 0.5841346153846154 0.8173076923076923 0.5432692307692307 0.8173076923076923
14 0.5432692307692307 0.7043269230769231 0.5841346153846154 0.7043269230769231 0.5841346153846154 0.7379807692307693 0.5432692307692307 0.7379807692307693
14 0.5841346153846154 0.7043269230769231 0.6129807692307693 0.7043269230769231 0.6129807692307693 0.8125 0.5841346153846154 0.8125
14 0.8365384615384616 0.6995192307692307 0.8581730769230769 0.6995192307692307 0.8581730769230769 0.8125 0.8365384615384616 0.8125
14 0.6899038461538461 0.7019230769230769 0.7115384615384616 0.7019230769230769 0.7115384615384616 0.8149038461538461 0.6899038461538461 0.8149038461538461
14 0.7403846153846154 0.7019230769230769 0.7620192307692307 0.7019230769230769 0.7620192307692307 0.8149038461538461 0.7403846153846154 0.8149038461538461
14 0.7932692307692307 0.6995192307692307 0.8149038461538461 0.6995192307692307 0.8149038461538461 0.8125 0.7932692307692307 0.8125
19 0.16105769230769232 0.6658653846153846 0.7716346153846154 0.6658653846153846 0.7716346153846154 0.6754807692307693 0.16105769230769232 0.6754807692307693
10 0.07451923076923077 0.5432692307692307 0.8846153846153846 0.5432692307692307 0.8846153846153846 0.8197115384615384 0.07451923076923077 0.8197115384615384
12 0.055288461538461536 0.6730769230769231 0.9663461538461539 0.6730769230769231 0.9663461538461539 0.6802884615384616 0.055288461538461536 0.6802884615384616
22 0.0673076923076923 0.5408653846153846 0.9663461538461539 0.5408653846153846 0.9663461538461539 0.6730769230769231 0.0673076923076923 0.6730769230769231
2 0.052884615384615384 0.4543269230769231 0.9663461538461539 0.4543269230769231 0.9663461538461539 0.8245192307692307 0.052884615384615384 0.8245192307692307
15 0.07451923076923077 0.6802884615384616 0.8846153846153846 0.6802884615384616 0.8846153846153846 0.8197115384615384 0.07451923076923077 0.8197115384615384