8 0.5817307692307693 0.7067307692307693 0.7644230769230769 0.7067307692307693 0.7644230769230769 0.9230769230769231 0.5817307692307693 0.9230769230769231
8 0.1971153846153846 0.7067307692307693 0.3798076923076923 0.7067307692307693 0.3798076923076923 0.9230769230769231 0.1971153846153846 0.9230769230769231
8 0.5745192307692307 0.3942307692307692 0.7572115384615384 0.3942307692307692 0.7572115384615384 0.6105769230769231 0.5745192307692307 0.6105769230769231
8 0.18990384615384615 0.3942307692307692 0.37259615384615385 0.3942307692307692 0.37259615384615385 0.6105769230769231 0.18990384615384615 0.6105769230769231
9 0.5625 0.6971153846153846 0.7668269230769231 0.6971153846153846 0.7668269230769231 0.9375 0.5625 0.9375
9 0.1658653846153846 0.6971153846153846 0.38221153846153844 0.6971153846153846 0.38221153846153844 0.9375 0.1658653846153846 0.9375
9 0.5625 0.37259615384615385 0.7668269230769231 0.37259615384615385 0.7668269230769231 0.6129807692307693 0.5625 0.6129807692307693
9 0.1658653846153846 0.37259615384615385 0.38221153846153844 0.37259615384615385 0.38221153846153844 0.6129807692307693 0.1658653846153846 0.6129807692307693
25 0.10576923076923077 0.6514423076923077 0.4423076923076923 0.6514423076923077 0.4423076923076923 0.9350961538461539 0.10576923076923077 0.9350961538461539
25 0.5 0.6490384615384616 0.84375 0.6490384615384616 0.84375 0.9375 0.5 0.9375
25 0.10096153846153846 0.33413461538461536 0.43990384615384615 0.33413461538461536 0.43990384615384615 0.6129807692307693 0.10096153846153846 0.6129807692307693
25 0.5 0.3317307692307692 0.8413461538461539 0.3317307692307692 0.8413461538461539 0.6129807692307693 0.5 0.6129807692307693
5 0.19951923076923078 0.25721153846153844 0.35336538461538464 0.25721153846153844 0.35336538461538464 0.33413461538461536 0.19951923076923078 0.33413461538461536
5 0.5961538461538461 0.25721153846153844 0.7572115384615384 0.25721153846153844 0.7572115384615384 0.33653846153846156 0.5961538461538461 0.33653846153846156
0 0.09375 0.84375 0.8533653846153846 0.84375 0.8533653846153846 0.9447115384615384 0.09375 0.9447115384615384
0 0.09375 0.5120192307692307 0.8533653846153846 0.5120192307692307 0.8533653846153846 0.6129807692307693 0.09375 0.6129807692307693
22 0.002403846153846154 0.19471153846153846 0.9975961538461539 0.19471153846153846 0.9975961538461539 0.6153846153846154 0.002403846153846154 0.6153846153846154
12 0.002403846153846154 0.6129807692307693 0.9975961538461539 0.6129807692307693 0.9975961538461539 0.6225961538461539 0.002403846153846154 0.6225961538461539
12 0.002403846153846154 0.9447115384615384 0.9975961538461539 0.9447115384615384 0.9975961538461539 0.9543269230769231 0.002403846153846154 0.9543269230769231
11 0.002403846153846154 0.625 0.9975961538461539 0.625 0.9975961538461539 0.9447115384615384 0.002403846153846154 0.9447115384615384
16 0.01201923076923077 0.03365384615384615 0.9927884615384616 0.03365384615384615 0.9927884615384616 0.27884615384615385 0.01201923076923077 0.27884615384615385
2 0 0.03365384615384615 1 0.03365384615384615 1 1 0 1
10 0.002403846153846154 0.17067307692307693 1 0.17067307692307693 1 1 0.002403846153846154 1