23 0.2668269230769231 0.2283653846153846 0.31009615384615385 0.2283653846153846 0.31009615384615385 0.2548076923076923 0.2668269230769231 0.2548076923076923
23 0.5504807692307693 0.22355769230769232 0.5889423076923077 0.22355769230769232 0.5889423076923077 0.25961538461538464 0.5504807692307693 0.25961538461538464
23 0.21394230769230768 0.28846153846153844 0.3125 0.28846153846153844 0.3125 0.3317307692307692 0.21394230769230768 0.3317307692307692
23 0.5048076923076923 0.22355769230769232 0.5456730769230769 0.22355769230769232 0.5456730769230769 0.25961538461538464 0.5048076923076923 0.25961538461538464
23 0.5168269230769231 0.28846153846153844 0.5625 0.28846153846153844 0.5625 0.3317307692307692 0.5168269230769231 0.3317307692307692
23 0.125 0.22355769230769232 0.16346153846153846 0.22355769230769232 0.16346153846153846 0.2548076923076923 0.125 0.2548076923076923
23 0.36538461538461536 0.4879807692307692 0.4182692307692308 0.4879807692307692 0.4182692307692308 0.5552884615384616 0.36538461538461536 0.5552884615384616
23 0.36538461538461536 0.28846153846153844 0.4110576923076923 0.28846153846153844 0.4110576923076923 0.3317307692307692 0.36538461538461536 0.3317307692307692
23 0.36778846153846156 0.37740384615384615 0.4182692307692308 0.37740384615384615 0.4182692307692308 0.4423076923076923 0.36778846153846156 0.4423076923076923
23 0.47115384615384615 0.375 0.5745192307692307 0.375 0.5745192307692307 0.4423076923076923 0.47115384615384615 0.4423076923076923
23 0.5841346153846154 0.5985576923076923 0.6322115384615384 0.5985576923076923 0.6322115384615384 0.6682692307692307 0.5841346153846154 0.6682692307692307
23 0.36778846153846156 0.5985576923076923 0.47115384615384615 0.5985576923076923 0.47115384615384615 0.6682692307692307 0.36778846153846156 0.6682692307692307
23 0.53125 0.4879807692307692 0.6346153846153846 0.4879807692307692 0.6346153846153846 0.5552884615384616 0.53125 0.5552884615384616
14 0 0.7211538461538461 0.7596153846153846 0.7211538461538461 0.7596153846153846 0.8485576923076923 0 0.8485576923076923
14 0.7596153846153846 0.71875 0.7884615384615384 0.71875 0.7884615384615384 0.8485576923076923 0.7596153846153846 0.8485576923076923
14 0.6971153846153846 0.6105769230769231 0.7548076923076923 0.6105769230769231 0.7548076923076923 0.6826923076923077 0.6971153846153846 0.6826923076923077
14 0.07211538461538461 0.5024038461538461 0.0985576923076923 0.5024038461538461 0.0985576923076923 0.5793269230769231 0.07211538461538461 0.5793269230769231
23 0.2091346153846154 0.37259615384615385 0.31490384615384615 0.37259615384615385 0.31490384615384615 0.4423076923076923 0.2091346153846154 0.4423076923076923
23 0.05048076923076923 0.37259615384615385 0.15384615384615385 0.37259615384615385 0.15384615384615385 0.4423076923076923 0.05048076923076923 0.4423076923076923
14 0.06971153846153846 0.6057692307692307 0.13701923076923078 0.6057692307692307 0.13701923076923078 0.6875 0.06971153846153846 0.6875
14 0.13942307692307693 0.5216346153846154 0.20192307692307693 0.5216346153846154 0.20192307692307693 0.5817307692307693 0.13942307692307693 0.5817307692307693
23 0.15384615384615385 0.4855769230769231 0.3125 0.4855769230769231 0.3125 0.5552884615384616 0.15384615384615385 0.5552884615384616
23 0.04807692307692308 0.4831730769230769 0.0985576923076923 0.4831730769230769 0.0985576923076923 0.5552884615384616 0.04807692307692308 0.5552884615384616
0 0.0625 0.5384615384615384 0.2980769230769231 0.5384615384615384 0.2980769230769231 0.5745192307692307 0.0625 0.5745192307692307
0 0.057692307692307696 0.6514423076923077 0.2932692307692308 0.6514423076923077 0.2932692307692308 0.6875 0.057692307692307696 0.6875
23 0.2091346153846154 0.5961538461538461 0.31490384615384615 0.5961538461538461 0.31490384615384615 0.6682692307692307 0.2091346153846154 0.6682692307692307
23 0.05048076923076923 0.5961538461538461 0.15384615384615385 0.5961538461538461 0.15384615384615385 0.6682692307692307 0.05048076923076923 0.6682692307692307
14 0.06490384615384616 0.3894230769230769 0.14182692307692307 0.3894230769230769 0.14182692307692307 0.47115384615384615 0.06490384615384616 0.47115384615384615
0 0.0625 0.4254807692307692 0.2980769230769231 0.4254807692307692 0.2980769230769231 0.46153846153846156 0.0625 0.46153846153846156
0 0.6923076923076923 0.5384615384615384 0.8389423076923077 0.5384615384615384 0.8389423076923077 0.5721153846153846 0.6923076923076923 0.5721153846153846
14 0.6947115384615384 0.3894230769230769 0.7572115384615384 0.3894230769230769 0.7572115384615384 0.47596153846153844 0.6947115384615384 0.47596153846153844
14 0.6995192307692307 0.5096153846153846 0.7572115384615384 0.5096153846153846 0.7572115384615384 0.5817307692307693 0.6995192307692307 0.5817307692307693
0 0.6875 0.6490384615384616 0.8461538461538461 0.6490384615384616 0.8461538461538461 0.6875 0.6875 0.6875
0 0.6899038461538461 0.4254807692307692 0.8365384615384616 0.4254807692307692 0.8365384615384616 0.46153846153846156 0.6899038461538461 0.46153846153846156
23 0.6875 0.37259615384615385 0.7379807692307693 0.37259615384615385 0.7379807692307693 0.4423076923076923 0.6875 0.4423076923076923
23 0.6875 0.5961538461538461 0.7884615384615384 0.5961538461538461 0.7884615384615384 0.6682692307692307 0.6875 0.6682692307692307
0 0.6298076923076923 0.32211538461538464 0.7980769230769231 0.32211538461538464 0.7980769230769231 0.35336538461538464 0.6298076923076923 0.35336538461538464
0 0 0.31490384615384615 0.10336538461538461 0.31490384615384615 0.10336538461538461 0.35336538461538464 0 0.35336538461538464
14 0.6225961538461539 0.3173076923076923 0.7235576923076923 0.3173076923076923 0.7235576923076923 0.35336538461538464 0.6225961538461539 0.35336538461538464
14 0 0.31490384615384615 0.10336538461538461 0.31490384615384615 0.10336538461538461 0.35336538461538464 0 0.35336538461538464
23 0 0.28365384615384615 0.10576923076923077 0.28365384615384615 0.10576923076923077 0.3317307692307692 0 0.3317307692307692
2 0 0.1778846153846154 0.8485576923076923 0.1778846153846154 0.8485576923076923 0.8485576923076923 0 0.8485576923076923
12 0 0.6875 0.8365384615384616 0.6875 0.8365384615384616 0.7019230769230769 0 0.7019230769230769
12 0 0.35336538461538464 0.7980769230769231 0.35336538461538464 0.7980769230769231 0.36778846153846156 0 0.36778846153846156
12 0 0.46153846153846156 0.8365384615384616 0.46153846153846156 0.8365384615384616 0.47596153846153844 0 0.47596153846153844
12 0 0.5745192307692307 0.8365384615384616 0.5745192307692307 0.8365384615384616 0.5889423076923077 0 0.5889423076923077
10 0 0.18028846153846154 0.8485576923076923 0.18028846153846154 0.8485576923076923 0.8485576923076923 0 0.8485576923076923
5 0.7403846153846154 0.3701923076923077 0.7932692307692307 0.3701923076923077 0.7932692307692307 0.4423076923076923 0.7403846153846154 0.4423076923076923
5 0.15384615384615385 0.3701923076923077 0.20673076923076922 0.3701923076923077 0.20673076923076922 0.4423076923076923 0.15384615384615385 0.4423076923076923
5 0.10096153846153846 0.4831730769230769 0.15144230769230768 0.4831730769230769 0.15144230769230768 0.5552884615384616 0.10096153846153846 0.5552884615384616
5 0.15384615384615385 0.5961538461538461 0.20673076923076922 0.5961538461538461 0.20673076923076922 0.6682692307692307 0.15384615384615385 0.6682692307692307
5 0.7908653846153846 0.5961538461538461 0.8461538461538461 0.5961538461538461 0.8461538461538461 0.6682692307692307 0.7908653846153846 0.6682692307692307
5 0.6875 0.4831730769230769 0.7403846153846154 0.4831730769230769 0.7403846153846154 0.5552884615384616 0.6875 0.5552884615384616