14 0.6009615384615384 0.1201923076923077 0.6971153846153846 0.1201923076923077 0.6971153846153846 0.19471153846153846 0.6009615384615384 0.19471153846153846
14 0.7211538461538461 0.40625 0.8197115384615384 0.40625 0.8197115384615384 0.47836538461538464 0.7211538461538461 0.47836538461538464
14 0.3557692307692308 0.1201923076923077 0.4543269230769231 0.1201923076923077 0.4543269230769231 0.19471153846153846 0.3557692307692308 0.19471153846153846
14 0.47596153846153844 0.21634615384615385 0.5793269230769231 0.21634615384615385 0.5793269230769231 0.2932692307692308 0.47596153846153844 0.2932692307692308
14 0.6009615384615384 0.31009615384615385 0.6971153846153846 0.31009615384615385 0.6971153846153846 0.38461538461538464 0.6009615384615384 0.38461538461538464
14 0.7211538461538461 0.21634615384615385 0.8221153846153846 0.21634615384615385 0.8221153846153846 0.29086538461538464 0.7211538461538461 0.29086538461538464
14 0.3557692307692308 0.5 0.4543269230769231 0.5 0.4543269230769231 0.5721153846153846 0.3557692307692308 0.5721153846153846
14 0.47836538461538464 0.40625 0.5769230769230769 0.40625 0.5769230769230769 0.47836538461538464 0.47836538461538464 0.47836538461538464
14 0.7211538461538461 0.5961538461538461 0.8197115384615384 0.5961538461538461 0.8197115384615384 0.6682692307692307 0.7211538461538461 0.6682692307692307
14 0.34375 0.6875 0.6971153846153846 0.6875 0.6971153846153846 0.7884615384615384 0.34375 0.7884615384615384
14 0.6009615384615384 0.5 0.6971153846153846 0.5 0.6971153846153846 0.5745192307692307 0.6009615384615384 0.5745192307692307
23 0.7908653846153846 0.5 0.8197115384615384 0.5 0.8197115384615384 0.5769230769230769 0.7908653846153846 0.5769230769230769
23 0.5480769230769231 0.1201923076923077 0.5769230769230769 0.1201923076923077 0.5769230769230769 0.19471153846153846 0.5480769230769231 0.19471153846153846
23 0.3557692307692308 0.21634615384615385 0.38221153846153844 0.21634615384615385 0.38221153846153844 0.29086538461538464 0.3557692307692308 0.29086538461538464
23 0.7572115384615384 0.31009615384615385 0.7860576923076923 0.31009615384615385 0.7860576923076923 0.38461538461538464 0.7572115384615384 0.38461538461538464
0 0.3317307692307692 0.35336538461538464 0.4543269230769231 0.35336538461538464 0.4543269230769231 0.3894230769230769 0.3317307692307692 0.3894230769230769
0 0.3317307692307692 0.6418269230769231 0.5745192307692307 0.6418269230769231 0.5745192307692307 0.6730769230769231 0.3317307692307692 0.6730769230769231
0 0.3317307692307692 0.44711538461538464 0.4543269230769231 0.44711538461538464 0.4543269230769231 0.4831730769230769 0.3317307692307692 0.4831730769230769
0 0.7235576923076923 0.16105769230769232 0.8293269230769231 0.16105769230769232 0.8293269230769231 0.19471153846153846 0.7235576923076923 0.19471153846153846
8 0.7091346153846154 0.14903846153846154 0.7307692307692307 0.14903846153846154 0.7307692307692307 0.19951923076923078 0.7091346153846154 0.19951923076923078
12 0.3317307692307692 0.6730769230769231 0.8461538461538461 0.6730769230769231 0.8461538461538461 0.6875 0.3317307692307692 0.6875
12 0.3317307692307692 0.1971153846153846 0.8461538461538461 0.1971153846153846 0.8461538461538461 0.21153846153846154 0.3317307692307692 0.21153846153846154
12 0.3293269230769231 0.2932692307692308 0.8485576923076923 0.2932692307692308 0.8485576923076923 0.3076923076923077 0.3293269230769231 0.3076923076923077
12 0.3317307692307692 0.3894230769230769 0.8461538461538461 0.3894230769230769 0.8461538461538461 0.40384615384615385 0.3317307692307692 0.40384615384615385
12 0.3317307692307692 0.4855769230769231 0.8485576923076923 0.4855769230769231 0.8485576923076923 0.49759615384615385 0.3317307692307692 0.49759615384615385
12 0.3317307692307692 0.5793269230769231 0.8485576923076923 0.5793269230769231 0.8485576923076923 0.59375 0.3317307692307692 0.59375
17 0.33653846153846156 0.31009615384615385 0.35336538461538464 0.31009615384615385 0.35336538461538464 0.3918269230769231 0.33653846153846156 0.3918269230769231
17 0.33413461538461536 0.40384615384615385 0.3485576923076923 0.40384615384615385 0.3485576923076923 0.4831730769230769 0.33413461538461536 0.4831730769230769
17 0.33653846153846156 0.5961538461538461 0.35336538461538464 0.5961538461538461 0.35336538461538464 0.6730769230769231 0.33653846153846156 0.6730769230769231
17 0.45913461538461536 0.5961538461538461 0.4735576923076923 0.5961538461538461 0.4735576923076923 0.6706730769230769 0.45913461538461536 0.6706730769230769
2 0.3245192307692308 0.08413461538461539 0.8509615384615384 0.08413461538461539 0.8509615384615384 0.8004807692307693 0.3245192307692308 0.8004807692307693
10 0.3245192307692308 0.08413461538461539 0.8533653846153846 0.08413461538461539 0.8533653846153846 0.8004807692307693 0.3245192307692308 0.8004807692307693