25 0.33653846153846156 0.04807692307692308 0.46875 0.04807692307692308 0.46875 0.3245192307692308 0.33653846153846156 0.3245192307692308
23 0.34375 0.0625 0.4567307692307692 0.0625 0.4567307692307692 0.29086538461538464 0.34375 0.29086538461538464
23 0.7427884615384616 0.06009615384615385 0.8557692307692307 0.06009615384615385 0.8557692307692307 0.29086538461538464 0.7427884615384616 0.29086538461538464
25 0.7355769230769231 0.04807692307692308 0.8653846153846154 0.04807692307692308 0.8653846153846154 0.3245192307692308 0.7355769230769231 0.3245192307692308
23 0.5576923076923077 0.3485576923076923 0.7788461538461539 0.3485576923076923 0.7788461538461539 0.6057692307692307 0.5576923076923077 0.6057692307692307
25 0.5432692307692307 0.33413461538461536 0.7956730769230769 0.33413461538461536 0.7956730769230769 0.6177884615384616 0.5432692307692307 0.6177884615384616
23 0.15144230769230768 0.21394230769230768 0.24759615384615385 0.21394230769230768 0.24759615384615385 0.6057692307692307 0.15144230769230768 0.6057692307692307
25 0.13221153846153846 0.19951923076923078 0.2668269230769231 0.19951923076923078 0.2668269230769231 0.6177884615384616 0.13221153846153846 0.6177884615384616
23 0.34375 0.6754807692307693 0.4567307692307692 0.6754807692307693 0.4567307692307692 0.9110576923076923 0.34375 0.9110576923076923
25 0.33653846153846156 0.6610576923076923 0.46875 0.6610576923076923 0.46875 0.9495192307692307 0.33653846153846156 0.9495192307692307
23 0.7427884615384616 0.6778846153846154 0.8557692307692307 0.6778846153846154 0.8557692307692307 0.9110576923076923 0.7427884615384616 0.9110576923076923
25 0.7355769230769231 0.6634615384615384 0.8677884615384616 0.6634615384615384 0.8677884615384616 0.9471153846153846 0.7355769230769231 0.9471153846153846
23 0 0.6730769230769231 0.057692307692307696 0.6730769230769231 0.057692307692307696 0.9134615384615384 0 0.9134615384615384
25 0 0.6634615384615384 0.06490384615384616 0.6634615384615384 0.06490384615384616 0.9495192307692307 0 0.9495192307692307
23 0.9399038461538461 0.36538461538461536 1 0.36538461538461536 1 0.5985576923076923 0.9399038461538461 0.5985576923076923
25 0.9350961538461539 0.35336538461538464 1 0.35336538461538464 1 0.6346153846153846 0.9350961538461539 0.6346153846153846
23 0 0.057692307692307696 0.057692307692307696 0.057692307692307696 0.057692307692307696 0.28846153846153844 0 0.28846153846153844
25 0 0.04326923076923077 0.06490384615384616 0.04326923076923077 0.06490384615384616 0.32211538461538464 0 0.32211538461538464
23 0.14182692307692307 0.9879807692307693 0.25721153846153844 0.9879807692307693 0.25721153846153844 1 0.14182692307692307 1
25 0.1346153846153846 0.9807692307692307 0.2692307692307692 0.9807692307692307 0.2692307692307692 1 0.1346153846153846 1
23 0.5576923076923077 0.9855769230769231 0.6610576923076923 0.9855769230769231 0.6610576923076923 1 0.5576923076923077 1
25 0.5432692307692307 0.9711538461538461 0.6754807692307693 0.9711538461538461 0.6754807692307693 1 0.5432692307692307 1
11 0 0 1 0 1 0.3245192307692308 0 0.3245192307692308
12 0 0.3245192307692308 1 0.3245192307692308 1 0.34134615384615385 0 0.34134615384615385
12 0 0.6466346153846154 1 0.6466346153846154 1 0.6634615384615384 0 0.6634615384615384
12 0 0.9567307692307693 1 0.9567307692307693 1 0.9735576923076923 0 0.9735576923076923
11 0 0.9711538461538461 1 0.9711538461538461 1 1 0 1
11 0 0.6610576923076923 1 0.6610576923076923 1 0.9567307692307693 0 0.9567307692307693
11 0 0.34134615384615385 1 0.34134615384615385 1 0.6442307692307693 0 0.6442307692307693
2 0 0 1 0 1 1 0 1
10 0 0 1 0 1 1 0 1