23 0.07211538461538461 0.44711538461538464 0.15144230769230768 0.44711538461538464 0.15144230769230768 0.5072115384615384 0.07211538461538461 0.5072115384615384
23 0.21153846153846154 0.30288461538461536 0.29086538461538464 0.30288461538461536 0.29086538461538464 0.3629807692307692 0.21153846153846154 0.3629807692307692
23 0.20673076923076922 0.5889423076923077 0.2860576923076923 0.5889423076923077 0.2860576923076923 0.6538461538461539 0.20673076923076922 0.6538461538461539
23 0.3701923076923077 0.31490384615384615 0.5384615384615384 0.31490384615384615 0.5384615384615384 0.34134615384615385 0.3701923076923077 0.34134615384615385
23 0.8581730769230769 0.5913461538461539 0.9350961538461539 0.5913461538461539 0.9350961538461539 0.6586538461538461 0.8581730769230769 0.6586538461538461
23 0.7524038461538461 0.44711538461538464 0.8341346153846154 0.44711538461538464 0.8341346153846154 0.5096153846153846 0.7524038461538461 0.5096153846153846
23 0.8581730769230769 0.30528846153846156 0.9375 0.30528846153846156 0.9375 0.3629807692307692 0.8581730769230769 0.3629807692307692
23 0.36778846153846156 0.6778846153846154 0.5360576923076923 0.6778846153846154 0.5360576923076923 0.6995192307692307 0.36778846153846156 0.6995192307692307
23 0.47115384615384615 0.5288461538461539 0.6394230769230769 0.5288461538461539 0.6394230769230769 0.5552884615384616 0.47115384615384615 0.5552884615384616
0 0.5913461538461539 0.6442307692307693 0.6850961538461539 0.6442307692307693 0.6850961538461539 0.6971153846153846 0.5913461538461539 0.6971153846153846
0 0.31971153846153844 0.5 0.41346153846153844 0.5 0.41346153846153844 0.5528846153846154 0.31971153846153844 0.5528846153846154
14 0.39663461538461536 0.7572115384615384 0.5913461538461539 0.7572115384615384 0.5913461538461539 0.8221153846153846 0.39663461538461536 0.8221153846153846
8 0.6466346153846154 0.7692307692307693 0.7355769230769231 0.7692307692307693 0.7355769230769231 0.8389423076923077 0.6466346153846154 0.8389423076923077
14 0.7403846153846154 0.7572115384615384 0.8125 0.7572115384615384 0.8125 0.8389423076923077 0.7403846153846154 0.8389423076923077
23 0.6466346153846154 0.7572115384615384 0.7379807692307693 0.7572115384615384 0.7379807692307693 0.7620192307692307 0.6466346153846154 0.7620192307692307
23 0.625 0.7572115384615384 0.6418269230769231 0.7572115384615384 0.6418269230769231 0.8365384615384616 0.625 0.8365384615384616
0 0.59375 0.3557692307692308 0.6850961538461539 0.3557692307692308 0.6850961538461539 0.40625 0.59375 0.40625
17 0.34615384615384615 0.7524038461538461 0.3629807692307692 0.7524038461538461 0.3629807692307692 0.8725961538461539 0.34615384615384615 0.8725961538461539
17 0.6370192307692307 0.7524038461538461 0.6514423076923077 0.7524038461538461 0.6514423076923077 0.8725961538461539 0.6370192307692307 0.8725961538461539
17 0.9086538461538461 0.7524038461538461 0.9375 0.7524038461538461 0.9375 0.8629807692307693 0.9086538461538461 0.8629807692307693
17 0.06490384615384616 0.7475961538461539 0.09134615384615384 0.7475961538461539 0.09134615384615384 0.8725961538461539 0.06490384615384616 0.8725961538461539
20 0.03125 0.6778846153846154 0.15144230769230768 0.6778846153846154 0.15144230769230768 0.7019230769230769 0.03125 0.7019230769230769
2 0.03125 0.15865384615384615 0.9711538461538461 0.15865384615384615 0.9711538461538461 0.8509615384615384 0.03125 0.8509615384615384
23 0.59375 0.5817307692307693 0.6875 0.5817307692307693 0.6875 0.6995192307692307 0.59375 0.6995192307692307
23 0.31971153846153844 0.43509615384615385 0.41346153846153844 0.43509615384615385 0.41346153846153844 0.5528846153846154 0.31971153846153844 0.5528846153846154
10 0.028846153846153848 0.15625 0.9735576923076923 0.15625 0.9735576923076923 0.8725961538461539 0.028846153846153848 0.8725961538461539