23 0.7019230769230769 0.47596153846153844 0.7644230769230769 0.47596153846153844 0.7644230769230769 0.5649038461538461 0.7019230769230769 0.5649038461538461
23 0.25961538461538464 0.47596153846153844 0.32211538461538464 0.47596153846153844 0.32211538461538464 0.5649038461538461 0.25961538461538464 0.5649038461538461
23 0.6778846153846154 0.6201923076923077 0.7403846153846154 0.6201923076923077 0.7403846153846154 0.7788461538461539 0.6778846153846154 0.7788461538461539
23 0.38221153846153844 0.3245192307692308 0.4495192307692308 0.3245192307692308 0.4495192307692308 0.41346153846153844 0.38221153846153844 0.41346153846153844
23 0.5528846153846154 0.47596153846153844 0.6177884615384616 0.47596153846153844 0.6177884615384616 0.5649038461538461 0.5528846153846154 0.5649038461538461
23 0.6754807692307693 0.3245192307692308 0.7403846153846154 0.3245192307692308 0.7403846153846154 0.41346153846153844 0.6754807692307693 0.41346153846153844
23 0.23557692307692307 0.3245192307692308 0.3004807692307692 0.3245192307692308 0.3004807692307692 0.41346153846153844 0.23557692307692307 0.41346153846153844
23 0.38221153846153844 0.3245192307692308 0.4495192307692308 0.3245192307692308 0.4495192307692308 0.41346153846153844 0.38221153846153844 0.41346153846153844
23 0.5288461538461539 0.3245192307692308 0.5961538461538461 0.3245192307692308 0.5961538461538461 0.41346153846153844 0.5288461538461539 0.41346153846153844
23 0.40865384615384615 0.47596153846153844 0.47115384615384615 0.47596153846153844 0.47115384615384615 0.5649038461538461 0.40865384615384615 0.5649038461538461
23 0.38221153846153844 0.6201923076923077 0.4495192307692308 0.6201923076923077 0.4495192307692308 0.7788461538461539 0.38221153846153844 0.7788461538461539
23 0.5288461538461539 0.6201923076923077 0.5961538461538461 0.6201923076923077 0.5961538461538461 0.7788461538461539 0.5288461538461539 0.7788461538461539
23 0.6971153846153846 0.6201923076923077 0.7403846153846154 0.6201923076923077 0.7403846153846154 0.7259615384615384 0.6971153846153846 0.7259615384615384
23 0.40384615384615385 0.6201923076923077 0.4495192307692308 0.6201923076923077 0.4495192307692308 0.7259615384615384 0.40384615384615385 0.7259615384615384
23 0.5504807692307693 0.6201923076923077 0.5961538461538461 0.6201923076923077 0.5961538461538461 0.7259615384615384 0.5504807692307693 0.7259615384615384
23 0.25961538461538464 0.3293269230769231 0.3004807692307692 0.3293269230769231 0.3004807692307692 0.41346153846153844 0.25961538461538464 0.41346153846153844
23 0.2620192307692308 0.47596153846153844 0.3076923076923077 0.47596153846153844 0.3076923076923077 0.5600961538461539 0.2620192307692308 0.5600961538461539
23 0.40865384615384615 0.47596153846153844 0.4519230769230769 0.47596153846153844 0.4519230769230769 0.5600961538461539 0.40865384615384615 0.5600961538461539
23 0.5576923076923077 0.47596153846153844 0.5961538461538461 0.47596153846153844 0.5961538461538461 0.5600961538461539 0.5576923076923077 0.5600961538461539
23 0.6995192307692307 0.47596153846153844 0.7427884615384616 0.47596153846153844 0.7427884615384616 0.5600961538461539 0.6995192307692307 0.5600961538461539
23 0.6947115384615384 0.3293269230769231 0.7403846153846154 0.3293269230769231 0.7403846153846154 0.41346153846153844 0.6947115384615384 0.41346153846153844
23 0.5528846153846154 0.3293269230769231 0.59375 0.3293269230769231 0.59375 0.41346153846153844 0.5528846153846154 0.41346153846153844
23 0.40625 0.3293269230769231 0.4495192307692308 0.3293269230769231 0.4495192307692308 0.41346153846153844 0.40625 0.41346153846153844
23 0.7019230769230769 0.20432692307692307 0.7692307692307693 0.20432692307692307 0.7692307692307693 0.2548076923076923 0.7019230769230769 0.2548076923076923
23 0.25721153846153844 0.20432692307692307 0.3245192307692308 0.20432692307692307 0.3245192307692308 0.2548076923076923 0.25721153846153844 0.2548076923076923
23 0.40384615384615385 0.20432692307692307 0.47115384615384615 0.20432692307692307 0.47115384615384615 0.2548076923076923 0.40384615384615385 0.2548076923076923
23 0.5528846153846154 0.20432692307692307 0.6201923076923077 0.20432692307692307 0.6201923076923077 0.2548076923076923 0.5528846153846154 0.2548076923076923
4 0.6730769230769231 0.6081730769230769 0.7740384615384616 0.6081730769230769 0.7740384615384616 0.6201923076923077 0.6730769230769231 0.6201923076923077
4 0.2283653846153846 0.6081730769230769 0.3293269230769231 0.6081730769230769 0.3293269230769231 0.6201923076923077 0.2283653846153846 0.6201923076923077
4 0.37740384615384615 0.6081730769230769 0.47836538461538464 0.6081730769230769 0.47836538461538464 0.6201923076923077 0.37740384615384615 0.6201923076923077
4 0.5240384615384616 0.6081730769230769 0.625 0.6081730769230769 0.625 0.6201923076923077 0.5240384615384616 0.6201923076923077
4 0.6730769230769231 0.31009615384615385 0.7740384615384616 0.31009615384615385 0.7740384615384616 0.32211538461538464 0.6730769230769231 0.32211538461538464
4 0.2283653846153846 0.31009615384615385 0.3293269230769231 0.31009615384615385 0.3293269230769231 0.32211538461538464 0.2283653846153846 0.32211538461538464
4 0.37740384615384615 0.31009615384615385 0.47836538461538464 0.31009615384615385 0.47836538461538464 0.32211538461538464 0.37740384615384615 0.32211538461538464
4 0.5240384615384616 0.31009615384615385 0.625 0.31009615384615385 0.625 0.32211538461538464 0.5240384615384616 0.32211538461538464
4 0.6730769230769231 0.46153846153846156 0.7740384615384616 0.46153846153846156 0.7740384615384616 0.4735576923076923 0.6730769230769231 0.4735576923076923
4 0.2283653846153846 0.46153846153846156 0.3293269230769231 0.46153846153846156 0.3293269230769231 0.4735576923076923 0.2283653846153846 0.4735576923076923
4 0.37740384615384615 0.46153846153846156 0.47836538461538464 0.46153846153846156 0.47836538461538464 0.4735576923076923 0.37740384615384615 0.4735576923076923
4 0.5240384615384616 0.46153846153846156 0.625 0.46153846153846156 0.625 0.4735576923076923 0.5240384615384616 0.4735576923076923
8 0.23557692307692307 0.6177884615384616 0.32211538461538464 0.6177884615384616 0.32211538461538464 0.7932692307692307 0.23557692307692307 0.7932692307692307
12 0.18990384615384615 0.5769230769230769 0.8028846153846154 0.5769230769230769 0.8028846153846154 0.5889423076923077 0.18990384615384615 0.5889423076923077
12 0.18990384615384615 0.2668269230769231 0.8028846153846154 0.2668269230769231 0.8028846153846154 0.27884615384615385 0.18990384615384615 0.27884615384615385
12 0.18990384615384615 0.4326923076923077 0.8028846153846154 0.4326923076923077 0.8028846153846154 0.4423076923076923 0.18990384615384615 0.4423076923076923
19 0.17548076923076922 0.18269230769230768 0.8076923076923077 0.18269230769230768 0.8076923076923077 0.25721153846153844 0.17548076923076922 0.25721153846153844
2 0.17307692307692307 0.18028846153846154 0.8076923076923077 0.18028846153846154 0.8076923076923077 0.7980769230769231 0.17307692307692307 0.7980769230769231
10 0.17307692307692307 0.18028846153846154 0.8076923076923077 0.18028846153846154 0.8076923076923077 0.8004807692307693 0.17307692307692307 0.8004807692307693