23 0.27163461538461536 0.4014423076923077 0.28365384615384615 0.4014423076923077 0.28365384615384615 0.43509615384615385 0.27163461538461536 0.43509615384615385
23 0.17548076923076922 0.5841346153846154 0.22115384615384615 0.5841346153846154 0.22115384615384615 0.6754807692307693 0.17548076923076922 0.6754807692307693
23 0.3269230769230769 0.5240384615384616 0.3389423076923077 0.5240384615384616 0.3389423076923077 0.5528846153846154 0.3269230769230769 0.5528846153846154
23 0.42788461538461536 0.40384615384615385 0.43990384615384615 0.40384615384615385 0.43990384615384615 0.43509615384615385 0.42788461538461536 0.43509615384615385
23 0.20673076923076922 0.34134615384615385 0.25240384615384615 0.34134615384615385 0.25240384615384615 0.43509615384615385 0.20673076923076922 0.43509615384615385
23 0.27163461538461536 0.34134615384615385 0.28365384615384615 0.34134615384615385 0.28365384615384615 0.39663461538461536 0.27163461538461536 0.39663461538461536
23 0.1658653846153846 0.5240384615384616 0.1778846153846154 0.5240384615384616 0.1778846153846154 0.5528846153846154 0.1658653846153846 0.5528846153846154
23 0.19951923076923078 0.46153846153846156 0.24519230769230768 0.46153846153846156 0.24519230769230768 0.5528846153846154 0.19951923076923078 0.5528846153846154
23 0.1658653846153846 0.46153846153846156 0.1778846153846154 0.46153846153846156 0.1778846153846154 0.5168269230769231 0.1658653846153846 0.5168269230769231
23 0.10576923076923077 0.46153846153846156 0.15144230769230768 0.46153846153846156 0.15144230769230768 0.5528846153846154 0.10576923076923077 0.5528846153846154
23 0.14182692307692307 0.34134615384615385 0.1658653846153846 0.34134615384615385 0.1658653846153846 0.4326923076923077 0.14182692307692307 0.4326923076923077
23 0.11298076923076923 0.4014423076923077 0.12980769230769232 0.4014423076923077 0.12980769230769232 0.43028846153846156 0.11298076923076923 0.43028846153846156
23 0.11298076923076923 0.34134615384615385 0.12980769230769232 0.34134615384615385 0.12980769230769232 0.39663461538461536 0.11298076923076923 0.39663461538461536
23 0.14182692307692307 0.6442307692307693 0.16105769230769232 0.6442307692307693 0.16105769230769232 0.6754807692307693 0.14182692307692307 0.6754807692307693
23 0.14182692307692307 0.5841346153846154 0.16105769230769232 0.5841346153846154 0.16105769230769232 0.6394230769230769 0.14182692307692307 0.6394230769230769
23 0.28125 0.6442307692307693 0.2932692307692308 0.6442307692307693 0.2932692307692308 0.6754807692307693 0.28125 0.6754807692307693
23 0.28125 0.5841346153846154 0.2932692307692308 0.5841346153846154 0.2932692307692308 0.6394230769230769 0.28125 0.6394230769230769
23 0.3269230769230769 0.46634615384615385 0.3389423076923077 0.46634615384615385 0.3389423076923077 0.5216346153846154 0.3269230769230769 0.5216346153846154
23 0.41346153846153844 0.6442307692307693 0.4254807692307692 0.6442307692307693 0.4254807692307692 0.6754807692307693 0.41346153846153844 0.6754807692307693
23 0.3629807692307692 0.34375 0.3894230769230769 0.34375 0.3894230769230769 0.43509615384615385 0.3629807692307692 0.43509615384615385
23 0.40865384615384615 0.34375 0.4254807692307692 0.34375 0.4254807692307692 0.43509615384615385 0.40865384615384615 0.43509615384615385
23 0.5192307692307693 0.5264423076923077 0.5336538461538461 0.5264423076923077 0.5336538461538461 0.5552884615384616 0.5192307692307693 0.5552884615384616
23 0.42788461538461536 0.34375 0.43990384615384615 0.34375 0.43990384615384615 0.39903846153846156 0.42788461538461536 0.39903846153846156
23 0.6995192307692307 0.35336538461538464 0.7091346153846154 0.35336538461538464 0.7091346153846154 0.40384615384615385 0.6995192307692307 0.40384615384615385
23 0.4567307692307692 0.46634615384615385 0.5024038461538461 0.46634615384615385 0.5024038461538461 0.5576923076923077 0.4567307692307692 0.5576923076923077
23 0.5192307692307693 0.46634615384615385 0.5336538461538461 0.46634615384615385 0.5336538461538461 0.5216346153846154 0.5192307692307693 0.5216346153846154
23 0.35336538461538464 0.46634615384615385 0.39903846153846156 0.46634615384615385 0.39903846153846156 0.5528846153846154 0.35336538461538464 0.5528846153846154
23 0.4807692307692308 0.5841346153846154 0.5216346153846154 0.5841346153846154 0.5216346153846154 0.6754807692307693 0.4807692307692308 0.6754807692307693
23 0.41346153846153844 0.5841346153846154 0.4254807692307692 0.5841346153846154 0.4254807692307692 0.6394230769230769 0.41346153846153844 0.6394230769230769
23 0.35336538461538464 0.5841346153846154 0.39903846153846156 0.5841346153846154 0.39903846153846156 0.6754807692307693 0.35336538461538464 0.6754807692307693
23 0.4879807692307692 0.34375 0.53125 0.34375 0.53125 0.43509615384615385 0.4879807692307692 0.43509615384615385
23 0.6153846153846154 0.6466346153846154 0.6274038461538461 0.6466346153846154 0.6274038461538461 0.6754807692307693 0.6153846153846154 0.6754807692307693
23 0.6274038461538461 0.34615384615384615 0.6370192307692307 0.34615384615384615 0.6370192307692307 0.4014423076923077 0.6274038461538461 0.4014423076923077
23 0.6274038461538461 0.40625 0.6370192307692307 0.40625 0.6370192307692307 0.43509615384615385 0.6274038461538461 0.43509615384615385
23 0.6995192307692307 0.4110576923076923 0.7091346153846154 0.4110576923076923 0.7091346153846154 0.4375 0.6995192307692307 0.4375
23 0.6394230769230769 0.34615384615384615 0.6826923076923077 0.34615384615384615 0.6826923076923077 0.4375 0.6394230769230769 0.4375
23 0.6177884615384616 0.46634615384615385 0.6466346153846154 0.46634615384615385 0.6466346153846154 0.5576923076923077 0.6177884615384616 0.5576923076923077
23 0.7716346153846154 0.3557692307692308 0.8125 0.3557692307692308 0.8125 0.44471153846153844 0.7716346153846154 0.44471153846153844
23 0.7451923076923077 0.53125 0.7548076923076923 0.53125 0.7548076923076923 0.5600961538461539 0.7451923076923077 0.5600961538461539
23 0.6370192307692307 0.5865384615384616 0.6826923076923077 0.5865384615384616 0.6826923076923077 0.6754807692307693 0.6370192307692307 0.6754807692307693
23 0.6971153846153846 0.5865384615384616 0.7355769230769231 0.5865384615384616 0.7355769230769231 0.6754807692307693 0.6971153846153846 0.6754807692307693
23 0.6153846153846154 0.5865384615384616 0.6274038461538461 0.5865384615384616 0.6274038461538461 0.6418269230769231 0.6153846153846154 0.6418269230769231
23 0.75 0.6466346153846154 0.7644230769230769 0.6466346153846154 0.7644230769230769 0.6754807692307693 0.75 0.6754807692307693
23 0.75 0.5865384615384616 0.7644230769230769 0.5865384615384616 0.7644230769230769 0.6418269230769231 0.75 0.6418269230769231
23 0.6514423076923077 0.46634615384615385 0.6634615384615384 0.46634615384615385 0.6634615384615384 0.5216346153846154 0.6514423076923077 0.5216346153846154
23 0.6514423076923077 0.5264423076923077 0.6634615384615384 0.5264423076923077 0.6634615384615384 0.5552884615384616 0.6514423076923077 0.5552884615384616
23 0.7451923076923077 0.47115384615384615 0.7548076923076923 0.47115384615384615 0.7548076923076923 0.5216346153846154 0.7451923076923077 0.5216346153846154
23 0.7692307692307693 0.47115384615384615 0.8076923076923077 0.47115384615384615 0.8076923076923077 0.5600961538461539 0.7692307692307693 0.5600961538461539
14 0.4495192307692308 0.7235576923076923 0.7331730769230769 0.7235576923076923 0.7331730769230769 0.8293269230769231 0.4495192307692308 0.8293269230769231
14 0.2644230769230769 0.7331730769230769 0.39903846153846156 0.7331730769230769 0.39903846153846156 0.8461538461538461 0.2644230769230769 0.8461538461538461
23 0.6009615384615384 0.20673076923076922 0.8557692307692307 0.20673076923076922 0.8557692307692307 0.6995192307692307 0.6009615384615384 0.6995192307692307
23 0.07692307692307693 0.20432692307692307 0.3004807692307692 0.20432692307692307 0.3004807692307692 0.7115384615384616 0.07692307692307693 0.7115384615384616
23 0.3125 0.2091346153846154 0.5528846153846154 0.2091346153846154 0.5528846153846154 0.6995192307692307 0.3125 0.6995192307692307
14 0.15384615384615385 0.7331730769230769 0.20432692307692307 0.7331730769230769 0.20432692307692307 0.8533653846153846 0.15384615384615385 0.8533653846153846
8 0.13221153846153846 0.7620192307692307 0.15384615384615385 0.7620192307692307 0.15384615384615385 0.8605769230769231 0.13221153846153846 0.8605769230769231
8 0.41346153846153844 0.7524038461538461 0.43990384615384615 0.7524038461538461 0.43990384615384615 0.8461538461538461 0.41346153846153844 0.8461538461538461
8 0.7355769230769231 0.7235576923076923 0.7620192307692307 0.7235576923076923 0.7620192307692307 0.8269230769230769 0.7355769230769231 0.8269230769230769
12 0.6033653846153846 0.44711538461538464 0.8557692307692307 0.44711538461538464 0.8557692307692307 0.45913461538461536 0.6033653846153846 0.45913461538461536
12 0.07932692307692307 0.44471153846153844 0.5528846153846154 0.44471153846153844 0.5528846153846154 0.4567307692307692 0.07932692307692307 0.4567307692307692
12 0.07932692307692307 0.5649038461538461 0.5528846153846154 0.5649038461538461 0.5528846153846154 0.5769230769230769 0.07932692307692307 0.5769230769230769
12 0.07932692307692307 0.6947115384615384 0.5528846153846154 0.6947115384615384 0.5528846153846154 0.7067307692307693 0.07932692307692307 0.7067307692307693
12 0.6033653846153846 0.6947115384615384 0.8557692307692307 0.6947115384615384 0.8557692307692307 0.7067307692307693 0.6033653846153846 0.7067307692307693
12 0.6033653846153846 0.5649038461538461 0.8557692307692307 0.5649038461538461 0.8557692307692307 0.5769230769230769 0.6033653846153846 0.5769230769230769
2 0.07451923076923077 0.1971153846153846 0.8605769230769231 0.1971153846153846 0.8605769230769231 0.8725961538461539 0.07451923076923077 0.8725961538461539
10 0.07451923076923077 0.19471153846153846 0.8605769230769231 0.19471153846153846 0.8605769230769231 0.8725961538461539 0.07451923076923077 0.8725961538461539