23 0.7524038461538461 0.8605769230769231 0.9110576923076923 0.8605769230769231 0.9110576923076923 0.9567307692307693 0.7524038461538461 0.9567307692307693
23 0.7355769230769231 0.10336538461538461 0.8966346153846154 0.10336538461538461 0.8966346153846154 0.20432692307692307 0.7355769230769231 0.20432692307692307
23 0.7355769230769231 0.2283653846153846 0.8966346153846154 0.2283653846153846 0.8966346153846154 0.3173076923076923 0.7355769230769231 0.3173076923076923
23 0.7475961538461539 0.3557692307692308 0.9014423076923077 0.3557692307692308 0.9014423076923077 0.4495192307692308 0.7475961538461539 0.4495192307692308
23 0.7475961538461539 0.47836538461538464 0.9038461538461539 0.47836538461538464 0.9038461538461539 0.5721153846153846 0.7475961538461539 0.5721153846153846
23 0.75 0.6081730769230769 0.9086538461538461 0.6081730769230769 0.9086538461538461 0.7019230769230769 0.75 0.7019230769230769
23 0.75 0.7355769230769231 0.9086538461538461 0.7355769230769231 0.9086538461538461 0.8269230769230769 0.75 0.8269230769230769
23 0 0.23557692307692307 0.08173076923076923 0.23557692307692307 0.08173076923076923 0.31490384615384615 0 0.31490384615384615
23 0.47836538461538464 0.10817307692307693 0.6346153846153846 0.10817307692307693 0.6346153846153846 0.20432692307692307 0.47836538461538464 0.20432692307692307
23 0.24759615384615385 0.23557692307692307 0.3870192307692308 0.23557692307692307 0.3870192307692308 0.31971153846153844 0.24759615384615385 0.31971153846153844
23 0.23557692307692307 0.7379807692307693 0.38221153846153844 0.7379807692307693 0.38221153846153844 0.8221153846153846 0.23557692307692307 0.8221153846153846
23 0.47596153846153844 0.23557692307692307 0.6153846153846154 0.23557692307692307 0.6153846153846154 0.31971153846153844 0.47596153846153844 0.31971153846153844
23 0.47115384615384615 0.7379807692307693 0.625 0.7379807692307693 0.625 0.8221153846153846 0.47115384615384615 0.8221153846153846
23 0.24759615384615385 0.3605769230769231 0.3870192307692308 0.3605769230769231 0.3870192307692308 0.44471153846153844 0.24759615384615385 0.44471153846153844
23 0.47596153846153844 0.3605769230769231 0.6153846153846154 0.3605769230769231 0.6153846153846154 0.44471153846153844 0.47596153846153844 0.44471153846153844
23 0.24759615384615385 0.4855769230769231 0.3870192307692308 0.4855769230769231 0.3870192307692308 0.5673076923076923 0.24759615384615385 0.5673076923076923
23 0.47596153846153844 0.4855769230769231 0.6153846153846154 0.4855769230769231 0.6153846153846154 0.5673076923076923 0.47596153846153844 0.5673076923076923
23 0 0.36538461538461536 0.08413461538461539 0.36538461538461536 0.08413461538461539 0.4543269230769231 0 0.4543269230769231
23 0.47115384615384615 0.6201923076923077 0.625 0.6201923076923077 0.625 0.7043269230769231 0.47115384615384615 0.7043269230769231
23 0.22596153846153846 0.875 0.38461538461538464 0.875 0.38461538461538464 0.9639423076923077 0.22596153846153846 0.9639423076923077
23 0.4831730769230769 0.875 0.625 0.875 0.625 0.9639423076923077 0.4831730769230769 0.9639423076923077
23 0 0.7403846153846154 0.08173076923076923 0.7403846153846154 0.08173076923076923 0.8317307692307693 0 0.8317307692307693
23 0 0.875 0.08173076923076923 0.875 0.08173076923076923 0.9663461538461539 0 0.9663461538461539
23 0.23557692307692307 0.6201923076923077 0.38221153846153844 0.6201923076923077 0.38221153846153844 0.7043269230769231 0.23557692307692307 0.7043269230769231
23 0 0.6201923076923077 0.08413461538461539 0.6201923076923077 0.08413461538461539 0.7043269230769231 0 0.7043269230769231
23 0 0.49038461538461536 0.08413461538461539 0.49038461538461536 0.08413461538461539 0.5793269230769231 0 0.5793269230769231
23 0.21875 0.11057692307692307 0.3798076923076923 0.11057692307692307 0.3798076923076923 0.20432692307692307 0.21875 0.20432692307692307
23 0 0.11057692307692307 0.08413461538461539 0.11057692307692307 0.08413461538461539 0.18509615384615385 0 0.18509615384615385
11 0 0.9879807692307693 1 0.9879807692307693 1 1 0 1
12 0 0.9783653846153846 1 0.9783653846153846 1 0.9903846153846154 0 0.9903846153846154
12 0 0.8389423076923077 1 0.8389423076923077 1 0.8509615384615384 0 0.8509615384615384
12 0 0.7139423076923077 1 0.7139423076923077 1 0.7259615384615384 0 0.7259615384615384
12 0 0.5889423076923077 1 0.5889423076923077 1 0.6009615384615384 0 0.6009615384615384
12 0 0.46153846153846156 1 0.46153846153846156 1 0.4735576923076923 0 0.4735576923076923
12 0 0.33413461538461536 1 0.33413461538461536 1 0.34615384615384615 0 0.34615384615384615
12 0 0.2091346153846154 1 0.2091346153846154 1 0.22355769230769232 0 0.22355769230769232
22 0 0.05048076923076923 1 0.05048076923076923 1 0.22355769230769232 0 0.22355769230769232
11 0 0.34615384615384615 1 0.34615384615384615 1 0.46153846153846156 0 0.46153846153846156
11 0 0.4735576923076923 1 0.4735576923076923 1 0.5889423076923077 0 0.5889423076923077
11 0 0.6009615384615384 1 0.6009615384615384 1 0.7139423076923077 0 0.7139423076923077
11 0 0.7259615384615384 1 0.7259615384615384 1 0.8389423076923077 0 0.8389423076923077
11 0 0.8509615384615384 1 0.8509615384615384 1 0.9783653846153846 0 0.9783653846153846
11 0 0.22355769230769232 1 0.22355769230769232 1 0.33413461538461536 0 0.33413461538461536
0 0.12259615384615384 0.019230769230769232 1 0.019230769230769232 1 0.05048076923076923 0.12259615384615384 0.05048076923076923
2 0 0 1 0 1 1 0 1
10 0 0.05048076923076923 1 0.05048076923076923 1 1 0 1