23 0.375 0.6322115384615384 0.4326923076923077 0.6322115384615384 0.4326923076923077 0.7235576923076923 0.375 0.7235576923076923
23 0.6995192307692307 0.3076923076923077 0.7331730769230769 0.3076923076923077 0.7331730769230769 0.3894230769230769 0.6995192307692307 0.3894230769230769
23 0.5865384615384616 0.7115384615384616 0.6514423076923077 0.7115384615384616 0.6514423076923077 0.7524038461538461 0.5865384615384616 0.7524038461538461
8 0.6346153846153846 0.7620192307692307 0.6466346153846154 0.7620192307692307 0.6466346153846154 0.8725961538461539 0.6346153846153846 0.8725961538461539
23 0.6177884615384616 0.40625 0.6418269230769231 0.40625 0.6418269230769231 0.5360576923076923 0.6177884615384616 0.5360576923076923
23 0.2620192307692308 0.6225961538461539 0.32211538461538464 0.6225961538461539 0.32211538461538464 0.7115384615384616 0.2620192307692308 0.7115384615384616
23 0.2091346153846154 0.1778846153846154 0.2644230769230769 0.1778846153846154 0.2644230769230769 0.2644230769230769 0.2091346153846154 0.2644230769230769
23 0.5336538461538461 0.2620192307692308 0.5889423076923077 0.2620192307692308 0.5889423076923077 0.34615384615384615 0.5336538461538461 0.34615384615384615
23 0.6802884615384616 0.5721153846153846 0.7259615384615384 0.5721153846153846 0.7259615384615384 0.7211538461538461 0.6802884615384616 0.7211538461538461
23 0.7908653846153846 0.8317307692307693 0.8293269230769231 0.8317307692307693 0.8293269230769231 0.9086538461538461 0.7908653846153846 0.9086538461538461
23 0.5865384615384616 0.7596153846153846 0.6322115384615384 0.7596153846153846 0.6322115384615384 0.8701923076923077 0.5865384615384616 0.8701923076923077
0 0.3701923076923077 0.49278846153846156 0.5096153846153846 0.49278846153846156 0.5096153846153846 0.59375 0.3701923076923077 0.59375
8 0.22596153846153846 0.8221153846153846 0.3581730769230769 0.8221153846153846 0.3581730769230769 0.9951923076923077 0.22596153846153846 0.9951923076923077
2 0.007211538461538462 0.04326923076923077 0.9399038461538461 0.04326923076923077 0.9399038461538461 0.9903846153846154 0.007211538461538462 0.9903846153846154
10 0.19951923076923078 0.04326923076923077 0.9423076923076923 0.04326923076923077 0.9423076923076923 0.9975961538461539 0.19951923076923078 0.9975961538461539
14 0.36778846153846156 0.37259615384615385 0.46153846153846156 0.37259615384615385 0.46153846153846156 0.5769230769230769 0.36778846153846156 0.5769230769230769
23 0.36778846153846156 0.33413461538461536 0.49759615384615385 0.33413461538461536 0.49759615384615385 0.5793269230769231 0.36778846153846156 0.5793269230769231
23 0.7067307692307693 0.25721153846153844 0.7668269230769231 0.25721153846153844 0.7668269230769231 0.36538461538461536 0.7067307692307693 0.36538461538461536
23 0.7668269230769231 0.20192307692307693 0.8149038461538461 0.20192307692307693 0.8149038461538461 0.3798076923076923 0.7668269230769231 0.3798076923076923
23 0.6394230769230769 0.33413461538461536 0.7043269230769231 0.33413461538461536 0.7043269230769231 0.53125 0.6394230769230769 0.53125
23 0.8173076923076923 0.43509615384615385 0.9230769230769231 0.43509615384615385 0.9230769230769231 0.6442307692307693 0.8173076923076923 0.6442307692307693
23 0.7091346153846154 0.5384615384615384 0.7668269230769231 0.5384615384615384 0.7668269230769231 0.7067307692307693 0.7091346153846154 0.7067307692307693
23 0.2403846153846154 0.5769230769230769 0.34134615384615385 0.5769230769230769 0.34134615384615385 0.7067307692307693 0.2403846153846154 0.7067307692307693
23 0.41586538461538464 0.6057692307692307 0.49759615384615385 0.6057692307692307 0.49759615384615385 0.7283653846153846 0.41586538461538464 0.7283653846153846
23 0.5673076923076923 0.6875 0.6346153846153846 0.6875 0.6346153846153846 0.7932692307692307 0.5673076923076923 0.7932692307692307
23 0.6394230769230769 0.6153846153846154 0.7043269230769231 0.6153846153846154 0.7043269230769231 0.7932692307692307 0.6394230769230769 0.7932692307692307
23 0.20192307692307693 0.6586538461538461 0.23317307692307693 0.6586538461538461 0.23317307692307693 0.7788461538461539 0.20192307692307693 0.7788461538461539
23 0.8173076923076923 0.7980769230769231 0.9254807692307693 0.7980769230769231 0.9254807692307693 0.8822115384615384 0.8173076923076923 0.8822115384615384
23 0.5024038461538461 0.8052884615384616 0.5649038461538461 0.8052884615384616 0.5649038461538461 0.8870192307692307 0.5024038461538461 0.8870192307692307