14 0.5504807692307693 0.27884615384615385 0.6610576923076923 0.27884615384615385 0.6610576923076923 0.33413461538461536 0.5504807692307693 0.33413461538461536
14 0.5 0.6826923076923077 0.5264423076923077 0.6826923076923077 0.5264423076923077 0.7692307692307693 0.5 0.7692307692307693
14 0.4326923076923077 0.27884615384615385 0.5432692307692307 0.27884615384615385 0.5432692307692307 0.33413461538461536 0.4326923076923077 0.33413461538461536
14 0.31490384615384615 0.27884615384615385 0.42788461538461536 0.27884615384615385 0.42788461538461536 0.33413461538461536 0.31490384615384615 0.33413461538461536
14 0.5432692307692307 0.6826923076923077 0.6634615384615384 0.6826923076923077 0.6634615384615384 0.7692307692307693 0.5432692307692307 0.7692307692307693
14 0.36538461538461536 0.6826923076923077 0.3918269230769231 0.6826923076923077 0.3918269230769231 0.7692307692307693 0.36538461538461536 0.7692307692307693
14 0.5913461538461539 0.7908653846153846 0.6634615384615384 0.7908653846153846 0.6634615384615384 0.8701923076923077 0.5913461538461539 0.8701923076923077
14 0.4567307692307692 0.6826923076923077 0.4831730769230769 0.6826923076923077 0.4831730769230769 0.7692307692307693 0.4567307692307692 0.7692307692307693
14 0.6370192307692307 0.375 0.6634615384615384 0.375 0.6634615384615384 0.45913461538461536 0.6370192307692307 0.45913461538461536
14 0.4567307692307692 0.375 0.4831730769230769 0.375 0.4831730769230769 0.45913461538461536 0.4567307692307692 0.45913461538461536
14 0.5024038461538461 0.375 0.5288461538461539 0.375 0.5288461538461539 0.45913461538461536 0.5024038461538461 0.45913461538461536
14 0.5480769230769231 0.375 0.5745192307692307 0.375 0.5745192307692307 0.45913461538461536 0.5480769230769231 0.45913461538461536
14 0.59375 0.375 0.6201923076923077 0.375 0.6201923076923077 0.45913461538461536 0.59375 0.45913461538461536
14 0.5432692307692307 0.5769230769230769 0.6634615384615384 0.5769230769230769 0.6634615384615384 0.6658653846153846 0.5432692307692307 0.6658653846153846
14 0.31971153846153844 0.4735576923076923 0.43990384615384615 0.4735576923076923 0.43990384615384615 0.5576923076923077 0.31971153846153844 0.5576923076923077
14 0.31971153846153844 0.375 0.43990384615384615 0.375 0.43990384615384615 0.45913461538461536 0.31971153846153844 0.45913461538461536
14 0.6370192307692307 0.47836538461538464 0.6634615384615384 0.47836538461538464 0.6634615384615384 0.5625 0.6370192307692307 0.5625
14 0.4567307692307692 0.47836538461538464 0.4831730769230769 0.47836538461538464 0.4831730769230769 0.5625 0.4567307692307692 0.5625
14 0.5024038461538461 0.47836538461538464 0.5288461538461539 0.47836538461538464 0.5288461538461539 0.5625 0.5024038461538461 0.5625
14 0.5480769230769231 0.47836538461538464 0.5745192307692307 0.47836538461538464 0.5745192307692307 0.5625 0.5480769230769231 0.5625
14 0.59375 0.47836538461538464 0.6201923076923077 0.47836538461538464 0.6201923076923077 0.5625 0.59375 0.5625
14 0.5 0.5769230769230769 0.5264423076923077 0.5769230769230769 0.5264423076923077 0.6658653846153846 0.5 0.6658653846153846
14 0.31971153846153844 0.5769230769230769 0.34615384615384615 0.5769230769230769 0.34615384615384615 0.6658653846153846 0.31971153846153844 0.6658653846153846
14 0.36538461538461536 0.5769230769230769 0.3918269230769231 0.5769230769230769 0.3918269230769231 0.6658653846153846 0.36538461538461536 0.6658653846153846
14 0.4110576923076923 0.5769230769230769 0.4375 0.5769230769230769 0.4375 0.6658653846153846 0.4110576923076923 0.6658653846153846
14 0.4567307692307692 0.5769230769230769 0.4831730769230769 0.5769230769230769 0.4831730769230769 0.6658653846153846 0.4567307692307692 0.6658653846153846
14 0.4110576923076923 0.6826923076923077 0.4375 0.6826923076923077 0.4375 0.7692307692307693 0.4110576923076923 0.7692307692307693
14 0.4110576923076923 0.7908653846153846 0.4831730769230769 0.7908653846153846 0.4831730769230769 0.8701923076923077 0.4110576923076923 0.8701923076923077
14 0.5024038461538461 0.7908653846153846 0.5721153846153846 0.7908653846153846 0.5721153846153846 0.8701923076923077 0.5024038461538461 0.8701923076923077
23 0.6346153846153846 0.3605769230769231 0.6730769230769231 0.3605769230769231 0.6730769230769231 0.5600961538461539 0.6346153846153846 0.5600961538461539
23 0.31009615384615385 0.3605769230769231 0.44471153846153844 0.3605769230769231 0.44471153846153844 0.5600961538461539 0.31009615384615385 0.5600961538461539
23 0.49759615384615385 0.3605769230769231 0.5360576923076923 0.3605769230769231 0.5360576923076923 0.5600961538461539 0.49759615384615385 0.5600961538461539
23 0.5432692307692307 0.3605769230769231 0.5817307692307693 0.3605769230769231 0.5817307692307693 0.5600961538461539 0.5432692307692307 0.5600961538461539
23 0.5913461538461539 0.3605769230769231 0.6274038461538461 0.3605769230769231 0.6274038461538461 0.5600961538461539 0.5913461538461539 0.5600961538461539
23 0.5384615384615384 0.5721153846153846 0.6730769230769231 0.5721153846153846 0.6730769230769231 0.7716346153846154 0.5384615384615384 0.7716346153846154
23 0.31009615384615385 0.5721153846153846 0.3485576923076923 0.5721153846153846 0.3485576923076923 0.7716346153846154 0.31009615384615385 0.7716346153846154
23 0.3557692307692308 0.5721153846153846 0.3918269230769231 0.5721153846153846 0.3918269230769231 0.7716346153846154 0.3557692307692308 0.7716346153846154
23 0.5889423076923077 0.78125 0.6706730769230769 0.78125 0.6706730769230769 0.8725961538461539 0.5889423076923077 0.8725961538461539
23 0.44471153846153844 0.5721153846153846 0.4831730769230769 0.5721153846153846 0.4831730769230769 0.7716346153846154 0.44471153846153844 0.7716346153846154
23 0.49038461538461536 0.5721153846153846 0.5288461538461539 0.5721153846153846 0.5288461538461539 0.7716346153846154 0.49038461538461536 0.7716346153846154
23 0.4543269230769231 0.3605769230769231 0.49038461538461536 0.3605769230769231 0.49038461538461536 0.5600961538461539 0.4543269230769231 0.5600961538461539
23 0.4014423076923077 0.5721153846153846 0.4375 0.5721153846153846 0.4375 0.7716346153846154 0.4014423076923077 0.7716346153846154
23 0.4110576923076923 0.78125 0.49278846153846156 0.78125 0.49278846153846156 0.8725961538461539 0.4110576923076923 0.8725961538461539
23 0.5 0.78125 0.5817307692307693 0.78125 0.5817307692307693 0.8725961538461539 0.5 0.8725961538461539
12 0.30288461538461536 0.7716346153846154 0.6826923076923077 0.7716346153846154 0.6826923076923077 0.7908653846153846 0.30288461538461536 0.7908653846153846
12 0.30288461538461536 0.34375 0.6826923076923077 0.34375 0.6826923076923077 0.3581730769230769 0.30288461538461536 0.3581730769230769
12 0.30288461538461536 0.5625 0.6826923076923077 0.5625 0.6826923076923077 0.5721153846153846 0.30288461538461536 0.5721153846153846
12 0.30288461538461536 0.6658653846153846 0.6826923076923077 0.6658653846153846 0.6826923076923077 0.6826923076923077 0.30288461538461536 0.6826923076923077
12 0.30288461538461536 0.4567307692307692 0.6826923076923077 0.4567307692307692 0.6826923076923077 0.4735576923076923 0.30288461538461536 0.4735576923076923
14 0.31971153846153844 0.6826923076923077 0.34615384615384615 0.6826923076923077 0.34615384615384615 0.7692307692307693 0.31971153846153844 0.7692307692307693
14 0.3293269230769231 0.7884615384615384 0.37740384615384615 0.7884615384615384 0.37740384615384615 0.8629807692307693 0.3293269230769231 0.8629807692307693
8 0.3293269230769231 0.8677884615384616 0.37740384615384615 0.8677884615384616 0.37740384615384615 0.9471153846153846 0.3293269230769231 0.9471153846153846
2 0.3004807692307692 0.2403846153846154 0.6850961538461539 0.2403846153846154 0.6850961538461539 0.9495192307692307 0.3004807692307692 0.9495192307692307
10 0.3004807692307692 0.2403846153846154 0.6850961538461539 0.2403846153846154 0.6850961538461539 0.9495192307692307 0.3004807692307692 0.9495192307692307