23 0.125 0.43028846153846156 0.14903846153846154 0.43028846153846156 0.14903846153846154 0.7475961538461539 0.125 0.7475961538461539
23 0.3629807692307692 0.5576923076923077 0.3918269230769231 0.5576923076923077 0.3918269230769231 0.6081730769230769 0.3629807692307692 0.6081730769230769
23 0.4855769230769231 0.44471153846153844 0.53125 0.44471153846153844 0.53125 0.5432692307692307 0.4855769230769231 0.5432692307692307
23 0.7091346153846154 0.49278846153846156 0.7259615384615384 0.49278846153846156 0.7259615384615384 0.5360576923076923 0.7091346153846154 0.5360576923076923
23 0.5384615384615384 0.6826923076923077 0.5985576923076923 0.6826923076923077 0.5985576923076923 0.7572115384615384 0.5384615384615384 0.7572115384615384
23 0.8365384615384616 0.6802884615384616 0.8557692307692307 0.6802884615384616 0.8557692307692307 0.7307692307692307 0.8365384615384616 0.7307692307692307
23 0.7788461538461539 0.43990384615384615 0.8004807692307693 0.43990384615384615 0.8004807692307693 0.6057692307692307 0.7788461538461539 0.6057692307692307
8 0.6346153846153846 0.6778846153846154 0.7211538461538461 0.6778846153846154 0.7211538461538461 0.7764423076923077 0.6346153846153846 0.7764423076923077
0 0.28125 0.6610576923076923 0.41586538461538464 0.6610576923076923 0.41586538461538464 0.7836538461538461 0.28125 0.7836538461538461
2 0.10576923076923077 0.39903846153846156 0.8846153846153846 0.39903846153846156 0.8846153846153846 0.7884615384615384 0.10576923076923077 0.7884615384615384
0 0.6298076923076923 0.6610576923076923 0.7475961538461539 0.6610576923076923 0.7475961538461539 0.7836538461538461 0.6298076923076923 0.7836538461538461
10 0.10336538461538461 0.39903846153846156 0.8870192307692307 0.39903846153846156 0.8870192307692307 0.7908653846153846 0.10336538461538461 0.7908653846153846