23 0.18509615384615385 0.11057692307692307 0.4014423076923077 0.11057692307692307 0.4014423076923077 0.1201923076923077 0.18509615384615385 0.1201923076923077
24 0.17307692307692307 0.09134615384615384 0.40865384615384615 0.09134615384615384 0.40865384615384615 0.1201923076923077 0.17307692307692307 0.1201923076923077
23 0.2548076923076923 0.15865384615384615 0.46153846153846156 0.15865384615384615 0.46153846153846156 0.21153846153846154 0.2548076923076923 0.21153846153846154
24 0.24759615384615385 0.14182692307692307 0.4639423076923077 0.14182692307692307 0.4639423076923077 0.21153846153846154 0.24759615384615385 0.21153846153846154
23 0.7043269230769231 0.15625 0.9158653846153846 0.15625 0.9158653846153846 0.21153846153846154 0.7043269230769231 0.21153846153846154
24 0.6995192307692307 0.14182692307692307 0.9158653846153846 0.14182692307692307 0.9158653846153846 0.21153846153846154 0.6995192307692307 0.21153846153846154
23 0.12740384615384615 0.3629807692307692 0.375 0.3629807692307692 0.375 0.3870192307692308 0.12740384615384615 0.3870192307692308
24 0.11538461538461539 0.34615384615384615 0.38461538461538464 0.34615384615384615 0.38461538461538464 0.3870192307692308 0.11538461538461539 0.3870192307692308
23 0.06009615384615385 0.41346153846153844 0.3293269230769231 0.41346153846153844 0.3293269230769231 0.4735576923076923 0.06009615384615385 0.4735576923076923
24 0.05048076923076923 0.40384615384615385 0.3293269230769231 0.40384615384615385 0.3293269230769231 0.4735576923076923 0.05048076923076923 0.4735576923076923
23 0.7019230769230769 0.4110576923076923 0.9158653846153846 0.4110576923076923 0.9158653846153846 0.47115384615384615 0.7019230769230769 0.47115384615384615
24 0.6947115384615384 0.4014423076923077 0.9158653846153846 0.4014423076923077 0.9158653846153846 0.47115384615384615 0.6947115384615384 0.47115384615384615
23 0.10096153846153846 0.6322115384615384 0.3581730769230769 0.6322115384615384 0.3581730769230769 0.6706730769230769 0.10096153846153846 0.6706730769230769
24 0.08173076923076923 0.6201923076923077 0.3629807692307692 0.6201923076923077 0.3629807692307692 0.6706730769230769 0.08173076923076923 0.6706730769230769
23 0.14903846153846154 0.6971153846153846 0.4182692307692308 0.6971153846153846 0.4182692307692308 0.7475961538461539 0.14903846153846154 0.7475961538461539
24 0.14903846153846154 0.6875 0.4254807692307692 0.6875 0.4254807692307692 0.7475961538461539 0.14903846153846154 0.7475961538461539
23 0.6298076923076923 0.6947115384615384 0.8725961538461539 0.6947115384615384 0.8725961538461539 0.7475961538461539 0.6298076923076923 0.7475961538461539
24 0.6274038461538461 0.6875 0.875 0.6875 0.875 0.7475961538461539 0.6274038461538461 0.7475961538461539
23 0.15865384615384615 0.90625 0.42788461538461536 0.90625 0.42788461538461536 0.9326923076923077 0.15865384615384615 0.9326923076923077
24 0.14182692307692307 0.8942307692307693 0.43509615384615385 0.8942307692307693 0.43509615384615385 0.9326923076923077 0.14182692307692307 0.9326923076923077
23 0.08173076923076923 0.9519230769230769 0.36538461538461536 0.9519230769230769 0.36538461538461536 1 0.08173076923076923 1
24 0.07692307692307693 0.9471153846153846 0.36538461538461536 0.9471153846153846 0.36538461538461536 1 0.07692307692307693 1
23 0.7139423076923077 0.9519230769230769 0.9110576923076923 0.9519230769230769 0.9110576923076923 1 0.7139423076923077 1
24 0.7115384615384616 0.9471153846153846 0.9158653846153846 0.9471153846153846 0.9158653846153846 1 0.7115384615384616 1
11 0 0.8221153846153846 1 0.8221153846153846 1 1 0 1
12 0 0.8052884615384616 1 0.8052884615384616 1 0.8221153846153846 0 0.8221153846153846
12 0 0.5240384615384616 1 0.5240384615384616 1 0.5384615384615384 0 0.5384615384615384
12 0 0.24519230769230768 1 0.24519230769230768 1 0.25961538461538464 0 0.25961538461538464
11 0 0.02403846153846154 1 0.02403846153846154 1 0.24519230769230768 0 0.24519230769230768
11 0 0.2620192307692308 1 0.2620192307692308 1 0.5240384615384616 0 0.5240384615384616
11 0 0.5384615384615384 1 0.5384615384615384 1 0.8052884615384616 0 0.8052884615384616
2 0 0.021634615384615384 1 0.021634615384615384 1 1 0 1
10 0 0.021634615384615384 1 0.021634615384615384 1 1 0 1