14 0.6923076923076923 0.6225961538461539 0.7908653846153846 0.6225961538461539 0.7908653846153846 0.6947115384615384 0.6923076923076923 0.6947115384615384
14 0.6923076923076923 0.21634615384615385 0.7908653846153846 0.21634615384615385 0.7908653846153846 0.3293269230769231 0.6923076923076923 0.3293269230769231
14 0.49278846153846156 0.5408653846153846 0.5841346153846154 0.5408653846153846 0.5841346153846154 0.6105769230769231 0.49278846153846156 0.6105769230769231
14 0.3894230769230769 0.6225961538461539 0.4831730769230769 0.6225961538461539 0.4831730769230769 0.6947115384615384 0.3894230769230769 0.6947115384615384
14 0.18509615384615385 0.7884615384615384 0.28365384615384615 0.7884615384615384 0.28365384615384615 0.8677884615384616 0.18509615384615385 0.8677884615384616
14 0.6923076923076923 0.7043269230769231 0.7884615384615384 0.7043269230769231 0.7884615384615384 0.7764423076923077 0.6923076923076923 0.7764423076923077
12 0.6802884615384616 0.3293269230769231 0.8076923076923077 0.3293269230769231 0.8076923076923077 0.33653846153846156 0.6802884615384616 0.33653846153846156
12 0.16826923076923078 0.7764423076923077 0.8076923076923077 0.7764423076923077 0.8076923076923077 0.7836538461538461 0.16826923076923078 0.7836538461538461
12 0.16826923076923078 0.6971153846153846 0.8076923076923077 0.6971153846153846 0.8076923076923077 0.7019230769230769 0.16826923076923078 0.7019230769230769
14 0.3894230769230769 0.5408653846153846 0.4831730769230769 0.5408653846153846 0.4831730769230769 0.6105769230769231 0.3894230769230769 0.6105769230769231
14 0.3894230769230769 0.45913461538461536 0.4831730769230769 0.45913461538461536 0.4831730769230769 0.53125 0.3894230769230769 0.53125
14 0.2956730769230769 0.052884615384615384 0.3798076923076923 0.052884615384615384 0.3798076923076923 0.125 0.2956730769230769 0.125
14 0.6899038461538461 0.45913461538461536 0.7596153846153846 0.45913461538461536 0.7596153846153846 0.5865384615384616 0.6899038461538461 0.5865384615384616
14 0.6923076923076923 0.33653846153846156 0.7908653846153846 0.33653846153846156 0.7908653846153846 0.4495192307692308 0.6923076923076923 0.4495192307692308
14 0.3894230769230769 0.7043269230769231 0.4831730769230769 0.7043269230769231 0.4831730769230769 0.7764423076923077 0.3894230769230769 0.7764423076923077
14 0.18509615384615385 0.7043269230769231 0.28365384615384615 0.7043269230769231 0.28365384615384615 0.7764423076923077 0.18509615384615385 0.7764423076923077
8 0.5961538461538461 0.7836538461538461 0.7908653846153846 0.7836538461538461 0.7908653846153846 0.9302884615384616 0.5961538461538461 0.9302884615384616
8 0.3894230769230769 0.7836538461538461 0.5769230769230769 0.7836538461538461 0.5769230769230769 0.9302884615384616 0.3894230769230769 0.9302884615384616
14 0.18509615384615385 0.45913461538461536 0.28125 0.45913461538461536 0.28125 0.5745192307692307 0.18509615384615385 0.5745192307692307
14 0.18509615384615385 0.5817307692307693 0.28125 0.5817307692307693 0.28125 0.6971153846153846 0.18509615384615385 0.6971153846153846
14 0.3894230769230769 0.3798076923076923 0.4831730769230769 0.3798076923076923 0.4831730769230769 0.4495192307692308 0.3894230769230769 0.4495192307692308
14 0.4951923076923077 0.13701923076923078 0.5841346153846154 0.13701923076923078 0.5841346153846154 0.20673076923076922 0.4951923076923077 0.20673076923076922
14 0.3918269230769231 0.13701923076923078 0.4807692307692308 0.13701923076923078 0.4807692307692308 0.20673076923076922 0.3918269230769231 0.20673076923076922
14 0.3918269230769231 0.052884615384615384 0.4807692307692308 0.052884615384615384 0.4807692307692308 0.125 0.3918269230769231 0.125
23 0.2932692307692308 0.7860576923076923 0.3798076923076923 0.7860576923076923 0.3798076923076923 0.8341346153846154 0.2932692307692308 0.8341346153846154
8 0.3245192307692308 0.8774038461538461 0.38221153846153844 0.8774038461538461 0.38221153846153844 0.9399038461538461 0.3245192307692308 0.9399038461538461
8 0.2620192307692308 0.8774038461538461 0.3173076923076923 0.8774038461538461 0.3173076923076923 0.9399038461538461 0.2620192307692308 0.9399038461538461
14 0.1875 0.1778846153846154 0.28365384615384615 0.1778846153846154 0.28365384615384615 0.28846153846153844 0.1875 0.28846153846153844
14 0.6923076923076923 0.09134615384615384 0.7572115384615384 0.09134615384615384 0.7572115384615384 0.20432692307692307 0.6923076923076923 0.20432692307692307
14 0.21634615384615385 0.09134615384615384 0.28365384615384615 0.09134615384615384 0.28365384615384615 0.1658653846153846 0.21634615384615385 0.1658653846153846
14 0.31490384615384615 0.16346153846153846 0.38461538461538464 0.16346153846153846 0.38461538461538464 0.21153846153846154 0.31490384615384615 0.21153846153846154
14 0.31490384615384615 0.23317307692307693 0.38461538461538464 0.23317307692307693 0.38461538461538464 0.2860576923076923 0.31490384615384615 0.2860576923076923
14 0.31490384615384615 0.3798076923076923 0.38461538461538464 0.3798076923076923 0.38461538461538464 0.4423076923076923 0.31490384615384615 0.4423076923076923
14 0.31490384615384615 0.3076923076923077 0.38461538461538464 0.3076923076923077 0.38461538461538464 0.3701923076923077 0.31490384615384615 0.3701923076923077
14 0.21875 0.30528846153846156 0.2932692307692308 0.30528846153846156 0.2932692307692308 0.44471153846153844 0.21875 0.44471153846153844
14 0.39903846153846156 0.23317307692307693 0.4807692307692308 0.23317307692307693 0.4807692307692308 0.36778846153846156 0.39903846153846156 0.36778846153846156
0 0.18509615384615385 0.4182692307692308 0.28365384615384615 0.4182692307692308 0.28365384615384615 0.44711538461538464 0.18509615384615385 0.44711538461538464
14 0.49278846153846156 0.2980769230769231 0.5841346153846154 0.2980769230769231 0.5841346153846154 0.4110576923076923 0.49278846153846156 0.4110576923076923
14 0.49278846153846156 0.4206730769230769 0.5745192307692307 0.4206730769230769 0.5745192307692307 0.5144230769230769 0.49278846153846156 0.5144230769230769
14 0.5865384615384616 0.09134615384615384 0.6610576923076923 0.09134615384615384 0.6610576923076923 0.1466346153846154 0.5865384615384616 0.1466346153846154
14 0.49278846153846156 0.09134615384615384 0.5721153846153846 0.09134615384615384 0.5721153846153846 0.14423076923076922 0.49278846153846156 0.14423076923076922
14 0.5865384615384616 0.6802884615384616 0.6610576923076923 0.6802884615384616 0.6610576923076923 0.7379807692307693 0.5865384615384616 0.7379807692307693
14 0.5865384615384616 0.16105769230769232 0.6610576923076923 0.16105769230769232 0.6610576923076923 0.21875 0.5865384615384616 0.21875
14 0.49278846153846156 0.23317307692307693 0.5697115384615384 0.23317307692307693 0.5697115384615384 0.29086538461538464 0.49278846153846156 0.29086538461538464
14 0.5865384615384616 0.3076923076923077 0.6610576923076923 0.3076923076923077 0.6610576923076923 0.36538461538461536 0.5865384615384616 0.36538461538461536
14 0.5865384615384616 0.3798076923076923 0.6610576923076923 0.3798076923076923 0.6610576923076923 0.4375 0.5865384615384616 0.4375
14 0.5865384615384616 0.4567307692307692 0.6610576923076923 0.4567307692307692 0.6610576923076923 0.5144230769230769 0.5865384615384616 0.5144230769230769
14 0.5865384615384616 0.5360576923076923 0.6610576923076923 0.5360576923076923 0.6610576923076923 0.59375 0.5865384615384616 0.59375
14 0.5865384615384616 0.6009615384615384 0.6610576923076923 0.6009615384615384 0.6610576923076923 0.6586538461538461 0.5865384615384616 0.6586538461538461
14 0.49278846153846156 0.6009615384615384 0.5697115384615384 0.6009615384615384 0.5697115384615384 0.6586538461538461 0.49278846153846156 0.6586538461538461
14 0.31490384615384615 0.4543269230769231 0.3894230769230769 0.4543269230769231 0.3894230769230769 0.5120192307692307 0.31490384615384615 0.5120192307692307
0 0.6923076923076923 0.5769230769230769 0.7884615384615384 0.5769230769230769 0.7884615384615384 0.6105769230769231 0.6923076923076923 0.6105769230769231
0 0.49278846153846156 0.2548076923076923 0.5841346153846154 0.2548076923076923 0.5841346153846154 0.28846153846153844 0.49278846153846156 0.28846153846153844
0 0.18509615384615385 0.1346153846153846 0.28365384615384615 0.1346153846153846 0.28365384615384615 0.1658653846153846 0.18509615384615385 0.1658653846153846
0 0.59375 0.33653846153846156 0.6802884615384616 0.33653846153846156 0.6802884615384616 0.3701923076923077 0.59375 0.3701923076923077
0 0.59375 0.4182692307692308 0.6826923076923077 0.4182692307692308 0.6826923076923077 0.44711538461538464 0.59375 0.44711538461538464
0 0.49278846153846156 0.5 0.5841346153846154 0.5 0.5841346153846154 0.5288461538461539 0.49278846153846156 0.5288461538461539
0 0.49278846153846156 0.6610576923076923 0.5841346153846154 0.6610576923076923 0.5841346153846154 0.6947115384615384 0.49278846153846156 0.6947115384615384
0 0.59375 0.5769230769230769 0.6802884615384616 0.5769230769230769 0.6802884615384616 0.6105769230769231 0.59375 0.6105769230769231
0 0.59375 0.6610576923076923 0.6802884615384616 0.6610576923076923 0.6802884615384616 0.6947115384615384 0.59375 0.6947115384615384
0 0.59375 0.7427884615384616 0.6802884615384616 0.7427884615384616 0.6802884615384616 0.7764423076923077 0.59375 0.7764423076923077
0 0.2932692307692308 0.7427884615384616 0.3798076923076923 0.7427884615384616 0.3798076923076923 0.7764423076923077 0.2932692307692308 0.7764423076923077
0 0.59375 0.5 0.6802884615384616 0.5 0.6802884615384616 0.5288461538461539 0.59375 0.5288461538461539
0 0.59375 0.2548076923076923 0.6802884615384616 0.2548076923076923 0.6802884615384616 0.2860576923076923 0.59375 0.2860576923076923
0 0.59375 0.17307692307692307 0.6802884615384616 0.17307692307692307 0.6802884615384616 0.20673076923076922 0.59375 0.20673076923076922
0 0.59375 0.09375 0.6802884615384616 0.09375 0.6802884615384616 0.125 0.59375 0.125
0 0.49278846153846156 0.09375 0.5841346153846154 0.09375 0.5841346153846154 0.125 0.49278846153846156 0.125
0 0.3918269230769231 0.33653846153846156 0.47836538461538464 0.33653846153846156 0.47836538461538464 0.36778846153846156 0.3918269230769231 0.36778846153846156
0 0.2932692307692308 0.17307692307692307 0.3798076923076923 0.17307692307692307 0.3798076923076923 0.20673076923076922 0.2932692307692308 0.20673076923076922
0 0.49278846153846156 0.7427884615384616 0.5841346153846154 0.7427884615384616 0.5841346153846154 0.7740384615384616 0.49278846153846156 0.7740384615384616
14 0.49278846153846156 0.6802884615384616 0.5697115384615384 0.6802884615384616 0.5697115384615384 0.7379807692307693 0.49278846153846156 0.7379807692307693
14 0.31490384615384615 0.6802884615384616 0.3894230769230769 0.6802884615384616 0.3894230769230769 0.7379807692307693 0.31490384615384615 0.7379807692307693
14 0.31490384615384615 0.6009615384615384 0.3894230769230769 0.6009615384615384 0.3894230769230769 0.6586538461538461 0.31490384615384615 0.6586538461538461
14 0.31490384615384615 0.5288461538461539 0.3894230769230769 0.5288461538461539 0.3894230769230769 0.5865384615384616 0.31490384615384615 0.5865384615384616
0 0.2932692307692308 0.2548076923076923 0.3798076923076923 0.2548076923076923 0.3798076923076923 0.2860576923076923 0.2932692307692308 0.2860576923076923
0 0.2932692307692308 0.6610576923076923 0.3798076923076923 0.6610576923076923 0.3798076923076923 0.6947115384615384 0.2932692307692308 0.6947115384615384
0 0.2932692307692308 0.33653846153846156 0.3798076923076923 0.33653846153846156 0.3798076923076923 0.36778846153846156 0.2932692307692308 0.36778846153846156
0 0.2932692307692308 0.4182692307692308 0.3798076923076923 0.4182692307692308 0.3798076923076923 0.4495192307692308 0.2932692307692308 0.4495192307692308
0 0.2932692307692308 0.49759615384615385 0.3798076923076923 0.49759615384615385 0.3798076923076923 0.53125 0.2932692307692308 0.53125
0 0.2932692307692308 0.5793269230769231 0.3798076923076923 0.5793269230769231 0.3798076923076923 0.6105769230769231 0.2932692307692308 0.6105769230769231
23 0.6899038461538461 0.45913461538461536 0.7908653846153846 0.45913461538461536 0.7908653846153846 0.6105769230769231 0.6899038461538461 0.6105769230769231
23 0.2932692307692308 0.7019230769230769 0.3798076923076923 0.7019230769230769 0.3798076923076923 0.7764423076923077 0.2932692307692308 0.7764423076923077
23 0.49278846153846156 0.4206730769230769 0.5841346153846154 0.4206730769230769 0.5841346153846154 0.53125 0.49278846153846156 0.53125
23 0.49278846153846156 0.052884615384615384 0.5841346153846154 0.052884615384615384 0.5841346153846154 0.125 0.49278846153846156 0.125
23 0.59375 0.05048076923076923 0.6802884615384616 0.05048076923076923 0.6802884615384616 0.12740384615384615 0.59375 0.12740384615384615
23 0.59375 0.1346153846153846 0.6802884615384616 0.1346153846153846 0.6802884615384616 0.20673076923076922 0.59375 0.20673076923076922
23 0.49278846153846156 0.21634615384615385 0.5841346153846154 0.21634615384615385 0.5841346153846154 0.28846153846153844 0.49278846153846156 0.28846153846153844
23 0.59375 0.2980769230769231 0.6802884615384616 0.2980769230769231 0.6802884615384616 0.3701923076923077 0.59375 0.3701923076923077
23 0.59375 0.37740384615384615 0.6802884615384616 0.37740384615384615 0.6802884615384616 0.4495192307692308 0.59375 0.4495192307692308
23 0.59375 0.45913461538461536 0.6802884615384616 0.45913461538461536 0.6802884615384616 0.5288461538461539 0.59375 0.5288461538461539
23 0.59375 0.5408653846153846 0.6802884615384616 0.5408653846153846 0.6802884615384616 0.6105769230769231 0.59375 0.6105769230769231
23 0.59375 0.6201923076923077 0.6802884615384616 0.6201923076923077 0.6802884615384616 0.6923076923076923 0.59375 0.6923076923076923
23 0.59375 0.7043269230769231 0.6802884615384616 0.7043269230769231 0.6802884615384616 0.7740384615384616 0.59375 0.7740384615384616
23 0.49278846153846156 0.7043269230769231 0.5841346153846154 0.7043269230769231 0.5841346153846154 0.7740384615384616 0.49278846153846156 0.7740384615384616
23 0.49278846153846156 0.6225961538461539 0.5841346153846154 0.6225961538461539 0.5841346153846154 0.6947115384615384 0.49278846153846156 0.6947115384615384
23 0.59375 0.21634615384615385 0.6802884615384616 0.21634615384615385 0.6802884615384616 0.28846153846153844 0.59375 0.28846153846153844
23 0.18509615384615385 0.052884615384615384 0.28365384615384615 0.052884615384615384 0.28365384615384615 0.16826923076923078 0.18509615384615385 0.16826923076923078
23 0.2932692307692308 0.1346153846153846 0.3798076923076923 0.1346153846153846 0.3798076923076923 0.20673076923076922 0.2932692307692308 0.20673076923076922
23 0.2932692307692308 0.21634615384615385 0.3798076923076923 0.21634615384615385 0.3798076923076923 0.2860576923076923 0.2932692307692308 0.2860576923076923
23 0.2932692307692308 0.2956730769230769 0.3798076923076923 0.2956730769230769 0.3798076923076923 0.36778846153846156 0.2932692307692308 0.36778846153846156
23 0.2932692307692308 0.37740384615384615 0.3798076923076923 0.37740384615384615 0.3798076923076923 0.4495192307692308 0.2932692307692308 0.4495192307692308
23 0.2932692307692308 0.45913461538461536 0.3798076923076923 0.45913461538461536 0.3798076923076923 0.53125 0.2932692307692308 0.53125
23 0.2932692307692308 0.5408653846153846 0.3798076923076923 0.5408653846153846 0.3798076923076923 0.6105769230769231 0.2932692307692308 0.6105769230769231
23 0.2932692307692308 0.6225961538461539 0.3798076923076923 0.6225961538461539 0.3798076923076923 0.6947115384615384 0.2932692307692308 0.6947115384615384
23 0.6923076923076923 0.052884615384615384 0.7908653846153846 0.052884615384615384 0.7908653846153846 0.20432692307692307 0.6923076923076923 0.20432692307692307
23 0.3894230769230769 0.21634615384615385 0.4807692307692308 0.21634615384615385 0.4807692307692308 0.36778846153846156 0.3894230769230769 0.36778846153846156
23 0.18509615384615385 0.2980769230769231 0.28125 0.2980769230769231 0.28125 0.4495192307692308 0.18509615384615385 0.4495192307692308
10 0.16826923076923078 0.038461538461538464 0.8076923076923077 0.038461538461538464 0.8076923076923077 0.9423076923076923 0.16826923076923078 0.9423076923076923
2 0.16826923076923078 0.038461538461538464 0.8076923076923077 0.038461538461538464 0.8076923076923077 0.9423076923076923 0.16826923076923078 0.9423076923076923
12 0.28365384615384615 0.6129807692307693 0.8076923076923077 0.6129807692307693 0.8076923076923077 0.6201923076923077 0.28365384615384615 0.6201923076923077
12 0.28125 0.53125 0.6899038461538461 0.53125 0.6899038461538461 0.5384615384615384 0.28125 0.5384615384615384
12 0.17067307692307693 0.4495192307692308 0.49038461538461536 0.4495192307692308 0.49038461538461536 0.45913461538461536 0.17067307692307693 0.45913461538461536
12 0.5865384615384616 0.4495192307692308 0.8100961538461539 0.4495192307692308 0.8100961538461539 0.45913461538461536 0.5865384615384616 0.45913461538461536
12 0.5865384615384616 0.3701923076923077 0.6947115384615384 0.3701923076923077 0.6947115384615384 0.37740384615384615 0.5865384615384616 0.37740384615384615
12 0.28365384615384615 0.3701923076923077 0.49278846153846156 0.3701923076923077 0.49278846153846156 0.37740384615384615 0.28365384615384615 0.37740384615384615
12 0.17067307692307693 0.2860576923076923 0.3870192307692308 0.2860576923076923 0.3870192307692308 0.2956730769230769 0.17067307692307693 0.2956730769230769
12 0.17067307692307693 0.16826923076923078 0.2932692307692308 0.16826923076923078 0.2932692307692308 0.1778846153846154 0.17067307692307693 0.1778846153846154
12 0.4807692307692308 0.2860576923076923 0.6923076923076923 0.2860576923076923 0.6923076923076923 0.2956730769230769 0.4807692307692308 0.2956730769230769
12 0.28125 0.20673076923076922 0.8076923076923077 0.20673076923076922 0.8076923076923077 0.21394230769230768 0.28125 0.21394230769230768
12 0.28365384615384615 0.12740384615384615 0.6923076923076923 0.12740384615384615 0.6923076923076923 0.1346153846153846 0.28365384615384615 0.1346153846153846
14 0.5865384615384616 0.23317307692307693 0.6610576923076923 0.23317307692307693 0.6610576923076923 0.29086538461538464 0.5865384615384616 0.29086538461538464