23 0.8365384615384616 0.10576923076923077 0.9495192307692307 0.10576923076923077 0.9495192307692307 0.3894230769230769 0.8365384615384616 0.3894230769230769
23 0.8365384615384616 0.6081730769230769 0.9495192307692307 0.6081730769230769 0.9495192307692307 0.8918269230769231 0.8365384615384616 0.8918269230769231
23 0.08413461538461539 0.10817307692307693 0.1971153846153846 0.10817307692307693 0.1971153846153846 0.3918269230769231 0.08413461538461539 0.3918269230769231
23 0.08413461538461539 0.6105769230769231 0.1971153846153846 0.6105769230769231 0.1971153846153846 0.8942307692307693 0.08413461538461539 0.8942307692307693
23 0.3389423076923077 0.10817307692307693 0.4519230769230769 0.10817307692307693 0.4519230769230769 0.3918269230769231 0.3389423076923077 0.3918269230769231
23 0.3389423076923077 0.6105769230769231 0.4519230769230769 0.6105769230769231 0.4519230769230769 0.8942307692307693 0.3389423076923077 0.8942307692307693
23 0.5913461538461539 0.10817307692307693 0.7043269230769231 0.10817307692307693 0.7043269230769231 0.3918269230769231 0.5913461538461539 0.3918269230769231
23 0.5913461538461539 0.6105769230769231 0.7043269230769231 0.6105769230769231 0.7043269230769231 0.8942307692307693 0.5913461538461539 0.8942307692307693
23 0 0.2668269230769231 0.055288461538461536 0.2668269230769231 0.055288461538461536 0.7427884615384616 0 0.7427884615384616
23 0.002403846153846154 0 0.055288461538461536 0 0.055288461538461536 0.2283653846153846 0.002403846153846154 0.2283653846153846
23 0 0.7932692307692307 0.055288461538461536 0.7932692307692307 0.055288461538461536 1 0 1
11 0.052884615384615384 0.5264423076923077 0.9975961538461539 0.5264423076923077 0.9975961538461539 1 0.052884615384615384 1
12 0.055288461538461536 0.5 0.9975961538461539 0.5 0.9975961538461539 0.5288461538461539 0.055288461538461536 0.5288461538461539
11 0.055288461538461536 0 0.9975961538461539 0 0.9975961538461539 0.5 0.055288461538461536 0.5
2 0 0 0.9975961538461539 0 0.9975961538461539 1 0 1
10 0 0 1 0 1 1 0 1
7 0.7043269230769231 0.6057692307692307 0.7403846153846154 0.6057692307692307 0.7403846153846154 0.9975961538461539 0.7043269230769231 0.9975961538461539