23 0.30288461538461536 0.40384615384615385 0.3269230769230769 0.40384615384615385 0.3269230769230769 0.43509615384615385 0.30288461538461536 0.43509615384615385
23 0.10336538461538461 0.75 0.13701923076923078 0.75 0.13701923076923078 0.7764423076923077 0.10336538461538461 0.7764423076923077
23 0.0985576923076923 0.4951923076923077 0.12980769230769232 0.4951923076923077 0.12980769230769232 0.5336538461538461 0.0985576923076923 0.5336538461538461
23 0.7764423076923077 0.6802884615384616 0.7932692307692307 0.6802884615384616 0.7932692307692307 0.6899038461538461 0.7764423076923077 0.6899038461538461
23 0.5600961538461539 0.28365384615384615 0.5841346153846154 0.28365384615384615 0.5841346153846154 0.3173076923076923 0.5600961538461539 0.3173076923076923
23 0.7716346153846154 0.38221153846153844 0.7908653846153846 0.38221153846153844 0.7908653846153846 0.3942307692307692 0.7716346153846154 0.3942307692307692
23 0.0985576923076923 0.5697115384615384 0.12980769230769232 0.5697115384615384 0.12980769230769232 0.5961538461538461 0.0985576923076923 0.5961538461538461
23 0.10096153846153846 0.6298076923076923 0.13221153846153846 0.6298076923076923 0.13221153846153846 0.65625 0.10096153846153846 0.65625
23 0.10336538461538461 0.6899038461538461 0.1346153846153846 0.6899038461538461 0.1346153846153846 0.7163461538461539 0.10336538461538461 0.7163461538461539
5 0.03365384615384615 0.37259615384615385 0.07451923076923077 0.37259615384615385 0.07451923076923077 0.4543269230769231 0.03365384615384615 0.4543269230769231
5 0.6201923076923077 0.06971153846153846 0.6610576923076923 0.06971153846153846 0.6610576923076923 0.13221153846153846 0.6201923076923077 0.13221153846153846
2 0.02403846153846154 0.007211538461538462 0.8533653846153846 0.007211538461538462 0.8533653846153846 1 0.02403846153846154 1
10 0 0.007211538461538462 0.8533653846153846 0.007211538461538462 0.8533653846153846 0.9975961538461539 0 0.9975961538461539