20 0.5096153846153846 0.7572115384615384 0.8798076923076923 0.7572115384615384 0.8798076923076923 0.8509615384615384 0.5096153846153846 0.8509615384615384
20 0.5096153846153846 0.8557692307692307 0.8798076923076923 0.8557692307692307 0.8798076923076923 0.9086538461538461 0.5096153846153846 0.9086538461538461
20 0.8798076923076923 0.8629807692307693 1 0.8629807692307693 1 0.9014423076923077 0.8798076923076923 0.9014423076923077
20 0.16105769230769232 0.7956730769230769 0.37259615384615385 0.7956730769230769 0.37259615384615385 0.8485576923076923 0.16105769230769232 0.8485576923076923
14 0.3581730769230769 0.17548076923076922 0.375 0.17548076923076922 0.375 0.4110576923076923 0.3581730769230769 0.4110576923076923
14 0.375 0.4639423076923077 0.3894230769230769 0.4639423076923077 0.3894230769230769 0.5841346153846154 0.375 0.5841346153846154
14 0.3605769230769231 0.6490384615384616 0.3701923076923077 0.6490384615384616 0.3701923076923077 0.78125 0.3605769230769231 0.78125
14 0.16105769230769232 0.5985576923076923 0.37259615384615385 0.5985576923076923 0.37259615384615385 0.6442307692307693 0.16105769230769232 0.6442307692307693
14 0.4855769230769231 0.25 0.8509615384615384 0.25 0.8509615384615384 0.7524038461538461 0.4855769230769231 0.7524038461538461
14 0.375 0.25 0.5793269230769231 0.25 0.5793269230769231 0.8461538461538461 0.375 0.8461538461538461
23 0.18990384615384615 0.4326923076923077 0.21394230769230768 0.4326923076923077 0.21394230769230768 0.5360576923076923 0.18990384615384615 0.5360576923076923
23 0.6971153846153846 0.5552884615384616 0.7307692307692307 0.5552884615384616 0.7307692307692307 0.6754807692307693 0.6971153846153846 0.6754807692307693
23 0.5841346153846154 0.28125 0.6129807692307693 0.28125 0.6129807692307693 0.34375 0.5841346153846154 0.34375
14 0.15625 0.25 0.37259615384615385 0.25 0.37259615384615385 0.4519230769230769 0.15625 0.4519230769230769
0 0.5961538461538461 0.5528846153846154 0.9302884615384616 0.5528846153846154 0.9302884615384616 0.5745192307692307 0.5961538461538461 0.5745192307692307
0 0.46634615384615385 0.7355769230769231 0.8798076923076923 0.7355769230769231 0.8798076923076923 0.7548076923076923 0.46634615384615385 0.7548076923076923
0 0.8798076923076923 0.8293269230769231 1 0.8293269230769231 1 0.8509615384615384 0.8798076923076923 0.8509615384615384
0 0.40625 0.38221153846153844 0.5841346153846154 0.38221153846153844 0.5841346153846154 0.40865384615384615 0.40625 0.40865384615384615
23 0.5288461538461539 0.38461538461538464 0.5432692307692307 0.38461538461538464 0.5432692307692307 0.5192307692307693 0.5288461538461539 0.5192307692307693
0 0.06009615384615385 0.4326923076923077 0.3918269230769231 0.4326923076923077 0.3918269230769231 0.47836538461538464 0.06009615384615385 0.47836538461538464
0 0.14182692307692307 0.625 0.37259615384615385 0.625 0.37259615384615385 0.6514423076923077 0.14182692307692307 0.6514423076923077
8 0.3942307692307692 0.7740384615384616 0.46875 0.7740384615384616 0.46875 0.8461538461538461 0.3942307692307692 0.8461538461538461
23 0.4375 0.4639423076923077 0.47115384615384615 0.4639423076923077 0.47115384615384615 0.6490384615384616 0.4375 0.6490384615384616
23 0.30528846153846156 0.6274038461538461 0.3245192307692308 0.6274038461538461 0.3245192307692308 0.7451923076923077 0.30528846153846156 0.7451923076923077
13 0.15865384615384615 0.30528846153846156 0.1875 0.30528846153846156 0.1875 0.31009615384615385 0.15865384615384615 0.31009615384615385
13 0.3918269230769231 0.4735576923076923 0.4230769230769231 0.4735576923076923 0.4230769230769231 0.4807692307692308 0.3918269230769231 0.4807692307692308
13 0.37740384615384615 0.3605769230769231 0.49038461538461536 0.3605769230769231 0.49038461538461536 0.3701923076923077 0.37740384615384615 0.3701923076923077
13 0.5841346153846154 0.49278846153846156 0.6923076923076923 0.49278846153846156 0.6923076923076923 0.49759615384615385 0.5841346153846154 0.49759615384615385
13 0.5841346153846154 0.43990384615384615 0.6923076923076923 0.43990384615384615 0.6923076923076923 0.44711538461538464 0.5841346153846154 0.44711538461538464
13 0.5841346153846154 0.5288461538461539 0.6923076923076923 0.5288461538461539 0.6923076923076923 0.5360576923076923 0.5841346153846154 0.5360576923076923
13 0.5120192307692307 0.7524038461538461 0.8822115384615384 0.7524038461538461 0.8822115384615384 0.7572115384615384 0.5120192307692307 0.7572115384615384
13 0.5096153846153846 0.8509615384615384 0.8798076923076923 0.8509615384615384 0.8798076923076923 0.8557692307692307 0.5096153846153846 0.8557692307692307
13 0.37259615384615385 0.6538461538461539 0.4206730769230769 0.6538461538461539 0.4206730769230769 0.6634615384615384 0.37259615384615385 0.6634615384615384
13 0.37259615384615385 0.30528846153846156 0.49038461538461536 0.30528846153846156 0.49038461538461536 0.3125 0.37259615384615385 0.3125
13 0.5096153846153846 0.7956730769230769 0.8798076923076923 0.7956730769230769 0.8798076923076923 0.8004807692307693 0.5096153846153846 0.8004807692307693
13 0.38461538461538464 0.7620192307692307 0.46875 0.7620192307692307 0.46875 0.7668269230769231 0.38461538461538464 0.7668269230769231
13 0.375 0.7019230769230769 0.4855769230769231 0.7019230769230769 0.4855769230769231 0.7091346153846154 0.375 0.7091346153846154
13 0.37740384615384615 0.43028846153846156 0.40865384615384615 0.43028846153846156 0.40865384615384615 0.4375 0.37740384615384615 0.4375
13 0.3918269230769231 0.5288461538461539 0.4206730769230769 0.5288461538461539 0.4206730769230769 0.5360576923076923 0.3918269230769231 0.5360576923076923
13 0.3918269230769231 0.5889423076923077 0.4206730769230769 0.5889423076923077 0.4206730769230769 0.5961538461538461 0.3918269230769231 0.5961538461538461
13 0.3629807692307692 0.6995192307692307 0.36778846153846156 0.6995192307692307 0.36778846153846156 0.7091346153846154 0.3629807692307692 0.7091346153846154
13 0.6778846153846154 0.30528846153846156 0.6923076923076923 0.30528846153846156 0.6923076923076923 0.3125 0.6778846153846154 0.3125
13 0.6778846153846154 0.3629807692307692 0.6923076923076923 0.3629807692307692 0.6923076923076923 0.36778846153846156 0.6778846153846154 0.36778846153846156
2 0.057692307692307696 0.13942307692307693 1 0.13942307692307693 1 0.9086538461538461 0.057692307692307696 0.9086538461538461
10 0.057692307692307696 0.13942307692307693 0.9975961538461539 0.13942307692307693 0.9975961538461539 0.9086538461538461 0.057692307692307696 0.9086538461538461