0 0.7932692307692307 0.6466346153846154 0.8918269230769231 0.6466346153846154 0.8918269230769231 0.6995192307692307 0.7932692307692307 0.6995192307692307
0 0.21153846153846154 0.6466346153846154 0.3125 0.6466346153846154 0.3125 0.6995192307692307 0.21153846153846154 0.6995192307692307
0 0.40865384615384615 0.6466346153846154 0.5072115384615384 0.6466346153846154 0.5072115384615384 0.6995192307692307 0.40865384615384615 0.6995192307692307
0 0.5793269230769231 0.6466346153846154 0.6802884615384616 0.6466346153846154 0.6802884615384616 0.6995192307692307 0.5793269230769231 0.6995192307692307
0 0.7908653846153846 0.3485576923076923 0.8918269230769231 0.3485576923076923 0.8918269230769231 0.4014423076923077 0.7908653846153846 0.4014423076923077
24 0.21153846153846154 0.2932692307692308 0.31009615384615385 0.2932692307692308 0.31009615384615385 0.4014423076923077 0.21153846153846154 0.4014423076923077
24 0.7932692307692307 0.5913461538461539 0.8918269230769231 0.5913461538461539 0.8918269230769231 0.6995192307692307 0.7932692307692307 0.6995192307692307
0 0.5793269230769231 0.34615384615384615 0.6802884615384616 0.34615384615384615 0.6802884615384616 0.4014423076923077 0.5793269230769231 0.4014423076923077
0 0.7908653846153846 0.49759615384615385 0.8918269230769231 0.49759615384615385 0.8918269230769231 0.5504807692307693 0.7908653846153846 0.5504807692307693
0 0.21153846153846154 0.49759615384615385 0.31009615384615385 0.49759615384615385 0.31009615384615385 0.5504807692307693 0.21153846153846154 0.5504807692307693
0 0.40865384615384615 0.49759615384615385 0.5096153846153846 0.49759615384615385 0.5096153846153846 0.5504807692307693 0.40865384615384615 0.5504807692307693
0 0.5793269230769231 0.49759615384615385 0.6802884615384616 0.49759615384615385 0.6802884615384616 0.5504807692307693 0.5793269230769231 0.5504807692307693
17 0.5769230769230769 0.7403846153846154 0.7115384615384616 0.7403846153846154 0.7115384615384616 0.8485576923076923 0.5769230769230769 0.8485576923076923
17 0.3125 0.7403846153846154 0.40865384615384615 0.7403846153846154 0.40865384615384615 0.8485576923076923 0.3125 0.8485576923076923
7 0 0.7740384615384616 0.3894230769230769 0.7740384615384616 0.3894230769230769 0.90625 0 0.90625
7 0.4519230769230769 0.7860576923076923 0.8942307692307693 0.7860576923076923 0.8942307692307693 0.8966346153846154 0.4519230769230769 0.8966346153846154
12 0.09375 0.6995192307692307 0.9254807692307693 0.6995192307692307 0.9254807692307693 0.7091346153846154 0.09375 0.7091346153846154
22 0.09375 0.7067307692307693 0.9254807692307693 0.7067307692307693 0.9254807692307693 0.8485576923076923 0.09375 0.8485576923076923
12 0.09375 0.5504807692307693 0.9254807692307693 0.5504807692307693 0.9254807692307693 0.5600961538461539 0.09375 0.5600961538461539
12 0.09375 0.4014423076923077 0.9254807692307693 0.4014423076923077 0.9254807692307693 0.4110576923076923 0.09375 0.4110576923076923
10 0.09375 0.2644230769230769 0.9254807692307693 0.2644230769230769 0.9254807692307693 0.8485576923076923 0.09375 0.8485576923076923
22 0.09375 0.4110576923076923 0.9254807692307693 0.4110576923076923 0.9254807692307693 0.5480769230769231 0.09375 0.5480769230769231
22 0.09375 0.5600961538461539 0.9254807692307693 0.5600961538461539 0.9254807692307693 0.6995192307692307 0.09375 0.6995192307692307
2 0.06490384615384616 0.18269230769230768 0.9447115384615384 0.18269230769230768 0.9447115384615384 0.8485576923076923 0.06490384615384616 0.8485576923076923
22 0.09375 0.2644230769230769 0.9254807692307693 0.2644230769230769 0.9254807692307693 0.4014423076923077 0.09375 0.4014423076923077
9 0.21394230769230768 0.7403846153846154 0.3125 0.7403846153846154 0.3125 0.8485576923076923 0.21394230769230768 0.8485576923076923
9 0.4110576923076923 0.7403846153846154 0.5793269230769231 0.7403846153846154 0.5793269230769231 0.8485576923076923 0.4110576923076923 0.8485576923076923
9 0.7115384615384616 0.7403846153846154 0.8918269230769231 0.7403846153846154 0.8918269230769231 0.8485576923076923 0.7115384615384616 0.8485576923076923
0 0.21153846153846154 0.3485576923076923 0.31009615384615385 0.3485576923076923 0.31009615384615385 0.4014423076923077 0.21153846153846154 0.4014423076923077
0 0.40865384615384615 0.3485576923076923 0.5072115384615384 0.3485576923076923 0.5072115384615384 0.4014423076923077 0.40865384615384615 0.4014423076923077
24 0.40865384615384615 0.2956730769230769 0.5072115384615384 0.2956730769230769 0.5072115384615384 0.4014423076923077 0.40865384615384615 0.4014423076923077
24 0.5793269230769231 0.2956730769230769 0.6802884615384616 0.2956730769230769 0.6802884615384616 0.4014423076923077 0.5793269230769231 0.4014423076923077
24 0.7908653846153846 0.2956730769230769 0.8918269230769231 0.2956730769230769 0.8918269230769231 0.4014423076923077 0.7908653846153846 0.4014423076923077
24 0.7908653846153846 0.4423076923076923 0.8918269230769231 0.4423076923076923 0.8918269230769231 0.5504807692307693 0.7908653846153846 0.5504807692307693
24 0.5793269230769231 0.4423076923076923 0.6802884615384616 0.4423076923076923 0.6802884615384616 0.5504807692307693 0.5793269230769231 0.5504807692307693
24 0.40865384615384615 0.4423076923076923 0.5096153846153846 0.4423076923076923 0.5096153846153846 0.5504807692307693 0.40865384615384615 0.5504807692307693
24 0.21153846153846154 0.4423076923076923 0.31009615384615385 0.4423076923076923 0.31009615384615385 0.5504807692307693 0.21153846153846154 0.5504807692307693
24 0.21153846153846154 0.5913461538461539 0.3125 0.5913461538461539 0.3125 0.6995192307692307 0.21153846153846154 0.6995192307692307
24 0.40865384615384615 0.5913461538461539 0.5072115384615384 0.5913461538461539 0.5072115384615384 0.6995192307692307 0.40865384615384615 0.6995192307692307
24 0.5817307692307693 0.5913461538461539 0.6802884615384616 0.5913461538461539 0.6802884615384616 0.6995192307692307 0.5817307692307693 0.6995192307692307