14 0.5817307692307693 0.3125 0.6514423076923077 0.3125 0.6514423076923077 0.3317307692307692 0.5817307692307693 0.3317307692307692
14 0.27163461538461536 0.31490384615384615 0.34134615384615385 0.31490384615384615 0.34134615384615385 0.38221153846153844 0.27163461538461536 0.38221153846153844
14 0.3485576923076923 0.31490384615384615 0.4182692307692308 0.31490384615384615 0.4182692307692308 0.38221153846153844 0.3485576923076923 0.38221153846153844
14 0.42788461538461536 0.31490384615384615 0.49759615384615385 0.31490384615384615 0.49759615384615385 0.38221153846153844 0.42788461538461536 0.38221153846153844
14 0.5048076923076923 0.15625 0.5745192307692307 0.15625 0.5745192307692307 0.22355769230769232 0.5048076923076923 0.22355769230769232
14 0.27163461538461536 0.15625 0.34134615384615385 0.15625 0.34134615384615385 0.22355769230769232 0.27163461538461536 0.22355769230769232
14 0.3485576923076923 0.15625 0.4182692307692308 0.15625 0.4182692307692308 0.22355769230769232 0.3485576923076923 0.22355769230769232
14 0.42788461538461536 0.15625 0.49759615384615385 0.15625 0.49759615384615385 0.22355769230769232 0.42788461538461536 0.22355769230769232
14 0.27163461538461536 0.23557692307692307 0.34134615384615385 0.23557692307692307 0.34134615384615385 0.30288461538461536 0.27163461538461536 0.30288461538461536
14 0.3485576923076923 0.23557692307692307 0.4182692307692308 0.23557692307692307 0.4182692307692308 0.30288461538461536 0.3485576923076923 0.30288461538461536
14 0.42788461538461536 0.23557692307692307 0.49759615384615385 0.23557692307692307 0.49759615384615385 0.30288461538461536 0.42788461538461536 0.30288461538461536
14 0.5048076923076923 0.3125 0.5745192307692307 0.3125 0.5745192307692307 0.3317307692307692 0.5048076923076923 0.3317307692307692
14 0.5817307692307693 0.23557692307692307 0.6514423076923077 0.23557692307692307 0.6514423076923077 0.30288461538461536 0.5817307692307693 0.30288461538461536
14 0.5048076923076923 0.23557692307692307 0.5745192307692307 0.23557692307692307 0.5745192307692307 0.30288461538461536 0.5048076923076923 0.30288461538461536
14 0.5889423076923077 0.34134615384615385 0.6682692307692307 0.34134615384615385 0.6682692307692307 0.4182692307692308 0.5889423076923077 0.4182692307692308
14 0.5048076923076923 0.34134615384615385 0.5793269230769231 0.34134615384615385 0.5793269230769231 0.4182692307692308 0.5048076923076923 0.4182692307692308
14 0.4182692307692308 0.43028846153846156 0.49278846153846156 0.43028846153846156 0.49278846153846156 0.5048076923076923 0.4182692307692308 0.5048076923076923
14 0.5889423076923077 0.43028846153846156 0.6682692307692307 0.43028846153846156 0.6682692307692307 0.5048076923076923 0.5889423076923077 0.5048076923076923
14 0.5048076923076923 0.43028846153846156 0.5793269230769231 0.43028846153846156 0.5793269230769231 0.5048076923076923 0.5048076923076923 0.5048076923076923
14 0.4182692307692308 0.5168269230769231 0.49278846153846156 0.5168269230769231 0.49278846153846156 0.59375 0.4182692307692308 0.59375
14 0.6778846153846154 0.5168269230769231 0.7548076923076923 0.5168269230769231 0.7548076923076923 0.59375 0.6778846153846154 0.59375
14 0.5048076923076923 0.5168269230769231 0.5793269230769231 0.5168269230769231 0.5793269230769231 0.59375 0.5048076923076923 0.59375
14 0.33413461538461536 0.6057692307692307 0.40865384615384615 0.6057692307692307 0.40865384615384615 0.6826923076923077 0.33413461538461536 0.6826923076923077
14 0.6778846153846154 0.6057692307692307 0.7548076923076923 0.6057692307692307 0.7548076923076923 0.6826923076923077 0.6778846153846154 0.6826923076923077
14 0.5048076923076923 0.6057692307692307 0.5793269230769231 0.6057692307692307 0.5793269230769231 0.6826923076923077 0.5048076923076923 0.6826923076923077
14 0.5889423076923077 0.5168269230769231 0.6682692307692307 0.5168269230769231 0.6682692307692307 0.59375 0.5889423076923077 0.59375
14 0.5913461538461539 0.6057692307692307 0.6682692307692307 0.6057692307692307 0.6682692307692307 0.6826923076923077 0.5913461538461539 0.6826923076923077
14 0.6778846153846154 0.46875 0.7283653846153846 0.46875 0.7283653846153846 0.5072115384615384 0.6778846153846154 0.5072115384615384
14 0.35096153846153844 0.3918269230769231 0.4206730769230769 0.3918269230769231 0.4206730769230769 0.46153846153846156 0.35096153846153844 0.46153846153846156
14 0.30288461538461536 0.5168269230769231 0.34134615384615385 0.5168269230769231 0.34134615384615385 0.5384615384615384 0.30288461538461536 0.5384615384615384
14 0.30288461538461536 0.44711538461538464 0.34134615384615385 0.44711538461538464 0.34134615384615385 0.5096153846153846 0.30288461538461536 0.5096153846153846
14 0.25961538461538464 0.44711538461538464 0.2956730769230769 0.44711538461538464 0.2956730769230769 0.5096153846153846 0.25961538461538464 0.5096153846153846
14 0.25961538461538464 0.5168269230769231 0.2956730769230769 0.5168269230769231 0.2956730769230769 0.5384615384615384 0.25961538461538464 0.5384615384615384
11 0.34134615384615385 0.46875 0.4110576923076923 0.46875 0.4110576923076923 0.5384615384615384 0.34134615384615385 0.5384615384615384
14 0.27403846153846156 0.6274038461538461 0.3245192307692308 0.6274038461538461 0.3245192307692308 0.6826923076923077 0.27403846153846156 0.6826923076923077
14 0.27403846153846156 0.5480769230769231 0.34134615384615385 0.5480769230769231 0.34134615384615385 0.6177884615384616 0.27403846153846156 0.6177884615384616
14 0.35096153846153844 0.5480769230769231 0.4110576923076923 0.5480769230769231 0.4110576923076923 0.5961538461538461 0.35096153846153844 0.5961538461538461
14 0.22355769230769232 0.5480769230769231 0.2668269230769231 0.5480769230769231 0.2668269230769231 0.6177884615384616 0.22355769230769232 0.6177884615384616
14 0.22355769230769232 0.6274038461538461 0.2668269230769231 0.6274038461538461 0.2668269230769231 0.6826923076923077 0.22355769230769232 0.6826923076923077
14 0.6778846153846154 0.6899038461538461 0.7548076923076923 0.6899038461538461 0.7548076923076923 0.7788461538461539 0.6778846153846154 0.7788461538461539
14 0.18990384615384615 0.6899038461538461 0.23798076923076922 0.6899038461538461 0.23798076923076922 0.7788461538461539 0.18990384615384615 0.7788461538461539
14 0.24759615384615385 0.6899038461538461 0.3245192307692308 0.6899038461538461 0.3245192307692308 0.7788461538461539 0.24759615384615385 0.7788461538461539
14 0.33413461538461536 0.6899038461538461 0.4110576923076923 0.6899038461538461 0.4110576923076923 0.7788461538461539 0.33413461538461536 0.7788461538461539
14 0.4182692307692308 0.6899038461538461 0.4951923076923077 0.6899038461538461 0.4951923076923077 0.7788461538461539 0.4182692307692308 0.7788461538461539
14 0.5048076923076923 0.6899038461538461 0.5817307692307693 0.6899038461538461 0.5817307692307693 0.7788461538461539 0.5048076923076923 0.7788461538461539
14 0.5913461538461539 0.6899038461538461 0.6682692307692307 0.6899038461538461 0.6682692307692307 0.7788461538461539 0.5913461538461539 0.7788461538461539
14 0.4182692307692308 0.6057692307692307 0.49278846153846156 0.6057692307692307 0.49278846153846156 0.6826923076923077 0.4182692307692308 0.6826923076923077
0 0.2764423076923077 0.13942307692307693 0.5721153846153846 0.13942307692307693 0.5721153846153846 0.14903846153846154 0.2764423076923077 0.14903846153846154
0 0.5817307692307693 0.21634615384615385 0.6490384615384616 0.21634615384615385 0.6490384615384616 0.22355769230769232 0.5817307692307693 0.22355769230769232
0 0.5024038461538461 0.31971153846153844 0.6634615384615384 0.31971153846153844 0.6634615384615384 0.33413461538461536 0.5024038461538461 0.33413461538461536
0 0.6754807692307693 0.44711538461538464 0.7259615384615384 0.44711538461538464 0.7259615384615384 0.46153846153846156 0.6754807692307693 0.46153846153846156
11 0.6754807692307693 0.46153846153846156 0.7379807692307693 0.46153846153846156 0.7379807692307693 0.5072115384615384 0.6754807692307693 0.5072115384615384
14 0.5913461538461539 0.7884615384615384 0.7572115384615384 0.7884615384615384 0.7572115384615384 0.8798076923076923 0.5913461538461539 0.8798076923076923
20 0.4230769230769231 0.7932692307692307 0.5769230769230769 0.7932692307692307 0.5769230769230769 0.8076923076923077 0.4230769230769231 0.8076923076923077
14 0.4230769230769231 0.8076923076923077 0.46875 0.8076923076923077 0.46875 0.875 0.4230769230769231 0.875
14 0.5336538461538461 0.8076923076923077 0.5793269230769231 0.8076923076923077 0.5793269230769231 0.875 0.5336538461538461 0.875
8 0.4807692307692308 0.8197115384615384 0.5192307692307693 0.8197115384615384 0.5192307692307693 0.8774038461538461 0.4807692307692308 0.8774038461538461
14 0.24759615384615385 0.7860576923076923 0.4110576923076923 0.7860576923076923 0.4110576923076923 0.8798076923076923 0.24759615384615385 0.8798076923076923
14 0.47115384615384615 0.8100961538461539 0.5288461538461539 0.8100961538461539 0.5288461538461539 0.875 0.47115384615384615 0.875
15 0.18269230769230768 0.7884615384615384 0.7644230769230769 0.7884615384615384 0.7644230769230769 0.8846153846153846 0.18269230769230768 0.8846153846153846
11 0.18269230769230768 0.6899038461538461 0.7644230769230769 0.6899038461538461 0.7644230769230769 0.7788461538461539 0.18269230769230768 0.7788461538461539
12 0.18269230769230768 0.7788461538461539 0.7644230769230769 0.7788461538461539 0.7644230769230769 0.7860576923076923 0.18269230769230768 0.7860576923076923
12 0.2644230769230769 0.14903846153846154 0.5817307692307693 0.14903846153846154 0.5817307692307693 0.15384615384615385 0.2644230769230769 0.15384615384615385
11 0.21394230769230768 0.5384615384615384 0.4110576923076923 0.5384615384615384 0.4110576923076923 0.6177884615384616 0.21394230769230768 0.6177884615384616
12 0.3245192307692308 0.59375 0.7644230769230769 0.59375 0.7644230769230769 0.6033653846153846 0.3245192307692308 0.6033653846153846
12 0.4110576923076923 0.5072115384615384 0.7644230769230769 0.5072115384615384 0.7644230769230769 0.5168269230769231 0.4110576923076923 0.5168269230769231
12 0.4206730769230769 0.4206730769230769 0.6754807692307693 0.4206730769230769 0.6754807692307693 0.42788461538461536 0.4206730769230769 0.42788461538461536
11 0.2668269230769231 0.3125 0.49759615384615385 0.3125 0.49759615384615385 0.38221153846153844 0.2668269230769231 0.38221153846153844
11 0.4951923076923077 0.3125 0.6586538461538461 0.3125 0.6586538461538461 0.3317307692307692 0.4951923076923077 0.3317307692307692
22 0.2644230769230769 0.14903846153846154 0.5817307692307693 0.14903846153846154 0.5817307692307693 0.23317307692307693 0.2644230769230769 0.23317307692307693
11 0.4951923076923077 0.34134615384615385 0.6754807692307693 0.34134615384615385 0.6754807692307693 0.4206730769230769 0.4951923076923077 0.4206730769230769
11 0.3245192307692308 0.6033653846153846 0.7644230769230769 0.6033653846153846 0.7644230769230769 0.6826923076923077 0.3245192307692308 0.6826923076923077
11 0.4110576923076923 0.5168269230769231 0.7644230769230769 0.5168269230769231 0.7644230769230769 0.5961538461538461 0.4110576923076923 0.5961538461538461
11 0.4110576923076923 0.42788461538461536 0.6754807692307693 0.42788461538461536 0.6754807692307693 0.5072115384615384 0.4110576923076923 0.5072115384615384
12 0.2668269230769231 0.38221153846153844 0.49759615384615385 0.38221153846153844 0.49759615384615385 0.3918269230769231 0.2668269230769231 0.3918269230769231
12 0.4951923076923077 0.3317307692307692 0.6754807692307693 0.3317307692307692 0.6754807692307693 0.34134615384615385 0.4951923076923077 0.34134615384615385
12 0.2644230769230769 0.30288461538461536 0.6586538461538461 0.30288461538461536 0.6586538461538461 0.3125 0.2644230769230769 0.3125
11 0.2644230769230769 0.23317307692307693 0.6586538461538461 0.23317307692307693 0.6586538461538461 0.30288461538461536 0.2644230769230769 0.30288461538461536
0 0.6778846153846154 0.49278846153846156 0.7524038461538461 0.49278846153846156 0.7524038461538461 0.5096153846153846 0.6778846153846154 0.5096153846153846
11 0.21634615384615385 0.625 0.3269230769230769 0.625 0.3269230769230769 0.6826923076923077 0.21634615384615385 0.6826923076923077
0 0.1971153846153846 0.6610576923076923 0.3245192307692308 0.6610576923076923 0.3245192307692308 0.6826923076923077 0.1971153846153846 0.6826923076923077
12 0.18269230769230768 0.6826923076923077 0.7644230769230769 0.6826923076923077 0.7644230769230769 0.6899038461538461 0.18269230769230768 0.6899038461538461
11 0.25240384615384615 0.5168269230769231 0.34134615384615385 0.5168269230769231 0.34134615384615385 0.5384615384615384 0.25240384615384615 0.5384615384615384
0 0.2283653846153846 0.5240384615384616 0.34375 0.5240384615384616 0.34375 0.5384615384615384 0.2283653846153846 0.5384615384615384
12 0.21634615384615385 0.6177884615384616 0.33413461538461536 0.6177884615384616 0.33413461538461536 0.6274038461538461 0.21634615384615385 0.6274038461538461
11 0.25240384615384615 0.43990384615384615 0.34134615384615385 0.43990384615384615 0.34134615384615385 0.5096153846153846 0.25240384615384615 0.5096153846153846
14 0.35096153846153844 0.46875 0.4110576923076923 0.46875 0.4110576923076923 0.5384615384615384 0.35096153846153844 0.5384615384615384
12 0.21394230769230768 0.5384615384615384 0.4110576923076923 0.5384615384615384 0.4110576923076923 0.5480769230769231 0.21394230769230768 0.5480769230769231
11 0.34134615384615385 0.3918269230769231 0.4206730769230769 0.3918269230769231 0.4206730769230769 0.46153846153846156 0.34134615384615385 0.46153846153846156
12 0.25240384615384615 0.5096153846153846 0.34134615384615385 0.5096153846153846 0.34134615384615385 0.5168269230769231 0.25240384615384615 0.5168269230769231
12 0.34134615384615385 0.46153846153846156 0.4182692307692308 0.46153846153846156 0.4182692307692308 0.46875 0.34134615384615385 0.46875
11 0.4206730769230769 0.3918269230769231 0.4951923076923077 0.3918269230769231 0.4951923076923077 0.4206730769230769 0.4206730769230769 0.4206730769230769
12 0.6754807692307693 0.46153846153846156 0.7379807692307693 0.46153846153846156 0.7379807692307693 0.46875 0.6754807692307693 0.46875
12 0.2644230769230769 0.22596153846153846 0.6586538461538461 0.22596153846153846 0.6586538461538461 0.23317307692307693 0.2644230769230769 0.23317307692307693
7 0.13221153846153846 0.8365384615384616 0.2692307692307692 0.8365384615384616 0.2692307692307692 0.9038461538461539 0.13221153846153846 0.9038461538461539
7 0.2692307692307692 0.8581730769230769 0.4110576923076923 0.8581730769230769 0.4110576923076923 0.9038461538461539 0.2692307692307692 0.9038461538461539
7 0.18269230769230768 0.8798076923076923 0.47115384615384615 0.8798076923076923 0.47115384615384615 0.9951923076923077 0.18269230769230768 0.9951923076923077
7 0.44711538461538464 0.8629807692307693 0.5384615384615384 0.8629807692307693 0.5384615384615384 0.90625 0.44711538461538464 0.90625
7 0.5600961538461539 0.8653846153846154 0.6802884615384616 0.8653846153846154 0.6802884615384616 0.9086538461538461 0.5600961538461539 0.9086538461538461
7 0.6899038461538461 0.8677884615384616 0.8557692307692307 0.8677884615384616 0.8557692307692307 0.9086538461538461 0.6899038461538461 0.9086538461538461
7 0.7115384615384616 0.6442307692307693 0.8004807692307693 0.6442307692307693 0.8004807692307693 0.8605769230769231 0.7115384615384616 0.8605769230769231
7 0.34375 0.8485576923076923 0.9134615384615384 0.8485576923076923 0.9134615384615384 0.9086538461538461 0.34375 0.9086538461538461
2 0.18269230769230768 0.13942307692307693 0.7644230769230769 0.13942307692307693 0.7644230769230769 0.8822115384615384 0.18269230769230768 0.8822115384615384
10 0.28846153846153844 0.14903846153846154 0.5817307692307693 0.14903846153846154 0.5817307692307693 0.8822115384615384 0.28846153846153844 0.8822115384615384