23 0.7980769230769231 0.65625 0.8149038461538461 0.65625 0.8149038461538461 0.7259615384615384 0.7980769230769231 0.7259615384615384
23 0.7980769230769231 0.375 0.8149038461538461 0.375 0.8149038461538461 0.44471153846153844 0.7980769230769231 0.44471153846153844
23 0.7980769230769231 0.46875 0.8149038461538461 0.46875 0.8149038461538461 0.5384615384615384 0.7980769230769231 0.5384615384615384
23 0.7980769230769231 0.5625 0.8149038461538461 0.5625 0.8149038461538461 0.6322115384615384 0.7980769230769231 0.6322115384615384
23 0.18509615384615385 0.65625 0.20192307692307693 0.65625 0.20192307692307693 0.7259615384615384 0.18509615384615385 0.7259615384615384
23 0.18509615384615385 0.375 0.20192307692307693 0.375 0.20192307692307693 0.44471153846153844 0.18509615384615385 0.44471153846153844
23 0.18509615384615385 0.46875 0.20192307692307693 0.46875 0.20192307692307693 0.5384615384615384 0.18509615384615385 0.5384615384615384
23 0.18509615384615385 0.5625 0.20192307692307693 0.5625 0.20192307692307693 0.6322115384615384 0.18509615384615385 0.6322115384615384
23 0.4495192307692308 0.65625 0.46634615384615385 0.65625 0.46634615384615385 0.7259615384615384 0.4495192307692308 0.7259615384615384
23 0.4495192307692308 0.375 0.46634615384615385 0.375 0.46634615384615385 0.44471153846153844 0.4495192307692308 0.44471153846153844
23 0.4495192307692308 0.46875 0.46634615384615385 0.46875 0.46634615384615385 0.5384615384615384 0.4495192307692308 0.5384615384615384
23 0.4495192307692308 0.5625 0.46634615384615385 0.5625 0.46634615384615385 0.6322115384615384 0.4495192307692308 0.6322115384615384
23 0.5264423076923077 0.65625 0.5456730769230769 0.65625 0.5456730769230769 0.7259615384615384 0.5264423076923077 0.7259615384615384
23 0.5264423076923077 0.375 0.5456730769230769 0.375 0.5456730769230769 0.44471153846153844 0.5264423076923077 0.44471153846153844
23 0.5264423076923077 0.46875 0.5456730769230769 0.46875 0.5456730769230769 0.5384615384615384 0.5264423076923077 0.5384615384615384
23 0.5264423076923077 0.5625 0.5456730769230769 0.5625 0.5456730769230769 0.6322115384615384 0.5264423076923077 0.6322115384615384
8 0.6850961538461539 0.5408653846153846 0.7451923076923077 0.5408653846153846 0.7451923076923077 0.6177884615384616 0.6850961538461539 0.6177884615384616
8 0.6850961538461539 0.3389423076923077 0.7451923076923077 0.3389423076923077 0.7451923076923077 0.3942307692307692 0.6850961538461539 0.3942307692307692
8 0.6850961538461539 0.43990384615384615 0.7451923076923077 0.43990384615384615 0.7451923076923077 0.5024038461538461 0.6850961538461539 0.5024038461538461
8 0.5673076923076923 0.3389423076923077 0.6274038461538461 0.3389423076923077 0.6274038461538461 0.3942307692307692 0.5673076923076923 0.3942307692307692
8 0.5673076923076923 0.43990384615384615 0.6274038461538461 0.43990384615384615 0.6274038461538461 0.5024038461538461 0.5673076923076923 0.5024038461538461
8 0.36538461538461536 0.5408653846153846 0.4254807692307692 0.5408653846153846 0.4254807692307692 0.6177884615384616 0.36538461538461536 0.6177884615384616
8 0.36538461538461536 0.3389423076923077 0.4254807692307692 0.3389423076923077 0.4254807692307692 0.3942307692307692 0.36538461538461536 0.3942307692307692
8 0.36538461538461536 0.43990384615384615 0.4254807692307692 0.43990384615384615 0.4254807692307692 0.5024038461538461 0.36538461538461536 0.5024038461538461
8 0.6730769230769231 0.6418269230769231 0.7067307692307693 0.6418269230769231 0.7067307692307693 0.7259615384615384 0.6730769230769231 0.7259615384615384
8 0.25721153846153844 0.3389423076923077 0.3173076923076923 0.3389423076923077 0.3173076923076923 0.3942307692307692 0.25721153846153844 0.3942307692307692
8 0.25721153846153844 0.43990384615384615 0.3173076923076923 0.43990384615384615 0.3173076923076923 0.5024038461538461 0.25721153846153844 0.5024038461538461
8 0.5673076923076923 0.5408653846153846 0.6274038461538461 0.5408653846153846 0.6274038461538461 0.6177884615384616 0.5673076923076923 0.6177884615384616
8 0.25721153846153844 0.5408653846153846 0.3173076923076923 0.5408653846153846 0.3173076923076923 0.6177884615384616 0.25721153846153844 0.6177884615384616
8 0.5673076923076923 0.6466346153846154 0.6274038461538461 0.6466346153846154 0.6274038461538461 0.7283653846153846 0.5673076923076923 0.7283653846153846
8 0.28365384615384615 0.6418269230769231 0.3173076923076923 0.6418269230769231 0.3173076923076923 0.7259615384615384 0.28365384615384615 0.7259615384615384
23 0.7884615384615384 0.2980769230769231 0.8052884615384616 0.2980769230769231 0.8052884615384616 0.31971153846153844 0.7884615384615384 0.31971153846153844
23 0.19471153846153846 0.2980769230769231 0.21153846153846154 0.2980769230769231 0.21153846153846154 0.31971153846153844 0.19471153846153846 0.31971153846153844
23 0.4495192307692308 0.2980769230769231 0.46634615384615385 0.2980769230769231 0.46634615384615385 0.31971153846153844 0.4495192307692308 0.31971153846153844
23 0.5264423076923077 0.2980769230769231 0.5432692307692307 0.2980769230769231 0.5432692307692307 0.31971153846153844 0.5264423076923077 0.31971153846153844
23 0.6826923076923077 0.7475961538461539 0.7043269230769231 0.7475961538461539 0.7043269230769231 0.8317307692307693 0.6826923076923077 0.8317307692307693
23 0.36538461538461536 0.7475961538461539 0.3870192307692308 0.7475961538461539 0.3870192307692308 0.8317307692307693 0.36538461538461536 0.8317307692307693
23 0.6057692307692307 0.7475961538461539 0.6274038461538461 0.7475961538461539 0.6274038461538461 0.8317307692307693 0.6057692307692307 0.8317307692307693
8 0.2932692307692308 0.7475961538461539 0.31490384615384615 0.7475961538461539 0.31490384615384615 0.8317307692307693 0.2932692307692308 0.8317307692307693
8 0.5096153846153846 0.7475961538461539 0.5408653846153846 0.7475961538461539 0.5408653846153846 0.8317307692307693 0.5096153846153846 0.8317307692307693
23 0.65625 0.24278846153846154 0.7427884615384616 0.24278846153846154 0.7427884615384616 0.27884615384615385 0.65625 0.27884615384615385
23 0.25240384615384615 0.24278846153846154 0.33653846153846156 0.24278846153846154 0.33653846153846156 0.27884615384615385 0.25240384615384615 0.27884615384615385
23 0.3485576923076923 0.24278846153846154 0.4326923076923077 0.24278846153846154 0.4326923076923077 0.27884615384615385 0.3485576923076923 0.27884615384615385
23 0.5600961538461539 0.24278846153846154 0.6418269230769231 0.24278846153846154 0.6418269230769231 0.27884615384615385 0.5600961538461539 0.27884615384615385
0 0.5625 0.6826923076923077 0.7788461538461539 0.6826923076923077 0.7788461538461539 0.7259615384615384 0.5625 0.7259615384615384
12 0.5625 0.7259615384615384 0.7788461538461539 0.7259615384615384 0.7788461538461539 0.7307692307692307 0.5625 0.7307692307692307
0 0.5625 0.46634615384615385 0.7788461538461539 0.46634615384615385 0.7788461538461539 0.5048076923076923 0.5625 0.5048076923076923
0 0.5625 0.5745192307692307 0.7788461538461539 0.5745192307692307 0.7788461538461539 0.6177884615384616 0.5625 0.6177884615384616
0 0.5625 0.3557692307692308 0.7788461538461539 0.3557692307692308 0.7788461538461539 0.39663461538461536 0.5625 0.39663461538461536
12 0.5625 0.39663461538461536 0.7788461538461539 0.39663461538461536 0.7788461538461539 0.4014423076923077 0.5625 0.4014423076923077
12 0.5625 0.5072115384615384 0.7788461538461539 0.5072115384615384 0.7788461538461539 0.5120192307692307 0.5625 0.5120192307692307
12 0.5625 0.6177884615384616 0.7788461538461539 0.6177884615384616 0.7788461538461539 0.6225961538461539 0.5625 0.6225961538461539
0 0.22115384615384615 0.6826923076923077 0.4375 0.6826923076923077 0.4375 0.7259615384615384 0.22115384615384615 0.7259615384615384
12 0.22115384615384615 0.7259615384615384 0.4375 0.7259615384615384 0.4375 0.7307692307692307 0.22115384615384615 0.7307692307692307
0 0.22115384615384615 0.46634615384615385 0.4375 0.46634615384615385 0.4375 0.5048076923076923 0.22115384615384615 0.5048076923076923
0 0.22115384615384615 0.5745192307692307 0.4375 0.5745192307692307 0.4375 0.6177884615384616 0.22115384615384615 0.6177884615384616
0 0.22115384615384615 0.3557692307692308 0.4375 0.3557692307692308 0.4375 0.39663461538461536 0.22115384615384615 0.39663461538461536
12 0.22115384615384615 0.39663461538461536 0.4375 0.39663461538461536 0.4375 0.4014423076923077 0.22115384615384615 0.4014423076923077
12 0.22115384615384615 0.5072115384615384 0.4375 0.5072115384615384 0.4375 0.5120192307692307 0.22115384615384615 0.5120192307692307
12 0.22115384615384615 0.6177884615384616 0.4375 0.6177884615384616 0.4375 0.6225961538461539 0.22115384615384615 0.6225961538461539
17 0.6610576923076923 0.2932692307692308 0.6754807692307693 0.2932692307692308 0.6754807692307693 0.8341346153846154 0.6610576923076923 0.8341346153846154
17 0.7740384615384616 0.2932692307692308 0.78125 0.2932692307692308 0.78125 0.8389423076923077 0.7740384615384616 0.8389423076923077
17 0.5504807692307693 0.2932692307692308 0.5600961538461539 0.2932692307692308 0.5600961538461539 0.8389423076923077 0.5504807692307693 0.8389423076923077
17 0.32211538461538464 0.2932692307692308 0.33653846153846156 0.2932692307692308 0.33653846153846156 0.8341346153846154 0.32211538461538464 0.8341346153846154
17 0.43028846153846156 0.2932692307692308 0.43990384615384615 0.2932692307692308 0.43990384615384615 0.8389423076923077 0.43028846153846156 0.8389423076923077
17 0.21875 0.2932692307692308 0.22596153846153846 0.2932692307692308 0.22596153846153846 0.8389423076923077 0.21875 0.8389423076923077
2 0 0.15144230769230768 1 0.15144230769230768 1 0.8798076923076923 0 0.8798076923076923
10 0.1778846153846154 0.21634615384615385 0.8197115384615384 0.21634615384615385 0.8197115384615384 0.8774038461538461 0.1778846153846154 0.8774038461538461