23 0.7139423076923077 0.46153846153846156 0.8221153846153846 0.46153846153846156 0.8221153846153846 0.5408653846153846 0.7139423076923077 0.5408653846153846
23 0.7139423076923077 0.44711538461538464 0.8221153846153846 0.44711538461538464 0.8221153846153846 0.46153846153846156 0.7139423076923077 0.46153846153846156
23 0.1778846153846154 0.46153846153846156 0.2860576923076923 0.46153846153846156 0.2860576923076923 0.5408653846153846 0.1778846153846154 0.5408653846153846
23 0.1778846153846154 0.44711538461538464 0.2860576923076923 0.44711538461538464 0.2860576923076923 0.46153846153846156 0.1778846153846154 0.46153846153846156
4 0.6899038461538461 0.43028846153846156 0.8509615384615384 0.43028846153846156 0.8509615384615384 0.44471153846153844 0.6899038461538461 0.44471153846153844
4 0.1466346153846154 0.43028846153846156 0.3076923076923077 0.43028846153846156 0.3076923076923077 0.44471153846153844 0.1466346153846154 0.44471153846153844
4 0.43509615384615385 0.43028846153846156 0.5649038461538461 0.43028846153846156 0.5649038461538461 0.44471153846153844 0.43509615384615385 0.44471153846153844
16 0.6514423076923077 0.21153846153846154 0.8894230769230769 0.21153846153846154 0.8894230769230769 0.22115384615384615 0.6514423076923077 0.22115384615384615
16 0.11057692307692307 0.21153846153846154 0.34615384615384615 0.21153846153846154 0.34615384615384615 0.22355769230769232 0.11057692307692307 0.22355769230769232
16 0.06490384615384616 0.23798076923076922 0.11057692307692307 0.23798076923076922 0.11057692307692307 0.24519230769230768 0.06490384615384616 0.24519230769230768
16 0.8894230769230769 0.21634615384615385 0.9855769230769231 0.21634615384615385 0.9855769230769231 0.2283653846153846 0.8894230769230769 0.2283653846153846
16 0.6201923076923077 0.15865384615384615 0.6538461538461539 0.15865384615384615 0.6538461538461539 0.16826923076923078 0.6201923076923077 0.16826923076923078
16 0.34375 0.15865384615384615 0.375 0.15865384615384615 0.375 0.16826923076923078 0.34375 0.16826923076923078
4 0.08413461538461539 0.19471153846153846 0.3485576923076923 0.19471153846153846 0.3485576923076923 0.21634615384615385 0.08413461538461539 0.21634615384615385
4 0.04326923076923077 0.22355769230769232 0.11298076923076923 0.22355769230769232 0.11298076923076923 0.23557692307692307 0.04326923076923077 0.23557692307692307
4 0.32211538461538464 0.13701923076923078 0.6778846153846154 0.13701923076923078 0.6778846153846154 0.1658653846153846 0.32211538461538464 0.1658653846153846
4 0.6514423076923077 0.19471153846153846 1 0.19471153846153846 1 0.21634615384615385 0.6514423076923077 0.21634615384615385
4 0.11057692307692307 0.23317307692307693 0.34375 0.23317307692307693 0.34375 0.25721153846153844 0.11057692307692307 0.25721153846153844
4 0.6586538461538461 0.23317307692307693 0.8870192307692307 0.23317307692307693 0.8870192307692307 0.25961538461538464 0.6586538461538461 0.25961538461538464
14 0.4326923076923077 0.28125 0.5673076923076923 0.28125 0.5673076923076923 0.5432692307692307 0.4326923076923077 0.5432692307692307
17 0.5769230769230769 0.3173076923076923 0.6586538461538461 0.3173076923076923 0.6586538461538461 0.5408653846153846 0.5769230769230769 0.5408653846153846
17 0.34134615384615385 0.3173076923076923 0.4206730769230769 0.3173076923076923 0.4206730769230769 0.5408653846153846 0.34134615384615385 0.5408653846153846
17 0.8413461538461539 0.28365384615384615 0.875 0.28365384615384615 0.875 0.5408653846153846 0.8413461538461539 0.5408653846153846
17 0.1201923076923077 0.28365384615384615 0.15384615384615385 0.28365384615384615 0.15384615384615385 0.5408653846153846 0.1201923076923077 0.5408653846153846
17 0.6658653846153846 0.28365384615384615 0.6995192307692307 0.28365384615384615 0.6995192307692307 0.5408653846153846 0.6658653846153846 0.5408653846153846
17 0.3004807692307692 0.28365384615384615 0.33413461538461536 0.28365384615384615 0.33413461538461536 0.5408653846153846 0.3004807692307692 0.5408653846153846
23 0.7139423076923077 0.30288461538461536 0.8221153846153846 0.30288461538461536 0.8221153846153846 0.3918269230769231 0.7139423076923077 0.3918269230769231
23 0.1778846153846154 0.30288461538461536 0.28365384615384615 0.30288461538461536 0.28365384615384615 0.3894230769230769 0.1778846153846154 0.3894230769230769
5 0.5961538461538461 0.4879807692307692 0.6346153846153846 0.4879807692307692 0.6346153846153846 0.5408653846153846 0.5961538461538461 0.5408653846153846
5 0.3605769230769231 0.4879807692307692 0.39903846153846156 0.4879807692307692 0.39903846153846156 0.5408653846153846 0.3605769230769231 0.5408653846153846
5 0.7139423076923077 0.25240384615384615 0.8413461538461539 0.25240384615384615 0.8413461538461539 0.2764423076923077 0.7139423076923077 0.2764423076923077
5 0.4375 0.15865384615384615 0.5721153846153846 0.15865384615384615 0.5721153846153846 0.18028846153846154 0.4375 0.18028846153846154
5 0.39663461538461536 0.19951923076923078 0.5985576923076923 0.19951923076923078 0.5985576923076923 0.27403846153846156 0.39663461538461536 0.27403846153846156
5 0.7524038461538461 0.2860576923076923 0.7860576923076923 0.2860576923076923 0.7860576923076923 0.30528846153846156 0.7524038461538461 0.30528846153846156
5 0.47596153846153844 0.2548076923076923 0.5240384615384616 0.2548076923076923 0.5240384615384616 0.28125 0.47596153846153844 0.28125
5 0.3581730769230769 0.2668269230769231 0.39663461538461536 0.2668269230769231 0.39663461538461536 0.3173076923076923 0.3581730769230769 0.3173076923076923
5 0.6057692307692307 0.2692307692307692 0.6442307692307693 0.2692307692307692 0.6442307692307693 0.3173076923076923 0.6057692307692307 0.3173076923076923
5 0.21394230769230768 0.2860576923076923 0.24759615384615385 0.2860576923076923 0.24759615384615385 0.30528846153846156 0.21394230769230768 0.30528846153846156
0 0.7019230769230769 0.36538461538461536 0.8413461538461539 0.36538461538461536 0.8413461538461539 0.3918269230769231 0.7019230769230769 0.3918269230769231
0 0.15625 0.36538461538461536 0.2932692307692308 0.36538461538461536 0.2932692307692308 0.3918269230769231 0.15625 0.3918269230769231
12 0.10817307692307693 0.39663461538461536 0.9879807692307693 0.39663461538461536 0.9879807692307693 0.4206730769230769 0.10817307692307693 0.4206730769230769
17 0.07451923076923077 0.43509615384615385 0.09134615384615384 0.43509615384615385 0.09134615384615384 0.5216346153846154 0.07451923076923077 0.5216346153846154
5 0.0673076923076923 0.3245192307692308 0.09375 0.3245192307692308 0.09375 0.36538461538461536 0.0673076923076923 0.36538461538461536
5 0.16105769230769232 0.25240384615384615 0.2860576923076923 0.25240384615384615 0.2860576923076923 0.2764423076923077 0.16105769230769232 0.2764423076923077
5 0.3918269230769231 0.08173076923076923 0.6105769230769231 0.08173076923076923 0.6105769230769231 0.13701923076923078 0.3918269230769231 0.13701923076923078
0 0.5913461538461539 0.5192307692307693 0.9230769230769231 0.5192307692307693 0.9230769230769231 0.5432692307692307 0.5913461538461539 0.5432692307692307
0 0.10096153846153846 0.5192307692307693 0.40865384615384615 0.5192307692307693 0.40865384615384615 0.5432692307692307 0.10096153846153846 0.5432692307692307
2 0 0.07932692307692307 1 0.07932692307692307 1 0.5865384615384616 0 0.5865384615384616
8 0.45913461538461536 0.45913461538461536 0.5408653846153846 0.45913461538461536 0.5408653846153846 0.5432692307692307 0.45913461538461536 0.5432692307692307
10 0.036057692307692304 0.08173076923076923 0.9975961538461539 0.08173076923076923 0.9975961538461539 0.5865384615384616 0.036057692307692304 0.5865384615384616