23 0.5673076923076923 0.4879807692307692 1 0.4879807692307692 1 0.5480769230769231 0.5673076923076923 0.5480769230769231
23 0.06971153846153846 0.6298076923076923 0.9158653846153846 0.6298076923076923 0.9158653846153846 0.6899038461538461 0.06971153846153846 0.6899038461538461
23 0 0.4879807692307692 0.4110576923076923 0.4879807692307692 0.4110576923076923 0.5480769230769231 0 0.5480769230769231
23 0.5673076923076923 0.2091346153846154 1 0.2091346153846154 1 0.2692307692307692 0.5673076923076923 0.2692307692307692
23 0 0.2091346153846154 0.4110576923076923 0.2091346153846154 0.4110576923076923 0.2692307692307692 0 0.2692307692307692
23 0.06971153846153846 0.3485576923076923 0.9158653846153846 0.3485576923076923 0.9158653846153846 0.40865384615384615 0.06971153846153846 0.40865384615384615
7 0.18269230769230768 0.8966346153846154 0.1971153846153846 0.8966346153846154 0.1971153846153846 0.9495192307692307 0.18269230769230768 0.9495192307692307
12 0 0.7331730769230769 1 0.7331730769230769 1 0.7451923076923077 0 0.7451923076923077
12 0 0.4423076923076923 1 0.4423076923076923 1 0.4567307692307692 0 0.4567307692307692
12 0 0.5841346153846154 1 0.5841346153846154 1 0.5985576923076923 0 0.5985576923076923
15 0 0.7451923076923077 1 0.7451923076923077 1 0.9182692307692307 0 0.9182692307692307
11 0 0.17067307692307693 1 0.17067307692307693 1 0.29086538461538464 0 0.29086538461538464
11 0 0.30528846153846156 1 0.30528846153846156 1 0.44471153846153844 0 0.44471153846153844
11 0 0.4567307692307692 1 0.4567307692307692 1 0.5841346153846154 0 0.5841346153846154
11 0 0.5985576923076923 1 0.5985576923076923 1 0.7331730769230769 0 0.7331730769230769
7 0.6923076923076923 0.6033653846153846 0.8677884615384616 0.6033653846153846 0.8677884615384616 0.9759615384615384 0.6923076923076923 0.9759615384615384
7 0.8653846153846154 0.8461538461538461 1 0.8461538461538461 1 0.9615384615384616 0.8653846153846154 0.9615384615384616
17 0.23798076923076922 0.7884615384615384 0.27403846153846156 0.7884615384615384 0.27403846153846156 0.9206730769230769 0.23798076923076922 0.9206730769230769
7 0 0.6442307692307693 0.036057692307692304 0.6442307692307693 0.036057692307692304 0.9350961538461539 0 0.9350961538461539
2 0 0.0673076923076923 1 0.0673076923076923 1 0.9182692307692307 0 0.9182692307692307
10 0 0.17067307692307693 1 0.17067307692307693 1 0.9182692307692307 0 0.9182692307692307
12 0 0.29086538461538464 1 0.29086538461538464 1 0.30528846153846156 0 0.30528846153846156