23 0.20192307692307693 0.46153846153846156 0.3076923076923077 0.46153846153846156 0.3076923076923077 0.5288461538461539 0.20192307692307693 0.5288461538461539
0 0.6730769230769231 0.5384615384615384 0.8389423076923077 0.5384615384615384 0.8389423076923077 0.6298076923076923 0.6730769230769231 0.6298076923076923
23 0.6730769230769231 0.4254807692307692 0.8389423076923077 0.4254807692307692 0.8389423076923077 0.6298076923076923 0.6730769230769231 0.6298076923076923
0 0.6730769230769231 0.2764423076923077 0.8389423076923077 0.2764423076923077 0.8389423076923077 0.36778846153846156 0.6730769230769231 0.36778846153846156
23 0.6730769230769231 0.16346153846153846 0.8389423076923077 0.16346153846153846 0.8389423076923077 0.3701923076923077 0.6730769230769231 0.3701923076923077
8 0.59375 0.7548076923076923 0.7139423076923077 0.7548076923076923 0.7139423076923077 0.8677884615384616 0.59375 0.8677884615384616
8 0.4519230769230769 0.6875 0.8581730769230769 0.6875 0.8581730769230769 0.9423076923076923 0.4519230769230769 0.9423076923076923
2 0.11778846153846154 0.07692307692307693 0.8894230769230769 0.07692307692307693 0.8894230769230769 0.9447115384615384 0.11778846153846154 0.9447115384615384
10 0.11778846153846154 0.07692307692307693 0.8894230769230769 0.07692307692307693 0.8894230769230769 0.9447115384615384 0.11778846153846154 0.9447115384615384
12 0.1201923076923077 0.6298076923076923 0.8918269230769231 0.6298076923076923 0.8918269230769231 0.6514423076923077 0.1201923076923077 0.6514423076923077
12 0.11778846153846154 0.36778846153846156 0.8894230769230769 0.36778846153846156 0.8894230769230769 0.3918269230769231 0.11778846153846154 0.3918269230769231