14 0.16346153846153846 0.18028846153846154 0.34615384615384615 0.18028846153846154 0.34615384615384615 0.2956730769230769 0.16346153846153846 0.2956730769230769
14 0.18269230769230768 0.2620192307692308 0.3581730769230769 0.2620192307692308 0.3581730769230769 0.3629807692307692 0.18269230769230768 0.3629807692307692
14 0.18509615384615385 0.34615384615384615 0.3581730769230769 0.34615384615384615 0.3581730769230769 0.43990384615384615 0.18509615384615385 0.43990384615384615
14 0.18509615384615385 0.42788461538461536 0.3605769230769231 0.42788461538461536 0.3605769230769231 0.5168269230769231 0.18509615384615385 0.5168269230769231
14 0.18509615384615385 0.5120192307692307 0.36538461538461536 0.5120192307692307 0.36538461538461536 0.59375 0.18509615384615385 0.59375
14 0.18509615384615385 0.5961538461538461 0.27403846153846156 0.5961538461538461 0.27403846153846156 0.6514423076923077 0.18509615384615385 0.6514423076923077
14 0.6634615384615384 0.18028846153846154 0.8197115384615384 0.18028846153846154 0.8197115384615384 0.27884615384615385 0.6634615384615384 0.27884615384615385
14 0.6514423076923077 0.25721153846153844 0.8197115384615384 0.25721153846153844 0.8197115384615384 0.3629807692307692 0.6514423076923077 0.3629807692307692
14 0.6490384615384616 0.5072115384615384 0.8197115384615384 0.5072115384615384 0.8197115384615384 0.59375 0.6490384615384616 0.59375
14 0.6490384615384616 0.34375 0.8173076923076923 0.34375 0.8173076923076923 0.4375 0.6490384615384616 0.4375
14 0.6490384615384616 0.4254807692307692 0.8173076923076923 0.4254807692307692 0.8173076923076923 0.5144230769230769 0.6490384615384616 0.5144230769230769
14 0.7355769230769231 0.59375 0.8197115384615384 0.59375 0.8197115384615384 0.6538461538461539 0.7355769230769231 0.6538461538461539
23 0.41586538461538464 0.1778846153846154 0.59375 0.1778846153846154 0.59375 0.24519230769230768 0.41586538461538464 0.24519230769230768
23 0.41586538461538464 0.6802884615384616 0.59375 0.6802884615384616 0.59375 0.75 0.41586538461538464 0.75
23 0.41586538461538464 0.5096153846153846 0.59375 0.5096153846153846 0.59375 0.5793269230769231 0.41586538461538464 0.5793269230769231
23 0.41586538461538464 0.42788461538461536 0.59375 0.42788461538461536 0.59375 0.4951923076923077 0.41586538461538464 0.4951923076923077
23 0.41586538461538464 0.34615384615384615 0.59375 0.34615384615384615 0.59375 0.41346153846153844 0.41586538461538464 0.41346153846153844
23 0.41586538461538464 0.2620192307692308 0.59375 0.2620192307692308 0.59375 0.3293269230769231 0.41586538461538464 0.3293269230769231
8 0.4879807692307692 0.18990384615384615 0.5216346153846154 0.18990384615384615 0.5216346153846154 0.24759615384615385 0.4879807692307692 0.24759615384615385
8 0.4879807692307692 0.27163461538461536 0.5216346153846154 0.27163461538461536 0.5216346153846154 0.3293269230769231 0.4879807692307692 0.3293269230769231
8 0.4879807692307692 0.3557692307692308 0.5216346153846154 0.3557692307692308 0.5216346153846154 0.41346153846153844 0.4879807692307692 0.41346153846153844
8 0.4879807692307692 0.43990384615384615 0.5216346153846154 0.43990384615384615 0.5216346153846154 0.4951923076923077 0.4879807692307692 0.4951923076923077
8 0.4879807692307692 0.5216346153846154 0.5216346153846154 0.5216346153846154 0.5216346153846154 0.5793269230769231 0.4879807692307692 0.5793269230769231
8 0.6706730769230769 0.6009615384615384 0.7043269230769231 0.6009615384615384 0.7043269230769231 0.6634615384615384 0.6706730769230769 0.6634615384615384
8 0.3076923076923077 0.6009615384615384 0.34134615384615385 0.6009615384615384 0.34134615384615385 0.6634615384615384 0.3076923076923077 0.6634615384615384
0 0.45913461538461536 0.18028846153846154 0.5552884615384616 0.18028846153846154 0.5552884615384616 0.24519230769230768 0.45913461538461536 0.24519230769230768
0 0.4567307692307692 0.2692307692307692 0.5552884615384616 0.2692307692307692 0.5552884615384616 0.3389423076923077 0.4567307692307692 0.3389423076923077
0 0.4567307692307692 0.3581730769230769 0.5528846153846154 0.3581730769230769 0.5528846153846154 0.4230769230769231 0.4567307692307692 0.4230769230769231
0 0.4567307692307692 0.5336538461538461 0.5552884615384616 0.5336538461538461 0.5552884615384616 0.5865384615384616 0.4567307692307692 0.5865384615384616
0 0.4567307692307692 0.6225961538461539 0.5576923076923077 0.6225961538461539 0.5576923076923077 0.6706730769230769 0.4567307692307692 0.6706730769230769
12 0.23317307692307693 0.7548076923076923 0.7764423076923077 0.7548076923076923 0.7764423076923077 0.7668269230769231 0.23317307692307693 0.7668269230769231
12 0.23557692307692307 0.3317307692307692 0.7740384615384616 0.3317307692307692 0.7740384615384616 0.34375 0.23557692307692307 0.34375
12 0.23557692307692307 0.24759615384615385 0.7740384615384616 0.24759615384615385 0.7740384615384616 0.25961538461538464 0.23557692307692307 0.25961538461538464
12 0.23317307692307693 0.41586538461538464 0.7764423076923077 0.41586538461538464 0.7764423076923077 0.42788461538461536 0.23317307692307693 0.42788461538461536
12 0.23317307692307693 0.5 0.7764423076923077 0.5 0.7764423076923077 0.5120192307692307 0.23317307692307693 0.5120192307692307
12 0.23317307692307693 0.5817307692307693 0.7764423076923077 0.5817307692307693 0.7764423076923077 0.59375 0.23317307692307693 0.59375
23 0.41586538461538464 0.59375 0.59375 0.59375 0.59375 0.6610576923076923 0.41586538461538464 0.6610576923076923
8 0.47596153846153844 0.6875 0.5336538461538461 0.6875 0.5336538461538461 0.75 0.47596153846153844 0.75
8 0.4879807692307692 0.6057692307692307 0.5216346153846154 0.6057692307692307 0.5216346153846154 0.6610576923076923 0.4879807692307692 0.6610576923076923
23 0.6466346153846154 0.7043269230769231 0.7475961538461539 0.7043269230769231 0.7475961538461539 0.7524038461538461 0.6466346153846154 0.7524038461538461
23 0.2644230769230769 0.7067307692307693 0.36778846153846156 0.7067307692307693 0.36778846153846156 0.7524038461538461 0.2644230769230769 0.7524038461538461
0 0.4543269230769231 0.7355769230769231 0.5576923076923077 0.7355769230769231 0.5576923076923077 0.7668269230769231 0.4543269230769231 0.7668269230769231
12 0.23317307692307693 0.6682692307692307 0.7764423076923077 0.6682692307692307 0.7764423076923077 0.6778846153846154 0.23317307692307693 0.6778846153846154
2 0.13221153846153846 0.10336538461538461 0.8509615384615384 0.10336538461538461 0.8509615384615384 0.7692307692307693 0.13221153846153846 0.7692307692307693
10 0.1346153846153846 0.10336538461538461 0.8509615384615384 0.10336538461538461 0.8509615384615384 0.7740384615384616 0.1346153846153846 0.7740384615384616
0 0.2644230769230769 0.6225961538461539 0.36778846153846156 0.6225961538461539 0.36778846153846156 0.6682692307692307 0.2644230769230769 0.6682692307692307
0 0.24759615384615385 0.2668269230769231 0.3701923076923077 0.2668269230769231 0.3701923076923077 0.3317307692307692 0.24759615384615385 0.3317307692307692
0 0.24759615384615385 0.3581730769230769 0.3701923076923077 0.3581730769230769 0.3701923076923077 0.4206730769230769 0.24759615384615385 0.4206730769230769
0 0.24759615384615385 0.44471153846153844 0.3701923076923077 0.44471153846153844 0.3701923076923077 0.5072115384615384 0.24759615384615385 0.5072115384615384
0 0.25 0.5336538461538461 0.36778846153846156 0.5336538461538461 0.36778846153846156 0.5865384615384616 0.25 0.5865384615384616
0 0.6418269230769231 0.6225961538461539 0.75 0.6225961538461539 0.75 0.6658653846153846 0.6418269230769231 0.6658653846153846
0 0.6418269230769231 0.2692307692307692 0.7596153846153846 0.2692307692307692 0.7596153846153846 0.31009615384615385 0.6418269230769231 0.31009615384615385
0 0.6418269230769231 0.3581730769230769 0.7596153846153846 0.3581730769230769 0.7596153846153846 0.39663461538461536 0.6418269230769231 0.39663461538461536
0 0.6394230769230769 0.44471153846153844 0.7596153846153846 0.44471153846153844 0.7596153846153846 0.4831730769230769 0.6394230769230769 0.4831730769230769
0 0.6418269230769231 0.53125 0.7620192307692307 0.53125 0.7620192307692307 0.5721153846153846 0.6418269230769231 0.5721153846153846