23 0.10817307692307693 0.24519230769230768 0.3269230769230769 0.24519230769230768 0.3269230769230769 0.37740384615384615 0.10817307692307693 0.37740384615384615
23 0.11538461538461539 0.17548076923076922 0.20192307692307693 0.17548076923076922 0.20192307692307693 0.20673076923076922 0.11538461538461539 0.20673076923076922
23 0.23798076923076922 0.19230769230769232 0.31971153846153844 0.19230769230769232 0.31971153846153844 0.20673076923076922 0.23798076923076922 0.20673076923076922
23 0.6850961538461539 0.19230769230769232 0.7668269230769231 0.19230769230769232 0.7668269230769231 0.20673076923076922 0.6850961538461539 0.20673076923076922
23 0.8004807692307693 0.17548076923076922 0.8918269230769231 0.17548076923076922 0.8918269230769231 0.20673076923076922 0.8004807692307693 0.20673076923076922
23 0.6778846153846154 0.24519230769230768 0.8966346153846154 0.24519230769230768 0.8966346153846154 0.3798076923076923 0.6778846153846154 0.3798076923076923
23 0.4110576923076923 0.23557692307692307 0.5889423076923077 0.23557692307692307 0.5889423076923077 0.3798076923076923 0.4110576923076923 0.3798076923076923
23 0.09615384615384616 0.5552884615384616 0.3581730769230769 0.5552884615384616 0.3581730769230769 0.7043269230769231 0.09615384615384616 0.7043269230769231
23 0.6442307692307693 0.5504807692307693 0.90625 0.5504807692307693 0.90625 0.7019230769230769 0.6442307692307693 0.7019230769230769
23 0.21634615384615385 0.71875 0.31490384615384615 0.71875 0.31490384615384615 0.7379807692307693 0.21634615384615385 0.7379807692307693
23 0.6850961538461539 0.71875 0.7836538461538461 0.71875 0.7836538461538461 0.7355769230769231 0.6850961538461539 0.7355769230769231
23 0.18269230769230768 0.7644230769230769 0.33413461538461536 0.7644230769230769 0.33413461538461536 0.7932692307692307 0.18269230769230768 0.7932692307692307
23 0.6706730769230769 0.7668269230769231 0.8197115384615384 0.7668269230769231 0.8197115384615384 0.7932692307692307 0.6706730769230769 0.7932692307692307
8 0.3942307692307692 0.7884615384615384 0.6081730769230769 0.7884615384615384 0.6081730769230769 0.9567307692307693 0.3942307692307692 0.9567307692307693
14 0.1778846153846154 0.41346153846153844 0.8221153846153846 0.41346153846153844 0.8221153846153846 0.71875 0.1778846153846154 0.71875
4 0.0889423076923077 0.14423076923076922 0.34134615384615385 0.14423076923076922 0.34134615384615385 0.19471153846153846 0.0889423076923077 0.19471153846153846
4 0.6610576923076923 0.14423076923076922 0.9158653846153846 0.14423076923076922 0.9158653846153846 0.19230769230769232 0.6610576923076923 0.19230769230769232
8 0.18509615384615385 0.8052884615384616 0.3317307692307692 0.8052884615384616 0.3317307692307692 0.9543269230769231 0.18509615384615385 0.9543269230769231
8 0.6706730769230769 0.8052884615384616 0.8173076923076923 0.8052884615384616 0.8173076923076923 0.9519230769230769 0.6706730769230769 0.9519230769230769
2 0.0889423076923077 0.06490384615384616 0.9158653846153846 0.06490384615384616 0.9158653846153846 0.9591346153846154 0.0889423076923077 0.9591346153846154
19 0.2644230769230769 0.0625 0.6514423076923077 0.0625 0.6514423076923077 0.19230769230769232 0.2644230769230769 0.19230769230769232
19 0.2644230769230769 0.13942307692307693 0.3557692307692308 0.13942307692307693 0.3557692307692308 0.19230769230769232 0.2644230769230769 0.19230769230769232
19 0.44711538461538464 0.1201923076923077 0.59375 0.1201923076923077 0.59375 0.19471153846153846 0.44711538461538464 0.19471153846153846
19 0.6971153846153846 0.14182692307692307 0.7475961538461539 0.14182692307692307 0.7475961538461539 0.16826923076923078 0.6971153846153846 0.16826923076923078
10 0.09134615384615384 0.0625 0.9134615384615384 0.0625 0.9134615384615384 0.9615384615384616 0.09134615384615384 0.9615384615384616