14 0.8221153846153846 0.6201923076923077 0.9158653846153846 0.6201923076923077 0.9158653846153846 0.8173076923076923 0.8221153846153846 0.8173076923076923
14 0.08653846153846154 0.6105769230769231 0.2548076923076923 0.6105769230769231 0.2548076923076923 0.8100961538461539 0.08653846153846154 0.8100961538461539
14 0.5456730769230769 0.6081730769230769 0.6442307692307693 0.6081730769230769 0.6442307692307693 0.8173076923076923 0.5456730769230769 0.8173076923076923
14 0.6850961538461539 0.6129807692307693 0.78125 0.6129807692307693 0.78125 0.8173076923076923 0.6850961538461539 0.8173076923076923
23 0.5120192307692307 0.4230769230769231 0.6466346153846154 0.4230769230769231 0.6466346153846154 0.4879807692307692 0.5120192307692307 0.4879807692307692
23 0.4423076923076923 0.4879807692307692 0.46875 0.4879807692307692 0.46875 0.5528846153846154 0.4423076923076923 0.5528846153846154
23 0.34134615384615385 0.4831730769230769 0.36778846153846156 0.4831730769230769 0.36778846153846156 0.5504807692307693 0.34134615384615385 0.5504807692307693
23 0.40865384615384615 0.4879807692307692 0.43509615384615385 0.4879807692307692 0.43509615384615385 0.5528846153846154 0.40865384615384615 0.5528846153846154
8 0.3004807692307692 0.6177884615384616 0.3269230769230769 0.6177884615384616 0.3269230769230769 0.8076923076923077 0.3004807692307692 0.8076923076923077
12 0.028846153846153848 0.5600961538461539 0.8197115384615384 0.5600961538461539 0.8197115384615384 0.6081730769230769 0.028846153846153848 0.6081730769230769
19 0.1971153846153846 0.002403846153846154 0.8942307692307693 0.002403846153846154 0.8942307692307693 0.6153846153846154 0.1971153846153846 0.6153846153846154
2 0.019230769230769232 0 0.9567307692307693 0 0.9567307692307693 0.8221153846153846 0.019230769230769232 0.8221153846153846
10 0.019230769230769232 0.002403846153846154 0.9567307692307693 0.002403846153846154 0.9567307692307693 0.8197115384615384 0.019230769230769232 0.8197115384615384
8 0.41586538461538464 0.6706730769230769 0.5072115384615384 0.6706730769230769 0.5072115384615384 0.8076923076923077 0.41586538461538464 0.8076923076923077
14 0.36538461538461536 0.6730769230769231 0.4110576923076923 0.6730769230769231 0.4110576923076923 0.8076923076923077 0.36538461538461536 0.8076923076923077