8 0.5408653846153846 0.7091346153846154 0.6658653846153846 0.7091346153846154 0.6658653846153846 0.8725961538461539 0.5408653846153846 0.8725961538461539
8 0.33413461538461536 0.3581730769230769 0.5817307692307693 0.3581730769230769 0.5817307692307693 0.4495192307692308 0.33413461538461536 0.4495192307692308
23 0.3317307692307692 0.3317307692307692 0.5817307692307693 0.3317307692307692 0.5817307692307693 0.35336538461538464 0.3317307692307692 0.35336538461538464
23 0.19951923076923078 0.65625 0.28125 0.65625 0.28125 0.8942307692307693 0.19951923076923078 0.8942307692307693
23 0.3701923076923077 0.65625 0.45913461538461536 0.65625 0.45913461538461536 0.8942307692307693 0.3701923076923077 0.8942307692307693
23 0.2932692307692308 0.19951923076923078 0.5865384615384616 0.19951923076923078 0.5865384615384616 0.4110576923076923 0.2932692307692308 0.4110576923076923
23 0.6490384615384616 0.16346153846153846 0.7548076923076923 0.16346153846153846 0.7548076923076923 0.37259615384615385 0.6490384615384616 0.37259615384615385
0 0.13701923076923078 0.5432692307692307 0.8701923076923077 0.5432692307692307 0.8701923076923077 0.5913461538461539 0.13701923076923078 0.5913461538461539
23 0.5264423076923077 0.6586538461538461 0.8052884615384616 0.6586538461538461 0.8052884615384616 0.9423076923076923 0.5264423076923077 0.9423076923076923
0 0.30288461538461536 0.37740384615384615 0.5889423076923077 0.37740384615384615 0.5889423076923077 0.43509615384615385 0.30288461538461536 0.43509615384615385
12 0.23076923076923078 0.43990384615384615 0.7860576923076923 0.43990384615384615 0.7860576923076923 0.4639423076923077 0.23076923076923078 0.4639423076923077
12 0.13701923076923078 0.59375 0.8701923076923077 0.59375 0.8701923076923077 0.6177884615384616 0.13701923076923078 0.6177884615384616
2 0.07451923076923077 0.06490384615384616 0.9326923076923077 0.06490384615384616 0.9326923076923077 0.9471153846153846 0.07451923076923077 0.9471153846153846
10 0.07692307692307693 0.06490384615384616 0.9326923076923077 0.06490384615384616 0.9326923076923077 0.9471153846153846 0.07692307692307693 0.9471153846153846