14 0.17067307692307693 0.3004807692307692 0.6033653846153846 0.3004807692307692 0.6033653846153846 0.53125 0.17067307692307693 0.53125
14 0.17067307692307693 0.5649038461538461 0.6033653846153846 0.5649038461538461 0.6033653846153846 0.7788461538461539 0.17067307692307693 0.7788461538461539
14 0.6778846153846154 0.46634615384615385 0.8822115384615384 0.46634615384615385 0.8822115384615384 0.6081730769230769 0.6778846153846154 0.6081730769230769
14 0.7019230769230769 0.6322115384615384 0.8822115384615384 0.6322115384615384 0.8822115384615384 0.7740384615384616 0.7019230769230769 0.7740384615384616
23 0.6057692307692307 0.4879807692307692 0.6538461538461539 0.4879807692307692 0.6538461538461539 0.6177884615384616 0.6057692307692307 0.6177884615384616
8 0.6033653846153846 0.6730769230769231 0.6370192307692307 0.6730769230769231 0.6370192307692307 0.7668269230769231 0.6033653846153846 0.7668269230769231
23 0.6394230769230769 0.6730769230769231 0.6538461538461539 0.6730769230769231 0.6538461538461539 0.7668269230769231 0.6394230769230769 0.7668269230769231
23 0.6057692307692307 0.6418269230769231 0.6538461538461539 0.6418269230769231 0.6538461538461539 0.6706730769230769 0.6057692307692307 0.6706730769230769
0 0.6754807692307693 0.5360576923076923 0.9206730769230769 0.5360576923076923 0.9206730769230769 0.6274038461538461 0.6754807692307693 0.6274038461538461
12 0.1658653846153846 0.5336538461538461 0.6033653846153846 0.5336538461538461 0.6033653846153846 0.5625 0.1658653846153846 0.5625
12 0.6057692307692307 0.6201923076923077 0.6538461538461539 0.6201923076923077 0.6538461538461539 0.6394230769230769 0.6057692307692307 0.6394230769230769
12 0.6754807692307693 0.59375 0.9206730769230769 0.59375 0.9206730769230769 0.6274038461538461 0.6754807692307693 0.6274038461538461
2 0.12980769230769232 0.125 0.9230769230769231 0.125 0.9230769230769231 0.8509615384615384 0.12980769230769232 0.8509615384615384
10 0.12980769230769232 0.12740384615384615 0.9230769230769231 0.12740384615384615 0.9230769230769231 0.8509615384615384 0.12980769230769232 0.8509615384615384