23 0.21394230769230768 0.24759615384615385 0.3557692307692308 0.24759615384615385 0.3557692307692308 0.28846153846153844 0.21394230769230768 0.28846153846153844
23 0.7019230769230769 0.24278846153846154 0.7475961538461539 0.24278846153846154 0.7475961538461539 0.2860576923076923 0.7019230769230769 0.2860576923076923
23 0.47836538461538464 0.3293269230769231 0.6298076923076923 0.3293269230769231 0.6298076923076923 0.37259615384615385 0.47836538461538464 0.37259615384615385
23 0.21153846153846154 0.41586538461538464 0.46153846153846156 0.41586538461538464 0.46153846153846156 0.45913461538461536 0.21153846153846154 0.45913461538461536
23 0.4375 0.49759615384615385 0.7427884615384616 0.49759615384615385 0.7427884615384616 0.5408653846153846 0.4375 0.5408653846153846
23 0.21394230769230768 0.5889423076923077 0.3317307692307692 0.5889423076923077 0.3317307692307692 0.6322115384615384 0.21394230769230768 0.6322115384615384
23 0.44711538461538464 0.6754807692307693 0.5336538461538461 0.6754807692307693 0.5336538461538461 0.71875 0.44711538461538464 0.71875
8 0.25 0.7524038461538461 0.2956730769230769 0.7524038461538461 0.2956730769230769 0.7956730769230769 0.25 0.7956730769230769
0 0.47115384615384615 0.6201923076923077 0.7524038461538461 0.6201923076923077 0.7524038461538461 0.6466346153846154 0.47115384615384615 0.6466346153846154
0 0.6466346153846154 0.3581730769230769 0.75 0.3581730769230769 0.75 0.38461538461538464 0.6466346153846154 0.38461538461538464
0 0.20192307692307693 0.5336538461538461 0.38461538461538464 0.5336538461538461 0.38461538461538464 0.5600961538461539 0.20192307692307693 0.5600961538461539
12 0.2980769230769231 0.7379807692307693 0.7668269230769231 0.7379807692307693 0.7668269230769231 0.7451923076923077 0.2980769230769231 0.7451923076923077
12 0.19230769230769232 0.28365384615384615 0.7620192307692307 0.28365384615384615 0.7620192307692307 0.29086538461538464 0.19230769230769232 0.29086538461538464
12 0.19230769230769232 0.36778846153846156 0.7620192307692307 0.36778846153846156 0.7620192307692307 0.375 0.19230769230769232 0.375
12 0.19230769230769232 0.45913461538461536 0.7644230769230769 0.45913461538461536 0.7644230769230769 0.46634615384615385 0.19230769230769232 0.46634615384615385
12 0.19230769230769232 0.5552884615384616 0.7644230769230769 0.5552884615384616 0.7644230769230769 0.5625 0.19230769230769232 0.5625
12 0.19230769230769232 0.6466346153846154 0.7644230769230769 0.6466346153846154 0.7644230769230769 0.6538461538461539 0.19230769230769232 0.6538461538461539
2 0.18509615384615385 0.16105769230769232 0.7716346153846154 0.16105769230769232 0.7716346153846154 0.8413461538461539 0.18509615384615385 0.8413461538461539
10 0.18509615384615385 0.16105769230769232 0.7716346153846154 0.16105769230769232 0.7716346153846154 0.84375 0.18509615384615385 0.84375