23 0.21634615384615385 0.29086538461538464 0.3317307692307692 0.29086538461538464 0.3317307692307692 0.4855769230769231 0.21634615384615385 0.4855769230769231
4 0.18509615384615385 0.25721153846153844 0.37259615384615385 0.25721153846153844 0.37259615384615385 0.28365384615384615 0.18509615384615385 0.28365384615384615
4 0.4519230769230769 0.18990384615384615 0.8341346153846154 0.18990384615384615 0.8341346153846154 0.27403846153846156 0.4519230769230769 0.27403846153846156
4 0.44471153846153844 0.49759615384615385 0.8389423076923077 0.49759615384615385 0.8389423076923077 0.5769230769230769 0.44471153846153844 0.5769230769230769
4 0.0889423076923077 0.5096153846153846 0.43990384615384615 0.5096153846153846 0.43990384615384615 0.5432692307692307 0.0889423076923077 0.5432692307692307
21 0.18509615384615385 0.4855769230769231 0.35336538461538464 0.4855769230769231 0.35336538461538464 0.5096153846153846 0.18509615384615385 0.5096153846153846
21 0.47115384615384615 0.4639423076923077 0.8125 0.4639423076923077 0.8125 0.5024038461538461 0.47115384615384615 0.5024038461538461
21 0.45913461538461536 0.7980769230769231 0.8149038461538461 0.7980769230769231 0.8149038461538461 0.8221153846153846 0.45913461538461536 0.8221153846153846
23 0.6081730769230769 0.2644230769230769 0.6923076923076923 0.2644230769230769 0.6923076923076923 0.46634615384615385 0.6081730769230769 0.46634615384615385
23 0.7259615384615384 0.2764423076923077 0.78125 0.2764423076923077 0.78125 0.4807692307692308 0.7259615384615384 0.4807692307692308
23 0.5048076923076923 0.2764423076923077 0.5649038461538461 0.2764423076923077 0.5649038461538461 0.47836538461538464 0.5048076923076923 0.47836538461538464
23 0.49759615384615385 0.5841346153846154 0.5576923076923077 0.5841346153846154 0.5576923076923077 0.8028846153846154 0.49759615384615385 0.8028846153846154
23 0.5985576923076923 0.5745192307692307 0.6875 0.5745192307692307 0.6875 0.8004807692307693 0.5985576923076923 0.8004807692307693
23 0.7259615384615384 0.5865384615384616 0.7884615384615384 0.5865384615384616 0.7884615384615384 0.8052884615384616 0.7259615384615384 0.8052884615384616
23 0.15144230769230768 0.6009615384615384 0.24519230769230768 0.6009615384615384 0.24519230769230768 0.6682692307692307 0.15144230769230768 0.6682692307692307
23 0.2932692307692308 0.5985576923076923 0.3870192307692308 0.5985576923076923 0.3870192307692308 0.6682692307692307 0.2932692307692308 0.6682692307692307
8 0.27403846153846156 0.6778846153846154 0.3870192307692308 0.6778846153846154 0.3870192307692308 0.8557692307692307 0.27403846153846156 0.8557692307692307
8 0.12980769230769232 0.6778846153846154 0.24519230769230768 0.6778846153846154 0.24519230769230768 0.8557692307692307 0.12980769230769232 0.8557692307692307
15 0.10336538461538461 0.5288461538461539 0.8798076923076923 0.5288461538461539 0.8798076923076923 0.8653846153846154 0.10336538461538461 0.8653846153846154
12 0.10576923076923077 0.5144230769230769 0.8798076923076923 0.5144230769230769 0.8798076923076923 0.5288461538461539 0.10576923076923077 0.5288461538461539
22 0.12740384615384615 0.15144230769230768 0.8677884615384616 0.15144230769230768 0.8677884615384616 0.5144230769230769 0.12740384615384615 0.5144230769230769
2 0 0.05048076923076923 0.9519230769230769 0.05048076923076923 0.9519230769230769 1 0 1
10 0.125 0.0985576923076923 0.8701923076923077 0.0985576923076923 0.8701923076923077 1 0.125 1