23 0.2668269230769231 0.0985576923076923 0.3701923076923077 0.0985576923076923 0.3701923076923077 0.14182692307692307 0.2668269230769231 0.14182692307692307
23 0.20432692307692307 0.19230769230769232 0.39903846153846156 0.19230769230769232 0.39903846153846156 0.25 0.20432692307692307 0.25
23 0.20432692307692307 0.28365384615384615 0.39903846153846156 0.28365384615384615 0.39903846153846156 0.34134615384615385 0.20432692307692307 0.34134615384615385
23 0.46875 0.7427884615384616 0.5625 0.7427884615384616 0.5625 0.7908653846153846 0.46875 0.7908653846153846
23 0.28125 0.36538461538461536 0.3581730769230769 0.36538461538461536 0.3581730769230769 0.40384615384615385 0.28125 0.40384615384615385
23 0.19471153846153846 0.4639423076923077 0.39903846153846156 0.4639423076923077 0.39903846153846156 0.5288461538461539 0.19471153846153846 0.5288461538461539
23 0.19471153846153846 0.5552884615384616 0.39903846153846156 0.5552884615384616 0.39903846153846156 0.6177884615384616 0.19471153846153846 0.6177884615384616
23 0.27163461538461536 0.6466346153846154 0.36538461538461536 0.6466346153846154 0.36538461538461536 0.6899038461538461 0.27163461538461536 0.6899038461538461
0 0.7163461538461539 0.6947115384615384 0.7908653846153846 0.6947115384615384 0.7908653846153846 0.7283653846153846 0.7163461538461539 0.7283653846153846
0 0.7115384615384616 0.055288461538461536 0.8557692307692307 0.055288461538461536 0.8557692307692307 0.08653846153846154 0.7115384615384616 0.08653846153846154
0 0.7115384615384616 0.15144230769230768 0.8557692307692307 0.15144230769230768 0.8557692307692307 0.18269230769230768 0.7115384615384616 0.18269230769230768
0 0.7091346153846154 0.21875 0.8677884615384616 0.21875 0.8677884615384616 0.25240384615384615 0.7091346153846154 0.25240384615384615
0 0.7091346153846154 0.31009615384615385 0.8677884615384616 0.31009615384615385 0.8677884615384616 0.34375 0.7091346153846154 0.34375
0 0.11538461538461539 0.5865384615384616 0.19471153846153846 0.5865384615384616 0.19471153846153846 0.6177884615384616 0.11538461538461539 0.6177884615384616
0 0.7091346153846154 0.5889423076923077 0.8245192307692307 0.5889423076923077 0.8245192307692307 0.6225961538461539 0.7091346153846154 0.6225961538461539
23 0.27163461538461536 0.3557692307692308 0.3581730769230769 0.3557692307692308 0.3581730769230769 0.40625 0.27163461538461536 0.40625
23 0.2668269230769231 0.07451923076923077 0.4879807692307692 0.07451923076923077 0.4879807692307692 0.1466346153846154 0.2668269230769231 0.1466346153846154
23 0.6153846153846154 0.04807692307692308 0.8173076923076923 0.04807692307692308 0.8173076923076923 0.25961538461538464 0.6153846153846154 0.25961538461538464
23 0.6947115384615384 0.21394230769230768 0.8125 0.21394230769230768 0.8125 0.2548076923076923 0.6947115384615384 0.2548076923076923
23 0.2620192307692308 0.6394230769230769 0.36778846153846156 0.6394230769230769 0.36778846153846156 0.6899038461538461 0.2620192307692308 0.6899038461538461
23 0.5649038461538461 0.3629807692307692 0.8317307692307693 0.3629807692307692 0.8317307692307693 0.44711538461538464 0.5649038461538461 0.44711538461538464
23 0.6514423076923077 0.49759615384615385 0.7115384615384616 0.49759615384615385 0.7115384615384616 0.6370192307692307 0.6514423076923077 0.6370192307692307
23 0.7211538461538461 0.5528846153846154 0.8269230769230769 0.5528846153846154 0.8269230769230769 0.6225961538461539 0.7211538461538461 0.6225961538461539
23 0.7163461538461539 0.6586538461538461 0.7908653846153846 0.6586538461538461 0.7908653846153846 0.7283653846153846 0.7163461538461539 0.7283653846153846
23 0.46634615384615385 0.7355769230769231 0.5721153846153846 0.7355769230769231 0.5721153846153846 0.8028846153846154 0.46634615384615385 0.8028846153846154
23 0.18990384615384615 0.1658653846153846 0.30288461538461536 0.1658653846153846 0.30288461538461536 0.25 0.18990384615384615 0.25
23 0.0889423076923077 0.15384615384615385 0.4014423076923077 0.15384615384615385 0.4014423076923077 0.3269230769230769 0.0889423076923077 0.3269230769230769
23 0.07932692307692307 0.4423076923076923 0.5216346153846154 0.4423076923076923 0.5216346153846154 0.6153846153846154 0.07932692307692307 0.6153846153846154
0 0.7115384615384616 0.49278846153846156 0.8293269230769231 0.49278846153846156 0.8293269230769231 0.5264423076923077 0.7115384615384616 0.5264423076923077
12 0.11057692307692307 0.8076923076923077 0.7163461538461539 0.8076923076923077 0.7163461538461539 0.8245192307692307 0.11057692307692307 0.8245192307692307
12 0.6177884615384616 0.18509615384615385 0.8509615384615384 0.18509615384615385 0.8509615384615384 0.2091346153846154 0.6177884615384616 0.2091346153846154
12 0.12259615384615384 0.4206730769230769 0.8533653846153846 0.4206730769230769 0.8533653846153846 0.4375 0.12259615384615384 0.4375
12 0.11538461538461539 0.53125 0.8461538461538461 0.53125 0.8461538461538461 0.5504807692307693 0.11538461538461539 0.5504807692307693
12 0.11538461538461539 0.6225961538461539 0.8461538461538461 0.6225961538461539 0.8461538461538461 0.6394230769230769 0.11538461538461539 0.6394230769230769
12 0.11298076923076923 0.7283653846153846 0.7932692307692307 0.7283653846153846 0.7932692307692307 0.7451923076923077 0.11298076923076923 0.7451923076923077
12 0.12259615384615384 0.2548076923076923 0.8653846153846154 0.2548076923076923 0.8653846153846154 0.27163461538461536 0.12259615384615384 0.27163461538461536
12 0.1201923076923077 0.14182692307692307 0.49038461538461536 0.14182692307692307 0.49038461538461536 0.16105769230769232 0.1201923076923077 0.16105769230769232
12 0.6177884615384616 0.0889423076923077 0.8509615384615384 0.0889423076923077 0.8509615384615384 0.11778846153846154 0.6177884615384616 0.11778846153846154
17 0.43509615384615385 0.8269230769230769 0.46153846153846156 0.8269230769230769 0.46153846153846156 0.90625 0.43509615384615385 0.90625
0 0.1658653846153846 0.8245192307692307 0.6682692307692307 0.8245192307692307 0.6682692307692307 0.9086538461538461 0.1658653846153846 0.9086538461538461
0 0.7355769230769231 0.7788461538461539 0.9399038461538461 0.7788461538461539 0.9399038461538461 0.9134615384615384 0.7355769230769231 0.9134615384615384
23 0.7884615384615384 0.84375 0.8365384615384616 0.84375 0.8365384615384616 0.8822115384615384 0.7884615384615384 0.8822115384615384
8 0 0.8221153846153846 0.09615384615384616 0.8221153846153846 0.09615384615384616 0.9038461538461539 0 0.9038461538461539
2 0 0.019230769230769232 0.9519230769230769 0.019230769230769232 0.9519230769230769 0.9158653846153846 0 0.9158653846153846
10 0 0.019230769230769232 0.9519230769230769 0.019230769230769232 0.9519230769230769 0.9134615384615384 0 0.9134615384615384