14 0.09134615384615384 0.5048076923076923 0.4254807692307692 0.5048076923076923 0.4254807692307692 0.7836538461538461 0.09134615384615384 0.7836538461538461
23 0.7908653846153846 0.3918269230769231 0.8677884615384616 0.3918269230769231 0.8677884615384616 0.4567307692307692 0.7908653846153846 0.4567307692307692
23 0.1971153846153846 0.38221153846153844 0.2860576923076923 0.38221153846153844 0.2860576923076923 0.4543269230769231 0.1971153846153846 0.4543269230769231
23 0.5192307692307693 0.6490384615384616 0.5961538461538461 0.6490384615384616 0.5961538461538461 0.7139423076923077 0.5192307692307693 0.7139423076923077
23 0.5192307692307693 0.3918269230769231 0.5961538461538461 0.3918269230769231 0.5961538461538461 0.4567307692307692 0.5192307692307693 0.4567307692307692
23 0.5985576923076923 0.2283653846153846 0.6754807692307693 0.2283653846153846 0.6754807692307693 0.2932692307692308 0.5985576923076923 0.2932692307692308
23 0.7908653846153846 0.6490384615384616 0.8677884615384616 0.6490384615384616 0.8677884615384616 0.7115384615384616 0.7908653846153846 0.7115384615384616
20 0.39903846153846156 0.7956730769230769 0.5673076923076923 0.7956730769230769 0.5673076923076923 0.8485576923076923 0.39903846153846156 0.8485576923076923
20 0.6995192307692307 0.7956730769230769 0.7331730769230769 0.7956730769230769 0.7331730769230769 0.8653846153846154 0.6995192307692307 0.8653846153846154
8 0.6177884615384616 0.8004807692307693 0.6947115384615384 0.8004807692307693 0.6947115384615384 0.8653846153846154 0.6177884615384616 0.8653846153846154
20 0.5961538461538461 0.7956730769230769 0.6153846153846154 0.7956730769230769 0.6153846153846154 0.8653846153846154 0.5961538461538461 0.8653846153846154
2 0.04326923076923077 0.036057692307692304 0.9014423076923077 0.036057692307692304 0.9014423076923077 0.9206730769230769 0.04326923076923077 0.9206730769230769
17 0.10576923076923077 0.7860576923076923 0.12740384615384615 0.7860576923076923 0.12740384615384615 0.9206730769230769 0.10576923076923077 0.9206730769230769
17 0.35096153846153844 0.7932692307692307 0.36778846153846156 0.7932692307692307 0.36778846153846156 0.9014423076923077 0.35096153846153844 0.9014423076923077
17 0.8461538461538461 0.7908653846153846 0.8677884615384616 0.7908653846153846 0.8677884615384616 0.8894230769230769 0.8461538461538461 0.8894230769230769
20 0.78125 0.7403846153846154 0.8774038461538461 0.7403846153846154 0.8774038461538461 0.7740384615384616 0.78125 0.7740384615384616
12 0.09134615384615384 0.78125 0.8942307692307693 0.78125 0.8942307692307693 0.7884615384615384 0.09134615384615384 0.7884615384615384
12 0.0889423076923077 0.3605769230769231 0.8966346153846154 0.3605769230769231 0.8966346153846154 0.3701923076923077 0.0889423076923077 0.3701923076923077
12 0.09134615384615384 0.625 0.8990384615384616 0.625 0.8990384615384616 0.6370192307692307 0.09134615384615384 0.6370192307692307
12 0.08653846153846154 0.49278846153846156 0.8966346153846154 0.49278846153846156 0.8966346153846154 0.5048076923076923 0.08653846153846154 0.5048076923076923
10 0.04326923076923077 0.036057692307692304 0.8990384615384616 0.036057692307692304 0.8990384615384616 0.9206730769230769 0.04326923076923077 0.9206730769230769