23 0.10096153846153846 0.38461538461538464 0.11538461538461539 0.38461538461538464 0.11538461538461539 0.4423076923076923 0.10096153846153846 0.4423076923076923
23 0.08653846153846154 0.38461538461538464 0.0985576923076923 0.38461538461538464 0.0985576923076923 0.4423076923076923 0.08653846153846154 0.4423076923076923
23 0.08653846153846154 0.44471153846153844 0.11538461538461539 0.44471153846153844 0.11538461538461539 0.4855769230769231 0.08653846153846154 0.4855769230769231
24 0.08413461538461539 0.38221153846153844 0.11538461538461539 0.38221153846153844 0.11538461538461539 0.49759615384615385 0.08413461538461539 0.49759615384615385
23 0.17548076923076922 0.3894230769230769 0.1971153846153846 0.3894230769230769 0.1971153846153846 0.49278846153846156 0.17548076923076922 0.49278846153846156
23 0.20192307692307693 0.40384615384615385 0.21634615384615385 0.40384615384615385 0.21634615384615385 0.4567307692307692 0.20192307692307693 0.4567307692307692
24 0.17067307692307693 0.3798076923076923 0.21875 0.3798076923076923 0.21875 0.49759615384615385 0.17067307692307693 0.49759615384615385
23 0.13221153846153846 0.5168269230769231 0.15865384615384615 0.5168269230769231 0.15865384615384615 0.6201923076923077 0.13221153846153846 0.6201923076923077
24 0.12980769230769232 0.5144230769230769 0.15865384615384615 0.5144230769230769 0.15865384615384615 0.6298076923076923 0.12980769230769232 0.6298076923076923
25 0.16826923076923078 0.3798076923076923 0.21875 0.3798076923076923 0.21875 0.5024038461538461 0.16826923076923078 0.5024038461538461
25 0.08173076923076923 0.3798076923076923 0.11538461538461539 0.3798076923076923 0.11538461538461539 0.5 0.08173076923076923 0.5
25 0.12740384615384615 0.5144230769230769 0.16105769230769232 0.5144230769230769 0.16105769230769232 0.6346153846153846 0.12740384615384615 0.6346153846153846
23 0.08413461538461539 0.6466346153846154 0.11538461538461539 0.6466346153846154 0.11538461538461539 0.7475961538461539 0.08413461538461539 0.7475961538461539
24 0.08413461538461539 0.6466346153846154 0.11538461538461539 0.6466346153846154 0.11538461538461539 0.7596153846153846 0.08413461538461539 0.7596153846153846
25 0.08413461538461539 0.6442307692307693 0.11778846153846154 0.6442307692307693 0.11778846153846154 0.7644230769230769 0.08413461538461539 0.7644230769230769
23 0.17548076923076922 0.6490384615384616 0.19951923076923078 0.6490384615384616 0.19951923076923078 0.75 0.17548076923076922 0.75
23 0.20192307692307693 0.6634615384615384 0.21634615384615385 0.6634615384615384 0.21634615384615385 0.7139423076923077 0.20192307692307693 0.7139423076923077
24 0.17067307692307693 0.6466346153846154 0.21634615384615385 0.6466346153846154 0.21634615384615385 0.7620192307692307 0.17067307692307693 0.7620192307692307
25 0.16826923076923078 0.6442307692307693 0.21875 0.6442307692307693 0.21875 0.7668269230769231 0.16826923076923078 0.7668269230769231
23 0.23798076923076922 0.5360576923076923 0.2764423076923077 0.5360576923076923 0.2764423076923077 0.5625 0.23798076923076922 0.5625
24 0.23317307692307693 0.5144230769230769 0.2764423076923077 0.5144230769230769 0.2764423076923077 0.6298076923076923 0.23317307692307693 0.6298076923076923
25 0.23076923076923078 0.5144230769230769 0.27884615384615385 0.5144230769230769 0.27884615384615385 0.6346153846153846 0.23076923076923078 0.6346153846153846
23 0.3317307692307692 0.4014423076923077 0.35336538461538464 0.4014423076923077 0.35336538461538464 0.49759615384615385 0.3317307692307692 0.49759615384615385
23 0.30528846153846156 0.4014423076923077 0.3269230769230769 0.4014423076923077 0.3269230769230769 0.49759615384615385 0.30528846153846156 0.49759615384615385
24 0.2932692307692308 0.38221153846153844 0.35336538461538464 0.38221153846153844 0.35336538461538464 0.49759615384615385 0.2932692307692308 0.49759615384615385
25 0.29086538461538464 0.3798076923076923 0.3557692307692308 0.3798076923076923 0.3557692307692308 0.5 0.29086538461538464 0.5
23 0.23798076923076922 0.2764423076923077 0.2764423076923077 0.2764423076923077 0.2764423076923077 0.30288461538461536 0.23798076923076922 0.30288461538461536
24 0.23076923076923078 0.24759615384615385 0.2764423076923077 0.24759615384615385 0.2764423076923077 0.3629807692307692 0.23076923076923078 0.3629807692307692
25 0.23076923076923078 0.24519230769230768 0.27884615384615385 0.24519230769230768 0.27884615384615385 0.36778846153846156 0.23076923076923078 0.36778846153846156
23 0.13221153846153846 0.2548076923076923 0.15865384615384615 0.2548076923076923 0.15865384615384615 0.3581730769230769 0.13221153846153846 0.3581730769230769
24 0.12740384615384615 0.24759615384615385 0.15865384615384615 0.24759615384615385 0.15865384615384615 0.3629807692307692 0.12740384615384615 0.3629807692307692
25 0.12740384615384615 0.24519230769230768 0.16105769230769232 0.24519230769230768 0.16105769230769232 0.36778846153846156 0.12740384615384615 0.36778846153846156
23 0.3293269230769231 0.6538461538461539 0.35336538461538464 0.6538461538461539 0.35336538461538464 0.75 0.3293269230769231 0.75
23 0.30288461538461536 0.6538461538461539 0.3269230769230769 0.6538461538461539 0.3269230769230769 0.75 0.30288461538461536 0.75
24 0.2932692307692308 0.6466346153846154 0.35336538461538464 0.6466346153846154 0.35336538461538464 0.7620192307692307 0.2932692307692308 0.7620192307692307
25 0.29086538461538464 0.6442307692307693 0.3557692307692308 0.6442307692307693 0.3557692307692308 0.7644230769230769 0.29086538461538464 0.7644230769230769
23 0.41586538461538464 0.7884615384615384 0.4326923076923077 0.7884615384615384 0.4326923076923077 0.8725961538461539 0.41586538461538464 0.8725961538461539
23 0.37740384615384615 0.7884615384615384 0.41346153846153844 0.7884615384615384 0.41346153846153844 0.8725961538461539 0.37740384615384615 0.8725961538461539
24 0.3701923076923077 0.7788461538461539 0.4326923076923077 0.7788461538461539 0.4326923076923077 0.8701923076923077 0.3701923076923077 0.8701923076923077
25 0.36778846153846156 0.7764423076923077 0.43509615384615385 0.7764423076923077 0.43509615384615385 0.8725961538461539 0.36778846153846156 0.8725961538461539
8 0.4543269230769231 0.6754807692307693 0.5048076923076923 0.6754807692307693 0.5048076923076923 0.7524038461538461 0.4543269230769231 0.7524038461538461
0 0.4519230769230769 0.7115384615384616 0.5168269230769231 0.7115384615384616 0.5168269230769231 0.7620192307692307 0.4519230769230769 0.7620192307692307
9 0.4519230769230769 0.6466346153846154 0.5192307692307693 0.6466346153846154 0.5192307692307693 0.7620192307692307 0.4519230769230769 0.7620192307692307
0 0.3701923076923077 0.3125 0.43028846153846156 0.3125 0.43028846153846156 0.3629807692307692 0.3701923076923077 0.3629807692307692
8 0.3918269230769231 0.31490384615384615 0.43028846153846156 0.31490384615384615 0.43028846153846156 0.3557692307692308 0.3918269230769231 0.3557692307692308
9 0.3701923076923077 0.24759615384615385 0.4326923076923077 0.24759615384615385 0.4326923076923077 0.36538461538461536 0.3701923076923077 0.36538461538461536
0 0.4519230769230769 0.44711538461538464 0.5168269230769231 0.44711538461538464 0.5168269230769231 0.49759615384615385 0.4519230769230769 0.49759615384615385
8 0.4543269230769231 0.4326923076923077 0.5072115384615384 0.4326923076923077 0.5072115384615384 0.49038461538461536 0.4543269230769231 0.49038461538461536
9 0.4519230769230769 0.38221153846153844 0.5192307692307693 0.38221153846153844 0.5192307692307693 0.49759615384615385 0.4519230769230769 0.49759615384615385
8 0.3918269230769231 0.5552884615384616 0.43028846153846156 0.5552884615384616 0.43028846153846156 0.6225961538461539 0.3918269230769231 0.6225961538461539
9 0.3701923076923077 0.5168269230769231 0.4326923076923077 0.5168269230769231 0.4326923076923077 0.6298076923076923 0.3701923076923077 0.6298076923076923
0 0.37259615384615385 0.5793269230769231 0.4326923076923077 0.5793269230769231 0.4326923076923077 0.6298076923076923 0.37259615384615385 0.6298076923076923
23 0.5432692307692307 0.5432692307692307 0.5600961538461539 0.5432692307692307 0.5600961538461539 0.5649038461538461 0.5432692307692307 0.5649038461538461
23 0.5673076923076923 0.5336538461538461 0.6033653846153846 0.5336538461538461 0.6033653846153846 0.6322115384615384 0.5673076923076923 0.6322115384615384
24 0.5432692307692307 0.5168269230769231 0.6081730769230769 0.5168269230769231 0.6081730769230769 0.6298076923076923 0.5432692307692307 0.6298076923076923
25 0.5408653846153846 0.5144230769230769 0.6081730769230769 0.5144230769230769 0.6081730769230769 0.6322115384615384 0.5408653846153846 0.6322115384615384
8 0.6298076923076923 0.6730769230769231 0.6730769230769231 0.6730769230769231 0.6730769230769231 0.7524038461538461 0.6298076923076923 0.7524038461538461
0 0.6298076923076923 0.7115384615384616 0.6875 0.7115384615384616 0.6875 0.7620192307692307 0.6298076923076923 0.7620192307692307
9 0.6298076923076923 0.6466346153846154 0.6899038461538461 0.6466346153846154 0.6899038461538461 0.7620192307692307 0.6298076923076923 0.7620192307692307
8 0.7067307692307693 0.5384615384615384 0.7572115384615384 0.5384615384615384 0.7572115384615384 0.6201923076923077 0.7067307692307693 0.6201923076923077
9 0.7067307692307693 0.5144230769230769 0.7692307692307693 0.5144230769230769 0.7692307692307693 0.6322115384615384 0.7067307692307693 0.6322115384615384
0 0.7091346153846154 0.5793269230769231 0.7668269230769231 0.5793269230769231 0.7668269230769231 0.6322115384615384 0.7091346153846154 0.6322115384615384
23 0.7067307692307693 0.7836538461538461 0.7307692307692307 0.7836538461538461 0.7307692307692307 0.8629807692307693 0.7067307692307693 0.8629807692307693
8 0.7355769230769231 0.7980769230769231 0.7572115384615384 0.7980769230769231 0.7572115384615384 0.8918269230769231 0.7355769230769231 0.8918269230769231
8 0.7355769230769231 0.7836538461538461 0.7572115384615384 0.7836538461538461 0.7572115384615384 0.7956730769230769 0.7355769230769231 0.7956730769230769
9 0.7067307692307693 0.7788461538461539 0.7692307692307693 0.7788461538461539 0.7692307692307693 0.8918269230769231 0.7067307692307693 0.8918269230769231
23 0.7860576923076923 0.6514423076923077 0.8197115384615384 0.6514423076923077 0.8197115384615384 0.7524038461538461 0.7860576923076923 0.7524038461538461
24 0.7860576923076923 0.6466346153846154 0.8293269230769231 0.6466346153846154 0.8293269230769231 0.7620192307692307 0.7860576923076923 0.7620192307692307
25 0.7836538461538461 0.6442307692307693 0.8317307692307693 0.6442307692307693 0.8317307692307693 0.7644230769230769 0.7836538461538461 0.7644230769230769
23 0.9471153846153846 0.5168269230769231 0.9759615384615384 0.5168269230769231 0.9759615384615384 0.6201923076923077 0.9471153846153846 0.6201923076923077
24 0.9471153846153846 0.5168269230769231 0.9759615384615384 0.5168269230769231 0.9759615384615384 0.6322115384615384 0.9471153846153846 0.6322115384615384
25 0.9447115384615384 0.5144230769230769 0.9783653846153846 0.5144230769230769 0.9783653846153846 0.6346153846153846 0.9447115384615384 0.6346153846153846
23 0.8461538461538461 0.5216346153846154 0.8846153846153846 0.5216346153846154 0.8846153846153846 0.6225961538461539 0.8461538461538461 0.6225961538461539
24 0.8461538461538461 0.5144230769230769 0.8894230769230769 0.5144230769230769 0.8894230769230769 0.6298076923076923 0.8461538461538461 0.6298076923076923
25 0.84375 0.5120192307692307 0.8918269230769231 0.5120192307692307 0.8918269230769231 0.6322115384615384 0.84375 0.6322115384615384
23 0.7884615384615384 0.40865384615384615 0.8221153846153846 0.40865384615384615 0.8221153846153846 0.4326923076923077 0.7884615384615384 0.4326923076923077
24 0.7860576923076923 0.38221153846153844 0.8293269230769231 0.38221153846153844 0.8293269230769231 0.49759615384615385 0.7860576923076923 0.49759615384615385
25 0.7836538461538461 0.3798076923076923 0.8317307692307693 0.3798076923076923 0.8317307692307693 0.5 0.7836538461538461 0.5
23 0.90625 0.3870192307692308 0.9302884615384616 0.3870192307692308 0.9302884615384616 0.49038461538461536 0.90625 0.49038461538461536
24 0.90625 0.38221153846153844 0.9350961538461539 0.38221153846153844 0.9350961538461539 0.49759615384615385 0.90625 0.49759615384615385
25 0.9038461538461539 0.3798076923076923 0.9350961538461539 0.3798076923076923 0.9350961538461539 0.5 0.9038461538461539 0.5
23 0.9471153846153846 0.25240384615384615 0.9759615384615384 0.25240384615384615 0.9759615384615384 0.3557692307692308 0.9471153846153846 0.3557692307692308
24 0.9471153846153846 0.25 0.9759615384615384 0.25 0.9759615384615384 0.36538461538461536 0.9471153846153846 0.36538461538461536
25 0.9447115384615384 0.25 0.9783653846153846 0.25 0.9783653846153846 0.3701923076923077 0.9447115384615384 0.3701923076923077
23 0.8461538461538461 0.2620192307692308 0.8822115384615384 0.2620192307692308 0.8822115384615384 0.3629807692307692 0.8461538461538461 0.3629807692307692
24 0.8461538461538461 0.25 0.8894230769230769 0.25 0.8894230769230769 0.36538461538461536 0.8461538461538461 0.36538461538461536
25 0.84375 0.24759615384615385 0.8918269230769231 0.24759615384615385 0.8918269230769231 0.36778846153846156 0.84375 0.36778846153846156
8 0.7091346153846154 0.28365384615384615 0.7572115384615384 0.28365384615384615 0.7572115384615384 0.3581730769230769 0.7091346153846154 0.3581730769230769
0 0.7091346153846154 0.3125 0.7668269230769231 0.3125 0.7668269230769231 0.36538461538461536 0.7091346153846154 0.36538461538461536
9 0.7067307692307693 0.25 0.7692307692307693 0.25 0.7692307692307693 0.3629807692307692 0.7067307692307693 0.3629807692307692
8 0.6298076923076923 0.43509615384615385 0.6658653846153846 0.43509615384615385 0.6658653846153846 0.49038461538461536 0.6298076923076923 0.49038461538461536
0 0.6322115384615384 0.44711538461538464 0.6875 0.44711538461538464 0.6875 0.49759615384615385 0.6322115384615384 0.49759615384615385
9 0.6298076923076923 0.38221153846153844 0.6899038461538461 0.38221153846153844 0.6899038461538461 0.49759615384615385 0.6298076923076923 0.49759615384615385
23 0.5432692307692307 0.28846153846153844 0.5600961538461539 0.28846153846153844 0.5600961538461539 0.3125 0.5432692307692307 0.3125
23 0.5673076923076923 0.27884615384615385 0.6033653846153846 0.27884615384615385 0.6033653846153846 0.36538461538461536 0.5673076923076923 0.36538461538461536
24 0.5432692307692307 0.24759615384615385 0.6081730769230769 0.24759615384615385 0.6081730769230769 0.36538461538461536 0.5432692307692307 0.36538461538461536
25 0.5408653846153846 0.24759615384615385 0.6081730769230769 0.24759615384615385 0.6081730769230769 0.3701923076923077 0.5408653846153846 0.3701923076923077
8 0.2091346153846154 0.8173076923076923 0.23076923076923078 0.8173076923076923 0.23076923076923078 0.8918269230769231 0.2091346153846154 0.8918269230769231
9 0.23798076923076922 0.7836538461538461 0.3004807692307692 0.7836538461538461 0.3004807692307692 0.8918269230769231 0.23798076923076922 0.8918269230769231
8 0.5408653846153846 0.7980769230769231 0.5985576923076923 0.7980769230769231 0.5985576923076923 0.8918269230769231 0.5408653846153846 0.8918269230769231
9 0.5432692307692307 0.7788461538461539 0.6081730769230769 0.7788461538461539 0.6081730769230769 0.8918269230769231 0.5432692307692307 0.8918269230769231
23 0.8461538461538461 0.7860576923076923 0.8581730769230769 0.7860576923076923 0.8581730769230769 0.8461538461538461 0.8461538461538461 0.8461538461538461
24 0.8461538461538461 0.7788461538461539 0.8653846153846154 0.7788461538461539 0.8653846153846154 0.8461538461538461 0.8461538461538461 0.8461538461538461
25 0.84375 0.7764423076923077 0.8677884615384616 0.7764423076923077 0.8677884615384616 0.8485576923076923 0.84375 0.8485576923076923
23 0.8725961538461539 0.6778846153846154 0.8942307692307693 0.6778846153846154 0.8942307692307693 0.8677884615384616 0.8725961538461539 0.8677884615384616
24 0.8725961538461539 0.6538461538461539 0.90625 0.6538461538461539 0.90625 0.8677884615384616 0.8725961538461539 0.8677884615384616
12 0.07692307692307693 0.37259615384615385 0.9807692307692307 0.37259615384615385 0.9807692307692307 0.3798076923076923 0.07692307692307693 0.3798076923076923
10 0.07692307692307693 0.23076923076923078 0.9807692307692307 0.23076923076923078 0.9807692307692307 0.8918269230769231 0.07692307692307693 0.8918269230769231
12 0.07692307692307693 0.6346153846153846 0.9807692307692307 0.6346153846153846 0.9807692307692307 0.6418269230769231 0.07692307692307693 0.6418269230769231
12 0.07692307692307693 0.5048076923076923 0.9807692307692307 0.5048076923076923 0.9807692307692307 0.5120192307692307 0.07692307692307693 0.5120192307692307
12 0.07692307692307693 0.7692307692307693 0.8725961538461539 0.7692307692307693 0.8725961538461539 0.7788461538461539 0.07692307692307693 0.7788461538461539
15 0.1875 0.7788461538461539 0.8725961538461539 0.7788461538461539 0.8725961538461539 0.8918269230769231 0.1875 0.8918269230769231
11 0.07692307692307693 0.6442307692307693 0.8725961538461539 0.6442307692307693 0.8725961538461539 0.7716346153846154 0.07692307692307693 0.7716346153846154
11 0.07692307692307693 0.5120192307692307 0.9807692307692307 0.5120192307692307 0.9807692307692307 0.6346153846153846 0.07692307692307693 0.6346153846153846
11 0.07692307692307693 0.3798076923076923 0.9807692307692307 0.3798076923076923 0.9807692307692307 0.5048076923076923 0.07692307692307693 0.5048076923076923
2 0.07692307692307693 0.1971153846153846 0.9807692307692307 0.1971153846153846 0.9807692307692307 0.8918269230769231 0.07692307692307693 0.8918269230769231
7 0.46153846153846156 0.4182692307692308 0.5096153846153846 0.4182692307692308 0.5096153846153846 0.49038461538461536 0.46153846153846156 0.49038461538461536
7 0.8605769230769231 0.6802884615384616 0.9495192307692307 0.6802884615384616 0.9495192307692307 0.8966346153846154 0.8605769230769231 0.8966346153846154
7 0.43509615384615385 0.6971153846153846 0.5889423076923077 0.6971153846153846 0.5889423076923077 0.9206730769230769 0.43509615384615385 0.9206730769230769
7 0.6009615384615384 0.8173076923076923 0.6225961538461539 0.8173076923076923 0.6225961538461539 0.8629807692307693 0.6009615384615384 0.8629807692307693
7 0.6706730769230769 0.6875 0.6850961538461539 0.6875 0.6850961538461539 0.7524038461538461 0.6706730769230769 0.7524038461538461
7 0.6153846153846154 0.7644230769230769 0.7139423076923077 0.7644230769230769 0.7139423076923077 0.8653846153846154 0.6153846153846154 0.8653846153846154
7 0.7644230769230769 0.8221153846153846 0.9206730769230769 0.8221153846153846 0.9206730769230769 0.8918269230769231 0.7644230769230769 0.8918269230769231
7 0.3557692307692308 0.8365384615384616 0.41346153846153844 0.8365384615384616 0.41346153846153844 0.8990384615384616 0.3557692307692308 0.8990384615384616
22 0.07692307692307693 0.23076923076923078 0.9807692307692307 0.23076923076923078 0.9807692307692307 0.37259615384615385 0.07692307692307693 0.37259615384615385
25 0.7067307692307693 0.24759615384615385 0.7716346153846154 0.24759615384615385 0.7716346153846154 0.36778846153846156 0.7067307692307693 0.36778846153846156
25 0.6274038461538461 0.3798076923076923 0.6923076923076923 0.3798076923076923 0.6923076923076923 0.5 0.6274038461538461 0.5