23 0.6875 0.33653846153846156 0.7379807692307693 0.33653846153846156 0.7379807692307693 0.40384615384615385 0.6875 0.40384615384615385
23 0.6009615384615384 0.33653846153846156 0.6514423076923077 0.33653846153846156 0.6514423076923077 0.40384615384615385 0.6009615384615384 0.40384615384615385
23 0.5120192307692307 0.33653846153846156 0.5600961538461539 0.33653846153846156 0.5600961538461539 0.40384615384615385 0.5120192307692307 0.40384615384615385
23 0.4230769230769231 0.33653846153846156 0.4735576923076923 0.33653846153846156 0.4735576923076923 0.40384615384615385 0.4230769230769231 0.40384615384615385
23 0.7764423076923077 0.33653846153846156 0.8149038461538461 0.33653846153846156 0.8149038461538461 0.40384615384615385 0.7764423076923077 0.40384615384615385
23 0.3485576923076923 0.6298076923076923 0.38461538461538464 0.6298076923076923 0.38461538461538464 0.6971153846153846 0.3485576923076923 0.6971153846153846
23 0.6875 0.6298076923076923 0.7379807692307693 0.6298076923076923 0.7379807692307693 0.6971153846153846 0.6875 0.6971153846153846
23 0.6009615384615384 0.6298076923076923 0.6514423076923077 0.6298076923076923 0.6514423076923077 0.6971153846153846 0.6009615384615384 0.6971153846153846
23 0.5120192307692307 0.6298076923076923 0.5600961538461539 0.6298076923076923 0.5600961538461539 0.6971153846153846 0.5120192307692307 0.6971153846153846
23 0.4230769230769231 0.6298076923076923 0.4735576923076923 0.6298076923076923 0.4735576923076923 0.6971153846153846 0.4230769230769231 0.6971153846153846
23 0.7764423076923077 0.6298076923076923 0.8149038461538461 0.6298076923076923 0.8149038461538461 0.6971153846153846 0.7764423076923077 0.6971153846153846
23 0.3485576923076923 0.4326923076923077 0.38461538461538464 0.4326923076923077 0.38461538461538464 0.5 0.3485576923076923 0.5
23 0.6875 0.4326923076923077 0.7379807692307693 0.4326923076923077 0.7379807692307693 0.5 0.6875 0.5
23 0.6009615384615384 0.4326923076923077 0.6514423076923077 0.4326923076923077 0.6514423076923077 0.5 0.6009615384615384 0.5
23 0.5120192307692307 0.4326923076923077 0.5600961538461539 0.4326923076923077 0.5600961538461539 0.5 0.5120192307692307 0.5
23 0.4230769230769231 0.4326923076923077 0.4735576923076923 0.4326923076923077 0.4735576923076923 0.5 0.4230769230769231 0.5
23 0.7764423076923077 0.4326923076923077 0.8149038461538461 0.4326923076923077 0.8149038461538461 0.5 0.7764423076923077 0.5
23 0.3485576923076923 0.5336538461538461 0.38461538461538464 0.5336538461538461 0.38461538461538464 0.6009615384615384 0.3485576923076923 0.6009615384615384
23 0.6875 0.5336538461538461 0.7379807692307693 0.5336538461538461 0.7379807692307693 0.6009615384615384 0.6875 0.6009615384615384
23 0.6009615384615384 0.5336538461538461 0.6514423076923077 0.5336538461538461 0.6514423076923077 0.6009615384615384 0.6009615384615384 0.6009615384615384
23 0.5120192307692307 0.5336538461538461 0.5600961538461539 0.5336538461538461 0.5600961538461539 0.6009615384615384 0.5120192307692307 0.6009615384615384
23 0.4230769230769231 0.5336538461538461 0.4735576923076923 0.5336538461538461 0.4735576923076923 0.6009615384615384 0.4230769230769231 0.6009615384615384
23 0.7764423076923077 0.5336538461538461 0.8149038461538461 0.5336538461538461 0.8149038461538461 0.6009615384615384 0.7764423076923077 0.6009615384615384
23 0.6658653846153846 0.7524038461538461 0.7019230769230769 0.7524038461538461 0.7019230769230769 0.7788461538461539 0.6658653846153846 0.7788461538461539
23 0.7740384615384616 0.7524038461538461 0.8100961538461539 0.7524038461538461 0.8100961538461539 0.7788461538461539 0.7740384615384616 0.7788461538461539
8 0.7067307692307693 0.8028846153846154 0.7596153846153846 0.8028846153846154 0.7596153846153846 0.8798076923076923 0.7067307692307693 0.8798076923076923
23 0.7211538461538461 0.7524038461538461 0.7572115384615384 0.7524038461538461 0.7572115384615384 0.7788461538461539 0.7211538461538461 0.7788461538461539
23 0.7740384615384616 0.8076923076923077 0.8100961538461539 0.8076923076923077 0.8100961538461539 0.8653846153846154 0.7740384615384616 0.8653846153846154
23 0.33653846153846156 0.7524038461538461 0.37259615384615385 0.7524038461538461 0.37259615384615385 0.7788461538461539 0.33653846153846156 0.7788461538461539
23 0.5817307692307693 0.7836538461538461 0.625 0.7836538461538461 0.625 0.8653846153846154 0.5817307692307693 0.8653846153846154
23 0.33653846153846156 0.7836538461538461 0.37259615384615385 0.7836538461538461 0.37259615384615385 0.8653846153846154 0.33653846153846156 0.8653846153846154
23 0.3894230769230769 0.7524038461538461 0.4254807692307692 0.7524038461538461 0.4254807692307692 0.7788461538461539 0.3894230769230769 0.7788461538461539
23 0.44471153846153844 0.7836538461538461 0.4807692307692308 0.7836538461538461 0.4807692307692308 0.8653846153846154 0.44471153846153844 0.8653846153846154
23 0.3894230769230769 0.7836538461538461 0.4254807692307692 0.7836538461538461 0.4254807692307692 0.8653846153846154 0.3894230769230769 0.8653846153846154
23 0.44471153846153844 0.7524038461538461 0.4807692307692308 0.7524038461538461 0.4807692307692308 0.7788461538461539 0.44471153846153844 0.7788461538461539
23 0.5168269230769231 0.7836538461538461 0.5625 0.7836538461538461 0.5625 0.8653846153846154 0.5168269230769231 0.8653846153846154
23 0.5817307692307693 0.7524038461538461 0.625 0.7524038461538461 0.625 0.7788461538461539 0.5817307692307693 0.7788461538461539
23 0.5168269230769231 0.7524038461538461 0.5625 0.7524038461538461 0.5625 0.7788461538461539 0.5168269230769231 0.7788461538461539
5 0.6730769230769231 0.7668269230769231 0.8365384615384616 0.7668269230769231 0.8365384615384616 0.7788461538461539 0.6730769230769231 0.7788461538461539
23 0.6658653846153846 0.8076923076923077 0.7019230769230769 0.8076923076923077 0.7019230769230769 0.8653846153846154 0.6658653846153846 0.8653846153846154
23 0.3485576923076923 0.33653846153846156 0.38461538461538464 0.33653846153846156 0.38461538461538464 0.40384615384615385 0.3485576923076923 0.40384615384615385
23 0.6899038461538461 0.25721153846153844 0.7836538461538461 0.25721153846153844 0.7836538461538461 0.30288461538461536 0.6899038461538461 0.30288461538461536
23 0.5168269230769231 0.25721153846153844 0.6322115384615384 0.25721153846153844 0.6322115384615384 0.30288461538461536 0.5168269230769231 0.30288461538461536
23 0.36538461538461536 0.25721153846153844 0.45913461538461536 0.25721153846153844 0.45913461538461536 0.30288461538461536 0.36538461538461536 0.30288461538461536
12 0.2980769230769231 0.7043269230769231 0.8485576923076923 0.7043269230769231 0.8485576923076923 0.7139423076923077 0.2980769230769231 0.7139423076923077
12 0.2980769230769231 0.31009615384615385 0.8485576923076923 0.31009615384615385 0.8485576923076923 0.31971153846153844 0.2980769230769231 0.31971153846153844
12 0.2980769230769231 0.5048076923076923 0.8485576923076923 0.5048076923076923 0.8485576923076923 0.5144230769230769 0.2980769230769231 0.5144230769230769
12 0.2980769230769231 0.6057692307692307 0.8485576923076923 0.6057692307692307 0.8485576923076923 0.6153846153846154 0.2980769230769231 0.6153846153846154
12 0.2980769230769231 0.40865384615384615 0.8485576923076923 0.40865384615384615 0.8485576923076923 0.4182692307692308 0.2980769230769231 0.4182692307692308
2 0.2980769230769231 0.19230769230769232 0.8533653846153846 0.19230769230769232 0.8533653846153846 0.8822115384615384 0.2980769230769231 0.8822115384615384
10 0.2956730769230769 0.19230769230769232 0.8509615384615384 0.19230769230769232 0.8509615384615384 0.8846153846153846 0.2956730769230769 0.8846153846153846