23 0.6706730769230769 0.49759615384615385 0.7259615384615384 0.49759615384615385 0.7259615384615384 0.5432692307692307 0.6706730769230769 0.5432692307692307
23 0.6682692307692307 0.20192307692307693 0.7235576923076923 0.20192307692307693 0.7235576923076923 0.24519230769230768 0.6682692307692307 0.24519230769230768
23 0.6129807692307693 0.5721153846153846 0.7235576923076923 0.5721153846153846 0.7235576923076923 0.6177884615384616 0.6129807692307693 0.6177884615384616
23 0.5576923076923077 0.20192307692307693 0.59375 0.20192307692307693 0.59375 0.24519230769230768 0.5576923076923077 0.24519230769230768
23 0.3389423076923077 0.20192307692307693 0.375 0.20192307692307693 0.375 0.24519230769230768 0.3389423076923077 0.24519230769230768
23 0.4495192307692308 0.20192307692307693 0.4855769230769231 0.20192307692307693 0.4855769230769231 0.24519230769230768 0.4495192307692308 0.24519230769230768
23 0.5048076923076923 0.4230769230769231 0.5408653846153846 0.4230769230769231 0.5408653846153846 0.46875 0.5048076923076923 0.46875
23 0.39663461538461536 0.4230769230769231 0.4326923076923077 0.4230769230769231 0.4326923076923077 0.46875 0.39663461538461536 0.46875
23 0.39903846153846156 0.7211538461538461 0.43509615384615385 0.7211538461538461 0.43509615384615385 0.7668269230769231 0.39903846153846156 0.7668269230769231
23 0.6153846153846154 0.71875 0.7259615384615384 0.71875 0.7259615384615384 0.7668269230769231 0.6153846153846154 0.7668269230769231
23 0.5600961538461539 0.49759615384615385 0.5961538461538461 0.49759615384615385 0.5961538461538461 0.5432692307692307 0.5600961538461539 0.5432692307692307
23 0.6129807692307693 0.27403846153846156 0.7235576923076923 0.27403846153846156 0.7235576923076923 0.3173076923076923 0.6129807692307693 0.3173076923076923
23 0.5048076923076923 0.27403846153846156 0.5408653846153846 0.27403846153846156 0.5408653846153846 0.3173076923076923 0.5048076923076923 0.3173076923076923
23 0.39663461538461536 0.27403846153846156 0.4326923076923077 0.27403846153846156 0.4326923076923077 0.3173076923076923 0.39663461538461536 0.3173076923076923
23 0.6682692307692307 0.3485576923076923 0.7235576923076923 0.3485576923076923 0.7235576923076923 0.3942307692307692 0.6682692307692307 0.3942307692307692
23 0.34134615384615385 0.3485576923076923 0.37740384615384615 0.3485576923076923 0.37740384615384615 0.3942307692307692 0.34134615384615385 0.3942307692307692
23 0.4495192307692308 0.3485576923076923 0.4855769230769231 0.3485576923076923 0.4855769230769231 0.3942307692307692 0.4495192307692308 0.3942307692307692
23 0.5576923076923077 0.3485576923076923 0.59375 0.3485576923076923 0.59375 0.3942307692307692 0.5576923076923077 0.3942307692307692
23 0.34134615384615385 0.49759615384615385 0.37740384615384615 0.49759615384615385 0.37740384615384615 0.5432692307692307 0.34134615384615385 0.5432692307692307
23 0.4495192307692308 0.49759615384615385 0.4855769230769231 0.49759615384615385 0.4855769230769231 0.5432692307692307 0.4495192307692308 0.5432692307692307
23 0.6129807692307693 0.4230769230769231 0.7235576923076923 0.4230769230769231 0.7235576923076923 0.46875 0.6129807692307693 0.46875
23 0.39663461538461536 0.5721153846153846 0.4326923076923077 0.5721153846153846 0.4326923076923077 0.6177884615384616 0.39663461538461536 0.6177884615384616
23 0.5048076923076923 0.5721153846153846 0.5408653846153846 0.5721153846153846 0.5408653846153846 0.6177884615384616 0.5048076923076923 0.6177884615384616
23 0.5096153846153846 0.71875 0.5456730769230769 0.71875 0.5456730769230769 0.7668269230769231 0.5096153846153846 0.7668269230769231
23 0.5600961538461539 0.6466346153846154 0.5961538461538461 0.6466346153846154 0.5961538461538461 0.6923076923076923 0.5600961538461539 0.6923076923076923
23 0.34134615384615385 0.6466346153846154 0.37740384615384615 0.6466346153846154 0.37740384615384615 0.6923076923076923 0.34134615384615385 0.6923076923076923
23 0.4543269230769231 0.6466346153846154 0.49038461538461536 0.6466346153846154 0.49038461538461536 0.6923076923076923 0.4543269230769231 0.6923076923076923
23 0.6706730769230769 0.6466346153846154 0.7259615384615384 0.6466346153846154 0.7259615384615384 0.6923076923076923 0.6706730769230769 0.6923076923076923
8 0.5168269230769231 0.8293269230769231 0.5817307692307693 0.8293269230769231 0.5817307692307693 0.8798076923076923 0.5168269230769231 0.8798076923076923
20 0.6105769230769231 0.8269230769230769 0.7067307692307693 0.8269230769230769 0.7067307692307693 0.8653846153846154 0.6105769230769231 0.8653846153846154
20 0.40384615384615385 0.8269230769230769 0.47115384615384615 0.8269230769230769 0.47115384615384615 0.8653846153846154 0.40384615384615385 0.8653846153846154
12 0.2764423076923077 0.78125 0.7331730769230769 0.78125 0.7331730769230769 0.7884615384615384 0.2764423076923077 0.7884615384615384
12 0.2764423076923077 0.25961538461538464 0.7259615384615384 0.25961538461538464 0.7259615384615384 0.2644230769230769 0.2764423076923077 0.2644230769230769
12 0.2764423076923077 0.33413461538461536 0.7283653846153846 0.33413461538461536 0.7283653846153846 0.3389423076923077 0.2764423076923077 0.3389423076923077
12 0.2764423076923077 0.40865384615384615 0.7283653846153846 0.40865384615384615 0.7283653846153846 0.41346153846153844 0.2764423076923077 0.41346153846153844
12 0.2764423076923077 0.4807692307692308 0.7307692307692307 0.4807692307692308 0.7307692307692307 0.4879807692307692 0.2764423076923077 0.4879807692307692
12 0.2764423076923077 0.5576923076923077 0.7331730769230769 0.5576923076923077 0.7331730769230769 0.5649038461538461 0.2764423076923077 0.5649038461538461
12 0.2764423076923077 0.6322115384615384 0.7331730769230769 0.6322115384615384 0.7331730769230769 0.6394230769230769 0.2764423076923077 0.6394230769230769
12 0.2764423076923077 0.7067307692307693 0.7331730769230769 0.7067307692307693 0.7331730769230769 0.7139423076923077 0.2764423076923077 0.7139423076923077
2 0.27163461538461536 0.04807692307692308 0.7403846153846154 0.04807692307692308 0.7403846153846154 0.8822115384615384 0.27163461538461536 0.8822115384615384
10 0.27403846153846156 0.04807692307692308 0.7403846153846154 0.04807692307692308 0.7403846153846154 0.8822115384615384 0.27403846153846156 0.8822115384615384