23 0.30528846153846156 0.5889423076923077 0.33413461538461536 0.5889423076923077 0.33413461538461536 0.7043269230769231 0.30528846153846156 0.7043269230769231
23 0.30528846153846156 0.4639423076923077 0.33413461538461536 0.4639423076923077 0.33413461538461536 0.5384615384615384 0.30528846153846156 0.5384615384615384
23 0.4519230769230769 0.6057692307692307 0.47115384615384615 0.6057692307692307 0.47115384615384615 0.6778846153846154 0.4519230769230769 0.6778846153846154
23 0.625 0.4639423076923077 0.6538461538461539 0.4639423076923077 0.6538461538461539 0.5384615384615384 0.625 0.5384615384615384
23 0.7067307692307693 0.4639423076923077 0.7355769230769231 0.4639423076923077 0.7355769230769231 0.5384615384615384 0.7067307692307693 0.5384615384615384
23 0.7067307692307693 0.5889423076923077 0.7355769230769231 0.5889423076923077 0.7355769230769231 0.7043269230769231 0.7067307692307693 0.7043269230769231
23 0.625 0.5889423076923077 0.6538461538461539 0.5889423076923077 0.6538461538461539 0.7043269230769231 0.625 0.7043269230769231
23 0.38461538461538464 0.5889423076923077 0.41346153846153844 0.5889423076923077 0.41346153846153844 0.7043269230769231 0.38461538461538464 0.7043269230769231
23 0.38461538461538464 0.4639423076923077 0.41346153846153844 0.4639423076923077 0.41346153846153844 0.5384615384615384 0.38461538461538464 0.5384615384615384
23 0.4519230769230769 0.4735576923076923 0.47115384615384615 0.4735576923076923 0.47115384615384615 0.5240384615384616 0.4519230769230769 0.5240384615384616
23 0.49038461538461536 0.4735576923076923 0.5096153846153846 0.4735576923076923 0.5096153846153846 0.5240384615384616 0.49038461538461536 0.5240384615384616
23 0.5288461538461539 0.4735576923076923 0.5480769230769231 0.4735576923076923 0.5480769230769231 0.5240384615384616 0.5288461538461539 0.5240384615384616
23 0.5649038461538461 0.4735576923076923 0.5841346153846154 0.4735576923076923 0.5841346153846154 0.5240384615384616 0.5649038461538461 0.5240384615384616
23 0.5649038461538461 0.6057692307692307 0.5841346153846154 0.6057692307692307 0.5841346153846154 0.6778846153846154 0.5649038461538461 0.6778846153846154
23 0.6778846153846154 0.3485576923076923 0.6850961538461539 0.3485576923076923 0.6850961538461539 0.40384615384615385 0.6778846153846154 0.40384615384615385
23 0.35336538461538464 0.3485576923076923 0.3605769230769231 0.3485576923076923 0.3605769230769231 0.40384615384615385 0.35336538461538464 0.40384615384615385
23 0.49759615384615385 0.5865384615384616 0.5408653846153846 0.5865384615384616 0.5408653846153846 0.6995192307692307 0.49759615384615385 0.6995192307692307
8 0.5096153846153846 0.6081730769230769 0.53125 0.6081730769230769 0.53125 0.6995192307692307 0.5096153846153846 0.6995192307692307
19 0.2764423076923077 0.2860576923076923 0.7644230769230769 0.2860576923076923 0.7644230769230769 0.47115384615384615 0.2764423076923077 0.47115384615384615
2 0.2764423076923077 0.28365384615384615 0.7644230769230769 0.28365384615384615 0.7644230769230769 0.7139423076923077 0.2764423076923077 0.7139423076923077
10 0.27884615384615385 0.28365384615384615 0.7668269230769231 0.28365384615384615 0.7668269230769231 0.7139423076923077 0.27884615384615385 0.7139423076923077