12 0.22355769230769232 0.3629807692307692 0.7427884615384616 0.3629807692307692 0.7427884615384616 0.3894230769230769 0.22355769230769232 0.3894230769230769
0 0.41346153846153844 0.53125 0.6105769230769231 0.53125 0.6105769230769231 0.5961538461538461 0.41346153846153844 0.5961538461538461
8 0.42788461538461536 0.47596153846153844 0.5889423076923077 0.47596153846153844 0.5889423076923077 0.6009615384615384 0.42788461538461536 0.6009615384615384
8 0.3293269230769231 0.7163461538461539 0.49278846153846156 0.7163461538461539 0.49278846153846156 0.8653846153846154 0.3293269230769231 0.8653846153846154
12 0.22115384615384615 0.6129807692307693 0.7427884615384616 0.6129807692307693 0.7427884615384616 0.6346153846153846 0.22115384615384615 0.6346153846153846
0 0.34375 0.2860576923076923 0.6850961538461539 0.2860576923076923 0.6850961538461539 0.3605769230769231 0.34375 0.3605769230769231
2 0.21875 0.038461538461538464 0.7427884615384616 0.038461538461538464 0.7427884615384616 0.8798076923076923 0.21875 0.8798076923076923
23 0.5913461538461539 0.7163461538461539 0.6466346153846154 0.7163461538461539 0.6466346153846154 0.8149038461538461 0.5913461538461539 0.8149038461538461
23 0.3870192307692308 0.40625 0.6394230769230769 0.40625 0.6394230769230769 0.5985576923076923 0.3870192307692308 0.5985576923076923
10 0.21875 0.038461538461538464 0.7451923076923077 0.038461538461538464 0.7451923076923077 0.8822115384615384 0.21875 0.8822115384615384
23 0.3629807692307692 0.24278846153846154 0.6610576923076923 0.24278846153846154 0.6610576923076923 0.3389423076923077 0.3629807692307692 0.3389423076923077