14 0.24519230769230768 0.40865384615384615 0.4254807692307692 0.40865384615384615 0.4254807692307692 0.6177884615384616 0.24519230769230768 0.6177884615384616
23 0.23798076923076922 0.6826923076923077 0.4423076923076923 0.6826923076923077 0.4423076923076923 0.7163461538461539 0.23798076923076922 0.7163461538461539
23 0.5384615384615384 0.6586538461538461 0.84375 0.6586538461538461 0.84375 0.7211538461538461 0.5384615384615384 0.7211538461538461
23 0.5336538461538461 0.37259615384615385 0.7764423076923077 0.37259615384615385 0.7764423076923077 0.38221153846153844 0.5336538461538461 0.38221153846153844
23 0.5336538461538461 0.5745192307692307 0.8485576923076923 0.5745192307692307 0.8485576923076923 0.5817307692307693 0.5336538461538461 0.5817307692307693
23 0.5336538461538461 0.6009615384615384 0.8485576923076923 0.6009615384615384 0.8485576923076923 0.6105769230769231 0.5336538461538461 0.6105769230769231
23 0.53125 0.5456730769230769 0.6418269230769231 0.5456730769230769 0.6418269230769231 0.5528846153846154 0.53125 0.5528846153846154
23 0.5336538461538461 0.4014423076923077 0.7764423076923077 0.4014423076923077 0.7764423076923077 0.4110576923076923 0.5336538461538461 0.4110576923076923
23 0.5336538461538461 0.43028846153846156 0.7764423076923077 0.43028846153846156 0.7764423076923077 0.4375 0.5336538461538461 0.4375
23 0.5336538461538461 0.45913461538461536 0.7764423076923077 0.45913461538461536 0.7764423076923077 0.46875 0.5336538461538461 0.46875
23 0.5336538461538461 0.4879807692307692 0.8485576923076923 0.4879807692307692 0.8485576923076923 0.4951923076923077 0.5336538461538461 0.4951923076923077
23 0.53125 0.5144230769230769 0.6418269230769231 0.5144230769230769 0.6418269230769231 0.5240384615384616 0.53125 0.5240384615384616
23 0.5336538461538461 0.8557692307692307 0.7307692307692307 0.8557692307692307 0.7307692307692307 0.8653846153846154 0.5336538461538461 0.8653846153846154
23 0.5336538461538461 0.6298076923076923 0.8485576923076923 0.6298076923076923 0.8485576923076923 0.6394230769230769 0.5336538461538461 0.6394230769230769
23 0.5336538461538461 0.8245192307692307 0.7307692307692307 0.8245192307692307 0.7307692307692307 0.8365384615384616 0.5336538461538461 0.8365384615384616
23 0.5336538461538461 0.7980769230769231 0.7307692307692307 0.7980769230769231 0.7307692307692307 0.8076923076923077 0.5336538461538461 0.8076923076923077
23 0.5336538461538461 0.7692307692307693 0.7307692307692307 0.7692307692307693 0.7307692307692307 0.7788461538461539 0.5336538461538461 0.7788461538461539
8 0.7716346153846154 0.7692307692307693 0.8245192307692307 0.7692307692307693 0.8245192307692307 0.8653846153846154 0.7716346153846154 0.8653846153846154
23 0.6995192307692307 0.5168269230769231 0.8461538461538461 0.5168269230769231 0.8461538461538461 0.5504807692307693 0.6995192307692307 0.5504807692307693
0 0.5192307692307693 0.28365384615384615 0.8822115384615384 0.28365384615384615 0.8822115384615384 0.34134615384615385 0.5192307692307693 0.34134615384615385
8 0.2403846153846154 0.78125 0.29086538461538464 0.78125 0.29086538461538464 0.8605769230769231 0.2403846153846154 0.8605769230769231
5 0.5456730769230769 0.19230769230769232 0.6466346153846154 0.19230769230769232 0.6466346153846154 0.28365384615384615 0.5456730769230769 0.28365384615384615
2 0.15625 0.19230769230769232 0.8822115384615384 0.19230769230769232 0.8822115384615384 0.8725961538461539 0.15625 0.8725961538461539
12 0.15865384615384615 0.7403846153846154 0.5168269230769231 0.7403846153846154 0.5168269230769231 0.7644230769230769 0.15865384615384615 0.7644230769230769
12 0.15865384615384615 0.47836538461538464 0.5168269230769231 0.47836538461538464 0.5168269230769231 0.5024038461538461 0.15865384615384615 0.5024038461538461
12 0.15865384615384615 0.6201923076923077 0.5168269230769231 0.6201923076923077 0.5168269230769231 0.6442307692307693 0.15865384615384615 0.6442307692307693
10 0.15865384615384615 0.19230769230769232 0.8846153846153846 0.19230769230769232 0.8846153846153846 0.8725961538461539 0.15865384615384615 0.8725961538461539