23 0.7548076923076923 0.09375 0.7956730769230769 0.09375 0.7956730769230769 0.20192307692307693 0.7548076923076923 0.20192307692307693
23 0.6706730769230769 0.09375 0.7115384615384616 0.09375 0.7115384615384616 0.20192307692307693 0.6706730769230769 0.20192307692307693
23 0.5048076923076923 0.09375 0.5456730769230769 0.09375 0.5456730769230769 0.20192307692307693 0.5048076923076923 0.20192307692307693
23 0.4206730769230769 0.09375 0.46153846153846156 0.09375 0.46153846153846156 0.20192307692307693 0.4206730769230769 0.20192307692307693
23 0.3389423076923077 0.09375 0.3798076923076923 0.09375 0.3798076923076923 0.20192307692307693 0.3389423076923077 0.20192307692307693
23 0.2548076923076923 0.09375 0.2956730769230769 0.09375 0.2956730769230769 0.20192307692307693 0.2548076923076923 0.20192307692307693
23 0.7115384615384616 0.46875 0.7524038461538461 0.46875 0.7524038461538461 0.5817307692307693 0.7115384615384616 0.5817307692307693
23 0.7115384615384616 0.21875 0.7524038461538461 0.21875 0.7524038461538461 0.3293269230769231 0.7115384615384616 0.3293269230769231
23 0.6298076923076923 0.21875 0.6706730769230769 0.21875 0.6706730769230769 0.3293269230769231 0.6298076923076923 0.3293269230769231
23 0.2548076923076923 0.59375 0.2956730769230769 0.59375 0.2956730769230769 0.7091346153846154 0.2548076923076923 0.7091346153846154
23 0.33653846153846156 0.34615384615384615 0.37740384615384615 0.34615384615384615 0.37740384615384615 0.4543269230769231 0.33653846153846156 0.4543269230769231
23 0.2548076923076923 0.34615384615384615 0.2956730769230769 0.34615384615384615 0.2956730769230769 0.4543269230769231 0.2548076923076923 0.4543269230769231
23 0.2956730769230769 0.21875 0.33653846153846156 0.21875 0.33653846153846156 0.3293269230769231 0.2956730769230769 0.3293269230769231
23 0.21394230769230768 0.21875 0.2548076923076923 0.21875 0.2548076923076923 0.3293269230769231 0.21394230769230768 0.3293269230769231
23 0.5456730769230769 0.21875 0.5865384615384616 0.21875 0.5865384615384616 0.3293269230769231 0.5456730769230769 0.3293269230769231
23 0.4639423076923077 0.21875 0.5048076923076923 0.21875 0.5048076923076923 0.3293269230769231 0.4639423076923077 0.3293269230769231
23 0.5048076923076923 0.34375 0.5456730769230769 0.34375 0.5456730769230769 0.4543269230769231 0.5048076923076923 0.4543269230769231
23 0.4206730769230769 0.34375 0.46153846153846156 0.34375 0.46153846153846156 0.4543269230769231 0.4206730769230769 0.4543269230769231
23 0.7524038461538461 0.34615384615384615 0.7932692307692307 0.34615384615384615 0.7932692307692307 0.4543269230769231 0.7524038461538461 0.4543269230769231
23 0.6682692307692307 0.34615384615384615 0.7091346153846154 0.34615384615384615 0.7091346153846154 0.4543269230769231 0.6682692307692307 0.4543269230769231
23 0.3389423076923077 0.59375 0.3798076923076923 0.59375 0.3798076923076923 0.7091346153846154 0.3389423076923077 0.7091346153846154
23 0.6682692307692307 0.59375 0.7067307692307693 0.59375 0.7067307692307693 0.7091346153846154 0.6682692307692307 0.7091346153846154
23 0.7548076923076923 0.59375 0.7932692307692307 0.59375 0.7932692307692307 0.7091346153846154 0.7548076923076923 0.7091346153846154
23 0.4206730769230769 0.59375 0.46153846153846156 0.59375 0.46153846153846156 0.7091346153846154 0.4206730769230769 0.7091346153846154
23 0.5024038461538461 0.59375 0.5432692307692307 0.59375 0.5432692307692307 0.7091346153846154 0.5024038461538461 0.7091346153846154
23 0.21394230769230768 0.46875 0.2548076923076923 0.46875 0.2548076923076923 0.5817307692307693 0.21394230769230768 0.5817307692307693
23 0.2956730769230769 0.46875 0.33653846153846156 0.46875 0.33653846153846156 0.5817307692307693 0.2956730769230769 0.5817307692307693
23 0.46153846153846156 0.46875 0.5024038461538461 0.46875 0.5024038461538461 0.5817307692307693 0.46153846153846156 0.5817307692307693
23 0.5456730769230769 0.46875 0.5865384615384616 0.46875 0.5865384615384616 0.5817307692307693 0.5456730769230769 0.5817307692307693
23 0.6274038461538461 0.46875 0.6682692307692307 0.46875 0.6682692307692307 0.5817307692307693 0.6274038461538461 0.5817307692307693
23 0.6274038461538461 0.7163461538461539 0.6658653846153846 0.7163461538461539 0.6658653846153846 0.8317307692307693 0.6274038461538461 0.8317307692307693
23 0.4639423076923077 0.7163461538461539 0.5024038461538461 0.7163461538461539 0.5024038461538461 0.8317307692307693 0.4639423076923077 0.8317307692307693
23 0.5480769230769231 0.7163461538461539 0.5865384615384616 0.7163461538461539 0.5865384615384616 0.8317307692307693 0.5480769230769231 0.8317307692307693
15 0.1875 0.7163461538461539 0.8149038461538461 0.7163461538461539 0.8149038461538461 0.9471153846153846 0.1875 0.9471153846153846
12 0.1875 0.3293269230769231 0.8149038461538461 0.3293269230769231 0.8149038461538461 0.3389423076923077 0.1875 0.3389423076923077
12 0.1875 0.4543269230769231 0.8149038461538461 0.4543269230769231 0.8149038461538461 0.4639423076923077 0.1875 0.4639423076923077
12 0.1875 0.5817307692307693 0.8149038461538461 0.5817307692307693 0.8149038461538461 0.5913461538461539 0.1875 0.5913461538461539
12 0.1875 0.7091346153846154 0.8149038461538461 0.7091346153846154 0.8149038461538461 0.71875 0.1875 0.71875
12 0.1875 0.20192307692307693 0.8149038461538461 0.20192307692307693 0.8149038461538461 0.21153846153846154 0.1875 0.21153846153846154
22 0.1875 0.0625 0.8149038461538461 0.0625 0.8149038461538461 0.9471153846153846 0.1875 0.9471153846153846
11 0.1875 0.21153846153846154 0.8149038461538461 0.21153846153846154 0.8149038461538461 0.3293269230769231 0.1875 0.3293269230769231
11 0.1875 0.3389423076923077 0.8149038461538461 0.3389423076923077 0.8149038461538461 0.4543269230769231 0.1875 0.4543269230769231
11 0.1875 0.4639423076923077 0.8149038461538461 0.4639423076923077 0.8149038461538461 0.5817307692307693 0.1875 0.5817307692307693
11 0.1875 0.5913461538461539 0.8149038461538461 0.5913461538461539 0.8149038461538461 0.7067307692307693 0.1875 0.7067307692307693
2 0.009615384615384616 0.06490384615384616 0.9951923076923077 0.06490384615384616 0.9951923076923077 0.9471153846153846 0.009615384615384616 0.9471153846153846
7 0.32211538461538464 0.7692307692307693 0.36778846153846156 0.7692307692307693 0.36778846153846156 0.9471153846153846 0.32211538461538464 0.9471153846153846
7 0.5721153846153846 0.7716346153846154 0.6153846153846154 0.7716346153846154 0.6153846153846154 0.9471153846153846 0.5721153846153846 0.9471153846153846
10 0.1875 0.06490384615384616 0.8149038461538461 0.06490384615384616 0.8149038461538461 0.20192307692307693 0.1875 0.20192307692307693
9 0.6802884615384616 0.71875 0.8028846153846154 0.71875 0.8028846153846154 0.8341346153846154 0.6802884615384616 0.8341346153846154