23 0.6971153846153846 0.31009615384615385 0.7379807692307693 0.31009615384615385 0.7379807692307693 0.3870192307692308 0.6971153846153846 0.3870192307692308
23 0.34375 0.18990384615384615 0.3894230769230769 0.18990384615384615 0.3894230769230769 0.2644230769230769 0.34375 0.2644230769230769
23 0.5 0.18990384615384615 0.5096153846153846 0.18990384615384615 0.5096153846153846 0.2644230769230769 0.5 0.2644230769230769
14 0.39663461538461536 0.6682692307692307 0.6923076923076923 0.6682692307692307 0.6923076923076923 0.7572115384615384 0.39663461538461536 0.7572115384615384
23 0.5552884615384616 0.31009615384615385 0.5625 0.31009615384615385 0.5625 0.3870192307692308 0.5552884615384616 0.3870192307692308
23 0.39663461538461536 0.31009615384615385 0.44471153846153844 0.31009615384615385 0.44471153846153844 0.3870192307692308 0.39663461538461536 0.3870192307692308
23 0.2620192307692308 0.42788461538461536 0.30528846153846156 0.42788461538461536 0.30528846153846156 0.5144230769230769 0.2620192307692308 0.5144230769230769
23 0.5024038461538461 0.42788461538461536 0.5528846153846154 0.42788461538461536 0.5528846153846154 0.5144230769230769 0.5024038461538461 0.5144230769230769
23 0.5024038461538461 0.5504807692307693 0.5120192307692307 0.5504807692307693 0.5120192307692307 0.6370192307692307 0.5024038461538461 0.6370192307692307
23 0.3605769230769231 0.6442307692307693 0.7067307692307693 0.6442307692307693 0.7067307692307693 0.7620192307692307 0.3605769230769231 0.7620192307692307
0 0.33413461538461536 0.23076923076923078 0.3894230769230769 0.23076923076923078 0.3894230769230769 0.2644230769230769 0.33413461538461536 0.2644230769230769
0 0.2283653846153846 0.6033653846153846 0.3581730769230769 0.6033653846153846 0.3581730769230769 0.6370192307692307 0.2283653846153846 0.6370192307692307
0 0.2283653846153846 0.47836538461538464 0.30528846153846156 0.47836538461538464 0.30528846153846156 0.5144230769230769 0.2283653846153846 0.5144230769230769
0 0.3918269230769231 0.3557692307692308 0.44471153846153844 0.3557692307692308 0.44471153846153844 0.3870192307692308 0.3918269230769231 0.3870192307692308
0 0.6971153846153846 0.3557692307692308 0.7716346153846154 0.3557692307692308 0.7716346153846154 0.3870192307692308 0.6971153846153846 0.3870192307692308
0 0.5552884615384616 0.23076923076923078 0.7740384615384616 0.23076923076923078 0.7740384615384616 0.2644230769230769 0.5552884615384616 0.2644230769230769
23 0.5 0.5192307692307693 0.5144230769230769 0.5192307692307693 0.5144230769230769 0.6370192307692307 0.5 0.6370192307692307
23 0.33413461538461536 0.14423076923076922 0.3894230769230769 0.14423076923076922 0.3894230769230769 0.2644230769230769 0.33413461538461536 0.2644230769230769
23 0.49759615384615385 0.14423076923076922 0.5120192307692307 0.14423076923076922 0.5120192307692307 0.2644230769230769 0.49759615384615385 0.2644230769230769
23 0.3894230769230769 0.2692307692307692 0.44471153846153844 0.2692307692307692 0.44471153846153844 0.3870192307692308 0.3894230769230769 0.3870192307692308
23 0.5552884615384616 0.2692307692307692 0.5697115384615384 0.2692307692307692 0.5697115384615384 0.3870192307692308 0.5552884615384616 0.3870192307692308
23 0.6947115384615384 0.2692307692307692 0.7740384615384616 0.2692307692307692 0.7740384615384616 0.3870192307692308 0.6947115384615384 0.3870192307692308
23 0.5 0.3942307692307692 0.5552884615384616 0.3942307692307692 0.5552884615384616 0.5144230769230769 0.5 0.5144230769230769
23 0.25961538461538464 0.5504807692307693 0.3581730769230769 0.5504807692307693 0.3581730769230769 0.6370192307692307 0.25961538461538464 0.6370192307692307
2 0.20673076923076922 0.13701923076923078 0.7788461538461539 0.13701923076923078 0.7788461538461539 0.7620192307692307 0.20673076923076922 0.7620192307692307
10 0.20673076923076922 0.13701923076923078 0.7788461538461539 0.13701923076923078 0.7788461538461539 0.7620192307692307 0.20673076923076922 0.7620192307692307
12 0.22115384615384615 0.6346153846153846 0.7788461538461539 0.6346153846153846 0.7788461538461539 0.6394230769230769 0.22115384615384615 0.6394230769230769
12 0.2091346153846154 0.2644230769230769 0.7788461538461539 0.2644230769230769 0.7788461538461539 0.2692307692307692 0.2091346153846154 0.2692307692307692
12 0.22115384615384615 0.5144230769230769 0.7788461538461539 0.5144230769230769 0.7788461538461539 0.5192307692307693 0.22115384615384615 0.5192307692307693
10 0.2091346153846154 0.13701923076923078 0.78125 0.13701923076923078 0.78125 0.7644230769230769 0.2091346153846154 0.7644230769230769