23 0.6370192307692307 0.5913461538461539 0.6875 0.5913461538461539 0.6875 0.6682692307692307 0.6370192307692307 0.6682692307692307
23 0.28125 0.5913461538461539 0.3317307692307692 0.5913461538461539 0.3317307692307692 0.6682692307692307 0.28125 0.6682692307692307
23 0.39903846153846156 0.5913461538461539 0.4495192307692308 0.5913461538461539 0.4495192307692308 0.6682692307692307 0.39903846153846156 0.6682692307692307
23 0.5168269230769231 0.5913461538461539 0.5697115384615384 0.5913461538461539 0.5697115384615384 0.6682692307692307 0.5168269230769231 0.6682692307692307
23 0.6370192307692307 0.22115384615384615 0.6875 0.22115384615384615 0.6875 0.2764423076923077 0.6370192307692307 0.2764423076923077
23 0.28125 0.22115384615384615 0.3293269230769231 0.22115384615384615 0.3293269230769231 0.2764423076923077 0.28125 0.2764423076923077
23 0.39903846153846156 0.22115384615384615 0.4495192307692308 0.22115384615384615 0.4495192307692308 0.2764423076923077 0.39903846153846156 0.2764423076923077
23 0.5168269230769231 0.22115384615384615 0.5697115384615384 0.22115384615384615 0.5697115384615384 0.2764423076923077 0.5168269230769231 0.2764423076923077
23 0.6370192307692307 0.3317307692307692 0.6875 0.3317307692307692 0.6875 0.3870192307692308 0.6370192307692307 0.3870192307692308
23 0.28125 0.3317307692307692 0.3293269230769231 0.3317307692307692 0.3293269230769231 0.3870192307692308 0.28125 0.3870192307692308
23 0.39903846153846156 0.3317307692307692 0.4495192307692308 0.3317307692307692 0.4495192307692308 0.3870192307692308 0.39903846153846156 0.3870192307692308
23 0.5168269230769231 0.3317307692307692 0.5697115384615384 0.3317307692307692 0.5697115384615384 0.3870192307692308 0.5168269230769231 0.3870192307692308
23 0.6370192307692307 0.4543269230769231 0.6875 0.4543269230769231 0.6875 0.5216346153846154 0.6370192307692307 0.5216346153846154
23 0.28125 0.4543269230769231 0.3293269230769231 0.4543269230769231 0.3293269230769231 0.5216346153846154 0.28125 0.5216346153846154
23 0.39903846153846156 0.4543269230769231 0.4495192307692308 0.4543269230769231 0.4495192307692308 0.5216346153846154 0.39903846153846156 0.5216346153846154
23 0.5168269230769231 0.4543269230769231 0.5697115384615384 0.4543269230769231 0.5697115384615384 0.5216346153846154 0.5168269230769231 0.5216346153846154
23 0.6201923076923077 0.7379807692307693 0.6923076923076923 0.7379807692307693 0.6923076923076923 0.7620192307692307 0.6201923076923077 0.7620192307692307
23 0.2764423076923077 0.7379807692307693 0.3485576923076923 0.7379807692307693 0.3485576923076923 0.7620192307692307 0.2764423076923077 0.7620192307692307
23 0.5048076923076923 0.7379807692307693 0.5769230769230769 0.7379807692307693 0.5769230769230769 0.7620192307692307 0.5048076923076923 0.7620192307692307
23 0.3918269230769231 0.7379807692307693 0.4639423076923077 0.7379807692307693 0.4639423076923077 0.7620192307692307 0.3918269230769231 0.7620192307692307
23 0.3918269230769231 0.7692307692307693 0.4639423076923077 0.7692307692307693 0.4639423076923077 0.8365384615384616 0.3918269230769231 0.8365384615384616
23 0.3918269230769231 0.7692307692307693 0.4639423076923077 0.7692307692307693 0.4639423076923077 0.8365384615384616 0.3918269230769231 0.8365384615384616
23 0.3918269230769231 0.7692307692307693 0.4639423076923077 0.7692307692307693 0.4639423076923077 0.8365384615384616 0.3918269230769231 0.8365384615384616
23 0.5048076923076923 0.7692307692307693 0.5769230769230769 0.7692307692307693 0.5769230769230769 0.8365384615384616 0.5048076923076923 0.8365384615384616
8 0.6153846153846154 0.7644230769230769 0.6995192307692307 0.7644230769230769 0.6995192307692307 0.8629807692307693 0.6153846153846154 0.8629807692307693
8 0.2692307692307692 0.7644230769230769 0.3557692307692308 0.7644230769230769 0.3557692307692308 0.8629807692307693 0.2692307692307692 0.8629807692307693
16 0.23798076923076922 0.1346153846153846 0.7331730769230769 0.1346153846153846 0.7331730769230769 0.14423076923076922 0.23798076923076922 0.14423076923076922
4 0.6177884615384616 0.18509615384615385 0.71875 0.18509615384615385 0.71875 0.20432692307692307 0.6177884615384616 0.20432692307692307
4 0.25240384615384615 0.18509615384615385 0.3557692307692308 0.18509615384615385 0.3557692307692308 0.20432692307692307 0.25240384615384615 0.20432692307692307
4 0.4951923076923077 0.18509615384615385 0.5961538461538461 0.18509615384615385 0.5961538461538461 0.20432692307692307 0.4951923076923077 0.20432692307692307
4 0.375 0.18509615384615385 0.47596153846153844 0.18509615384615385 0.47596153846153844 0.20432692307692307 0.375 0.20432692307692307
4 0.6129807692307693 0.4014423076923077 0.7307692307692307 0.4014423076923077 0.7307692307692307 0.4326923076923077 0.6129807692307693 0.4326923076923077
4 0.24278846153846154 0.4014423076923077 0.3605769230769231 0.4014423076923077 0.3605769230769231 0.4326923076923077 0.24278846153846154 0.4326923076923077
4 0.4879807692307692 0.4014423076923077 0.6057692307692307 0.4014423076923077 0.6057692307692307 0.4326923076923077 0.4879807692307692 0.4326923076923077
4 0.36538461538461536 0.4014423076923077 0.4831730769230769 0.4014423076923077 0.4831730769230769 0.4326923076923077 0.36538461538461536 0.4326923076923077
4 0.2403846153846154 0.5456730769230769 0.3605769230769231 0.5456730769230769 0.3605769230769231 0.5721153846153846 0.2403846153846154 0.5721153846153846
4 0.36538461538461536 0.5456730769230769 0.4831730769230769 0.5456730769230769 0.4831730769230769 0.5721153846153846 0.36538461538461536 0.5721153846153846
4 0.4855769230769231 0.5456730769230769 0.6057692307692307 0.5456730769230769 0.6057692307692307 0.5721153846153846 0.4855769230769231 0.5721153846153846
4 0.6105769230769231 0.5456730769230769 0.7283653846153846 0.5456730769230769 0.7283653846153846 0.5721153846153846 0.6105769230769231 0.5721153846153846
5 0.7043269230769231 0.5721153846153846 0.71875 0.5721153846153846 0.71875 0.6009615384615384 0.7043269230769231 0.6009615384615384
5 0.6153846153846154 0.5721153846153846 0.6298076923076923 0.5721153846153846 0.6298076923076923 0.6009615384615384 0.6153846153846154 0.6009615384615384
5 0.3389423076923077 0.5721153846153846 0.35336538461538464 0.5721153846153846 0.35336538461538464 0.6009615384615384 0.3389423076923077 0.6009615384615384
5 0.25240384615384615 0.5721153846153846 0.2668269230769231 0.5721153846153846 0.2668269230769231 0.6009615384615384 0.25240384615384615 0.6009615384615384
5 0.46153846153846156 0.5721153846153846 0.47596153846153844 0.5721153846153846 0.47596153846153844 0.6009615384615384 0.46153846153846156 0.6009615384615384
5 0.375 0.5721153846153846 0.3894230769230769 0.5721153846153846 0.3894230769230769 0.6009615384615384 0.375 0.6009615384615384
5 0.5841346153846154 0.5721153846153846 0.5985576923076923 0.5721153846153846 0.5985576923076923 0.6009615384615384 0.5841346153846154 0.6009615384615384
5 0.4951923076923077 0.5721153846153846 0.5096153846153846 0.5721153846153846 0.5096153846153846 0.6009615384615384 0.4951923076923077 0.6009615384615384
5 0.7043269230769231 0.42788461538461536 0.71875 0.42788461538461536 0.71875 0.4567307692307692 0.7043269230769231 0.4567307692307692
5 0.6153846153846154 0.42788461538461536 0.6298076923076923 0.42788461538461536 0.6298076923076923 0.4567307692307692 0.6153846153846154 0.4567307692307692
5 0.3389423076923077 0.42788461538461536 0.35336538461538464 0.42788461538461536 0.35336538461538464 0.4567307692307692 0.3389423076923077 0.4567307692307692
5 0.25240384615384615 0.42788461538461536 0.2668269230769231 0.42788461538461536 0.2668269230769231 0.4567307692307692 0.25240384615384615 0.4567307692307692
5 0.46153846153846156 0.42788461538461536 0.47596153846153844 0.42788461538461536 0.47596153846153844 0.4567307692307692 0.46153846153846156 0.4567307692307692
5 0.375 0.42788461538461536 0.3894230769230769 0.42788461538461536 0.3894230769230769 0.4567307692307692 0.375 0.4567307692307692
5 0.5841346153846154 0.42788461538461536 0.5985576923076923 0.42788461538461536 0.5985576923076923 0.4567307692307692 0.5841346153846154 0.4567307692307692
5 0.4951923076923077 0.42788461538461536 0.5096153846153846 0.42788461538461536 0.5096153846153846 0.4567307692307692 0.4951923076923077 0.4567307692307692
4 0.2548076923076923 0.2860576923076923 0.3557692307692308 0.2860576923076923 0.3557692307692308 0.31971153846153844 0.2548076923076923 0.31971153846153844
4 0.6177884615384616 0.2860576923076923 0.71875 0.2860576923076923 0.71875 0.31971153846153844 0.6177884615384616 0.31971153846153844
4 0.37740384615384615 0.2860576923076923 0.47596153846153844 0.2860576923076923 0.47596153846153844 0.31971153846153844 0.37740384615384615 0.31971153846153844
4 0.49759615384615385 0.2860576923076923 0.5985576923076923 0.2860576923076923 0.5985576923076923 0.31971153846153844 0.49759615384615385 0.31971153846153844
21 0.36538461538461536 0.5240384615384616 0.47836538461538464 0.5240384615384616 0.47836538461538464 0.5480769230769231 0.36538461538461536 0.5480769230769231
21 0.24759615384615385 0.5240384615384616 0.3605769230769231 0.5240384615384616 0.3605769230769231 0.5480769230769231 0.24759615384615385 0.5480769230769231
21 0.6081730769230769 0.5240384615384616 0.7211538461538461 0.5240384615384616 0.7211538461538461 0.5480769230769231 0.6081730769230769 0.5480769230769231
21 0.4855769230769231 0.5240384615384616 0.5985576923076923 0.5240384615384616 0.5985576923076923 0.5480769230769231 0.4855769230769231 0.5480769230769231
21 0.6129807692307693 0.6754807692307693 0.7139423076923077 0.6754807692307693 0.7139423076923077 0.6971153846153846 0.6129807692307693 0.6971153846153846
21 0.4951923076923077 0.6754807692307693 0.59375 0.6754807692307693 0.59375 0.6971153846153846 0.4951923076923077 0.6971153846153846
21 0.375 0.6754807692307693 0.4735576923076923 0.6754807692307693 0.4735576923076923 0.6971153846153846 0.375 0.6971153846153846
21 0.2548076923076923 0.6754807692307693 0.3557692307692308 0.6754807692307693 0.3557692307692308 0.6971153846153846 0.2548076923076923 0.6971153846153846
23 0.6370192307692307 0.15144230769230768 0.6947115384615384 0.15144230769230768 0.6947115384615384 0.16346153846153846 0.6370192307692307 0.16346153846153846
23 0.27403846153846156 0.15144230769230768 0.33413461538461536 0.15144230769230768 0.33413461538461536 0.16346153846153846 0.27403846153846156 0.16346153846153846
23 0.3942307692307692 0.15144230769230768 0.4543269230769231 0.15144230769230768 0.4543269230769231 0.16346153846153846 0.3942307692307692 0.16346153846153846
23 0.5168269230769231 0.15144230769230768 0.5745192307692307 0.15144230769230768 0.5745192307692307 0.16346153846153846 0.5168269230769231 0.16346153846153846
17 0.23798076923076922 0.7283653846153846 0.25961538461538464 0.7283653846153846 0.25961538461538464 0.8629807692307693 0.23798076923076922 0.8629807692307693
17 0.20673076923076922 0.7283653846153846 0.2283653846153846 0.7283653846153846 0.2283653846153846 0.8629807692307693 0.20673076923076922 0.8629807692307693
17 0.7403846153846154 0.7283653846153846 0.7644230769230769 0.7283653846153846 0.7644230769230769 0.8629807692307693 0.7403846153846154 0.8629807692307693
17 0.7091346153846154 0.7283653846153846 0.7331730769230769 0.7283653846153846 0.7331730769230769 0.8629807692307693 0.7091346153846154 0.8629807692307693
17 0.5913461538461539 0.7283653846153846 0.6153846153846154 0.7283653846153846 0.6153846153846154 0.8629807692307693 0.5913461538461539 0.8629807692307693
17 0.4735576923076923 0.7283653846153846 0.4951923076923077 0.7283653846153846 0.4951923076923077 0.8629807692307693 0.4735576923076923 0.8629807692307693
16 0.19951923076923078 0.7019230769230769 0.7692307692307693 0.7019230769230769 0.7692307692307693 0.7115384615384616 0.19951923076923078 0.7115384615384616
4 0.1971153846153846 0.0625 0.7788461538461539 0.0625 0.7788461538461539 0.08413461538461539 0.1971153846153846 0.08413461538461539
2 0.15865384615384615 0.0625 0.8173076923076923 0.0625 0.8173076923076923 0.8653846153846154 0.15865384615384615 0.8653846153846154
17 0.3557692307692308 0.7283653846153846 0.37740384615384615 0.7283653846153846 0.37740384615384615 0.8629807692307693 0.3557692307692308 0.8629807692307693
12 0.20192307692307693 0.6947115384615384 0.7692307692307693 0.6947115384615384 0.7692307692307693 0.7067307692307693 0.20192307692307693 0.7067307692307693
12 0.20192307692307693 0.1658653846153846 0.7692307692307693 0.1658653846153846 0.7692307692307693 0.1778846153846154 0.20192307692307693 0.1778846153846154
12 0.20192307692307693 0.3894230769230769 0.7692307692307693 0.3894230769230769 0.7692307692307693 0.4014423076923077 0.20192307692307693 0.4014423076923077
12 0.20192307692307693 0.53125 0.7692307692307693 0.53125 0.7692307692307693 0.5432692307692307 0.20192307692307693 0.5432692307692307
12 0.20192307692307693 0.27884615384615385 0.7692307692307693 0.27884615384615385 0.7692307692307693 0.29086538461538464 0.20192307692307693 0.29086538461538464
10 0.15625 0.0625 0.8173076923076923 0.0625 0.8173076923076923 0.8653846153846154 0.15625 0.8653846153846154