14 0.5576923076923077 0.5528846153846154 0.6322115384615384 0.5528846153846154 0.6322115384615384 0.6586538461538461 0.5576923076923077 0.6586538461538461
14 0.5576923076923077 0.17067307692307693 0.6346153846153846 0.17067307692307693 0.6346153846153846 0.30528846153846156 0.5576923076923077 0.30528846153846156
14 0.6706730769230769 0.17548076923076922 0.7596153846153846 0.17548076923076922 0.7596153846153846 0.31009615384615385 0.6706730769230769 0.31009615384615385
14 0.6658653846153846 0.3004807692307692 0.7620192307692307 0.3004807692307692 0.7620192307692307 0.4254807692307692 0.6658653846153846 0.4254807692307692
14 0.6706730769230769 0.43028846153846156 0.7620192307692307 0.43028846153846156 0.7620192307692307 0.5408653846153846 0.6706730769230769 0.5408653846153846
14 0.6754807692307693 0.5576923076923077 0.7644230769230769 0.5576923076923077 0.7644230769230769 0.6586538461538461 0.6754807692307693 0.6586538461538461
14 0.6754807692307693 0.6802884615384616 0.7644230769230769 0.6802884615384616 0.7644230769230769 0.7716346153846154 0.6754807692307693 0.7716346153846154
14 0.5625 0.6826923076923077 0.6346153846153846 0.6826923076923077 0.6346153846153846 0.7740384615384616 0.5625 0.7740384615384616
14 0.4230769230769231 0.22115384615384615 0.4375 0.22115384615384615 0.4375 0.3076923076923077 0.4230769230769231 0.3076923076923077
14 0.3269230769230769 0.5625 0.37259615384615385 0.5625 0.37259615384615385 0.6586538461538461 0.3269230769230769 0.6586538461538461
14 0.3269230769230769 0.43028846153846156 0.37259615384615385 0.43028846153846156 0.37259615384615385 0.5384615384615384 0.3269230769230769 0.5384615384615384
14 0.3245192307692308 0.30528846153846156 0.37259615384615385 0.30528846153846156 0.37259615384615385 0.4254807692307692 0.3245192307692308 0.4254807692307692
14 0.3269230769230769 0.17548076923076922 0.37259615384615385 0.17548076923076922 0.37259615384615385 0.3076923076923077 0.3269230769230769 0.3076923076923077
14 0.4423076923076923 0.17548076923076922 0.5024038461538461 0.17548076923076922 0.5024038461538461 0.3076923076923077 0.4423076923076923 0.3076923076923077
14 0.4375 0.5552884615384616 0.5024038461538461 0.5552884615384616 0.5024038461538461 0.6586538461538461 0.4375 0.6586538461538461
14 0.43990384615384615 0.30288461538461536 0.5024038461538461 0.30288461538461536 0.5024038461538461 0.42788461538461536 0.43990384615384615 0.42788461538461536
14 0.4423076923076923 0.42788461538461536 0.5024038461538461 0.42788461538461536 0.5024038461538461 0.5360576923076923 0.4423076923076923 0.5360576923076923
14 0.5576923076923077 0.3004807692307692 0.6322115384615384 0.3004807692307692 0.6322115384615384 0.4254807692307692 0.5576923076923077 0.4254807692307692
14 0.5576923076923077 0.4230769230769231 0.6322115384615384 0.4230769230769231 0.6322115384615384 0.5408653846153846 0.5576923076923077 0.5408653846153846
14 0.4423076923076923 0.6875 0.5048076923076923 0.6875 0.5048076923076923 0.7764423076923077 0.4423076923076923 0.7764423076923077
14 0.6610576923076923 0.8221153846153846 0.6730769230769231 0.8221153846153846 0.6730769230769231 0.9278846153846154 0.6610576923076923 0.9278846153846154
14 0.4230769230769231 0.5841346153846154 0.43509615384615385 0.5841346153846154 0.43509615384615385 0.6586538461538461 0.4230769230769231 0.6586538461538461
14 0.4230769230769231 0.4567307692307692 0.43990384615384615 0.4567307692307692 0.43990384615384615 0.5360576923076923 0.4230769230769231 0.5360576923076923
14 0.4230769230769231 0.34134615384615385 0.4375 0.34134615384615385 0.4375 0.42788461538461536 0.4230769230769231 0.42788461538461536
14 0.3269230769230769 0.6875 0.37259615384615385 0.6875 0.37259615384615385 0.7788461538461539 0.3269230769230769 0.7788461538461539
14 0.33413461538461536 0.8317307692307693 0.375 0.8317307692307693 0.375 0.9350961538461539 0.33413461538461536 0.9350961538461539
14 0.4495192307692308 0.8221153846153846 0.5048076923076923 0.8221153846153846 0.5048076923076923 0.9326923076923077 0.4495192307692308 0.9326923076923077
14 0.5625 0.8173076923076923 0.6346153846153846 0.8173076923076923 0.6346153846153846 0.9302884615384616 0.5625 0.9302884615384616
14 0.6754807692307693 0.8173076923076923 0.7668269230769231 0.8173076923076923 0.7668269230769231 0.9278846153846154 0.6754807692307693 0.9278846153846154
14 0.4230769230769231 0.6971153846153846 0.4423076923076923 0.6971153846153846 0.4423076923076923 0.7764423076923077 0.4230769230769231 0.7764423076923077
14 0.4230769230769231 0.8197115384615384 0.44471153846153844 0.8197115384615384 0.44471153846153844 0.9350961538461539 0.4230769230769231 0.9350961538461539
14 0.5432692307692307 0.8221153846153846 0.5600961538461539 0.8221153846153846 0.5600961538461539 0.9302884615384616 0.5432692307692307 0.9302884615384616
0 0.2620192307692308 0.21153846153846154 0.37259615384615385 0.21153846153846154 0.37259615384615385 0.25721153846153844 0.2620192307692308 0.25721153846153844
0 0.3918269230769231 0.21153846153846154 0.5024038461538461 0.21153846153846154 0.5024038461538461 0.25721153846153844 0.3918269230769231 0.25721153846153844
0 0.7836538461538461 0.2091346153846154 0.9110576923076923 0.2091346153846154 0.9110576923076923 0.25240384615384615 0.7836538461538461 0.25240384615384615
0 0.5240384615384616 0.21153846153846154 0.6346153846153846 0.21153846153846154 0.6346153846153846 0.2548076923076923 0.5240384615384616 0.2548076923076923
0 0.6538461538461539 0.2091346153846154 0.7620192307692307 0.2091346153846154 0.7620192307692307 0.25240384615384615 0.6538461538461539 0.25240384615384615
0 0.09375 0.7331730769230769 0.24278846153846154 0.7331730769230769 0.24278846153846154 0.78125 0.09375 0.78125
0 0.7860576923076923 0.3389423076923077 0.9086538461538461 0.3389423076923077 0.9086538461538461 0.38461538461538464 0.7860576923076923 0.38461538461538464
0 0.5240384615384616 0.34375 0.6322115384615384 0.34375 0.6322115384615384 0.3870192307692308 0.5240384615384616 0.3870192307692308
0 0.3942307692307692 0.34375 0.5024038461538461 0.34375 0.5024038461538461 0.3870192307692308 0.3942307692307692 0.3870192307692308
0 0.2620192307692308 0.34375 0.37259615384615385 0.34375 0.37259615384615385 0.3870192307692308 0.2620192307692308 0.3870192307692308
0 0.09375 0.34375 0.24278846153846154 0.34375 0.24278846153846154 0.3870192307692308 0.09375 0.3870192307692308
0 0.65625 0.6009615384615384 0.7668269230769231 0.6009615384615384 0.7668269230769231 0.6442307692307693 0.65625 0.6442307692307693
5 0.09134615384615384 0.8052884615384616 0.19951923076923078 0.8052884615384616 0.19951923076923078 0.8245192307692307 0.09134615384615384 0.8245192307692307
0 0.09134615384615384 0.4735576923076923 0.2403846153846154 0.4735576923076923 0.2403846153846154 0.5192307692307693 0.09134615384615384 0.5192307692307693
0 0.2620192307692308 0.4735576923076923 0.375 0.4735576923076923 0.375 0.5192307692307693 0.2620192307692308 0.5192307692307693
0 0.3942307692307692 0.4735576923076923 0.5024038461538461 0.4735576923076923 0.5024038461538461 0.5168269230769231 0.3942307692307692 0.5168269230769231
0 0.5240384615384616 0.47115384615384615 0.6322115384615384 0.47115384615384615 0.6322115384615384 0.5144230769230769 0.5240384615384616 0.5144230769230769
0 0.6514423076923077 0.34134615384615385 0.7644230769230769 0.34134615384615385 0.7644230769230769 0.38461538461538464 0.6514423076923077 0.38461538461538464
0 0.7836538461538461 0.46634615384615385 0.9110576923076923 0.46634615384615385 0.9110576923076923 0.5120192307692307 0.7836538461538461 0.5120192307692307
0 0.7860576923076923 0.5961538461538461 0.9134615384615384 0.5961538461538461 0.9134615384615384 0.6418269230769231 0.7860576923076923 0.6418269230769231
0 0.09134615384615384 0.6033653846153846 0.24278846153846154 0.6033653846153846 0.24278846153846154 0.6514423076923077 0.09134615384615384 0.6514423076923077
0 0.25961538461538464 0.6033653846153846 0.37259615384615385 0.6033653846153846 0.37259615384615385 0.6466346153846154 0.25961538461538464 0.6466346153846154
0 0.3942307692307692 0.6009615384615384 0.5024038461538461 0.6009615384615384 0.5024038461538461 0.6442307692307693 0.3942307692307692 0.6442307692307693
0 0.2620192307692308 0.7355769230769231 0.37259615384615385 0.7355769230769231 0.37259615384615385 0.78125 0.2620192307692308 0.78125
0 0.3942307692307692 0.7307692307692307 0.5024038461538461 0.7307692307692307 0.5024038461538461 0.7764423076923077 0.3942307692307692 0.7764423076923077
0 0.5240384615384616 0.7307692307692307 0.6346153846153846 0.7307692307692307 0.6346153846153846 0.7740384615384616 0.5240384615384616 0.7740384615384616
0 0.65625 0.7283653846153846 0.7668269230769231 0.7283653846153846 0.7668269230769231 0.7716346153846154 0.65625 0.7716346153846154
0 0.7836538461538461 0.7259615384615384 0.9158653846153846 0.7259615384615384 0.9158653846153846 0.7716346153846154 0.7836538461538461 0.7716346153846154
0 0.09134615384615384 0.21153846153846154 0.2403846153846154 0.21153846153846154 0.2403846153846154 0.25721153846153844 0.09134615384615384 0.25721153846153844
0 0.1346153846153846 0.07692307692307693 0.9086538461538461 0.07692307692307693 0.9086538461538461 0.12259615384615384 0.1346153846153846 0.12259615384615384
2 0.06490384615384616 0.07451923076923077 0.9375 0.07451923076923077 0.9375 0.9471153846153846 0.06490384615384616 0.9471153846153846
10 0.06490384615384616 0.07451923076923077 0.9375 0.07451923076923077 0.9375 0.9519230769230769 0.06490384615384616 0.9519230769230769
12 0.06971153846153846 0.7788461538461539 0.9278846153846154 0.7788461538461539 0.9278846153846154 0.7932692307692307 0.06971153846153846 0.7932692307692307
12 0.06971153846153846 0.12259615384615384 0.9278846153846154 0.12259615384615384 0.9278846153846154 0.13701923076923078 0.06971153846153846 0.13701923076923078
12 0.06971153846153846 0.38461538461538464 0.9278846153846154 0.38461538461538464 0.9278846153846154 0.39903846153846156 0.06971153846153846 0.39903846153846156
12 0.06971153846153846 0.5192307692307693 0.9278846153846154 0.5192307692307693 0.9278846153846154 0.5336538461538461 0.06971153846153846 0.5336538461538461
12 0.06971153846153846 0.6490384615384616 0.9278846153846154 0.6490384615384616 0.9278846153846154 0.6634615384615384 0.06971153846153846 0.6634615384615384
12 0.06971153846153846 0.25961538461538464 0.9278846153846154 0.25961538461538464 0.9278846153846154 0.27403846153846156 0.06971153846153846 0.27403846153846156
8 0.8173076923076923 0.8245192307692307 0.8533653846153846 0.8245192307692307 0.8533653846153846 0.9254807692307693 0.8173076923076923 0.9254807692307693
14 0.7932692307692307 0.7980769230769231 0.9134615384615384 0.7980769230769231 0.9134615384615384 0.9254807692307693 0.7932692307692307 0.9254807692307693
23 0.78125 0.13942307692307693 0.9110576923076923 0.13942307692307693 0.9110576923076923 0.25721153846153844 0.78125 0.25721153846153844
23 0.6706730769230769 0.10096153846153846 0.7716346153846154 0.10096153846153846 0.7716346153846154 0.16105769230769232 0.6706730769230769 0.16105769230769232
23 0.3918269230769231 0.13942307692307693 0.5048076923076923 0.13942307692307693 0.5048076923076923 0.25721153846153844 0.3918269230769231 0.25721153846153844
23 0.5216346153846154 0.13942307692307693 0.6346153846153846 0.13942307692307693 0.6346153846153846 0.25721153846153844 0.5216346153846154 0.25721153846153844
23 0.6514423076923077 0.13942307692307693 0.7644230769230769 0.13942307692307693 0.7644230769230769 0.25721153846153844 0.6514423076923077 0.25721153846153844
23 0.7860576923076923 0.6610576923076923 0.9158653846153846 0.6610576923076923 0.9158653846153846 0.7740384615384616 0.7860576923076923 0.7740384615384616
23 0.0889423076923077 0.13942307692307693 0.24278846153846154 0.13942307692307693 0.24278846153846154 0.25721153846153844 0.0889423076923077 0.25721153846153844
23 0.78125 0.27403846153846156 0.9110576923076923 0.27403846153846156 0.9110576923076923 0.3870192307692308 0.78125 0.3870192307692308
23 0.78125 0.4014423076923077 0.9110576923076923 0.4014423076923077 0.9110576923076923 0.5144230769230769 0.78125 0.5144230769230769
23 0.7836538461538461 0.53125 0.9134615384615384 0.53125 0.9134615384615384 0.6466346153846154 0.7836538461538461 0.6466346153846154
23 0.0889423076923077 0.27403846153846156 0.24278846153846154 0.27403846153846156 0.24278846153846154 0.3870192307692308 0.0889423076923077 0.3870192307692308
23 0.25961538461538464 0.27403846153846156 0.375 0.27403846153846156 0.375 0.3870192307692308 0.25961538461538464 0.3870192307692308
23 0.3918269230769231 0.27403846153846156 0.5048076923076923 0.27403846153846156 0.5048076923076923 0.3870192307692308 0.3918269230769231 0.3870192307692308
23 0.5240384615384616 0.27403846153846156 0.6346153846153846 0.27403846153846156 0.6346153846153846 0.3870192307692308 0.5240384615384616 0.3870192307692308
23 0.6514423076923077 0.27403846153846156 0.7644230769230769 0.27403846153846156 0.7644230769230769 0.3870192307692308 0.6514423076923077 0.3870192307692308
23 0.0889423076923077 0.40625 0.24278846153846154 0.40625 0.24278846153846154 0.5192307692307693 0.0889423076923077 0.5192307692307693
23 0.25961538461538464 0.40625 0.375 0.40625 0.375 0.5192307692307693 0.25961538461538464 0.5192307692307693
23 0.3918269230769231 0.40384615384615385 0.5048076923076923 0.40384615384615385 0.5048076923076923 0.5168269230769231 0.3918269230769231 0.5168269230769231
23 0.5240384615384616 0.40384615384615385 0.6370192307692307 0.40384615384615385 0.6370192307692307 0.5168269230769231 0.5240384615384616 0.5168269230769231
23 0.6538461538461539 0.4014423076923077 0.7668269230769231 0.4014423076923077 0.7668269230769231 0.5144230769230769 0.6538461538461539 0.5144230769230769
23 0.0889423076923077 0.5384615384615384 0.24278846153846154 0.5384615384615384 0.24278846153846154 0.6490384615384616 0.0889423076923077 0.6490384615384616
23 0.2620192307692308 0.5384615384615384 0.375 0.5384615384615384 0.375 0.6490384615384616 0.2620192307692308 0.6490384615384616
23 0.39663461538461536 0.5360576923076923 0.5048076923076923 0.5360576923076923 0.5048076923076923 0.6466346153846154 0.39663461538461536 0.6466346153846154
23 0.5240384615384616 0.5360576923076923 0.6346153846153846 0.5360576923076923 0.6346153846153846 0.6466346153846154 0.5240384615384616 0.6466346153846154
0 0.5240384615384616 0.6009615384615384 0.6346153846153846 0.6009615384615384 0.6346153846153846 0.6442307692307693 0.5240384615384616 0.6442307692307693
0 0.6514423076923077 0.47115384615384615 0.7644230769230769 0.47115384615384615 0.7644230769230769 0.5144230769230769 0.6514423076923077 0.5144230769230769
23 0.65625 0.53125 0.7644230769230769 0.53125 0.7644230769230769 0.6418269230769231 0.65625 0.6418269230769231
23 0.0889423076923077 0.6658653846153846 0.24278846153846154 0.6658653846153846 0.24278846153846154 0.7788461538461539 0.0889423076923077 0.7788461538461539
23 0.25961538461538464 0.6658653846153846 0.375 0.6658653846153846 0.375 0.7788461538461539 0.25961538461538464 0.7788461538461539
8 0.7836538461538461 0.7908653846153846 0.9158653846153846 0.7908653846153846 0.9158653846153846 0.9350961538461539 0.7836538461538461 0.9350961538461539
23 0.5240384615384616 0.6634615384615384 0.6346153846153846 0.6634615384615384 0.6346153846153846 0.7764423076923077 0.5240384615384616 0.7764423076923077
23 0.65625 0.6610576923076923 0.7668269230769231 0.6610576923076923 0.7668269230769231 0.7740384615384616 0.65625 0.7740384615384616
8 0.08653846153846154 0.8221153846153846 0.375 0.8221153846153846 0.375 0.9495192307692307 0.08653846153846154 0.9495192307692307
23 0.3942307692307692 0.6658653846153846 0.5072115384615384 0.6658653846153846 0.5072115384615384 0.7788461538461539 0.3942307692307692 0.7788461538461539
8 0.3942307692307692 0.7956730769230769 0.5072115384615384 0.7956730769230769 0.5072115384615384 0.9399038461538461 0.3942307692307692 0.9399038461538461
8 0.5240384615384616 0.7932692307692307 0.6346153846153846 0.7932692307692307 0.6346153846153846 0.9375 0.5240384615384616 0.9375
8 0.65625 0.7908653846153846 0.7668269230769231 0.7908653846153846 0.7668269230769231 0.9350961538461539 0.65625 0.9350961538461539
23 0.25961538461538464 0.13942307692307693 0.375 0.13942307692307693 0.375 0.25721153846153844 0.25961538461538464 0.25721153846153844
23 0.32211538461538464 0.10096153846153846 0.4230769230769231 0.10096153846153846 0.4230769230769231 0.16105769230769232 0.32211538461538464 0.16105769230769232
23 0.4375 0.10096153846153846 0.5360576923076923 0.10096153846153846 0.5360576923076923 0.16105769230769232 0.4375 0.16105769230769232
23 0.5528846153846154 0.10096153846153846 0.6538461538461539 0.10096153846153846 0.6538461538461539 0.16105769230769232 0.5528846153846154 0.16105769230769232