23 0.25961538461538464 0.4543269230769231 0.3293269230769231 0.4543269230769231 0.3293269230769231 0.6610576923076923 0.25961538461538464 0.6610576923076923
23 0.6081730769230769 0.2403846153846154 0.8004807692307693 0.2403846153846154 0.8004807692307693 0.44711538461538464 0.6081730769230769 0.44711538461538464
23 0.33413461538461536 0.5408653846153846 0.4375 0.5408653846153846 0.4375 0.6995192307692307 0.33413461538461536 0.6995192307692307
23 0.39663461538461536 0.5576923076923077 0.4375 0.5576923076923077 0.4375 0.6850961538461539 0.39663461538461536 0.6850961538461539
8 0.47836538461538464 0.7115384615384616 0.5144230769230769 0.7115384615384616 0.5144230769230769 0.9086538461538461 0.47836538461538464 0.9086538461538461
23 0.4831730769230769 0.65625 0.5168269230769231 0.65625 0.5168269230769231 0.7139423076923077 0.4831730769230769 0.7139423076923077
8 0.44711538461538464 0.625 0.5961538461538461 0.625 0.5961538461538461 0.9495192307692307 0.44711538461538464 0.9495192307692307
8 0.14423076923076922 0.7764423076923077 0.25240384615384615 0.7764423076923077 0.25240384615384615 0.9086538461538461 0.14423076923076922 0.9086538461538461
2 0 0.0673076923076923 1 0.0673076923076923 1 0.9639423076923077 0 0.9639423076923077
10 0 0.06009615384615385 0.9975961538461539 0.06009615384615385 0.9975961538461539 0.9615384615384616 0 0.9615384615384616
23 0.03125 0.5072115384615384 0.4423076923076923 0.5072115384615384 0.4423076923076923 0.9326923076923077 0.03125 0.9326923076923077
23 0.33413461538461536 0.09134615384615384 0.9759615384615384 0.09134615384615384 0.9759615384615384 0.9639423076923077 0.33413461538461536 0.9639423076923077
23 0 0.78125 0.1346153846153846 0.78125 0.1346153846153846 0.9254807692307693 0 0.9254807692307693