8 0.7427884615384616 0.71875 0.7740384615384616 0.71875 0.7740384615384616 0.7740384615384616 0.7427884615384616 0.7740384615384616
23 0.6995192307692307 0.6538461538461539 0.7259615384615384 0.6538461538461539 0.7259615384615384 0.7716346153846154 0.6995192307692307 0.7716346153846154
23 0.6274038461538461 0.65625 0.6634615384615384 0.65625 0.6634615384615384 0.7716346153846154 0.6274038461538461 0.7716346153846154
23 0.5913461538461539 0.6466346153846154 0.6033653846153846 0.6466346153846154 0.6033653846153846 0.7716346153846154 0.5913461538461539 0.7716346153846154
23 0.5552884615384616 0.6370192307692307 0.5817307692307693 0.6370192307692307 0.5817307692307693 0.7692307692307693 0.5552884615384616 0.7692307692307693
23 0.5048076923076923 0.5336538461538461 0.5360576923076923 0.5336538461538461 0.5360576923076923 0.7692307692307693 0.5048076923076923 0.7692307692307693
23 0.4230769230769231 0.5769230769230769 0.4519230769230769 0.5769230769230769 0.4519230769230769 0.7692307692307693 0.4230769230769231 0.7692307692307693
23 0.3942307692307692 0.6153846153846154 0.40384615384615385 0.6153846153846154 0.40384615384615385 0.6826923076923077 0.3942307692307692 0.6826923076923077
23 0.4014423076923077 0.4879807692307692 0.4230769230769231 0.4879807692307692 0.4230769230769231 0.6033653846153846 0.4014423076923077 0.6033653846153846
23 0.34615384615384615 0.3701923076923077 0.3942307692307692 0.3701923076923077 0.3942307692307692 0.7211538461538461 0.34615384615384615 0.7211538461538461
23 0.38221153846153844 0.36538461538461536 0.3942307692307692 0.36538461538461536 0.3942307692307692 0.43028846153846156 0.38221153846153844 0.43028846153846156
23 0.4014423076923077 0.3605769230769231 0.41346153846153844 0.3605769230769231 0.41346153846153844 0.4807692307692308 0.4014423076923077 0.4807692307692308
23 0.4326923076923077 0.35096153846153844 0.49278846153846156 0.35096153846153844 0.49278846153846156 0.7692307692307693 0.4326923076923077 0.7692307692307693
23 0.31971153846153844 0.44711538461538464 0.3389423076923077 0.44711538461538464 0.3389423076923077 0.6466346153846154 0.31971153846153844 0.6466346153846154
23 0.3293269230769231 0.37740384615384615 0.33653846153846156 0.37740384615384615 0.33653846153846156 0.43990384615384615 0.3293269230769231 0.43990384615384615
23 0.41346153846153844 0.6826923076923077 0.4230769230769231 0.6826923076923077 0.4230769230769231 0.7692307692307693 0.41346153846153844 0.7692307692307693
23 0.7379807692307693 0.6370192307692307 0.7908653846153846 0.6370192307692307 0.7908653846153846 0.7740384615384616 0.7379807692307693 0.7740384615384616
23 0.8052884615384616 0.5961538461538461 0.8629807692307693 0.5961538461538461 0.8629807692307693 0.7740384615384616 0.8052884615384616 0.7740384615384616
23 0.875 0.5697115384615384 0.9230769230769231 0.5697115384615384 0.9230769230769231 0.7740384615384616 0.875 0.7740384615384616
23 0.5480769230769231 0.6177884615384616 0.7211538461538461 0.6177884615384616 0.7211538461538461 0.6658653846153846 0.5480769230769231 0.6658653846153846
23 0.5697115384615384 0.31009615384615385 0.6754807692307693 0.31009615384615385 0.6754807692307693 0.6129807692307693 0.5697115384615384 0.6129807692307693
23 0.6490384615384616 0.45913461538461536 0.7019230769230769 0.45913461538461536 0.7019230769230769 0.5697115384615384 0.6490384615384616 0.5697115384615384
23 0.5240384615384616 0.3269230769230769 0.5913461538461539 0.3269230769230769 0.5913461538461539 0.5240384615384616 0.5240384615384616 0.5240384615384616
23 0.7115384615384616 0.30288461538461536 0.7259615384615384 0.30288461538461536 0.7259615384615384 0.4543269230769231 0.7115384615384616 0.4543269230769231
23 0.7379807692307693 0.27884615384615385 0.8485576923076923 0.27884615384615385 0.8485576923076923 0.5336538461538461 0.7379807692307693 0.5336538461538461
23 0.8629807692307693 0.38221153846153844 0.8918269230769231 0.38221153846153844 0.8918269230769231 0.47115384615384615 0.8629807692307693 0.47115384615384615
23 0.9038461538461539 0.37259615384615385 0.9230769230769231 0.37259615384615385 0.9230769230769231 0.4519230769230769 0.9038461538461539 0.4519230769230769
23 0.8629807692307693 0.27163461538461536 0.8918269230769231 0.27163461538461536 0.8918269230769231 0.3557692307692308 0.8629807692307693 0.3557692307692308
23 0.9038461538461539 0.2644230769230769 0.9206730769230769 0.2644230769230769 0.9206730769230769 0.3485576923076923 0.9038461538461539 0.3485576923076923
23 0.49278846153846156 0.34375 0.5144230769230769 0.34375 0.5144230769230769 0.46875 0.49278846153846156 0.46875
23 0.49278846153846156 0.5144230769230769 0.5144230769230769 0.5144230769230769 0.5144230769230769 0.5288461538461539 0.49278846153846156 0.5288461538461539
23 0.59375 0.5552884615384616 0.8966346153846154 0.5552884615384616 0.8966346153846154 0.6153846153846154 0.59375 0.6153846153846154
23 0.7307692307692307 0.44711538461538464 0.9206730769230769 0.44711538461538464 0.9206730769230769 0.5600961538461539 0.7307692307692307 0.5600961538461539
23 0.2692307692307692 0.3798076923076923 0.3125 0.3798076923076923 0.3125 0.6201923076923077 0.2692307692307692 0.6201923076923077
23 0.2692307692307692 0.3870192307692308 0.2860576923076923 0.3870192307692308 0.2860576923076923 0.42788461538461536 0.2692307692307692 0.42788461538461536
23 0.25240384615384615 0.40625 0.25961538461538464 0.40625 0.25961538461538464 0.5024038461538461 0.25240384615384615 0.5024038461538461
23 0.20432692307692307 0.39663461538461536 0.24278846153846154 0.39663461538461536 0.24278846153846154 0.5408653846153846 0.20432692307692307 0.5408653846153846
23 0.12980769230769232 0.40865384615384615 0.20432692307692307 0.40865384615384615 0.20432692307692307 0.7548076923076923 0.12980769230769232 0.7548076923076923
23 0.18028846153846154 0.65625 0.23076923076923078 0.65625 0.23076923076923078 0.7668269230769231 0.18028846153846154 0.7668269230769231
23 0.22115384615384615 0.6370192307692307 0.23798076923076922 0.6370192307692307 0.23798076923076922 0.6899038461538461 0.22115384615384615 0.6899038461538461
23 0.09375 0.4182692307692308 0.1466346153846154 0.4182692307692308 0.1466346153846154 0.7668269230769231 0.09375 0.7668269230769231
23 0.25240384615384615 0.6899038461538461 0.2620192307692308 0.6899038461538461 0.2620192307692308 0.7668269230769231 0.25240384615384615 0.7668269230769231
23 0.27163461538461536 0.7043269230769231 0.28846153846153844 0.7043269230769231 0.28846153846153844 0.7668269230769231 0.27163461538461536 0.7668269230769231
23 0.2932692307692308 0.7379807692307693 0.3173076923076923 0.7379807692307693 0.3173076923076923 0.7692307692307693 0.2932692307692308 0.7692307692307693
23 0.24759615384615385 0.6634615384615384 0.2548076923076923 0.6634615384615384 0.2548076923076923 0.6730769230769231 0.24759615384615385 0.6730769230769231
8 0.15865384615384615 0.7283653846153846 0.17548076923076922 0.7283653846153846 0.17548076923076922 0.7668269230769231 0.15865384615384615 0.7668269230769231
8 0.33653846153846156 0.7259615384615384 0.3894230769230769 0.7259615384615384 0.3894230769230769 0.7692307692307693 0.33653846153846156 0.7692307692307693
23 0.19471153846153846 0.5096153846153846 0.28125 0.5096153846153846 0.28125 0.5961538461538461 0.19471153846153846 0.5961538461538461
23 0.21153846153846154 0.5961538461538461 0.35336538461538464 0.5961538461538461 0.35336538461538464 0.6995192307692307 0.21153846153846154 0.6995192307692307
23 0.30288461538461536 0.6995192307692307 0.38221153846153844 0.6995192307692307 0.38221153846153844 0.7572115384615384 0.30288461538461536 0.7572115384615384
2 0.08653846153846154 0.25721153846153844 0.9615384615384616 0.25721153846153844 0.9615384615384616 0.7788461538461539 0.08653846153846154 0.7788461538461539
10 0.08653846153846154 0.25721153846153844 0.9639423076923077 0.25721153846153844 0.9639423076923077 0.7764423076923077 0.08653846153846154 0.7764423076923077