14 0.3004807692307692 0.35096153846153844 0.4831730769230769 0.35096153846153844 0.4831730769230769 0.4423076923076923 0.3004807692307692 0.4423076923076923
23 0.5961538461538461 0.3245192307692308 0.6322115384615384 0.3245192307692308 0.6322115384615384 0.44471153846153844 0.5961538461538461 0.44471153846153844
14 0.39663461538461536 0.4639423076923077 0.8028846153846154 0.4639423076923077 0.8028846153846154 0.5841346153846154 0.39663461538461536 0.5841346153846154
23 0.25721153846153844 0.19230769230769232 0.4831730769230769 0.19230769230769232 0.4831730769230769 0.2548076923076923 0.25721153846153844 0.2548076923076923
8 0.30288461538461536 0.37740384615384615 0.3918269230769231 0.37740384615384615 0.3918269230769231 0.4423076923076923 0.30288461538461536 0.4423076923076923
8 0.4543269230769231 0.49759615384615385 0.5120192307692307 0.49759615384615385 0.5120192307692307 0.5841346153846154 0.4543269230769231 0.5841346153846154
14 0.6490384615384616 0.25 0.8004807692307693 0.25 0.8004807692307693 0.31009615384615385 0.6490384615384616 0.31009615384615385
8 0.6490384615384616 0.2692307692307692 0.71875 0.2692307692307692 0.71875 0.3125 0.6490384615384616 0.3125
0 0.59375 0.2668269230769231 0.8341346153846154 0.2668269230769231 0.8341346153846154 0.31971153846153844 0.59375 0.31971153846153844
0 0.27403846153846156 0.39903846153846156 0.4831730769230769 0.39903846153846156 0.4831730769230769 0.4423076923076923 0.27403846153846156 0.4423076923076923
12 0.27403846153846156 0.4423076923076923 0.8365384615384616 0.4423076923076923 0.8365384615384616 0.4519230769230769 0.27403846153846156 0.4519230769230769
12 0.25240384615384615 0.2956730769230769 0.8341346153846154 0.2956730769230769 0.8341346153846154 0.3317307692307692 0.25240384615384615 0.3317307692307692
17 0.5480769230769231 0.20192307692307693 0.5697115384615384 0.20192307692307693 0.5697115384615384 0.59375 0.5480769230769231 0.59375
23 0.09134615384615384 0.4567307692307692 0.23317307692307693 0.4567307692307692 0.23317307692307693 0.6033653846153846 0.09134615384615384 0.6033653846153846
23 0.2860576923076923 0.5 0.3389423076923077 0.5 0.3389423076923077 0.5817307692307693 0.2860576923076923 0.5817307692307693
2 0 0.12980769230769232 1 0.12980769230769232 1 0.6826923076923077 0 0.6826923076923077
10 0 0.12980769230769232 1 0.12980769230769232 1 0.6826923076923077 0 0.6826923076923077
23 0.2548076923076923 0.3076923076923077 0.49038461538461536 0.3076923076923077 0.49038461538461536 0.4423076923076923 0.2548076923076923 0.4423076923076923