14 0.28365384615384615 0.7572115384615384 1 0.7572115384615384 1 0.8846153846153846 0.28365384615384615 0.8846153846153846
23 0.06009615384615385 0.5120192307692307 0.1346153846153846 0.5120192307692307 0.1346153846153846 0.5552884615384616 0.06009615384615385 0.5552884615384616
23 0 0.2644230769230769 0.04567307692307692 0.2644230769230769 0.04567307692307692 0.3894230769230769 0 0.3894230769230769
23 0.17307692307692307 0.2644230769230769 0.3870192307692308 0.2644230769230769 0.3870192307692308 0.3485576923076923 0.17307692307692307 0.3485576923076923
23 0.5144230769230769 0.2644230769230769 0.6129807692307693 0.2644230769230769 0.6129807692307693 0.3485576923076923 0.5144230769230769 0.3485576923076923
14 0.5144230769230769 0.39663461538461536 0.6129807692307693 0.39663461538461536 0.6129807692307693 0.5576923076923077 0.5144230769230769 0.5576923076923077
14 0.4014423076923077 0.39663461538461536 0.5 0.39663461538461536 0.5 0.5576923076923077 0.4014423076923077 0.5576923076923077
23 0.8822115384615384 0.43028846153846156 0.9543269230769231 0.43028846153846156 0.9543269230769231 0.47115384615384615 0.8822115384615384 0.47115384615384615
23 0.7668269230769231 0.6754807692307693 0.8413461538461539 0.6754807692307693 0.8413461538461539 0.71875 0.7668269230769231 0.71875
23 0.17548076923076922 0.43028846153846156 0.27403846153846156 0.43028846153846156 0.27403846153846156 0.47115384615384615 0.17548076923076922 0.47115384615384615
23 0 0.43028846153846156 0.04807692307692308 0.43028846153846156 0.04807692307692308 0.47115384615384615 0 0.47115384615384615
23 0.7668269230769231 0.5120192307692307 0.8389423076923077 0.5120192307692307 0.8389423076923077 0.5528846153846154 0.7668269230769231 0.5528846153846154
23 0.17548076923076922 0.5120192307692307 0.27403846153846156 0.5120192307692307 0.27403846153846156 0.5552884615384616 0.17548076923076922 0.5552884615384616
23 0.17548076923076922 0.5961538461538461 0.27403846153846156 0.5961538461538461 0.27403846153846156 0.6514423076923077 0.17548076923076922 0.6514423076923077
23 0.06009615384615385 0.5961538461538461 0.13221153846153846 0.5961538461538461 0.13221153846153846 0.6514423076923077 0.06009615384615385 0.6514423076923077
14 0.06009615384615385 0.7596153846153846 0.16105769230769232 0.7596153846153846 0.16105769230769232 0.8822115384615384 0.06009615384615385 0.8822115384615384
23 0.28846153846153844 0.6754807692307693 0.37740384615384615 0.6754807692307693 0.37740384615384615 0.7451923076923077 0.28846153846153844 0.7451923076923077
23 0.39663461538461536 0.6754807692307693 0.5048076923076923 0.6754807692307693 0.5048076923076923 0.7451923076923077 0.39663461538461536 0.7451923076923077
23 0.39903846153846156 0.59375 0.5024038461538461 0.59375 0.5024038461538461 0.6514423076923077 0.39903846153846156 0.6514423076923077
14 0.6394230769230769 0.59375 0.7283653846153846 0.59375 0.7283653846153846 0.7403846153846154 0.6394230769230769 0.7403846153846154
23 0.7668269230769231 0.59375 0.8413461538461539 0.59375 0.8413461538461539 0.6682692307692307 0.7668269230769231 0.6682692307692307
23 0.7668269230769231 0.43028846153846156 0.8389423076923077 0.43028846153846156 0.8389423076923077 0.47115384615384615 0.7668269230769231 0.47115384615384615
12 0.6346153846153846 0.5552884615384616 0.9543269230769231 0.5552884615384616 0.9543269230769231 0.5865384615384616 0.6346153846153846 0.5865384615384616
12 0.7475961538461539 0.7211538461538461 0.84375 0.7211538461538461 0.84375 0.7475961538461539 0.7475961538461539 0.7475961538461539
12 0 0.47115384615384615 0.38221153846153844 0.47115384615384615 0.38221153846153844 0.5024038461538461 0 0.5024038461538461
12 0 0.5576923076923077 0.38221153846153844 0.5576923076923077 0.38221153846153844 0.5889423076923077 0 0.5889423076923077
12 0 0.23317307692307693 0.6129807692307693 0.23317307692307693 0.6129807692307693 0.2620192307692308 0 0.2620192307692308
12 0.6923076923076923 0.3942307692307692 0.9519230769230769 0.3942307692307692 0.9519230769230769 0.4254807692307692 0.6923076923076923 0.4254807692307692
12 0 0.7211538461538461 0.24759615384615385 0.7211538461538461 0.24759615384615385 0.7475961538461539 0 0.7475961538461539
12 0 0.3942307692307692 0.38221153846153844 0.3942307692307692 0.38221153846153844 0.4230769230769231 0 0.4230769230769231
2 0 0.1466346153846154 1 0.1466346153846154 1 0.8918269230769231 0 0.8918269230769231
23 0.06009615384615385 0.6754807692307693 0.16105769230769232 0.6754807692307693 0.16105769230769232 0.7163461538461539 0.06009615384615385 0.7163461538461539
10 0 0.1466346153846154 0.9975961538461539 0.1466346153846154 0.9975961538461539 0.8942307692307693 0 0.8942307692307693