0 0.11298076923076923 0.2932692307692308 0.8485576923076923 0.2932692307692308 0.8485576923076923 0.31490384615384615 0.11298076923076923 0.31490384615384615
0 0.009615384615384616 0.43990384615384615 0.8533653846153846 0.43990384615384615 0.8533653846153846 0.46875 0.009615384615384616 0.46875
17 0.2403846153846154 0.5552884615384616 0.2548076923076923 0.5552884615384616 0.2548076923076923 0.59375 0.2403846153846154 0.59375
17 0.5985576923076923 0.5528846153846154 0.6129807692307693 0.5528846153846154 0.6129807692307693 0.5889423076923077 0.5985576923076923 0.5889423076923077
17 0.7139423076923077 0.5528846153846154 0.7283653846153846 0.5528846153846154 0.7283653846153846 0.5889423076923077 0.7139423076923077 0.5889423076923077
17 0.8245192307692307 0.5504807692307693 0.8413461538461539 0.5504807692307693 0.8413461538461539 0.5865384615384616 0.8245192307692307 0.5865384615384616
12 0.11298076923076923 0.31009615384615385 0.8581730769230769 0.31009615384615385 0.8581730769230769 0.33413461538461536 0.11298076923076923 0.33413461538461536
12 0.021634615384615384 0.47115384615384615 0.8605769230769231 0.47115384615384615 0.8605769230769231 0.49278846153846156 0.021634615384615384 0.49278846153846156
12 0.10096153846153846 0.5408653846153846 0.8605769230769231 0.5408653846153846 0.8605769230769231 0.5528846153846154 0.10096153846153846 0.5528846153846154
12 0.0985576923076923 0.5865384615384616 0.8653846153846154 0.5865384615384616 0.8653846153846154 0.6033653846153846 0.0985576923076923 0.6033653846153846
23 0.7836538461538461 0.0889423076923077 0.8221153846153846 0.0889423076923077 0.8221153846153846 0.15144230769230768 0.7836538461538461 0.15144230769230768
2 0.004807692307692308 0.0625 0.9495192307692307 0.0625 0.9495192307692307 0.6923076923076923 0.004807692307692308 0.6923076923076923
10 0.004807692307692308 0.0625 0.9495192307692307 0.0625 0.9495192307692307 0.6923076923076923 0.004807692307692308 0.6923076923076923