23 0.6129807692307693 0.19951923076923078 0.6610576923076923 0.19951923076923078 0.6610576923076923 0.24519230769230768 0.6129807692307693 0.24519230769230768
23 0.4519230769230769 0.5288461538461539 0.49038461538461536 0.5288461538461539 0.49038461538461536 0.5673076923076923 0.4519230769230769 0.5673076923076923
23 0.46875 0.22596153846153846 0.4831730769230769 0.22596153846153846 0.4831730769230769 0.25961538461538464 0.46875 0.25961538461538464
23 0.5528846153846154 0.16346153846153846 0.5673076923076923 0.16346153846153846 0.5673076923076923 0.1971153846153846 0.5528846153846154 0.1971153846153846
23 0.3125 0.28365384615384615 0.3269230769230769 0.28365384615384615 0.3269230769230769 0.3173076923076923 0.3125 0.3173076923076923
23 0.3125 0.22596153846153846 0.3269230769230769 0.22596153846153846 0.3269230769230769 0.25961538461538464 0.3125 0.25961538461538464
23 0.3125 0.16346153846153846 0.3269230769230769 0.16346153846153846 0.3269230769230769 0.1971153846153846 0.3125 0.1971153846153846
23 0.3701923076923077 0.16346153846153846 0.38461538461538464 0.16346153846153846 0.38461538461538464 0.1971153846153846 0.3701923076923077 0.1971153846153846
23 0.4230769230769231 0.16346153846153846 0.4375 0.16346153846153846 0.4375 0.1971153846153846 0.4230769230769231 0.1971153846153846
23 0.5168269230769231 0.16346153846153846 0.53125 0.16346153846153846 0.53125 0.1971153846153846 0.5168269230769231 0.1971153846153846
23 0.4110576923076923 0.22596153846153846 0.4254807692307692 0.22596153846153846 0.4254807692307692 0.25961538461538464 0.4110576923076923 0.25961538461538464
23 0.37740384615384615 0.28365384615384615 0.3918269230769231 0.28365384615384615 0.3918269230769231 0.3173076923076923 0.37740384615384615 0.3173076923076923
23 0.4807692307692308 0.28365384615384615 0.4951923076923077 0.28365384615384615 0.4951923076923077 0.3173076923076923 0.4807692307692308 0.3173076923076923
23 0.5721153846153846 0.28365384615384615 0.5865384615384616 0.28365384615384615 0.5865384615384616 0.3173076923076923 0.5721153846153846 0.3173076923076923
23 0.4543269230769231 0.16346153846153846 0.49278846153846156 0.16346153846153846 0.49278846153846156 0.19951923076923078 0.4543269230769231 0.19951923076923078
23 0.5072115384615384 0.28365384615384615 0.5504807692307693 0.28365384615384615 0.5504807692307693 0.3317307692307692 0.5072115384615384 0.3317307692307692
23 0.41346153846153844 0.2860576923076923 0.4495192307692308 0.2860576923076923 0.4495192307692308 0.3317307692307692 0.41346153846153844 0.3317307692307692
23 0.3581730769230769 0.22596153846153846 0.39663461538461536 0.22596153846153846 0.39663461538461536 0.2620192307692308 0.3581730769230769 0.2620192307692308
23 0.5048076923076923 0.22596153846153846 0.5504807692307693 0.22596153846153846 0.5504807692307693 0.27163461538461536 0.5048076923076923 0.27163461538461536
0 0.24519230769230768 0.34134615384615385 0.5985576923076923 0.34134615384615385 0.5985576923076923 0.4831730769230769 0.24519230769230768 0.4831730769230769
23 0.5264423076923077 0.43509615384615385 0.5384615384615384 0.43509615384615385 0.5384615384615384 0.4519230769230769 0.5264423076923077 0.4519230769230769
23 0.36538461538461536 0.36538461538461536 0.37740384615384615 0.36538461538461536 0.37740384615384615 0.39663461538461536 0.36538461538461536 0.39663461538461536
23 0.38461538461538464 0.4230769230769231 0.39663461538461536 0.4230769230769231 0.39663461538461536 0.4543269230769231 0.38461538461538464 0.4543269230769231
23 0.46634615384615385 0.43509615384615385 0.5048076923076923 0.43509615384615385 0.5048076923076923 0.4639423076923077 0.46634615384615385 0.4639423076923077
23 0.2548076923076923 0.22596153846153846 0.2692307692307692 0.22596153846153846 0.2692307692307692 0.25961538461538464 0.2548076923076923 0.25961538461538464
23 0.2548076923076923 0.5288461538461539 0.2692307692307692 0.5288461538461539 0.2692307692307692 0.5625 0.2548076923076923 0.5625
23 0.31971153846153844 0.5288461538461539 0.33413461538461536 0.5288461538461539 0.33413461538461536 0.5625 0.31971153846153844 0.5625
23 0.37740384615384615 0.5288461538461539 0.3918269230769231 0.5288461538461539 0.3918269230769231 0.5625 0.37740384615384615 0.5625
23 0.7379807692307693 0.34375 0.7524038461538461 0.34375 0.7524038461538461 0.37740384615384615 0.7379807692307693 0.37740384615384615
23 0.5528846153846154 0.5889423076923077 0.5673076923076923 0.5889423076923077 0.5673076923076923 0.6225961538461539 0.5528846153846154 0.6225961538461539
23 0.41586538461538464 0.5889423076923077 0.43028846153846156 0.5889423076923077 0.43028846153846156 0.6225961538461539 0.41586538461538464 0.6225961538461539
23 0.5192307692307693 0.5889423076923077 0.5336538461538461 0.5889423076923077 0.5336538461538461 0.6225961538461539 0.5192307692307693 0.6225961538461539
23 0.4230769230769231 0.5288461538461539 0.4375 0.5288461538461539 0.4375 0.5625 0.4230769230769231 0.5625
23 0.5120192307692307 0.5288461538461539 0.5264423076923077 0.5288461538461539 0.5264423076923077 0.5625 0.5120192307692307 0.5625
23 0.3557692307692308 0.5889423076923077 0.3701923076923077 0.5889423076923077 0.3701923076923077 0.6225961538461539 0.3557692307692308 0.6225961538461539
23 0.31009615384615385 0.5889423076923077 0.3245192307692308 0.5889423076923077 0.3245192307692308 0.6225961538461539 0.31009615384615385 0.6225961538461539
23 0.31971153846153844 0.6514423076923077 0.33413461538461536 0.6514423076923077 0.33413461538461536 0.6850961538461539 0.31971153846153844 0.6850961538461539
23 0.37740384615384615 0.6514423076923077 0.3918269230769231 0.6514423076923077 0.3918269230769231 0.6850961538461539 0.37740384615384615 0.6850961538461539
23 0.5769230769230769 0.6514423076923077 0.5913461538461539 0.6514423076923077 0.5913461538461539 0.6850961538461539 0.5769230769230769 0.6850961538461539
23 0.4230769230769231 0.6514423076923077 0.4375 0.6514423076923077 0.4375 0.6850961538461539 0.4230769230769231 0.6850961538461539
23 0.5192307692307693 0.6514423076923077 0.5336538461538461 0.6514423076923077 0.5336538461538461 0.6850961538461539 0.5192307692307693 0.6850961538461539
23 0.4519230769230769 0.6514423076923077 0.49759615384615385 0.6514423076923077 0.49759615384615385 0.6947115384615384 0.4519230769230769 0.6947115384615384
23 0.4519230769230769 0.5913461538461539 0.49759615384615385 0.5913461538461539 0.49759615384615385 0.6346153846153846 0.4519230769230769 0.6346153846153846
23 0.7235576923076923 0.6033653846153846 0.7596153846153846 0.6033653846153846 0.7596153846153846 0.6490384615384616 0.7235576923076923 0.6490384615384616
23 0.7379807692307693 0.4639423076923077 0.7524038461538461 0.4639423076923077 0.7524038461538461 0.49759615384615385 0.7379807692307693 0.49759615384615385
23 0.6754807692307693 0.4014423076923077 0.7211538461538461 0.4014423076923077 0.7211538461538461 0.4543269230769231 0.6754807692307693 0.4543269230769231
23 0.6201923076923077 0.4014423076923077 0.6346153846153846 0.4014423076923077 0.6346153846153846 0.43509615384615385 0.6201923076923077 0.43509615384615385
23 0.7427884615384616 0.4014423076923077 0.7572115384615384 0.4014423076923077 0.7572115384615384 0.43509615384615385 0.7427884615384616 0.43509615384615385
23 0.6394230769230769 0.34375 0.6538461538461539 0.34375 0.6538461538461539 0.37740384615384615 0.6394230769230769 0.37740384615384615
23 0.7716346153846154 0.34134615384615385 0.8197115384615384 0.34134615384615385 0.8197115384615384 0.3798076923076923 0.7716346153846154 0.3798076923076923
23 0.6730769230769231 0.34375 0.7163461538461539 0.34375 0.7163461538461539 0.3918269230769231 0.6730769230769231 0.3918269230769231
23 0.6706730769230769 0.4639423076923077 0.7163461538461539 0.4639423076923077 0.7163461538461539 0.5120192307692307 0.6706730769230769 0.5120192307692307
23 0.7740384615384616 0.4639423076923077 0.8197115384615384 0.4639423076923077 0.8197115384615384 0.5120192307692307 0.7740384615384616 0.5120192307692307
23 0.78125 0.40384615384615385 0.8197115384615384 0.40384615384615385 0.8197115384615384 0.4519230769230769 0.78125 0.4519230769230769
23 0.5817307692307693 0.22596153846153846 0.5961538461538461 0.22596153846153846 0.5961538461538461 0.25961538461538464 0.5817307692307693 0.25961538461538464
23 0.78125 0.2548076923076923 0.7956730769230769 0.2548076923076923 0.7956730769230769 0.2860576923076923 0.78125 0.2860576923076923
23 0.6201923076923077 0.2548076923076923 0.6346153846153846 0.2548076923076923 0.6346153846153846 0.2860576923076923 0.6201923076923077 0.2860576923076923
23 0.6634615384615384 0.2548076923076923 0.7043269230769231 0.2548076923076923 0.7043269230769231 0.30288461538461536 0.6634615384615384 0.30288461538461536
23 0.78125 0.19951923076923078 0.7956730769230769 0.19951923076923078 0.7956730769230769 0.23076923076923078 0.78125 0.23076923076923078
23 0.6802884615384616 0.19951923076923078 0.6947115384615384 0.19951923076923078 0.6947115384615384 0.23076923076923078 0.6802884615384616 0.23076923076923078
23 0.7259615384615384 0.19951923076923078 0.7620192307692307 0.19951923076923078 0.7620192307692307 0.24519230769230768 0.7259615384615384 0.24519230769230768
23 0.7259615384615384 0.2548076923076923 0.7620192307692307 0.2548076923076923 0.7620192307692307 0.30288461538461536 0.7259615384615384 0.30288461538461536
23 0.5673076923076923 0.5288461538461539 0.5817307692307693 0.5288461538461539 0.5817307692307693 0.5625 0.5673076923076923 0.5625
23 0.7259615384615384 0.5456730769230769 0.7620192307692307 0.5456730769230769 0.7620192307692307 0.59375 0.7259615384615384 0.59375
23 0.78125 0.5432692307692307 0.7956730769230769 0.5432692307692307 0.7956730769230769 0.5769230769230769 0.78125 0.5769230769230769
23 0.7692307692307693 0.6033653846153846 0.7836538461538461 0.6033653846153846 0.7836538461538461 0.6370192307692307 0.7692307692307693 0.6370192307692307
23 0.6057692307692307 0.6033653846153846 0.6201923076923077 0.6033653846153846 0.6201923076923077 0.6370192307692307 0.6057692307692307 0.6370192307692307
8 0.6274038461538461 0.6610576923076923 0.6394230769230769 0.6610576923076923 0.6394230769230769 0.6875 0.6274038461538461 0.6875
23 0.6201923076923077 0.5432692307692307 0.6346153846153846 0.5432692307692307 0.6346153846153846 0.5769230769230769 0.6201923076923077 0.5769230769230769
23 0.6610576923076923 0.5456730769230769 0.7043269230769231 0.5456730769230769 0.7043269230769231 0.59375 0.6610576923076923 0.59375
23 0.65625 0.6033653846153846 0.6995192307692307 0.6033653846153846 0.6995192307692307 0.6490384615384616 0.65625 0.6490384615384616
8 0.6610576923076923 0.6610576923076923 0.7043269230769231 0.6610576923076923 0.7043269230769231 0.6875 0.6610576923076923 0.6875
8 0.7259615384615384 0.6610576923076923 0.7620192307692307 0.6610576923076923 0.7620192307692307 0.6875 0.7259615384615384 0.6875
8 0.78125 0.6610576923076923 0.7956730769230769 0.6610576923076923 0.7956730769230769 0.6875 0.78125 0.6875
0 0.6057692307692307 0.6706730769230769 0.8293269230769231 0.6706730769230769 0.8293269230769231 0.6875 0.6057692307692307 0.6875
14 0.24759615384615385 0.6923076923076923 0.8245192307692307 0.6923076923076923 0.8245192307692307 0.875 0.24759615384615385 0.875
8 0.2620192307692308 0.8125 0.28365384615384615 0.8125 0.28365384615384615 0.8701923076923077 0.2620192307692308 0.8701923076923077
8 0.6225961538461539 0.8293269230769231 0.6634615384615384 0.8293269230769231 0.6634615384615384 0.8725961538461539 0.6225961538461539 0.8725961538461539
8 0.7836538461538461 0.8317307692307693 0.7980769230769231 0.8317307692307693 0.7980769230769231 0.875 0.7836538461538461 0.875
8 0.4230769230769231 0.7355769230769231 0.46875 0.7355769230769231 0.46875 0.7620192307692307 0.4230769230769231 0.7620192307692307
8 0.5120192307692307 0.7355769230769231 0.5240384615384616 0.7355769230769231 0.5240384615384616 0.7620192307692307 0.5120192307692307 0.7620192307692307
23 0.5360576923076923 0.7307692307692307 0.59375 0.7307692307692307 0.59375 0.7644230769230769 0.5360576923076923 0.7644230769230769
0 0.2620192307692308 0.7451923076923077 0.6057692307692307 0.7451923076923077 0.6057692307692307 0.7716346153846154 0.2620192307692308 0.7716346153846154
8 0.3293269230769231 0.7355769230769231 0.34134615384615385 0.7355769230769231 0.34134615384615385 0.7620192307692307 0.3293269230769231 0.7620192307692307
12 0.24278846153846154 0.7716346153846154 0.6057692307692307 0.7716346153846154 0.6057692307692307 0.7788461538461539 0.24278846153846154 0.7788461538461539
12 0.24759615384615385 0.20432692307692307 0.6057692307692307 0.20432692307692307 0.6057692307692307 0.21153846153846154 0.24759615384615385 0.21153846153846154
12 0.24519230769230768 0.27163461538461536 0.6057692307692307 0.27163461538461536 0.6057692307692307 0.27884615384615385 0.24519230769230768 0.27884615384615385
12 0.24519230769230768 0.3317307692307692 0.8269230769230769 0.3317307692307692 0.8269230769230769 0.3389423076923077 0.24519230769230768 0.3389423076923077
12 0.6009615384615384 0.3918269230769231 0.8293269230769231 0.3918269230769231 0.8293269230769231 0.39903846153846156 0.6009615384615384 0.39903846153846156
12 0.6009615384615384 0.4543269230769231 0.8293269230769231 0.4543269230769231 0.8293269230769231 0.46153846153846156 0.6009615384615384 0.46153846153846156
12 0.24278846153846154 0.5168269230769231 0.8293269230769231 0.5168269230769231 0.8293269230769231 0.5240384615384616 0.24278846153846154 0.5240384615384616
12 0.24278846153846154 0.5721153846153846 0.6057692307692307 0.5721153846153846 0.6057692307692307 0.5793269230769231 0.24278846153846154 0.5793269230769231
12 0.24278846153846154 0.6394230769230769 0.6057692307692307 0.6394230769230769 0.6057692307692307 0.6466346153846154 0.24278846153846154 0.6466346153846154
12 0.24278846153846154 0.6995192307692307 0.6057692307692307 0.6995192307692307 0.6057692307692307 0.7067307692307693 0.24278846153846154 0.7067307692307693
2 0.2403846153846154 0.125 0.8293269230769231 0.125 0.8293269230769231 0.8774038461538461 0.2403846153846154 0.8774038461538461
10 0.2403846153846154 0.125 0.8293269230769231 0.125 0.8293269230769231 0.8798076923076923 0.2403846153846154 0.8798076923076923