14 0.07451923076923077 0.27163461538461536 0.31490384615384615 0.27163461538461536 0.31490384615384615 0.90625 0.07451923076923077 0.90625
14 0.75 0.1201923076923077 0.9447115384615384 0.1201923076923077 0.9447115384615384 0.8966346153846154 0.75 0.8966346153846154
14 0.43509615384615385 0.5456730769230769 0.5552884615384616 0.5456730769230769 0.5552884615384616 0.8846153846153846 0.43509615384615385 0.8846153846153846
8 0.8629807692307693 0.7716346153846154 0.9014423076923077 0.7716346153846154 0.9014423076923077 0.8990384615384616 0.8629807692307693 0.8990384615384616
23 0.6009615384615384 0.47115384615384615 0.6129807692307693 0.47115384615384615 0.6129807692307693 0.6033653846153846 0.6009615384615384 0.6033653846153846
23 0.5769230769230769 0.5192307692307693 0.5865384615384616 0.5192307692307693 0.5865384615384616 0.6298076923076923 0.5769230769230769 0.6298076923076923
23 0.5889423076923077 0.6177884615384616 0.5985576923076923 0.6177884615384616 0.5985576923076923 0.7475961538461539 0.5889423076923077 0.7475961538461539
23 0.6009615384615384 0.7403846153846154 0.6129807692307693 0.7403846153846154 0.6129807692307693 0.9014423076923077 0.6009615384615384 0.9014423076923077
23 0.5769230769230769 0.7524038461538461 0.5865384615384616 0.7524038461538461 0.5865384615384616 0.8894230769230769 0.5769230769230769 0.8894230769230769
23 0.007211538461538462 0.6225961538461539 0.052884615384615384 0.6225961538461539 0.052884615384615384 0.7427884615384616 0.007211538461538462 0.7427884615384616
2 0.004807692307692308 0.08653846153846154 0.9591346153846154 0.08653846153846154 0.9591346153846154 0.90625 0.004807692307692308 0.90625
10 0.004807692307692308 0.08653846153846154 0.9591346153846154 0.08653846153846154 0.9591346153846154 0.90625 0.004807692307692308 0.90625
12 0.07451923076923077 0.7283653846153846 0.44711538461538464 0.7283653846153846 0.44711538461538464 0.7836538461538461 0.07451923076923077 0.7836538461538461
12 0.07451923076923077 0.5817307692307693 0.44711538461538464 0.5817307692307693 0.44711538461538464 0.6466346153846154 0.07451923076923077 0.6466346153846154
12 0.007211538461538462 0.7451923076923077 0.057692307692307696 0.7451923076923077 0.057692307692307696 0.7692307692307693 0.007211538461538462 0.7692307692307693
12 0.44711538461538464 0.6490384615384616 0.5552884615384616 0.6490384615384616 0.5552884615384616 0.6754807692307693 0.44711538461538464 0.6754807692307693
12 0.4495192307692308 0.7572115384615384 0.5576923076923077 0.7572115384615384 0.5576923076923077 0.7860576923076923 0.4495192307692308 0.7860576923076923