23 0.11298076923076923 0.2668269230769231 0.5216346153846154 0.2668269230769231 0.5216346153846154 0.33653846153846156 0.11298076923076923 0.33653846153846156
0 0.11298076923076923 0.33413461538461536 0.5216346153846154 0.33413461538461536 0.5216346153846154 0.3798076923076923 0.11298076923076923 0.3798076923076923
23 0.6466346153846154 0.25961538461538464 0.7764423076923077 0.25961538461538464 0.7764423076923077 0.3389423076923077 0.6466346153846154 0.3389423076923077
23 0.6442307692307693 0.4110576923076923 0.7764423076923077 0.4110576923076923 0.7764423076923077 0.4855769230769231 0.6442307692307693 0.4855769230769231
23 0.22596153846153846 0.4110576923076923 0.4495192307692308 0.4110576923076923 0.4495192307692308 0.49038461538461536 0.22596153846153846 0.49038461538461536
23 0.22355769230769232 0.5600961538461539 0.4543269230769231 0.5600961538461539 0.4543269230769231 0.6346153846153846 0.22355769230769232 0.6346153846153846
23 0.6466346153846154 0.5625 0.7764423076923077 0.5625 0.7764423076923077 0.6418269230769231 0.6466346153846154 0.6418269230769231
8 0 0.6971153846153846 0.1466346153846154 0.6971153846153846 0.1466346153846154 0.8389423076923077 0 0.8389423076923077
8 0.6105769230769231 0.6971153846153846 0.9350961538461539 0.6971153846153846 0.9350961538461539 0.8389423076923077 0.6105769230769231 0.8389423076923077
1 0.6466346153846154 0.5625 0.7764423076923077 0.5625 0.7764423076923077 0.6418269230769231 0.6466346153846154 0.6418269230769231
1 0.22355769230769232 0.5600961538461539 0.4543269230769231 0.5600961538461539 0.4543269230769231 0.6346153846153846 0.22355769230769232 0.6346153846153846
1 0.22596153846153846 0.4110576923076923 0.4495192307692308 0.4110576923076923 0.4495192307692308 0.49038461538461536 0.22596153846153846 0.49038461538461536
1 0.6442307692307693 0.4110576923076923 0.7764423076923077 0.4110576923076923 0.7764423076923077 0.4855769230769231 0.6442307692307693 0.4855769230769231
1 0.6466346153846154 0.25961538461538464 0.7764423076923077 0.25961538461538464 0.7764423076923077 0.3389423076923077 0.6466346153846154 0.3389423076923077
1 0.11298076923076923 0.2668269230769231 0.5216346153846154 0.2668269230769231 0.5216346153846154 0.33653846153846156 0.11298076923076923 0.33653846153846156
7 0.01201923076923077 0.7139423076923077 0.07451923076923077 0.7139423076923077 0.07451923076923077 0.8269230769230769 0.01201923076923077 0.8269230769230769
7 0.47596153846153844 0.7572115384615384 1 0.7572115384615384 1 0.8798076923076923 0.47596153846153844 0.8798076923076923
7 0.07692307692307693 0.31490384615384615 0.22115384615384615 0.31490384615384615 0.22115384615384615 0.3798076923076923 0.07692307692307693 0.3798076923076923
11 0.07692307692307693 0.5192307692307693 0.8918269230769231 0.5192307692307693 0.8918269230769231 0.6850961538461539 0.07692307692307693 0.6850961538461539
15 0 0.6971153846153846 1 0.6971153846153846 1 0.8389423076923077 0 0.8389423076923077
12 0.07692307692307693 0.5096153846153846 0.8918269230769231 0.5096153846153846 0.8918269230769231 0.5216346153846154 0.07692307692307693 0.5216346153846154
12 0.0985576923076923 0.36778846153846156 0.8918269230769231 0.36778846153846156 0.8918269230769231 0.3798076923076923 0.0985576923076923 0.3798076923076923
10 0.0985576923076923 0.21875 0.8918269230769231 0.21875 0.8918269230769231 0.8389423076923077 0.0985576923076923 0.8389423076923077
11 0.07692307692307693 0.3798076923076923 0.8918269230769231 0.3798076923076923 0.8918269230769231 0.5072115384615384 0.07692307692307693 0.5072115384615384
12 0 0.6850961538461539 1 0.6850961538461539 1 0.6971153846153846 0 0.6971153846153846
2 0 0.17307692307692307 1 0.17307692307692307 1 0.8389423076923077 0 0.8389423076923077
22 0.0985576923076923 0.21634615384615385 0.8918269230769231 0.21634615384615385 0.8918269230769231 0.36778846153846156 0.0985576923076923 0.36778846153846156