23 0.5456730769230769 0.33653846153846156 0.5528846153846154 0.33653846153846156 0.5528846153846154 0.3942307692307692 0.5456730769230769 0.3942307692307692
23 0.5841346153846154 0.4230769230769231 0.5913461538461539 0.4230769230769231 0.5913461538461539 0.47836538461538464 0.5841346153846154 0.47836538461538464
8 0.3245192307692308 0.4230769230769231 0.3605769230769231 0.4230769230769231 0.3605769230769231 0.47836538461538464 0.3245192307692308 0.47836538461538464
8 0.3701923076923077 0.16826923076923078 0.40865384615384615 0.16826923076923078 0.40865384615384615 0.22355769230769232 0.3701923076923077 0.22355769230769232
8 0.5961538461538461 0.4230769230769231 0.6322115384615384 0.4230769230769231 0.6322115384615384 0.47836538461538464 0.5961538461538461 0.47836538461538464
23 0.31490384615384615 0.5096153846153846 0.32211538461538464 0.5096153846153846 0.32211538461538464 0.5649038461538461 0.31490384615384615 0.5649038461538461
23 0.6802884615384616 0.6009615384615384 0.6875 0.6009615384615384 0.6875 0.65625 0.6802884615384616 0.65625
8 0.6418269230769231 0.6009615384615384 0.6778846153846154 0.6009615384615384 0.6778846153846154 0.65625 0.6418269230769231 0.65625
8 0.46153846153846156 0.5096153846153846 0.49759615384615385 0.5096153846153846 0.49759615384615385 0.5649038461538461 0.46153846153846156 0.5649038461538461
23 0.4495192307692308 0.4230769230769231 0.4567307692307692 0.4230769230769231 0.4567307692307692 0.47836538461538464 0.4495192307692308 0.47836538461538464
8 0.46153846153846156 0.4230769230769231 0.49759615384615385 0.4230769230769231 0.49759615384615385 0.47836538461538464 0.46153846153846156 0.47836538461538464
23 0.6802884615384616 0.5096153846153846 0.6875 0.5096153846153846 0.6875 0.5649038461538461 0.6802884615384616 0.5649038461538461
8 0.6418269230769231 0.5096153846153846 0.6778846153846154 0.5096153846153846 0.6778846153846154 0.5649038461538461 0.6418269230769231 0.5649038461538461
23 0.6802884615384616 0.24278846153846154 0.6875 0.24278846153846154 0.6875 0.3004807692307692 0.6802884615384616 0.3004807692307692
8 0.6418269230769231 0.24519230769230768 0.6778846153846154 0.24519230769230768 0.6778846153846154 0.3004807692307692 0.6418269230769231 0.3004807692307692
8 0.3245192307692308 0.5096153846153846 0.3605769230769231 0.5096153846153846 0.3605769230769231 0.5649038461538461 0.3245192307692308 0.5649038461538461
23 0.4495192307692308 0.5096153846153846 0.4567307692307692 0.5096153846153846 0.4567307692307692 0.5649038461538461 0.4495192307692308 0.5649038461538461
23 0.40865384615384615 0.6033653846153846 0.4182692307692308 0.6033653846153846 0.4182692307692308 0.6586538461538461 0.40865384615384615 0.6586538461538461
8 0.37259615384615385 0.6033653846153846 0.40865384615384615 0.6033653846153846 0.40865384615384615 0.6586538461538461 0.37259615384615385 0.6586538461538461
23 0.5456730769230769 0.6009615384615384 0.5528846153846154 0.6009615384615384 0.5528846153846154 0.65625 0.5456730769230769 0.65625
8 0.5072115384615384 0.6009615384615384 0.5432692307692307 0.6009615384615384 0.5432692307692307 0.65625 0.5072115384615384 0.65625
8 0.5024038461538461 0.3389423076923077 0.5408653846153846 0.3389423076923077 0.5408653846153846 0.3942307692307692 0.5024038461538461 0.3942307692307692
23 0.31490384615384615 0.4230769230769231 0.32211538461538464 0.4230769230769231 0.32211538461538464 0.47836538461538464 0.31490384615384615 0.47836538461538464
23 0.6802884615384616 0.33653846153846156 0.6875 0.33653846153846156 0.6875 0.3942307692307692 0.6802884615384616 0.3942307692307692
8 0.6418269230769231 0.3389423076923077 0.6778846153846154 0.3389423076923077 0.6778846153846154 0.3942307692307692 0.6418269230769231 0.3942307692307692
23 0.31490384615384615 0.3389423076923077 0.32211538461538464 0.3389423076923077 0.32211538461538464 0.3942307692307692 0.31490384615384615 0.3942307692307692
8 0.3269230769230769 0.3389423076923077 0.3629807692307692 0.3389423076923077 0.3629807692307692 0.3942307692307692 0.3269230769230769 0.3942307692307692
23 0.31490384615384615 0.24759615384615385 0.32211538461538464 0.24759615384615385 0.32211538461538464 0.30288461538461536 0.31490384615384615 0.30288461538461536
8 0.3269230769230769 0.24759615384615385 0.3629807692307692 0.24759615384615385 0.3629807692307692 0.30288461538461536 0.3269230769230769 0.30288461538461536
23 0.4495192307692308 0.24759615384615385 0.4567307692307692 0.24759615384615385 0.4567307692307692 0.30288461538461536 0.4495192307692308 0.30288461538461536
8 0.46153846153846156 0.24759615384615385 0.49759615384615385 0.24759615384615385 0.49759615384615385 0.30288461538461536 0.46153846153846156 0.30288461538461536
23 0.5817307692307693 0.16826923076923078 0.5913461538461539 0.16826923076923078 0.5913461538461539 0.22355769230769232 0.5817307692307693 0.22355769230769232
8 0.59375 0.16826923076923078 0.6322115384615384 0.16826923076923078 0.6322115384615384 0.22355769230769232 0.59375 0.22355769230769232
0 0.6442307692307693 0.5288461538461539 0.7235576923076923 0.5288461538461539 0.7235576923076923 0.5673076923076923 0.6442307692307693 0.5673076923076923
0 0.5 0.34134615384615385 0.5769230769230769 0.34134615384615385 0.5769230769230769 0.3798076923076923 0.5 0.3798076923076923
0 0.5721153846153846 0.43509615384615385 0.6442307692307693 0.43509615384615385 0.6442307692307693 0.4735576923076923 0.5721153846153846 0.4735576923076923
0 0.28125 0.5288461538461539 0.35096153846153844 0.5288461538461539 0.35096153846153844 0.5673076923076923 0.28125 0.5673076923076923
0 0.6466346153846154 0.6201923076923077 0.7235576923076923 0.6201923076923077 0.7235576923076923 0.6586538461538461 0.6466346153846154 0.6586538461538461
0 0.43028846153846156 0.43509615384615385 0.49759615384615385 0.43509615384615385 0.49759615384615385 0.4735576923076923 0.43028846153846156 0.4735576923076923
0 0.28125 0.43509615384615385 0.35096153846153844 0.43509615384615385 0.35096153846153844 0.4735576923076923 0.28125 0.4735576923076923
0 0.5697115384615384 0.15625 0.6418269230769231 0.15625 0.6418269230769231 0.19471153846153846 0.5697115384615384 0.19471153846153846
0 0.28125 0.34134615384615385 0.35096153846153844 0.34134615384615385 0.35096153846153844 0.3798076923076923 0.28125 0.3798076923076923
0 0.6466346153846154 0.34134615384615385 0.7211538461538461 0.34134615384615385 0.7211538461538461 0.3798076923076923 0.6466346153846154 0.3798076923076923
0 0.6466346153846154 0.25 0.7211538461538461 0.25 0.7211538461538461 0.28846153846153844 0.6466346153846154 0.28846153846153844
0 0.42788461538461536 0.25 0.49759615384615385 0.25 0.49759615384615385 0.28846153846153844 0.42788461538461536 0.28846153846153844
0 0.28125 0.25 0.35096153846153844 0.25 0.35096153846153844 0.28846153846153844 0.28125 0.28846153846153844
0 0.35096153846153844 0.15625 0.49759615384615385 0.15625 0.49759615384615385 0.19230769230769232 0.35096153846153844 0.19230769230769232
17 0.35336538461538464 0.6658653846153846 0.42788461538461536 0.6658653846153846 0.42788461538461536 0.7307692307692307 0.35336538461538464 0.7307692307692307
17 0.43509615384615385 0.5745192307692307 0.5024038461538461 0.5745192307692307 0.5024038461538461 0.7307692307692307 0.43509615384615385 0.7307692307692307
17 0.2932692307692308 0.5745192307692307 0.35336538461538464 0.5745192307692307 0.35336538461538464 0.6778846153846154 0.2932692307692308 0.6778846153846154
17 0.35096153846153844 0.19951923076923078 0.42788461538461536 0.19951923076923078 0.42788461538461536 0.5889423076923077 0.35096153846153844 0.5889423076923077
17 0.4326923076923077 0.2932692307692308 0.5 0.2932692307692308 0.5 0.41346153846153844 0.4326923076923077 0.41346153846153844
17 0.49759615384615385 0.38461538461538464 0.5673076923076923 0.38461538461538464 0.5673076923076923 0.5889423076923077 0.49759615384615385 0.5889423076923077
17 0.5721153846153846 0.4807692307692308 0.6466346153846154 0.4807692307692308 0.6466346153846154 0.7307692307692307 0.5721153846153846 0.7307692307692307
17 0.5721153846153846 0.20432692307692307 0.6442307692307693 0.20432692307692307 0.6442307692307693 0.41346153846153844 0.5721153846153846 0.41346153846153844
17 0.6442307692307693 0.3894230769230769 0.7067307692307693 0.3894230769230769 0.7067307692307693 0.5 0.6442307692307693 0.5
17 0.6442307692307693 0.0625 0.7043269230769231 0.0625 0.7043269230769231 0.2403846153846154 0.6442307692307693 0.2403846153846154
17 0.49759615384615385 0.06009615384615385 0.5697115384615384 0.06009615384615385 0.5697115384615384 0.3245192307692308 0.49759615384615385 0.3245192307692308
0 0.43028846153846156 0.5288461538461539 0.49759615384615385 0.5288461538461539 0.49759615384615385 0.5673076923076923 0.43028846153846156 0.5673076923076923
0 0.3557692307692308 0.6201923076923077 0.43028846153846156 0.6201923076923077 0.43028846153846156 0.6586538461538461 0.3557692307692308 0.6586538461538461
0 0.5 0.6201923076923077 0.5721153846153846 0.6201923076923077 0.5721153846153846 0.6586538461538461 0.5 0.6586538461538461
12 0.28125 0.19230769230769232 0.71875 0.19230769230769232 0.71875 0.19951923076923078 0.28125 0.19951923076923078
12 0.27884615384615385 0.6586538461538461 0.7235576923076923 0.6586538461538461 0.7235576923076923 0.6658653846153846 0.27884615384615385 0.6658653846153846
12 0.27884615384615385 0.4735576923076923 0.7235576923076923 0.4735576923076923 0.7235576923076923 0.4807692307692308 0.27884615384615385 0.4807692307692308
12 0.27884615384615385 0.3798076923076923 0.7235576923076923 0.3798076923076923 0.7235576923076923 0.3870192307692308 0.27884615384615385 0.3870192307692308
12 0.27884615384615385 0.28846153846153844 0.7235576923076923 0.28846153846153844 0.7235576923076923 0.2956730769230769 0.27884615384615385 0.2956730769230769
12 0.27884615384615385 0.5673076923076923 0.7235576923076923 0.5673076923076923 0.7235576923076923 0.5745192307692307 0.27884615384615385 0.5745192307692307
12 0.28125 0.7307692307692307 0.7211538461538461 0.7307692307692307 0.7211538461538461 0.7379807692307693 0.28125 0.7379807692307693
23 0.3076923076923077 0.6802884615384616 0.35336538461538464 0.6802884615384616 0.35336538461538464 0.7235576923076923 0.3076923076923077 0.7235576923076923
23 0.6466346153846154 0.6802884615384616 0.6923076923076923 0.6802884615384616 0.6923076923076923 0.7235576923076923 0.6466346153846154 0.7235576923076923
23 0.5024038461538461 0.6802884615384616 0.5480769230769231 0.6802884615384616 0.5480769230769231 0.7235576923076923 0.5024038461538461 0.7235576923076923
23 0.3004807692307692 0.06009615384615385 0.7043269230769231 0.06009615384615385 0.7043269230769231 0.10576923076923077 0.3004807692307692 0.10576923076923077
14 0.3173076923076923 0.7716346153846154 0.6706730769230769 0.7716346153846154 0.6706730769230769 0.8798076923076923 0.3173076923076923 0.8798076923076923
2 0.28125 0.036057692307692304 0.7211538461538461 0.036057692307692304 0.7211538461538461 0.8846153846153846 0.28125 0.8846153846153846
10 0.28125 0.036057692307692304 0.7211538461538461 0.036057692307692304 0.7211538461538461 0.8846153846153846 0.28125 0.8846153846153846