16 0.04567307692307692 0.040865384615384616 0.9903846153846154 0.040865384615384616 0.9903846153846154 0.08413461538461539 0.04567307692307692 0.08413461538461539
23 0.28846153846153844 0.5 0.5120192307692307 0.5 0.5120192307692307 0.8149038461538461 0.28846153846153844 0.8149038461538461
8 0.5192307692307693 0.49278846153846156 0.7716346153846154 0.49278846153846156 0.7716346153846154 0.9519230769230769 0.5192307692307693 0.9519230769230769
20 0.10096153846153846 0.375 0.9423076923076923 0.375 0.9423076923076923 0.42788461538461536 0.10096153846153846 0.42788461538461536
23 0.5384615384615384 0.15144230769230768 0.71875 0.15144230769230768 0.71875 0.3629807692307692 0.5384615384615384 0.3629807692307692
23 0.31971153846153844 0.15384615384615385 0.49759615384615385 0.15384615384615385 0.49759615384615385 0.3629807692307692 0.31971153846153844 0.3629807692307692
16 0.28125 0.11538461538461539 0.7596153846153846 0.11538461538461539 0.7596153846153846 0.15144230769230768 0.28125 0.15144230769230768
24 0.2764423076923077 0.11538461538461539 0.7620192307692307 0.11538461538461539 0.7620192307692307 0.36538461538461536 0.2764423076923077 0.36538461538461536
11 0 0 0.9975961538461539 0 0.9975961538461539 0.41346153846153844 0 0.41346153846153844
15 0 0.43028846153846156 0.9975961538461539 0.43028846153846156 0.9975961538461539 0.9663461538461539 0 0.9663461538461539
15 0 0.41346153846153844 0.9975961538461539 0.41346153846153844 0.9975961538461539 0.43028846153846156 0 0.43028846153846156
2 0 0 0.9975961538461539 0 0.9975961538461539 0.9663461538461539 0 0.9663461538461539
10 0 0 0.9975961538461539 0 0.9975961538461539 0.9663461538461539 0 0.9663461538461539
7 0 0.7740384615384616 0.33413461538461536 0.7740384615384616 0.33413461538461536 0.9879807692307693 0 0.9879807692307693