4 0.11057692307692307 0.028846153846153848 0.3870192307692308 0.028846153846153848 0.3870192307692308 0.07451923076923077 0.11057692307692307 0.07451923076923077
23 0.12259615384615384 0.0625 0.38221153846153844 0.0625 0.38221153846153844 0.2668269230769231 0.12259615384615384 0.2668269230769231
4 0.6514423076923077 0.036057692307692304 0.9278846153846154 0.036057692307692304 0.9278846153846154 0.07932692307692307 0.6514423076923077 0.07932692307692307
23 0.6634615384615384 0.0673076923076923 0.9182692307692307 0.0673076923076923 0.9182692307692307 0.3389423076923077 0.6634615384615384 0.3389423076923077
8 0.18028846153846154 0.47115384615384615 0.34134615384615385 0.47115384615384615 0.34134615384615385 0.7259615384615384 0.18028846153846154 0.7259615384615384
23 0.18028846153846154 0.4375 0.3389423076923077 0.4375 0.3389423076923077 0.46153846153846156 0.18028846153846154 0.46153846153846156
4 0.11778846153846154 0.37259615384615385 0.39903846153846156 0.37259615384615385 0.39903846153846156 0.41586538461538464 0.11778846153846154 0.41586538461538464
9 0.125 0.40625 0.3918269230769231 0.40625 0.3918269230769231 0.7451923076923077 0.125 0.7451923076923077
15 0.002403846153846154 0.35336538461538464 0.9975961538461539 0.35336538461538464 0.9975961538461539 0.7475961538461539 0.002403846153846154 0.7475961538461539
12 0.002403846153846154 0.3389423076923077 0.9975961538461539 0.3389423076923077 0.9975961538461539 0.35336538461538464 0.002403846153846154 0.35336538461538464
11 0.002403846153846154 0 0.9975961538461539 0 0.9975961538461539 0.3389423076923077 0.002403846153846154 0.3389423076923077
2 0.002403846153846154 0.002403846153846154 0.9975961538461539 0.002403846153846154 0.9975961538461539 0.7475961538461539 0.002403846153846154 0.7475961538461539
10 0.002403846153846154 0.002403846153846154 0.9975961538461539 0.002403846153846154 0.9975961538461539 0.7475961538461539 0.002403846153846154 0.7475961538461539