23 0.41586538461538464 0.10817307692307693 0.5528846153846154 0.10817307692307693 0.5528846153846154 0.15625 0.41586538461538464 0.15625
23 0.5120192307692307 0.17548076923076922 0.5432692307692307 0.17548076923076922 0.5432692307692307 0.19471153846153846 0.5120192307692307 0.19471153846153846
23 0.4254807692307692 0.17548076923076922 0.4567307692307692 0.17548076923076922 0.4567307692307692 0.19471153846153846 0.4254807692307692 0.19471153846153846
23 0.5096153846153846 0.8197115384615384 0.5456730769230769 0.8197115384615384 0.5456730769230769 0.8269230769230769 0.5096153846153846 0.8269230769230769
23 0.4951923076923077 0.24278846153846154 0.5048076923076923 0.24278846153846154 0.5048076923076923 0.2692307692307692 0.4951923076923077 0.2692307692307692
23 0.5480769230769231 0.24278846153846154 0.5576923076923077 0.24278846153846154 0.5576923076923077 0.2692307692307692 0.5480769230769231 0.2692307692307692
23 0.5480769230769231 0.8197115384615384 0.5576923076923077 0.8197115384615384 0.5576923076923077 0.8269230769230769 0.5480769230769231 0.8269230769230769
23 0.4951923076923077 0.8197115384615384 0.5048076923076923 0.8197115384615384 0.5048076923076923 0.8269230769230769 0.4951923076923077 0.8269230769230769
23 0.4230769230769231 0.8197115384615384 0.45913461538461536 0.8197115384615384 0.45913461538461536 0.8269230769230769 0.4230769230769231 0.8269230769230769
23 0.40865384615384615 0.24278846153846154 0.4206730769230769 0.24278846153846154 0.4206730769230769 0.2692307692307692 0.40865384615384615 0.2692307692307692
23 0.46153846153846156 0.24278846153846154 0.4735576923076923 0.24278846153846154 0.4735576923076923 0.2692307692307692 0.46153846153846156 0.2692307692307692
23 0.46153846153846156 0.8197115384615384 0.4735576923076923 0.8197115384615384 0.4735576923076923 0.8269230769230769 0.46153846153846156 0.8269230769230769
23 0.40865384615384615 0.8197115384615384 0.4206730769230769 0.8197115384615384 0.4206730769230769 0.8269230769230769 0.40865384615384615 0.8269230769230769
23 0.5096153846153846 0.28846153846153844 0.5456730769230769 0.28846153846153844 0.5456730769230769 0.2956730769230769 0.5096153846153846 0.2956730769230769
23 0.4951923076923077 0.2980769230769231 0.5048076923076923 0.2980769230769231 0.5048076923076923 0.3245192307692308 0.4951923076923077 0.3245192307692308
23 0.5480769230769231 0.2980769230769231 0.5576923076923077 0.2980769230769231 0.5576923076923077 0.3245192307692308 0.5480769230769231 0.3245192307692308
23 0.5480769230769231 0.28846153846153844 0.5576923076923077 0.28846153846153844 0.5576923076923077 0.2956730769230769 0.5480769230769231 0.2956730769230769
23 0.4951923076923077 0.28846153846153844 0.5048076923076923 0.28846153846153844 0.5048076923076923 0.2956730769230769 0.4951923076923077 0.2956730769230769
23 0.4230769230769231 0.28846153846153844 0.45913461538461536 0.28846153846153844 0.45913461538461536 0.2956730769230769 0.4230769230769231 0.2956730769230769
23 0.40865384615384615 0.2980769230769231 0.4206730769230769 0.2980769230769231 0.4206730769230769 0.3245192307692308 0.40865384615384615 0.3245192307692308
23 0.46153846153846156 0.2980769230769231 0.4735576923076923 0.2980769230769231 0.4735576923076923 0.3245192307692308 0.46153846153846156 0.3245192307692308
23 0.46153846153846156 0.28846153846153844 0.4735576923076923 0.28846153846153844 0.4735576923076923 0.2956730769230769 0.46153846153846156 0.2956730769230769
23 0.40865384615384615 0.28846153846153844 0.4206730769230769 0.28846153846153844 0.4206730769230769 0.2956730769230769 0.40865384615384615 0.2956730769230769
23 0.4951923076923077 0.8293269230769231 0.5048076923076923 0.8293269230769231 0.5048076923076923 0.8581730769230769 0.4951923076923077 0.8581730769230769
23 0.5480769230769231 0.8293269230769231 0.5576923076923077 0.8293269230769231 0.5576923076923077 0.8581730769230769 0.5480769230769231 0.8581730769230769
23 0.40865384615384615 0.8293269230769231 0.4206730769230769 0.8293269230769231 0.4206730769230769 0.8581730769230769 0.40865384615384615 0.8581730769230769
23 0.46153846153846156 0.8293269230769231 0.4735576923076923 0.8293269230769231 0.4735576923076923 0.8581730769230769 0.46153846153846156 0.8581730769230769
23 0.4951923076923077 0.7740384615384616 0.5048076923076923 0.7740384615384616 0.5048076923076923 0.8028846153846154 0.4951923076923077 0.8028846153846154
23 0.5480769230769231 0.7740384615384616 0.5576923076923077 0.7740384615384616 0.5576923076923077 0.8028846153846154 0.5480769230769231 0.8028846153846154
23 0.40865384615384615 0.7740384615384616 0.4206730769230769 0.7740384615384616 0.4206730769230769 0.8028846153846154 0.40865384615384615 0.8028846153846154
23 0.46153846153846156 0.7740384615384616 0.4735576923076923 0.7740384615384616 0.4735576923076923 0.8028846153846154 0.46153846153846156 0.8028846153846154
8 0.45913461538461536 0.7139423076923077 0.5096153846153846 0.7139423076923077 0.5096153846153846 0.7403846153846154 0.45913461538461536 0.7403846153846154
8 0.4230769230769231 0.2956730769230769 0.46153846153846156 0.2956730769230769 0.46153846153846156 0.3245192307692308 0.4230769230769231 0.3245192307692308
8 0.5072115384615384 0.2956730769230769 0.5456730769230769 0.2956730769230769 0.5456730769230769 0.3245192307692308 0.5072115384615384 0.3245192307692308
8 0.5072115384615384 0.8293269230769231 0.5456730769230769 0.8293269230769231 0.5456730769230769 0.8581730769230769 0.5072115384615384 0.8581730769230769
8 0.46153846153846156 0.17548076923076922 0.5096153846153846 0.17548076923076922 0.5096153846153846 0.20673076923076922 0.46153846153846156 0.20673076923076922
8 0.5072115384615384 0.24278846153846154 0.5456730769230769 0.24278846153846154 0.5456730769230769 0.27163461538461536 0.5072115384615384 0.27163461538461536
23 0.5096153846153846 0.23076923076923078 0.5432692307692307 0.23076923076923078 0.5432692307692307 0.2403846153846154 0.5096153846153846 0.2403846153846154
23 0.5480769230769231 0.23317307692307693 0.5576923076923077 0.23317307692307693 0.5576923076923077 0.2403846153846154 0.5480769230769231 0.2403846153846154
23 0.4951923076923077 0.23317307692307693 0.5048076923076923 0.23317307692307693 0.5048076923076923 0.2403846153846154 0.4951923076923077 0.2403846153846154
23 0.4230769230769231 0.23076923076923078 0.45913461538461536 0.23076923076923078 0.45913461538461536 0.2403846153846154 0.4230769230769231 0.2403846153846154
23 0.4639423076923077 0.23317307692307693 0.4735576923076923 0.23317307692307693 0.4735576923076923 0.2403846153846154 0.4639423076923077 0.2403846153846154
23 0.40865384615384615 0.23317307692307693 0.4206730769230769 0.23317307692307693 0.4206730769230769 0.2403846153846154 0.40865384615384615 0.2403846153846154
23 0.5096153846153846 0.7620192307692307 0.5432692307692307 0.7620192307692307 0.5432692307692307 0.7716346153846154 0.5096153846153846 0.7716346153846154
23 0.5480769230769231 0.7668269230769231 0.5576923076923077 0.7668269230769231 0.5576923076923077 0.7716346153846154 0.5480769230769231 0.7716346153846154
23 0.4951923076923077 0.7668269230769231 0.5048076923076923 0.7668269230769231 0.5048076923076923 0.7716346153846154 0.4951923076923077 0.7716346153846154
23 0.4230769230769231 0.7620192307692307 0.45913461538461536 0.7620192307692307 0.45913461538461536 0.7716346153846154 0.4230769230769231 0.7716346153846154
23 0.4639423076923077 0.7668269230769231 0.4735576923076923 0.7668269230769231 0.4735576923076923 0.7716346153846154 0.4639423076923077 0.7716346153846154
23 0.40865384615384615 0.7668269230769231 0.4206730769230769 0.7668269230769231 0.4206730769230769 0.7716346153846154 0.40865384615384615 0.7716346153846154
8 0.4230769230769231 0.7740384615384616 0.46153846153846156 0.7740384615384616 0.46153846153846156 0.8028846153846154 0.4230769230769231 0.8028846153846154
8 0.5072115384615384 0.7740384615384616 0.5456730769230769 0.7740384615384616 0.5456730769230769 0.8028846153846154 0.5072115384615384 0.8028846153846154
23 0.5144230769230769 0.7307692307692307 0.5528846153846154 0.7307692307692307 0.5528846153846154 0.7403846153846154 0.5144230769230769 0.7403846153846154
23 0.5144230769230769 0.7139423076923077 0.5528846153846154 0.7139423076923077 0.5528846153846154 0.7283653846153846 0.5144230769230769 0.7283653846153846
23 0.5144230769230769 0.7043269230769231 0.5528846153846154 0.7043269230769231 0.5528846153846154 0.7115384615384616 0.5144230769230769 0.7115384615384616
23 0.4182692307692308 0.7307692307692307 0.4567307692307692 0.7307692307692307 0.4567307692307692 0.7403846153846154 0.4182692307692308 0.7403846153846154
23 0.4182692307692308 0.7139423076923077 0.4567307692307692 0.7139423076923077 0.4567307692307692 0.7283653846153846 0.4182692307692308 0.7283653846153846
23 0.4855769230769231 0.7043269230769231 0.5096153846153846 0.7043269230769231 0.5096153846153846 0.7115384615384616 0.4855769230769231 0.7115384615384616
23 0.4182692307692308 0.7043269230769231 0.4567307692307692 0.7043269230769231 0.4567307692307692 0.7115384615384616 0.4182692307692308 0.7115384615384616
23 0.45913461538461536 0.7043269230769231 0.4831730769230769 0.7043269230769231 0.4831730769230769 0.7115384615384616 0.45913461538461536 0.7115384615384616
8 0.4230769230769231 0.8293269230769231 0.46153846153846156 0.8293269230769231 0.46153846153846156 0.8581730769230769 0.4230769230769231 0.8581730769230769
8 0.45913461538461536 0.47836538461538464 0.5096153846153846 0.47836538461538464 0.5096153846153846 0.5072115384615384 0.45913461538461536 0.5072115384615384
23 0.5144230769230769 0.4951923076923077 0.5528846153846154 0.4951923076923077 0.5528846153846154 0.5072115384615384 0.5144230769230769 0.5072115384615384
23 0.5144230769230769 0.47836538461538464 0.5528846153846154 0.47836538461538464 0.5528846153846154 0.49278846153846156 0.5144230769230769 0.49278846153846156
23 0.5144230769230769 0.46875 0.5528846153846154 0.46875 0.5528846153846154 0.47596153846153844 0.5144230769230769 0.47596153846153844
23 0.4182692307692308 0.4951923076923077 0.4567307692307692 0.4951923076923077 0.4567307692307692 0.5072115384615384 0.4182692307692308 0.5072115384615384
23 0.4182692307692308 0.47836538461538464 0.4567307692307692 0.47836538461538464 0.4567307692307692 0.49278846153846156 0.4182692307692308 0.49278846153846156
23 0.4855769230769231 0.46875 0.5096153846153846 0.46875 0.5096153846153846 0.47596153846153844 0.4855769230769231 0.47596153846153844
23 0.4182692307692308 0.46875 0.4567307692307692 0.46875 0.4567307692307692 0.47596153846153844 0.4182692307692308 0.47596153846153844
23 0.45913461538461536 0.46875 0.4831730769230769 0.46875 0.4831730769230769 0.47596153846153844 0.45913461538461536 0.47596153846153844
8 0.45913461538461536 0.5408653846153846 0.5096153846153846 0.5408653846153846 0.5096153846153846 0.5697115384615384 0.45913461538461536 0.5697115384615384
23 0.5144230769230769 0.5576923076923077 0.5528846153846154 0.5576923076923077 0.5528846153846154 0.5697115384615384 0.5144230769230769 0.5697115384615384
23 0.5144230769230769 0.5408653846153846 0.5528846153846154 0.5408653846153846 0.5528846153846154 0.5552884615384616 0.5144230769230769 0.5552884615384616
23 0.5144230769230769 0.53125 0.5528846153846154 0.53125 0.5528846153846154 0.5384615384615384 0.5144230769230769 0.5384615384615384
23 0.4182692307692308 0.5576923076923077 0.4567307692307692 0.5576923076923077 0.4567307692307692 0.5697115384615384 0.4182692307692308 0.5697115384615384
23 0.4182692307692308 0.5408653846153846 0.4567307692307692 0.5408653846153846 0.4567307692307692 0.5552884615384616 0.4182692307692308 0.5552884615384616
23 0.4855769230769231 0.53125 0.5096153846153846 0.53125 0.5096153846153846 0.5384615384615384 0.4855769230769231 0.5384615384615384
23 0.4182692307692308 0.53125 0.4567307692307692 0.53125 0.4567307692307692 0.5384615384615384 0.4182692307692308 0.5384615384615384
23 0.45913461538461536 0.53125 0.4831730769230769 0.53125 0.4831730769230769 0.5384615384615384 0.45913461538461536 0.5384615384615384
8 0.45913461538461536 0.5985576923076923 0.5096153846153846 0.5985576923076923 0.5096153846153846 0.6274038461538461 0.45913461538461536 0.6274038461538461
23 0.5144230769230769 0.6153846153846154 0.5528846153846154 0.6153846153846154 0.5528846153846154 0.6274038461538461 0.5144230769230769 0.6274038461538461
23 0.5144230769230769 0.5985576923076923 0.5528846153846154 0.5985576923076923 0.5528846153846154 0.6129807692307693 0.5144230769230769 0.6129807692307693
23 0.5144230769230769 0.5889423076923077 0.5528846153846154 0.5889423076923077 0.5528846153846154 0.5961538461538461 0.5144230769230769 0.5961538461538461
23 0.4182692307692308 0.6153846153846154 0.4567307692307692 0.6153846153846154 0.4567307692307692 0.6274038461538461 0.4182692307692308 0.6274038461538461
23 0.4182692307692308 0.5985576923076923 0.4567307692307692 0.5985576923076923 0.4567307692307692 0.6129807692307693 0.4182692307692308 0.6129807692307693
23 0.4855769230769231 0.5889423076923077 0.5096153846153846 0.5889423076923077 0.5096153846153846 0.5961538461538461 0.4855769230769231 0.5961538461538461
23 0.4182692307692308 0.5889423076923077 0.4567307692307692 0.5889423076923077 0.4567307692307692 0.5961538461538461 0.4182692307692308 0.5961538461538461
23 0.45913461538461536 0.5889423076923077 0.4831730769230769 0.5889423076923077 0.4831730769230769 0.5961538461538461 0.45913461538461536 0.5961538461538461
8 0.45913461538461536 0.6538461538461539 0.5096153846153846 0.6538461538461539 0.5096153846153846 0.6802884615384616 0.45913461538461536 0.6802884615384616
23 0.5144230769230769 0.6730769230769231 0.5528846153846154 0.6730769230769231 0.5528846153846154 0.6826923076923077 0.5144230769230769 0.6826923076923077
23 0.5144230769230769 0.65625 0.5528846153846154 0.65625 0.5528846153846154 0.6706730769230769 0.5144230769230769 0.6706730769230769
23 0.5144230769230769 0.6466346153846154 0.5528846153846154 0.6466346153846154 0.5528846153846154 0.6538461538461539 0.5144230769230769 0.6538461538461539
23 0.4182692307692308 0.6730769230769231 0.4567307692307692 0.6730769230769231 0.4567307692307692 0.6826923076923077 0.4182692307692308 0.6826923076923077
23 0.4182692307692308 0.65625 0.4567307692307692 0.65625 0.4567307692307692 0.6706730769230769 0.4182692307692308 0.6706730769230769
23 0.4855769230769231 0.6466346153846154 0.5096153846153846 0.6466346153846154 0.5096153846153846 0.6538461538461539 0.4855769230769231 0.6538461538461539
23 0.4182692307692308 0.6466346153846154 0.4567307692307692 0.6466346153846154 0.4567307692307692 0.6538461538461539 0.4182692307692308 0.6538461538461539
23 0.45913461538461536 0.6466346153846154 0.4831730769230769 0.6466346153846154 0.4831730769230769 0.6538461538461539 0.45913461538461536 0.6538461538461539
23 0.5096153846153846 0.40865384615384615 0.5456730769230769 0.40865384615384615 0.5456730769230769 0.41346153846153844 0.5096153846153846 0.41346153846153844
23 0.5480769230769231 0.40865384615384615 0.5576923076923077 0.40865384615384615 0.5576923076923077 0.41346153846153844 0.5480769230769231 0.41346153846153844
23 0.4951923076923077 0.40865384615384615 0.5048076923076923 0.40865384615384615 0.5048076923076923 0.41346153846153844 0.4951923076923077 0.41346153846153844
23 0.4230769230769231 0.40865384615384615 0.45913461538461536 0.40865384615384615 0.45913461538461536 0.41346153846153844 0.4230769230769231 0.41346153846153844
23 0.46153846153846156 0.40865384615384615 0.4735576923076923 0.40865384615384615 0.4735576923076923 0.41346153846153844 0.46153846153846156 0.41346153846153844
23 0.40865384615384615 0.40865384615384615 0.4206730769230769 0.40865384615384615 0.4206730769230769 0.41346153846153844 0.40865384615384615 0.41346153846153844
23 0.4951923076923077 0.41586538461538464 0.5048076923076923 0.41586538461538464 0.5048076923076923 0.44471153846153844 0.4951923076923077 0.44471153846153844
23 0.5480769230769231 0.41586538461538464 0.5576923076923077 0.41586538461538464 0.5576923076923077 0.44471153846153844 0.5480769230769231 0.44471153846153844
23 0.40865384615384615 0.41586538461538464 0.4206730769230769 0.41586538461538464 0.4206730769230769 0.44471153846153844 0.40865384615384615 0.44471153846153844
23 0.46153846153846156 0.41586538461538464 0.4735576923076923 0.41586538461538464 0.4735576923076923 0.44471153846153844 0.46153846153846156 0.44471153846153844
23 0.4951923076923077 0.3605769230769231 0.5048076923076923 0.3605769230769231 0.5048076923076923 0.3894230769230769 0.4951923076923077 0.3894230769230769
23 0.5480769230769231 0.3605769230769231 0.5576923076923077 0.3605769230769231 0.5576923076923077 0.3894230769230769 0.5480769230769231 0.3894230769230769
23 0.40865384615384615 0.3605769230769231 0.4206730769230769 0.3605769230769231 0.4206730769230769 0.3894230769230769 0.40865384615384615 0.3894230769230769
23 0.46153846153846156 0.3605769230769231 0.4735576923076923 0.3605769230769231 0.4735576923076923 0.3894230769230769 0.46153846153846156 0.3894230769230769
8 0.5072115384615384 0.41586538461538464 0.5456730769230769 0.41586538461538464 0.5456730769230769 0.44471153846153844 0.5072115384615384 0.44471153846153844
23 0.5096153846153846 0.3485576923076923 0.5432692307692307 0.3485576923076923 0.5432692307692307 0.3581730769230769 0.5096153846153846 0.3581730769230769
23 0.5480769230769231 0.35336538461538464 0.5576923076923077 0.35336538461538464 0.5576923076923077 0.3581730769230769 0.5480769230769231 0.3581730769230769
23 0.4951923076923077 0.35336538461538464 0.5048076923076923 0.35336538461538464 0.5048076923076923 0.3581730769230769 0.4951923076923077 0.3581730769230769
23 0.4230769230769231 0.3485576923076923 0.45913461538461536 0.3485576923076923 0.45913461538461536 0.3581730769230769 0.4230769230769231 0.3581730769230769
23 0.4639423076923077 0.35336538461538464 0.4735576923076923 0.35336538461538464 0.4735576923076923 0.3581730769230769 0.4639423076923077 0.3581730769230769
23 0.40865384615384615 0.35336538461538464 0.4206730769230769 0.35336538461538464 0.4206730769230769 0.3581730769230769 0.40865384615384615 0.3581730769230769
8 0.4230769230769231 0.3605769230769231 0.46153846153846156 0.3605769230769231 0.46153846153846156 0.3894230769230769 0.4230769230769231 0.3894230769230769
8 0.5072115384615384 0.3605769230769231 0.5456730769230769 0.3605769230769231 0.5456730769230769 0.3894230769230769 0.5072115384615384 0.3894230769230769
8 0.4230769230769231 0.41586538461538464 0.46153846153846156 0.41586538461538464 0.46153846153846156 0.44471153846153844 0.4230769230769231 0.44471153846153844
0 0.4951923076923077 0.8461538461538461 0.5576923076923077 0.8461538461538461 0.5576923076923077 0.8581730769230769 0.4951923076923077 0.8581730769230769
0 0.40865384615384615 0.8461538461538461 0.4735576923076923 0.8461538461538461 0.4735576923076923 0.8581730769230769 0.40865384615384615 0.8581730769230769
0 0.4951923076923077 0.2548076923076923 0.5576923076923077 0.2548076923076923 0.5576923076923077 0.2692307692307692 0.4951923076923077 0.2692307692307692
0 0.41346153846153844 0.19471153846153846 0.5552884615384616 0.19471153846153846 0.5552884615384616 0.2091346153846154 0.41346153846153844 0.2091346153846154
0 0.4951923076923077 0.31490384615384615 0.5576923076923077 0.31490384615384615 0.5576923076923077 0.3293269230769231 0.4951923076923077 0.3293269230769231
0 0.40865384615384615 0.31490384615384615 0.4735576923076923 0.31490384615384615 0.4735576923076923 0.3293269230769231 0.40865384615384615 0.3293269230769231
0 0.4951923076923077 0.375 0.5576923076923077 0.375 0.5576923076923077 0.3894230769230769 0.4951923076923077 0.3894230769230769
0 0.40865384615384615 0.375 0.4735576923076923 0.375 0.4735576923076923 0.3894230769230769 0.40865384615384615 0.3894230769230769
0 0.4951923076923077 0.43509615384615385 0.5576923076923077 0.43509615384615385 0.5576923076923077 0.4495192307692308 0.4951923076923077 0.4495192307692308
0 0.41586538461538464 0.7307692307692307 0.5528846153846154 0.7307692307692307 0.5528846153846154 0.7451923076923077 0.41586538461538464 0.7451923076923077
0 0.4951923076923077 0.7884615384615384 0.5576923076923077 0.7884615384615384 0.5576923076923077 0.8028846153846154 0.4951923076923077 0.8028846153846154
0 0.40865384615384615 0.7884615384615384 0.4735576923076923 0.7884615384615384 0.4735576923076923 0.8028846153846154 0.40865384615384615 0.8028846153846154
0 0.40865384615384615 0.43509615384615385 0.4735576923076923 0.43509615384615385 0.4735576923076923 0.4495192307692308 0.40865384615384615 0.4495192307692308
0 0.41586538461538464 0.49278846153846156 0.5528846153846154 0.49278846153846156 0.5528846153846154 0.5072115384615384 0.41586538461538464 0.5072115384615384
0 0.41586538461538464 0.5552884615384616 0.5528846153846154 0.5552884615384616 0.5528846153846154 0.5697115384615384 0.41586538461538464 0.5697115384615384
0 0.41586538461538464 0.6129807692307693 0.5528846153846154 0.6129807692307693 0.5528846153846154 0.6274038461538461 0.41586538461538464 0.6274038461538461
0 0.41586538461538464 0.6706730769230769 0.5528846153846154 0.6706730769230769 0.5528846153846154 0.6850961538461539 0.41586538461538464 0.6850961538461539
16 0.5096153846153846 0.20432692307692307 0.5889423076923077 0.20432692307692307 0.5889423076923077 0.21634615384615385 0.5096153846153846 0.21634615384615385
16 0.3798076923076923 0.7403846153846154 0.5889423076923077 0.7403846153846154 0.5889423076923077 0.75 0.3798076923076923 0.75
16 0.3798076923076923 0.8581730769230769 0.5889423076923077 0.8581730769230769 0.5889423076923077 0.8677884615384616 0.3798076923076923 0.8677884615384616
16 0.3798076923076923 0.44471153846153844 0.5889423076923077 0.44471153846153844 0.5889423076923077 0.4543269230769231 0.3798076923076923 0.4543269230769231
16 0.3798076923076923 0.20432692307692307 0.4567307692307692 0.20432692307692307 0.4567307692307692 0.21634615384615385 0.3798076923076923 0.21634615384615385
8 0.4230769230769231 0.24278846153846154 0.46153846153846156 0.24278846153846154 0.46153846153846156 0.27163461538461536 0.4230769230769231 0.27163461538461536
0 0.40865384615384615 0.2548076923076923 0.4735576923076923 0.2548076923076923 0.4735576923076923 0.2692307692307692 0.40865384615384615 0.2692307692307692
5 0.4567307692307692 0.20432692307692307 0.5120192307692307 0.20432692307692307 0.5120192307692307 0.22355769230769232 0.4567307692307692 0.22355769230769232
5 0.4567307692307692 0.5 0.5096153846153846 0.5 0.5096153846153846 0.5168269230769231 0.4567307692307692 0.5168269230769231
0 0.3798076923076923 0.06971153846153846 0.5889423076923077 0.06971153846153846 0.5889423076923077 0.09134615384615384 0.3798076923076923 0.09134615384615384
23 0.4110576923076923 0.07211538461538461 0.5576923076923077 0.07211538461538461 0.5576923076923077 0.09134615384615384 0.4110576923076923 0.09134615384615384
16 0.4230769230769231 0.03125 0.5456730769230769 0.03125 0.5456730769230769 0.040865384615384616 0.4230769230769231 0.040865384615384616
12 0.3798076923076923 0.15625 0.5889423076923077 0.15625 0.5889423076923077 0.1658653846153846 0.3798076923076923 0.1658653846153846
12 0.3798076923076923 0.8581730769230769 0.5889423076923077 0.8581730769230769 0.5889423076923077 0.8677884615384616 0.3798076923076923 0.8677884615384616
12 0.3798076923076923 0.2091346153846154 0.5889423076923077 0.2091346153846154 0.5889423076923077 0.21875 0.3798076923076923 0.21875
12 0.3798076923076923 0.27163461538461536 0.5889423076923077 0.27163461538461536 0.5889423076923077 0.28125 0.3798076923076923 0.28125
12 0.3798076923076923 0.3317307692307692 0.5889423076923077 0.3317307692307692 0.5889423076923077 0.34134615384615385 0.3798076923076923 0.34134615384615385
12 0.3798076923076923 0.3918269230769231 0.5889423076923077 0.3918269230769231 0.5889423076923077 0.4014423076923077 0.3798076923076923 0.4014423076923077
12 0.3798076923076923 0.4495192307692308 0.5889423076923077 0.4495192307692308 0.5889423076923077 0.45913461538461536 0.3798076923076923 0.45913461538461536
12 0.3798076923076923 0.5096153846153846 0.5889423076923077 0.5096153846153846 0.5889423076923077 0.5192307692307693 0.3798076923076923 0.5192307692307693
12 0.3798076923076923 0.5721153846153846 0.5889423076923077 0.5721153846153846 0.5889423076923077 0.5817307692307693 0.3798076923076923 0.5817307692307693
12 0.3798076923076923 0.6274038461538461 0.5889423076923077 0.6274038461538461 0.5889423076923077 0.6370192307692307 0.3798076923076923 0.6370192307692307
12 0.3798076923076923 0.6875 0.5889423076923077 0.6875 0.5889423076923077 0.6971153846153846 0.3798076923076923 0.6971153846153846
12 0.3798076923076923 0.7451923076923077 0.5889423076923077 0.7451923076923077 0.5889423076923077 0.7548076923076923 0.3798076923076923 0.7548076923076923
12 0.3798076923076923 0.8028846153846154 0.5889423076923077 0.8028846153846154 0.5889423076923077 0.8125 0.3798076923076923 0.8125
8 0.4951923076923077 0.9086538461538461 0.5552884615384616 0.9086538461538461 0.5552884615384616 0.9495192307692307 0.4951923076923077 0.9495192307692307
23 0.41586538461538464 0.9086538461538461 0.4375 0.9086538461538461 0.4375 0.9495192307692307 0.41586538461538464 0.9495192307692307
23 0.4519230769230769 0.9086538461538461 0.4735576923076923 0.9086538461538461 0.4735576923076923 0.9495192307692307 0.4519230769230769 0.9495192307692307
23 0.49759615384615385 0.8822115384615384 0.5552884615384616 0.8822115384615384 0.5552884615384616 0.90625 0.49759615384615385 0.90625
5 0.5625 0.43028846153846156 0.5889423076923077 0.43028846153846156 0.5889423076923077 0.4423076923076923 0.5625 0.4423076923076923
5 0.3798076923076923 0.43028846153846156 0.40625 0.43028846153846156 0.40625 0.4423076923076923 0.3798076923076923 0.4423076923076923
2 0.3798076923076923 0.028846153846153848 0.5889423076923077 0.028846153846153848 0.5889423076923077 0.9543269230769231 0.3798076923076923 0.9543269230769231
10 0.3798076923076923 0.028846153846153848 0.5889423076923077 0.028846153846153848 0.5889423076923077 0.9543269230769231 0.3798076923076923 0.9543269230769231