23 0.6346153846153846 0.5985576923076923 0.6850961538461539 0.5985576923076923 0.6850961538461539 0.65625 0.6346153846153846 0.65625
23 0.6442307692307693 0.6802884615384616 0.6850961538461539 0.6802884615384616 0.6850961538461539 0.7211538461538461 0.6442307692307693 0.7211538461538461
23 0.5 0.5985576923076923 0.5504807692307693 0.5985576923076923 0.5504807692307693 0.65625 0.5 0.65625
23 0.6346153846153846 0.5048076923076923 0.6850961538461539 0.5048076923076923 0.6850961538461539 0.5625 0.6346153846153846 0.5625
23 0.4423076923076923 0.5048076923076923 0.49278846153846156 0.5048076923076923 0.49278846153846156 0.5625 0.4423076923076923 0.5625
23 0.3076923076923077 0.5048076923076923 0.3581730769230769 0.5048076923076923 0.3581730769230769 0.5625 0.3076923076923077 0.5625
23 0.3076923076923077 0.41586538461538464 0.3581730769230769 0.41586538461538464 0.3581730769230769 0.4735576923076923 0.3076923076923077 0.4735576923076923
23 0.44711538461538464 0.41586538461538464 0.4951923076923077 0.41586538461538464 0.4951923076923077 0.4735576923076923 0.44711538461538464 0.4735576923076923
23 0.5817307692307693 0.41586538461538464 0.6322115384615384 0.41586538461538464 0.6322115384615384 0.4735576923076923 0.5817307692307693 0.4735576923076923
23 0.3629807692307692 0.15384615384615385 0.4110576923076923 0.15384615384615385 0.4110576923076923 0.21394230769230768 0.3629807692307692 0.21394230769230768
23 0.5024038461538461 0.3269230769230769 0.5504807692307693 0.3269230769230769 0.5504807692307693 0.38461538461538464 0.5024038461538461 0.38461538461538464
23 0.6394230769230769 0.3269230769230769 0.6875 0.3269230769230769 0.6875 0.38461538461538464 0.6394230769230769 0.38461538461538464
23 0.6394230769230769 0.24278846153846154 0.6875 0.24278846153846154 0.6875 0.30288461538461536 0.6394230769230769 0.30288461538461536
23 0.5817307692307693 0.15384615384615385 0.6322115384615384 0.15384615384615385 0.6322115384615384 0.21394230769230768 0.5817307692307693 0.21394230769230768
23 0.44711538461538464 0.15384615384615385 0.4951923076923077 0.15384615384615385 0.4951923076923077 0.21394230769230768 0.44711538461538464 0.21394230769230768
23 0.30288461538461536 0.3269230769230769 0.35336538461538464 0.3269230769230769 0.35336538461538464 0.38461538461538464 0.30288461538461536 0.38461538461538464
23 0.30288461538461536 0.24278846153846154 0.35336538461538464 0.24278846153846154 0.35336538461538464 0.30288461538461536 0.30288461538461536 0.30288461538461536
23 0.44471153846153844 0.24278846153846154 0.4951923076923077 0.24278846153846154 0.4951923076923077 0.30288461538461536 0.44471153846153844 0.30288461538461536
23 0.3629807692307692 0.5985576923076923 0.40625 0.5985576923076923 0.40625 0.65625 0.3629807692307692 0.65625
23 0.3076923076923077 0.6802884615384616 0.3485576923076923 0.6802884615384616 0.3485576923076923 0.7211538461538461 0.3076923076923077 0.7211538461538461
23 0.49759615384615385 0.6802884615384616 0.5480769230769231 0.6802884615384616 0.5480769230769231 0.7211538461538461 0.49759615384615385 0.7211538461538461
17 0.6418269230769231 0.3870192307692308 0.7019230769230769 0.3870192307692308 0.7019230769230769 0.5 0.6418269230769231 0.5
17 0.49759615384615385 0.3870192307692308 0.5649038461538461 0.3870192307692308 0.5649038461538461 0.5889423076923077 0.49759615384615385 0.5889423076923077
17 0.6418269230769231 0.06009615384615385 0.7043269230769231 0.06009615384615385 0.7043269230769231 0.2403846153846154 0.6418269230769231 0.2403846153846154
17 0.4951923076923077 0.057692307692307696 0.5649038461538461 0.057692307692307696 0.5649038461538461 0.3245192307692308 0.4951923076923077 0.3245192307692308
17 0.43028846153846156 0.2932692307692308 0.49759615384615385 0.2932692307692308 0.49759615384615385 0.41346153846153844 0.43028846153846156 0.41346153846153844
17 0.5721153846153846 0.20432692307692307 0.6442307692307693 0.20432692307692307 0.6442307692307693 0.41346153846153844 0.5721153846153846 0.41346153846153844
17 0.5697115384615384 0.4831730769230769 0.6442307692307693 0.4831730769230769 0.6442307692307693 0.7307692307692307 0.5697115384615384 0.7307692307692307
17 0.43028846153846156 0.5745192307692307 0.49759615384615385 0.5745192307692307 0.49759615384615385 0.7307692307692307 0.43028846153846156 0.7307692307692307
17 0.3485576923076923 0.6658653846153846 0.42788461538461536 0.6658653846153846 0.42788461538461536 0.7307692307692307 0.3485576923076923 0.7307692307692307
17 0.29086538461538464 0.5721153846153846 0.35096153846153844 0.5721153846153846 0.35096153846153844 0.6754807692307693 0.29086538461538464 0.6754807692307693
17 0.3485576923076923 0.19951923076923078 0.4254807692307692 0.19951923076923078 0.4254807692307692 0.5889423076923077 0.3485576923076923 0.5889423076923077
0 0.3485576923076923 0.15625 0.49759615384615385 0.15625 0.49759615384615385 0.19471153846153846 0.3485576923076923 0.19471153846153846
0 0.6442307692307693 0.6201923076923077 0.71875 0.6201923076923077 0.71875 0.6586538461538461 0.6442307692307693 0.6586538461538461
0 0.5 0.6201923076923077 0.5697115384615384 0.6201923076923077 0.5697115384615384 0.6586538461538461 0.5 0.6586538461538461
0 0.35096153846153844 0.6201923076923077 0.4254807692307692 0.6201923076923077 0.4254807692307692 0.6586538461538461 0.35096153846153844 0.6586538461538461
0 0.27884615384615385 0.5264423076923077 0.3485576923076923 0.5264423076923077 0.3485576923076923 0.5649038461538461 0.27884615384615385 0.5649038461538461
0 0.4254807692307692 0.5264423076923077 0.49759615384615385 0.5264423076923077 0.49759615384615385 0.5649038461538461 0.4254807692307692 0.5649038461538461
0 0.6442307692307693 0.5264423076923077 0.71875 0.5264423076923077 0.71875 0.5649038461538461 0.6442307692307693 0.5649038461538461
0 0.5649038461538461 0.43509615384615385 0.6418269230769231 0.43509615384615385 0.6418269230769231 0.4735576923076923 0.5649038461538461 0.4735576923076923
0 0.4254807692307692 0.43509615384615385 0.49759615384615385 0.43509615384615385 0.49759615384615385 0.4735576923076923 0.4254807692307692 0.4735576923076923
0 0.2764423076923077 0.43509615384615385 0.3485576923076923 0.43509615384615385 0.3485576923076923 0.47115384615384615 0.2764423076923077 0.47115384615384615
0 0.2764423076923077 0.34134615384615385 0.3485576923076923 0.34134615384615385 0.3485576923076923 0.3798076923076923 0.2764423076923077 0.3798076923076923
0 0.5 0.34134615384615385 0.5769230769230769 0.34134615384615385 0.5769230769230769 0.3798076923076923 0.5 0.3798076923076923
0 0.6442307692307693 0.34134615384615385 0.71875 0.34134615384615385 0.71875 0.3798076923076923 0.6442307692307693 0.3798076923076923
0 0.5673076923076923 0.15865384615384615 0.6418269230769231 0.15865384615384615 0.6418269230769231 0.19471153846153846 0.5673076923076923 0.19471153846153846
0 0.4254807692307692 0.25 0.4951923076923077 0.25 0.4951923076923077 0.28846153846153844 0.4254807692307692 0.28846153846153844
0 0.27884615384615385 0.25 0.3485576923076923 0.25 0.3485576923076923 0.28846153846153844 0.27884615384615385 0.28846153846153844
0 0.6442307692307693 0.25 0.71875 0.25 0.71875 0.28846153846153844 0.6442307692307693 0.28846153846153844
12 0.2956730769230769 0.19471153846153846 0.7067307692307693 0.19471153846153846 0.7067307692307693 0.20432692307692307 0.2956730769230769 0.20432692307692307
12 0.29086538461538464 0.75 0.71875 0.75 0.71875 0.7572115384615384 0.29086538461538464 0.7572115384615384
12 0.27884615384615385 0.5649038461538461 0.71875 0.5649038461538461 0.71875 0.5721153846153846 0.27884615384615385 0.5721153846153846
12 0.27884615384615385 0.4735576923076923 0.71875 0.4735576923076923 0.71875 0.4807692307692308 0.27884615384615385 0.4807692307692308
12 0.2764423076923077 0.3798076923076923 0.71875 0.3798076923076923 0.71875 0.3894230769230769 0.2764423076923077 0.3894230769230769
12 0.27884615384615385 0.28846153846153844 0.71875 0.28846153846153844 0.71875 0.2980769230769231 0.27884615384615385 0.2980769230769231
23 0.2980769230769231 0.057692307692307696 0.7019230769230769 0.057692307692307696 0.7019230769230769 0.10576923076923077 0.2980769230769231 0.10576923076923077
2 0.27403846153846156 0.036057692307692304 0.7307692307692307 0.036057692307692304 0.7307692307692307 0.8846153846153846 0.27403846153846156 0.8846153846153846
8 0.4254807692307692 0.7716346153846154 0.5649038461538461 0.7716346153846154 0.5649038461538461 0.8774038461538461 0.4254807692307692 0.8774038461538461
14 0.31490384615384615 0.7716346153846154 0.4254807692307692 0.7716346153846154 0.4254807692307692 0.8774038461538461 0.31490384615384615 0.8774038461538461
14 0.5649038461538461 0.7716346153846154 0.6754807692307693 0.7716346153846154 0.6754807692307693 0.8774038461538461 0.5649038461538461 0.8774038461538461
12 0.29086538461538464 0.6586538461538461 0.71875 0.6586538461538461 0.71875 0.6658653846153846 0.29086538461538464 0.6658653846153846
10 0.27884615384615385 0.036057692307692304 0.7307692307692307 0.036057692307692304 0.7307692307692307 0.8846153846153846 0.27884615384615385 0.8846153846153846