23 0.7548076923076923 0.8028846153846154 0.7836538461538461 0.8028846153846154 0.7836538461538461 0.8509615384615384 0.7548076923076923 0.8509615384615384
23 0.22115384615384615 0.5216346153846154 0.31490384615384615 0.5216346153846154 0.31490384615384615 0.5745192307692307 0.22115384615384615 0.5745192307692307
23 0.22115384615384615 0.5913461538461539 0.31490384615384615 0.5913461538461539 0.31490384615384615 0.6466346153846154 0.22115384615384615 0.6466346153846154
8 0.3701923076923077 0.6706730769230769 0.40384615384615385 0.6706730769230769 0.40384615384615385 0.7163461538461539 0.3701923076923077 0.7163461538461539
8 0.36778846153846156 0.7355769230769231 0.4014423076923077 0.7355769230769231 0.4014423076923077 0.78125 0.36778846153846156 0.78125
23 0.22115384615384615 0.4519230769230769 0.31490384615384615 0.4519230769230769 0.31490384615384615 0.5024038461538461 0.22115384615384615 0.5024038461538461
8 0.36778846153846156 0.5216346153846154 0.4014423076923077 0.5216346153846154 0.4014423076923077 0.5745192307692307 0.36778846153846156 0.5745192307692307
8 0.36778846153846156 0.5913461538461539 0.4014423076923077 0.5913461538461539 0.4014423076923077 0.6442307692307693 0.36778846153846156 0.6442307692307693
23 0.22115384615384615 0.6706730769230769 0.31490384615384615 0.6706730769230769 0.31490384615384615 0.7163461538461539 0.22115384615384615 0.7163461538461539
23 0.22115384615384615 0.7355769230769231 0.31490384615384615 0.7355769230769231 0.31490384615384615 0.78125 0.22115384615384615 0.78125
23 0.22115384615384615 0.8076923076923077 0.31490384615384615 0.8076923076923077 0.31490384615384615 0.8557692307692307 0.22115384615384615 0.8557692307692307
8 0.36778846153846156 0.4495192307692308 0.4014423076923077 0.4495192307692308 0.4014423076923077 0.5024038461538461 0.36778846153846156 0.5024038461538461
23 0.22355769230769232 0.38461538461538464 0.23798076923076922 0.38461538461538464 0.23798076923076922 0.43028846153846156 0.22355769230769232 0.43028846153846156
23 0.37259615384615385 0.38461538461538464 0.4014423076923077 0.38461538461538464 0.4014423076923077 0.43028846153846156 0.37259615384615385 0.43028846153846156
23 0.32211538461538464 0.30288461538461536 0.35096153846153844 0.30288461538461536 0.35096153846153844 0.3605769230769231 0.32211538461538464 0.3605769230769231
23 0.28846153846153844 0.38461538461538464 0.3173076923076923 0.38461538461538464 0.3173076923076923 0.43028846153846156 0.28846153846153844 0.43028846153846156
23 0.5120192307692307 0.8341346153846154 0.5456730769230769 0.8341346153846154 0.5456730769230769 0.8894230769230769 0.5120192307692307 0.8894230769230769
23 0.5504807692307693 0.44471153846153844 0.5817307692307693 0.44471153846153844 0.5817307692307693 0.5 0.5504807692307693 0.5
23 0.5120192307692307 0.5216346153846154 0.5456730769230769 0.5216346153846154 0.5456730769230769 0.5769230769230769 0.5120192307692307 0.5769230769230769
23 0.5480769230769231 0.6009615384615384 0.5793269230769231 0.6009615384615384 0.5793269230769231 0.6538461538461539 0.5480769230769231 0.6538461538461539
23 0.5120192307692307 0.6826923076923077 0.5456730769230769 0.6826923076923077 0.5456730769230769 0.7331730769230769 0.5120192307692307 0.7331730769230769
23 0.5480769230769231 0.7596153846153846 0.5793269230769231 0.7596153846153846 0.5793269230769231 0.8125 0.5480769230769231 0.8125
23 0.5120192307692307 0.36538461538461536 0.5456730769230769 0.36538461538461536 0.5456730769230769 0.4206730769230769 0.5120192307692307 0.4206730769230769
23 0.7163461538461539 0.31009615384615385 0.7331730769230769 0.31009615384615385 0.7331730769230769 0.34375 0.7163461538461539 0.34375
23 0.7548076923076923 0.4543269230769231 0.7836538461538461 0.4543269230769231 0.7836538461538461 0.5048076923076923 0.7548076923076923 0.5048076923076923
23 0.7548076923076923 0.5216346153846154 0.7836538461538461 0.5216346153846154 0.7836538461538461 0.5745192307692307 0.7548076923076923 0.5745192307692307
23 0.7548076923076923 0.5913461538461539 0.7836538461538461 0.5913461538461539 0.7836538461538461 0.6442307692307693 0.7548076923076923 0.6442307692307693
23 0.7548076923076923 0.6634615384615384 0.7836538461538461 0.6634615384615384 0.7836538461538461 0.7163461538461539 0.7548076923076923 0.7163461538461539
23 0.7548076923076923 0.7331730769230769 0.7836538461538461 0.7331730769230769 0.7836538461538461 0.7860576923076923 0.7548076923076923 0.7860576923076923
8 0.36778846153846156 0.8076923076923077 0.4014423076923077 0.8076923076923077 0.4014423076923077 0.8557692307692307 0.36778846153846156 0.8557692307692307
23 0.7548076923076923 0.38221153846153844 0.7836538461538461 0.38221153846153844 0.7836538461538461 0.4254807692307692 0.7548076923076923 0.4254807692307692
23 0.7596153846153846 0.31009615384615385 0.7884615384615384 0.31009615384615385 0.7884615384615384 0.34375 0.7596153846153846 0.34375
23 0.6538461538461539 0.31009615384615385 0.6826923076923077 0.31009615384615385 0.6826923076923077 0.34375 0.6538461538461539 0.34375
0 0.4543269230769231 0.31009615384615385 0.9254807692307693 0.31009615384615385 0.9254807692307693 0.34134615384615385 0.4543269230769231 0.34134615384615385
0 0.07932692307692307 0.8653846153846154 0.4567307692307692 0.8653846153846154 0.4567307692307692 0.8990384615384616 0.07932692307692307 0.8990384615384616
0 0.71875 0.8653846153846154 0.9278846153846154 0.8653846153846154 0.9278846153846154 0.8990384615384616 0.71875 0.8990384615384616
0 0.07451923076923077 0.46875 0.4567307692307692 0.46875 0.4567307692307692 0.5024038461538461 0.07451923076923077 0.5024038461538461
0 0.07211538461538461 0.5504807692307693 0.4567307692307692 0.5504807692307693 0.4567307692307692 0.5841346153846154 0.07211538461538461 0.5841346153846154
0 0.07932692307692307 0.6298076923076923 0.4567307692307692 0.6298076923076923 0.4567307692307692 0.6634615384615384 0.07932692307692307 0.6634615384615384
0 0.07932692307692307 0.7067307692307693 0.4567307692307692 0.7067307692307693 0.4567307692307692 0.7403846153846154 0.07932692307692307 0.7403846153846154
0 0.07932692307692307 0.7860576923076923 0.4567307692307692 0.7860576923076923 0.4567307692307692 0.8197115384615384 0.07932692307692307 0.8197115384615384
0 0.07211538461538461 0.3894230769230769 0.4567307692307692 0.3894230769230769 0.4567307692307692 0.4230769230769231 0.07211538461538461 0.4230769230769231
0 0.71875 0.3894230769230769 0.9278846153846154 0.3894230769230769 0.9278846153846154 0.4230769230769231 0.71875 0.4230769230769231
0 0.71875 0.46875 0.9278846153846154 0.46875 0.9278846153846154 0.5024038461538461 0.71875 0.5024038461538461
0 0.71875 0.5504807692307693 0.9278846153846154 0.5504807692307693 0.9278846153846154 0.5841346153846154 0.71875 0.5841346153846154
0 0.71875 0.6274038461538461 0.9278846153846154 0.6274038461538461 0.9278846153846154 0.6610576923076923 0.71875 0.6610576923076923
0 0.71875 0.7067307692307693 0.9278846153846154 0.7067307692307693 0.9278846153846154 0.7403846153846154 0.71875 0.7403846153846154
0 0.71875 0.7860576923076923 0.9278846153846154 0.7860576923076923 0.9278846153846154 0.8197115384615384 0.71875 0.8197115384615384
12 0.4543269230769231 0.34134615384615385 0.9375 0.34134615384615385 0.9375 0.34615384615384615 0.4543269230769231 0.34615384615384615
12 0.06490384615384616 0.8245192307692307 0.9375 0.8245192307692307 0.9375 0.8293269230769231 0.06490384615384616 0.8293269230769231
12 0.06490384615384616 0.7451923076923077 0.9375 0.7451923076923077 0.9375 0.75 0.06490384615384616 0.75
12 0.06490384615384616 0.6658653846153846 0.9375 0.6658653846153846 0.9375 0.6706730769230769 0.06490384615384616 0.6706730769230769
12 0.06490384615384616 0.5865384615384616 0.9375 0.5865384615384616 0.9375 0.5913461538461539 0.06490384615384616 0.5913461538461539
12 0.06490384615384616 0.5048076923076923 0.9375 0.5048076923076923 0.9375 0.5096153846153846 0.06490384615384616 0.5096153846153846
12 0.06490384615384616 0.4254807692307692 0.9375 0.4254807692307692 0.9375 0.43028846153846156 0.06490384615384616 0.43028846153846156
2 0.038461538461538464 0.21875 0.9423076923076923 0.21875 0.9423076923076923 0.9110576923076923 0.038461538461538464 0.9110576923076923
10 0.040865384615384616 0.22115384615384615 0.9423076923076923 0.22115384615384615 0.9423076923076923 0.9158653846153846 0.040865384615384616 0.9158653846153846