14 0.59375 0.3701923076923077 0.6802884615384616 0.3701923076923077 0.6802884615384616 0.5120192307692307 0.59375 0.5120192307692307
8 0.40625 0.3701923076923077 0.5865384615384616 0.3701923076923077 0.5865384615384616 0.5120192307692307 0.40625 0.5120192307692307
14 0.3173076923076923 0.3701923076923077 0.40384615384615385 0.3701923076923077 0.40384615384615385 0.5120192307692307 0.3173076923076923 0.5120192307692307
14 0.31490384615384615 0.20673076923076922 0.6802884615384616 0.20673076923076922 0.6802884615384616 0.35336538461538464 0.31490384615384615 0.35336538461538464
14 0.34375 0.5913461538461539 0.5336538461538461 0.5913461538461539 0.5336538461538461 0.7427884615384616 0.34375 0.7427884615384616
14 0.6947115384615384 0.5817307692307693 0.7596153846153846 0.5817307692307693 0.7596153846153846 0.7451923076923077 0.6947115384615384 0.7451923076923077
12 0.19951923076923078 0.5480769230769231 0.7596153846153846 0.5480769230769231 0.7596153846153846 0.5793269230769231 0.19951923076923078 0.5793269230769231
23 0.2283653846153846 0.3870192307692308 0.2692307692307692 0.3870192307692308 0.2692307692307692 0.4014423076923077 0.2283653846153846 0.4014423076923077
2 0.08653846153846154 0.13942307692307693 0.8509615384615384 0.13942307692307693 0.8509615384615384 0.8004807692307693 0.08653846153846154 0.8004807692307693
10 0.08653846153846154 0.14182692307692307 0.8509615384615384 0.14182692307692307 0.8509615384615384 0.8004807692307693 0.08653846153846154 0.8004807692307693
0 0.3004807692307692 0.4543269230769231 0.7019230769230769 0.4543269230769231 0.7019230769230769 0.5096153846153846 0.3004807692307692 0.5096153846153846