23 0.375 0.3605769230769231 0.6153846153846154 0.3605769230769231 0.6153846153846154 0.5432692307692307 0.375 0.5432692307692307
23 0.2403846153846154 0.4326923076923077 0.28846153846153844 0.4326923076923077 0.28846153846153844 0.5456730769230769 0.2403846153846154 0.5456730769230769
8 0.31971153846153844 0.6610576923076923 0.5096153846153846 0.6610576923076923 0.5096153846153846 0.8653846153846154 0.31971153846153844 0.8653846153846154
23 0.5216346153846154 0.6682692307692307 0.6033653846153846 0.6682692307692307 0.6033653846153846 0.8605769230769231 0.5216346153846154 0.8605769230769231
23 0.23076923076923078 0.6682692307692307 0.3125 0.6682692307692307 0.3125 0.8605769230769231 0.23076923076923078 0.8605769230769231
0 0.28365384615384615 0.4543269230769231 0.7139423076923077 0.4543269230769231 0.7139423076923077 0.5480769230769231 0.28365384615384615 0.5480769230769231
0 0.12740384615384615 0.22596153846153846 0.6899038461538461 0.22596153846153846 0.6899038461538461 0.31009615384615385 0.12740384615384615 0.31009615384615385
12 0.10336538461538461 0.5504807692307693 0.7211538461538461 0.5504807692307693 0.7211538461538461 0.5721153846153846 0.10336538461538461 0.5721153846153846
12 0.12740384615384615 0.31009615384615385 0.6947115384615384 0.31009615384615385 0.6947115384615384 0.33413461538461536 0.12740384615384615 0.33413461538461536
23 0.12980769230769232 0.34134615384615385 0.30288461538461536 0.34134615384615385 0.30288461538461536 0.5504807692307693 0.12980769230769232 0.5504807692307693
8 0.6802884615384616 0.6971153846153846 0.7331730769230769 0.6971153846153846 0.7331730769230769 0.8149038461538461 0.6802884615384616 0.8149038461538461
2 0.05048076923076923 0.14903846153846154 0.9567307692307693 0.14903846153846154 0.9567307692307693 0.9158653846153846 0.05048076923076923 0.9158653846153846
10 0.052884615384615384 0.14903846153846154 0.9567307692307693 0.14903846153846154 0.9567307692307693 0.9182692307692307 0.052884615384615384 0.9182692307692307