23 0.7067307692307693 0.1466346153846154 0.7572115384615384 0.1466346153846154 0.7572115384615384 0.2644230769230769 0.7067307692307693 0.2644230769230769
23 0.35096153846153844 0.375 0.3798076923076923 0.375 0.3798076923076923 0.4543269230769231 0.35096153846153844 0.4543269230769231
23 0.5048076923076923 0.3485576923076923 0.5504807692307693 0.3485576923076923 0.5504807692307693 0.4543269230769231 0.5048076923076923 0.4543269230769231
23 0.7884615384615384 0.34134615384615385 0.8293269230769231 0.34134615384615385 0.8293269230769231 0.4543269230769231 0.7884615384615384 0.4543269230769231
23 0.7211538461538461 0.5168269230769231 0.7620192307692307 0.5168269230769231 0.7620192307692307 0.6490384615384616 0.7211538461538461 0.6490384615384616
23 0.5384615384615384 0.5216346153846154 0.5841346153846154 0.5216346153846154 0.5841346153846154 0.6514423076923077 0.5384615384615384 0.6514423076923077
23 0.3798076923076923 0.5264423076923077 0.4182692307692308 0.5264423076923077 0.4182692307692308 0.6514423076923077 0.3798076923076923 0.6514423076923077
23 0.8293269230769231 0.6947115384615384 0.8653846153846154 0.6947115384615384 0.8653846153846154 0.8028846153846154 0.8293269230769231 0.8028846153846154
1 0.13221153846153846 0.6754807692307693 0.19471153846153846 0.6754807692307693 0.19471153846153846 0.8028846153846154 0.13221153846153846 0.8028846153846154
8 0.44471153846153844 0.8221153846153846 0.5336538461538461 0.8221153846153846 0.5336538461538461 0.9639423076923077 0.44471153846153844 0.9639423076923077
1 0.20673076923076922 0.1466346153846154 0.2668269230769231 0.1466346153846154 0.2668269230769231 0.2620192307692308 0.20673076923076922 0.2620192307692308
23 0.27163461538461536 0.20192307692307693 0.3125 0.20192307692307693 0.3125 0.2620192307692308 0.27163461538461536 0.2620192307692308
1 0.7067307692307693 0.1466346153846154 0.7572115384615384 0.1466346153846154 0.7572115384615384 0.2644230769230769 0.7067307692307693 0.2644230769230769
1 0.7403846153846154 0.31009615384615385 0.7860576923076923 0.31009615384615385 0.7860576923076923 0.4519230769230769 0.7403846153846154 0.4519230769230769
1 0.4495192307692308 0.3076923076923077 0.5024038461538461 0.3076923076923077 0.5024038461538461 0.4519230769230769 0.4495192307692308 0.4519230769230769
1 0.2932692307692308 0.3389423076923077 0.34615384615384615 0.3389423076923077 0.34615384615384615 0.4519230769230769 0.2932692307692308 0.4519230769230769
1 0.3269230769230769 0.4951923076923077 0.3798076923076923 0.4951923076923077 0.3798076923076923 0.6514423076923077 0.3269230769230769 0.6514423076923077
1 0.4855769230769231 0.4951923076923077 0.5384615384615384 0.4951923076923077 0.5384615384615384 0.6514423076923077 0.4855769230769231 0.6514423076923077
1 0.6850961538461539 0.4855769230769231 0.7211538461538461 0.4855769230769231 0.7211538461538461 0.6490384615384616 0.6850961538461539 0.6490384615384616
1 0.7932692307692307 0.6802884615384616 0.8269230769230769 0.6802884615384616 0.8269230769230769 0.8028846153846154 0.7932692307692307 0.8028846153846154
23 0.20432692307692307 0.6899038461538461 0.24759615384615385 0.6899038461538461 0.24759615384615385 0.8028846153846154 0.20432692307692307 0.8028846153846154
12 0.11057692307692307 0.27163461538461536 0.9423076923076923 0.27163461538461536 0.9423076923076923 0.2860576923076923 0.11057692307692307 0.2860576923076923
12 0.11057692307692307 0.46153846153846156 0.9423076923076923 0.46153846153846156 0.9423076923076923 0.47836538461538464 0.11057692307692307 0.47836538461538464
12 0.11057692307692307 0.65625 0.9423076923076923 0.65625 0.9423076923076923 0.6730769230769231 0.11057692307692307 0.6730769230769231
12 0.11057692307692307 0.8052884615384616 0.9423076923076923 0.8052884615384616 0.9423076923076923 0.8221153846153846 0.11057692307692307 0.8221153846153846
15 0.11057692307692307 0.8221153846153846 0.9423076923076923 0.8221153846153846 0.9423076923076923 0.9639423076923077 0.11057692307692307 0.9639423076923077
11 0.11057692307692307 0.6730769230769231 0.9423076923076923 0.6730769230769231 0.9423076923076923 0.8076923076923077 0.11057692307692307 0.8076923076923077
11 0.11057692307692307 0.47836538461538464 0.9423076923076923 0.47836538461538464 0.9423076923076923 0.65625 0.11057692307692307 0.65625
11 0.11057692307692307 0.2860576923076923 0.9423076923076923 0.2860576923076923 0.9423076923076923 0.4639423076923077 0.11057692307692307 0.4639423076923077
7 0.21153846153846154 0.8629807692307693 0.2764423076923077 0.8629807692307693 0.2764423076923077 0.9831730769230769 0.21153846153846154 0.9831730769230769
2 0.11057692307692307 0.057692307692307696 0.9423076923076923 0.057692307692307696 0.9423076923076923 0.9639423076923077 0.11057692307692307 0.9639423076923077
10 0.11057692307692307 0.07451923076923077 0.9423076923076923 0.07451923076923077 0.9423076923076923 0.9639423076923077 0.11057692307692307 0.9639423076923077
22 0.11057692307692307 0.07451923076923077 0.9423076923076923 0.07451923076923077 0.9423076923076923 0.27163461538461536 0.11057692307692307 0.27163461538461536