23 0.27884615384615385 0.6802884615384616 0.36778846153846156 0.6802884615384616 0.36778846153846156 0.8413461538461539 0.27884615384615385 0.8413461538461539
23 0.6971153846153846 0.6802884615384616 0.7259615384615384 0.6802884615384616 0.7259615384615384 0.8413461538461539 0.6971153846153846 0.8413461538461539
23 0.39903846153846156 0.6802884615384616 0.4375 0.6802884615384616 0.4375 0.8413461538461539 0.39903846153846156 0.8413461538461539
23 0.4567307692307692 0.6802884615384616 0.4951923076923077 0.6802884615384616 0.4951923076923077 0.8413461538461539 0.4567307692307692 0.8413461538461539
23 0.5144230769230769 0.6802884615384616 0.5456730769230769 0.6802884615384616 0.5456730769230769 0.8413461538461539 0.5144230769230769 0.8413461538461539
23 0.5793269230769231 0.6802884615384616 0.6586538461538461 0.6802884615384616 0.6586538461538461 0.8413461538461539 0.5793269230769231 0.8413461538461539
23 0.28125 0.6081730769230769 0.3245192307692308 0.6081730769230769 0.3245192307692308 0.6706730769230769 0.28125 0.6706730769230769
23 0.6490384615384616 0.6081730769230769 0.7283653846153846 0.6081730769230769 0.7283653846153846 0.6706730769230769 0.6490384615384616 0.6706730769230769
23 0.5865384615384616 0.6081730769230769 0.625 0.6081730769230769 0.625 0.6706730769230769 0.5865384615384616 0.6706730769230769
23 0.5144230769230769 0.6081730769230769 0.5528846153846154 0.6081730769230769 0.5528846153846154 0.6706730769230769 0.5144230769230769 0.6706730769230769
23 0.34134615384615385 0.6081730769230769 0.3798076923076923 0.6081730769230769 0.3798076923076923 0.6706730769230769 0.34134615384615385 0.6706730769230769
23 0.39903846153846156 0.6081730769230769 0.4807692307692308 0.6081730769230769 0.4807692307692308 0.6706730769230769 0.39903846153846156 0.6706730769230769
23 0.39903846153846156 0.4639423076923077 0.43509615384615385 0.4639423076923077 0.43509615384615385 0.5985576923076923 0.39903846153846156 0.5985576923076923
23 0.2860576923076923 0.4639423076923077 0.3629807692307692 0.4639423076923077 0.3629807692307692 0.5985576923076923 0.2860576923076923 0.5985576923076923
23 0.4567307692307692 0.4639423076923077 0.4951923076923077 0.4639423076923077 0.4951923076923077 0.5985576923076923 0.4567307692307692 0.5985576923076923
23 0.5168269230769231 0.4639423076923077 0.5480769230769231 0.4639423076923077 0.5480769230769231 0.5985576923076923 0.5168269230769231 0.5985576923076923
23 0.5793269230769231 0.4639423076923077 0.6586538461538461 0.4639423076923077 0.6586538461538461 0.5985576923076923 0.5793269230769231 0.5985576923076923
23 0.6947115384615384 0.4639423076923077 0.7259615384615384 0.4639423076923077 0.7259615384615384 0.5985576923076923 0.6947115384615384 0.5985576923076923
23 0.34375 0.3293269230769231 0.38221153846153844 0.3293269230769231 0.38221153846153844 0.4543269230769231 0.34375 0.4543269230769231
23 0.6442307692307693 0.3293269230769231 0.7259615384615384 0.3293269230769231 0.7259615384615384 0.4543269230769231 0.6442307692307693 0.4543269230769231
23 0.5889423076923077 0.3293269230769231 0.6225961538461539 0.3293269230769231 0.6225961538461539 0.4543269230769231 0.5889423076923077 0.4543269230769231
23 0.5144230769230769 0.3293269230769231 0.5528846153846154 0.3293269230769231 0.5528846153846154 0.4543269230769231 0.5144230769230769 0.4543269230769231
23 0.40625 0.3293269230769231 0.4807692307692308 0.3293269230769231 0.4807692307692308 0.4543269230769231 0.40625 0.4543269230769231
23 0.24519230769230768 0.49278846153846156 0.2692307692307692 0.49278846153846156 0.2692307692307692 0.5384615384615384 0.24519230769230768 0.5384615384615384
23 0.28365384615384615 0.3293269230769231 0.32211538461538464 0.3293269230769231 0.32211538461538464 0.4543269230769231 0.28365384615384615 0.4543269230769231
23 0.24519230769230768 0.32211538461538464 0.2692307692307692 0.32211538461538464 0.2692307692307692 0.36778846153846156 0.24519230769230768 0.36778846153846156
23 0.24519230769230768 0.37740384615384615 0.2692307692307692 0.37740384615384615 0.2692307692307692 0.42788461538461536 0.24519230769230768 0.42788461538461536
23 0.24519230769230768 0.4326923076923077 0.2692307692307692 0.4326923076923077 0.2692307692307692 0.4855769230769231 0.24519230769230768 0.4855769230769231
14 0.24519230769230768 0.15144230769230768 0.6778846153846154 0.15144230769230768 0.6778846153846154 0.25961538461538464 0.24519230769230768 0.25961538461538464
14 0.24519230769230768 0.2644230769230769 0.6778846153846154 0.2644230769230769 0.6778846153846154 0.3173076923076923 0.24519230769230768 0.3173076923076923
5 0.17067307692307693 0.6875 0.25240384615384615 0.6875 0.25240384615384615 0.7163461538461539 0.17067307692307693 0.7163461538461539
5 0.21153846153846154 0.6394230769230769 0.25 0.6394230769230769 0.25 0.6754807692307693 0.21153846153846154 0.6754807692307693
5 0.19951923076923078 0.6706730769230769 0.23076923076923078 0.6706730769230769 0.23076923076923078 0.6971153846153846 0.19951923076923078 0.6971153846153846
5 0.15625 0.6490384615384616 0.20673076923076922 0.6490384615384616 0.20673076923076922 0.6875 0.15625 0.6875
2 0.14423076923076922 0.1466346153846154 0.7475961538461539 0.1466346153846154 0.7475961538461539 0.84375 0.14423076923076922 0.84375
10 0.14182692307692307 0.1466346153846154 0.7475961538461539 0.1466346153846154 0.7475961538461539 0.8461538461538461 0.14182692307692307 0.8461538461538461