23 0.5745192307692307 0.18509615384615385 0.6634615384615384 0.18509615384615385 0.6634615384615384 0.2692307692307692 0.5745192307692307 0.2692307692307692
23 0.5432692307692307 0.3701923076923077 0.6995192307692307 0.3701923076923077 0.6995192307692307 0.5264423076923077 0.5432692307692307 0.5264423076923077
23 0.4567307692307692 0.38221153846153844 0.5144230769230769 0.38221153846153844 0.5144230769230769 0.5360576923076923 0.4567307692307692 0.5360576923076923
23 0.7355769230769231 0.37740384615384615 0.8052884615384616 0.37740384615384615 0.8052884615384616 0.5336538461538461 0.7355769230769231 0.5336538461538461
17 0.8076923076923077 0.3485576923076923 0.8269230769230769 0.3485576923076923 0.8269230769230769 0.5504807692307693 0.8076923076923077 0.5504807692307693
17 0.4230769230769231 0.3605769230769231 0.4375 0.3605769230769231 0.4375 0.5576923076923077 0.4230769230769231 0.5576923076923077
17 0.5144230769230769 0.3557692307692308 0.5288461538461539 0.3557692307692308 0.5288461538461539 0.5552884615384616 0.5144230769230769 0.5552884615384616
17 0.7163461538461539 0.3485576923076923 0.7307692307692307 0.3485576923076923 0.7307692307692307 0.5504807692307693 0.7163461538461539 0.5504807692307693
16 0.4230769230769231 0.3173076923076923 0.8269230769230769 0.3173076923076923 0.8269230769230769 0.3581730769230769 0.4230769230769231 0.3581730769230769
16 0.375 0.11057692307692307 0.8629807692307693 0.11057692307692307 0.8629807692307693 0.2860576923076923 0.375 0.2860576923076923
16 0.15625 0.36778846153846156 0.4206730769230769 0.36778846153846156 0.4206730769230769 0.4014423076923077 0.15625 0.4014423076923077
23 0.25961538461538464 0.41586538461538464 0.3485576923076923 0.41586538461538464 0.3485576923076923 0.5552884615384616 0.25961538461538464 0.5552884615384616
23 0.4543269230769231 0.6201923076923077 0.5168269230769231 0.6201923076923077 0.5168269230769231 0.7956730769230769 0.4543269230769231 0.7956730769230769
23 0.5456730769230769 0.6129807692307693 0.7067307692307693 0.6129807692307693 0.7067307692307693 0.7932692307692307 0.5456730769230769 0.7932692307692307
23 0.7403846153846154 0.6177884615384616 0.8221153846153846 0.6177884615384616 0.8221153846153846 0.7932692307692307 0.7403846153846154 0.7932692307692307
23 0.22355769230769232 0.6610576923076923 0.36538461538461536 0.6610576923076923 0.36538461538461536 0.8245192307692307 0.22355769230769232 0.8245192307692307
9 0.1346153846153846 0.6514423076923077 0.3942307692307692 0.6514423076923077 0.3942307692307692 0.8365384615384616 0.1346153846153846 0.8365384615384616
16 0.09134615384615384 0.5625 0.8509615384615384 0.5625 0.8509615384615384 0.6225961538461539 0.09134615384615384 0.6225961538461539
19 0.0985576923076923 0.0889423076923077 0.8966346153846154 0.0889423076923077 0.8966346153846154 0.39903846153846156 0.0985576923076923 0.39903846153846156
19 0.08413461538461539 0.5288461538461539 0.41586538461538464 0.5288461538461539 0.41586538461538464 0.5793269230769231 0.08413461538461539 0.5793269230769231
15 0.11057692307692307 0.5697115384615384 0.8365384615384616 0.5697115384615384 0.8365384615384616 0.8365384615384616 0.11057692307692307 0.8365384615384616
12 0.14903846153846154 0.5504807692307693 0.8317307692307693 0.5504807692307693 0.8317307692307693 0.5841346153846154 0.14903846153846154 0.5841346153846154
11 0.14903846153846154 0.3173076923076923 0.8341346153846154 0.3173076923076923 0.8341346153846154 0.5649038461538461 0.14903846153846154 0.5649038461538461
22 0.41346153846153844 0.12740384615384615 0.8341346153846154 0.12740384615384615 0.8341346153846154 0.31490384615384615 0.41346153846153844 0.31490384615384615
12 0.4230769230769231 0.30288461538461536 0.8341346153846154 0.30288461538461536 0.8341346153846154 0.3317307692307692 0.4230769230769231 0.3317307692307692
2 0.08413461538461539 0.0889423076923077 0.8942307692307693 0.0889423076923077 0.8942307692307693 0.8942307692307693 0.08413461538461539 0.8942307692307693
10 0.1466346153846154 0.30288461538461536 0.8365384615384616 0.30288461538461536 0.8365384615384616 0.8918269230769231 0.1466346153846154 0.8918269230769231
7 0.3581730769230769 0.8269230769230769 0.47115384615384615 0.8269230769230769 0.47115384615384615 0.9110576923076923 0.3581730769230769 0.9110576923076923
7 0.7475961538461539 0.8125 0.875 0.8125 0.875 0.9134615384615384 0.7475961538461539 0.9134615384615384