14 0.6586538461538461 0.33413461538461536 0.7692307692307693 0.33413461538461536 0.7692307692307693 0.47115384615384615 0.6586538461538461 0.47115384615384615
23 0.5048076923076923 0.5456730769230769 0.6105769230769231 0.5456730769230769 0.6105769230769231 0.6322115384615384 0.5048076923076923 0.6322115384615384
21 0.5048076923076923 0.6322115384615384 0.6177884615384616 0.6322115384615384 0.6177884615384616 0.6394230769230769 0.5048076923076923 0.6394230769230769
23 0.6586538461538461 0.7235576923076923 0.7692307692307693 0.7235576923076923 0.7692307692307693 0.8100961538461539 0.6586538461538461 0.8100961538461539
21 0.6610576923076923 0.8100961538461539 0.7740384615384616 0.8100961538461539 0.7740384615384616 0.8173076923076923 0.6610576923076923 0.8173076923076923
4 0.6586538461538461 0.3125 0.7716346153846154 0.3125 0.7716346153846154 0.3269230769230769 0.6586538461538461 0.3269230769230769
4 0.6586538461538461 0.7067307692307693 0.7716346153846154 0.7067307692307693 0.7716346153846154 0.7235576923076923 0.6586538461538461 0.7235576923076923
4 0.4951923076923077 0.7115384615384616 0.6466346153846154 0.7115384615384616 0.6466346153846154 0.7211538461538461 0.4951923076923077 0.7211538461538461
23 0.5096153846153846 0.7259615384615384 0.5384615384615384 0.7259615384615384 0.5384615384615384 0.8629807692307693 0.5096153846153846 0.8629807692307693
8 0.5432692307692307 0.7259615384615384 0.625 0.7259615384615384 0.625 0.8629807692307693 0.5432692307692307 0.8629807692307693
4 0.5048076923076923 0.5288461538461539 0.6177884615384616 0.5288461538461539 0.6177884615384616 0.5456730769230769 0.5048076923076923 0.5456730769230769
8 0.18269230769230768 0.7211538461538461 0.41346153846153844 0.7211538461538461 0.41346153846153844 0.8629807692307693 0.18269230769230768 0.8629807692307693
16 0.15865384615384615 0.6418269230769231 0.41346153846153844 0.6418269230769231 0.41346153846153844 0.65625 0.15865384615384615 0.65625
0 0.15865384615384615 0.6418269230769231 0.41346153846153844 0.6418269230769231 0.41346153846153844 0.6850961538461539 0.15865384615384615 0.6850961538461539
8 0.8798076923076923 0.71875 0.9975961538461539 0.71875 0.9975961538461539 0.8629807692307693 0.8798076923076923 0.8629807692307693
23 0 0.7211538461538461 0.08413461538461539 0.7211538461538461 0.08413461538461539 0.8125 0 0.8125
21 0 0.8125 0.07932692307692307 0.8125 0.07932692307692307 0.8197115384615384 0 0.8197115384615384
16 0.8629807692307693 0.6418269230769231 1 0.6418269230769231 1 0.65625 0.8629807692307693 0.65625
8 0.17067307692307693 0.5576923076923077 0.19951923076923078 0.5576923076923077 0.19951923076923078 0.6754807692307693 0.17067307692307693 0.6754807692307693
19 0.8317307692307693 0.5264423076923077 1 0.5264423076923077 1 0.6418269230769231 0.8317307692307693 0.6418269230769231
16 0.41346153846153844 0.16826923076923078 0.8605769230769231 0.16826923076923078 0.8605769230769231 0.33653846153846156 0.41346153846153844 0.33653846153846156
2 0 0.16105769230769232 1 0.16105769230769232 1 0.8653846153846154 0 0.8653846153846154
10 0 0.16105769230769232 1 0.16105769230769232 1 0.8653846153846154 0 0.8653846153846154
12 0 0.6850961538461539 1 0.6850961538461539 1 0.7019230769230769 0 0.7019230769230769
12 0.41346153846153844 0.4735576923076923 0.8653846153846154 0.4735576923076923 0.8653846153846154 0.49038461538461536 0.41346153846153844 0.49038461538461536