23 0.7692307692307693 0.11538461538461539 0.8004807692307693 0.11538461538461539 0.8004807692307693 0.2644230769230769 0.7692307692307693 0.2644230769230769
23 0.2860576923076923 0.11538461538461539 0.3581730769230769 0.11538461538461539 0.3581730769230769 0.2644230769230769 0.2860576923076923 0.2644230769230769
23 0.6610576923076923 0.4951923076923077 0.75 0.4951923076923077 0.75 0.5985576923076923 0.6610576923076923 0.5985576923076923
23 0.4230769230769231 0.11538461538461539 0.5288461538461539 0.11538461538461539 0.5288461538461539 0.2644230769230769 0.4230769230769231 0.2644230769230769
23 0.7043269230769231 0.31009615384615385 0.7692307692307693 0.31009615384615385 0.7692307692307693 0.39663461538461536 0.7043269230769231 0.39663461538461536
23 0.3942307692307692 0.31009615384615385 0.44471153846153844 0.31009615384615385 0.44471153846153844 0.39663461538461536 0.3942307692307692 0.39663461538461536
23 0.3942307692307692 0.31009615384615385 0.44471153846153844 0.31009615384615385 0.44471153846153844 0.39663461538461536 0.3942307692307692 0.39663461538461536
23 0.6129807692307693 0.31009615384615385 0.6634615384615384 0.31009615384615385 0.6634615384615384 0.39663461538461536 0.6129807692307693 0.39663461538461536
23 0.14423076923076922 0.31009615384615385 0.19471153846153846 0.31009615384615385 0.19471153846153846 0.39663461538461536 0.14423076923076922 0.39663461538461536
23 0.18509615384615385 0.4951923076923077 0.30288461538461536 0.4951923076923077 0.30288461538461536 0.5985576923076923 0.18509615384615385 0.5985576923076923
23 0.4254807692307692 0.4951923076923077 0.46875 0.4951923076923077 0.46875 0.5985576923076923 0.4254807692307692 0.5985576923076923
23 0.27884615384615385 0.07451923076923077 0.34375 0.07451923076923077 0.34375 0.2644230769230769 0.27884615384615385 0.2644230769230769
23 0.4182692307692308 0.10096153846153846 0.53125 0.10096153846153846 0.53125 0.2668269230769231 0.4182692307692308 0.2668269230769231
23 0.5456730769230769 0.07932692307692307 0.6706730769230769 0.07932692307692307 0.6706730769230769 0.2692307692307692 0.5456730769230769 0.2692307692307692
23 0.7692307692307693 0.07451923076923077 0.8293269230769231 0.07451923076923077 0.8293269230769231 0.2668269230769231 0.7692307692307693 0.2668269230769231
23 0.7043269230769231 0.2860576923076923 0.7908653846153846 0.2860576923076923 0.7908653846153846 0.39663461538461536 0.7043269230769231 0.39663461538461536
23 0.6057692307692307 0.2956730769230769 0.6370192307692307 0.2956730769230769 0.6370192307692307 0.39663461538461536 0.6057692307692307 0.39663461538461536
23 0.38221153846153844 0.2956730769230769 0.40865384615384615 0.2956730769230769 0.40865384615384615 0.39663461538461536 0.38221153846153844 0.39663461538461536
23 0.1346153846153846 0.28365384615384615 0.15625 0.28365384615384615 0.15625 0.39663461538461536 0.1346153846153846 0.39663461538461536
23 0.17307692307692307 0.4735576923076923 0.2932692307692308 0.4735576923076923 0.2932692307692308 0.6033653846153846 0.17307692307692307 0.6033653846153846
23 0.4254807692307692 0.47836538461538464 0.44711538461538464 0.47836538461538464 0.44711538461538464 0.6033653846153846 0.4254807692307692 0.6033653846153846
23 0.65625 0.4735576923076923 0.7740384615384616 0.4735576923076923 0.7740384615384616 0.6033653846153846 0.65625 0.6033653846153846
0 0.5504807692307693 0.20673076923076922 0.6706730769230769 0.20673076923076922 0.6706730769230769 0.2692307692307692 0.5504807692307693 0.2692307692307692
12 0.06490384615384616 0.6538461538461539 0.8533653846153846 0.6538461538461539 0.8533653846153846 0.6899038461538461 0.06490384615384616 0.6899038461538461
12 0.06490384615384616 0.2692307692307692 0.8533653846153846 0.2692307692307692 0.8533653846153846 0.3076923076923077 0.06490384615384616 0.3076923076923077
12 0.06490384615384616 0.4495192307692308 0.8533653846153846 0.4495192307692308 0.8533653846153846 0.4879807692307692 0.06490384615384616 0.4879807692307692
8 0.49278846153846156 0.7451923076923077 0.5600961538461539 0.7451923076923077 0.5600961538461539 0.8725961538461539 0.49278846153846156 0.8725961538461539
8 0.1875 0.6971153846153846 0.29086538461538464 0.6971153846153846 0.29086538461538464 0.8701923076923077 0.1875 0.8701923076923077
2 0.06490384615384616 0.06971153846153846 0.8918269230769231 0.06971153846153846 0.8918269230769231 0.8798076923076923 0.06490384615384616 0.8798076923076923
10 0.06490384615384616 0.06971153846153846 0.8942307692307693 0.06971153846153846 0.8942307692307693 0.8798076923076923 0.06490384615384616 0.8798076923076923
5 0.59375 0.7331730769230769 0.6225961538461539 0.7331730769230769 0.6225961538461539 0.7427884615384616 0.59375 0.7427884615384616