23 0.28125 0.05048076923076923 0.4735576923076923 0.05048076923076923 0.4735576923076923 0.1778846153846154 0.28125 0.1778846153846154
23 0.5432692307692307 0.04807692307692308 0.7451923076923077 0.04807692307692308 0.7451923076923077 0.1778846153846154 0.5432692307692307 0.1778846153846154
8 0.38221153846153844 0.34615384615384615 0.6370192307692307 0.34615384615384615 0.6370192307692307 0.5384615384615384 0.38221153846153844 0.5384615384615384
23 0.4519230769230769 0.6081730769230769 0.7331730769230769 0.6081730769230769 0.7331730769230769 0.7019230769230769 0.4519230769230769 0.7019230769230769
8 0.22115384615384615 0.6081730769230769 0.34134615384615385 0.6081730769230769 0.34134615384615385 0.7860576923076923 0.22115384615384615 0.7860576923076923
0 0.2956730769230769 0.3918269230769231 0.7091346153846154 0.3918269230769231 0.7091346153846154 0.5600961538461539 0.2956730769230769 0.5600961538461539
15 0.14903846153846154 0.5697115384615384 0.8701923076923077 0.5697115384615384 0.8701923076923077 0.9375 0.14903846153846154 0.9375
22 0.14903846153846154 0.04807692307692308 0.8701923076923077 0.04807692307692308 0.8701923076923077 0.2692307692307692 0.14903846153846154 0.2692307692307692
12 0.14903846153846154 0.2668269230769231 0.8701923076923077 0.2668269230769231 0.8701923076923077 0.27884615384615385 0.14903846153846154 0.27884615384615385
12 0.14903846153846154 0.5576923076923077 0.8701923076923077 0.5576923076923077 0.8701923076923077 0.5697115384615384 0.14903846153846154 0.5697115384615384
11 0.14903846153846154 0.27884615384615385 0.8701923076923077 0.27884615384615385 0.8701923076923077 0.5576923076923077 0.14903846153846154 0.5576923076923077
2 0.055288461538461536 0 0.9543269230769231 0 0.9543269230769231 0.9399038461538461 0.055288461538461536 0.9399038461538461
10 0.14903846153846154 0.04807692307692308 0.8701923076923077 0.04807692307692308 0.8701923076923077 0.9375 0.14903846153846154 0.9375