23 0.5360576923076923 0.2283653846153846 0.6850961538461539 0.2283653846153846 0.6850961538461539 0.3605769230769231 0.5360576923076923 0.3605769230769231
23 0.36538461538461536 0.2283653846153846 0.5168269230769231 0.2283653846153846 0.5168269230769231 0.3605769230769231 0.36538461538461536 0.3605769230769231
23 0.19230769230769232 0.1971153846153846 0.34375 0.1971153846153846 0.34375 0.34615384615384615 0.19230769230769232 0.34615384615384615
23 0.5961538461538461 0.6658653846153846 0.8052884615384616 0.6658653846153846 0.8052884615384616 0.8461538461538461 0.5961538461538461 0.8461538461538461
23 0.36538461538461536 0.6033653846153846 0.5745192307692307 0.6033653846153846 0.5745192307692307 0.8485576923076923 0.36538461538461536 0.8485576923076923
23 0.5961538461538461 0.6033653846153846 0.8052884615384616 0.6033653846153846 0.8052884615384616 0.6298076923076923 0.5961538461538461 0.6298076923076923
8 0.22115384615384615 0.6033653846153846 0.33413461538461536 0.6033653846153846 0.33413461538461536 0.9182692307692307 0.22115384615384615 0.9182692307692307
19 0.03365384615384615 0.46153846153846156 0.9903846153846154 0.46153846153846156 0.9903846153846154 0.5552884615384616 0.03365384615384615 0.5552884615384616
19 0.0625 0.10096153846153846 0.9975961538461539 0.10096153846153846 0.9975961538461539 0.14182692307692307 0.0625 0.14182692307692307
12 0.11057692307692307 0.43990384615384615 0.8966346153846154 0.43990384615384615 0.8966346153846154 0.4639423076923077 0.11057692307692307 0.4639423076923077
15 0.07211538461538461 0.5552884615384616 0.8990384615384616 0.5552884615384616 0.8990384615384616 0.9182692307692307 0.07211538461538461 0.9182692307692307
2 0.03365384615384615 0.10096153846153846 0.9975961538461539 0.10096153846153846 0.9975961538461539 0.9711538461538461 0.03365384615384615 0.9711538461538461
17 0.5697115384615384 0.6033653846153846 0.59375 0.6033653846153846 0.59375 0.9471153846153846 0.5697115384615384 0.9471153846153846
17 0.9254807692307693 0.5528846153846154 0.9447115384615384 0.5528846153846154 0.9447115384615384 0.9615384615384616 0.9254807692307693 0.9615384615384616
17 0.0625 0.5552884615384616 0.09615384615384616 0.5552884615384616 0.09615384615384616 0.9711538461538461 0.0625 0.9711538461538461
10 0.11538461538461539 0.13942307692307693 0.8966346153846154 0.13942307692307693 0.8966346153846154 0.9182692307692307 0.11538461538461539 0.9182692307692307
22 0.11057692307692307 0.13942307692307693 0.8966346153846154 0.13942307692307693 0.8966346153846154 0.43990384615384615 0.11057692307692307 0.43990384615384615
25 0.17548076923076922 0.1778846153846154 0.3557692307692308 0.1778846153846154 0.3557692307692308 0.3894230769230769 0.17548076923076922 0.3894230769230769
25 0.3605769230769231 0.21153846153846154 0.7019230769230769 0.21153846153846154 0.7019230769230769 0.37259615384615385 0.3605769230769231 0.37259615384615385
1 0.1875 0.6105769230769231 0.33413461538461536 0.6105769230769231 0.33413461538461536 0.7091346153846154 0.1875 0.7091346153846154
1 0.19230769230769232 0.1971153846153846 0.34375 0.1971153846153846 0.34375 0.34615384615384615 0.19230769230769232 0.34615384615384615
23 0.19230769230769232 0.1971153846153846 0.34375 0.1971153846153846 0.34375 0.34615384615384615 0.19230769230769232 0.34615384615384615
1 0.36538461538461536 0.2283653846153846 0.5168269230769231 0.2283653846153846 0.5168269230769231 0.3605769230769231 0.36538461538461536 0.3605769230769231
1 0.5360576923076923 0.2283653846153846 0.6850961538461539 0.2283653846153846 0.6850961538461539 0.3605769230769231 0.5360576923076923 0.3605769230769231
1 0.36538461538461536 0.6033653846153846 0.5745192307692307 0.6033653846153846 0.5745192307692307 0.8485576923076923 0.36538461538461536 0.8485576923076923
1 0.5961538461538461 0.6658653846153846 0.8052884615384616 0.6658653846153846 0.8052884615384616 0.8461538461538461 0.5961538461538461 0.8461538461538461