23 0.4519230769230769 0.3125 0.49759615384615385 0.3125 0.49759615384615385 0.3389423076923077 0.4519230769230769 0.3389423076923077
23 0.8966346153846154 0.3894230769230769 0.9495192307692307 0.3894230769230769 0.9495192307692307 0.44471153846153844 0.8966346153846154 0.44471153846153844
23 0.8966346153846154 0.31009615384615385 0.9495192307692307 0.31009615384615385 0.9495192307692307 0.3894230769230769 0.8966346153846154 0.3894230769230769
23 0.125 0.31490384615384615 0.20192307692307693 0.31490384615384615 0.20192307692307693 0.3918269230769231 0.125 0.3918269230769231
23 0.27884615384615385 0.31490384615384615 0.3557692307692308 0.31490384615384615 0.3557692307692308 0.3918269230769231 0.27884615384615385 0.3918269230769231
23 0.20192307692307693 0.31490384615384615 0.27884615384615385 0.31490384615384615 0.27884615384615385 0.3918269230769231 0.20192307692307693 0.3918269230769231
23 0.12740384615384615 0.3918269230769231 0.3581730769230769 0.3918269230769231 0.3581730769230769 0.44711538461538464 0.12740384615384615 0.44711538461538464
23 0.5456730769230769 0.5336538461538461 0.5865384615384616 0.5336538461538461 0.5865384615384616 0.5600961538461539 0.5456730769230769 0.5600961538461539
8 0.125 0.75 0.6466346153846154 0.75 0.6466346153846154 0.9110576923076923 0.125 0.9110576923076923
23 0.8822115384615384 0.75 0.9519230769230769 0.75 0.9519230769230769 0.9110576923076923 0.8822115384615384 0.9110576923076923
23 0.9543269230769231 0.53125 1 0.53125 1 0.6105769230769231 0.9543269230769231 0.6105769230769231
23 0.9543269230769231 0.6105769230769231 1 0.6105769230769231 1 0.6634615384615384 0.9543269230769231 0.6634615384615384
23 0.15865384615384615 0.53125 0.23317307692307693 0.53125 0.23317307692307693 0.6081730769230769 0.15865384615384615 0.6081730769230769
23 0.3125 0.53125 0.3798076923076923 0.53125 0.3798076923076923 0.6081730769230769 0.3125 0.6081730769230769
23 0.23317307692307693 0.53125 0.31009615384615385 0.53125 0.31009615384615385 0.6081730769230769 0.23317307692307693 0.6081730769230769
23 0.15865384615384615 0.6081730769230769 0.3798076923076923 0.6081730769230769 0.3798076923076923 0.6610576923076923 0.15865384615384615 0.6610576923076923
23 0.31009615384615385 0.10096153846153846 0.38461538461538464 0.10096153846153846 0.38461538461538464 0.18028846153846154 0.31009615384615385 0.18028846153846154
23 0.15625 0.10096153846153846 0.23076923076923078 0.10096153846153846 0.23076923076923078 0.18028846153846154 0.15625 0.18028846153846154
23 0.23076923076923078 0.10096153846153846 0.31009615384615385 0.10096153846153846 0.31009615384615385 0.18028846153846154 0.23076923076923078 0.18028846153846154
23 0.15625 0.18028846153846154 0.38461538461538464 0.18028846153846154 0.38461538461538464 0.22596153846153846 0.15625 0.22596153846153846
23 0.5408653846153846 0.0889423076923077 0.5841346153846154 0.0889423076923077 0.5841346153846154 0.11538461538461539 0.5408653846153846 0.11538461538461539
23 0.8221153846153846 0.17548076923076922 0.8918269230769231 0.17548076923076922 0.8918269230769231 0.21875 0.8221153846153846 0.21875
23 0.8221153846153846 0.0889423076923077 0.8918269230769231 0.0889423076923077 0.8918269230769231 0.17548076923076922 0.8221153846153846 0.17548076923076922
12 0 0.7019230769230769 1 0.7019230769230769 1 0.7163461538461539 0 0.7163461538461539
15 0 0.7163461538461539 1 0.7163461538461539 1 0.9278846153846154 0 0.9278846153846154
12 0 0.4735576923076923 1 0.4735576923076923 1 0.4879807692307692 0 0.4879807692307692
12 0 0.25240384615384615 1 0.25240384615384615 1 0.2668269230769231 0 0.2668269230769231
2 0 0.04567307692307692 1 0.04567307692307692 1 0.9278846153846154 0 0.9278846153846154
11 0 0.2668269230769231 1 0.2668269230769231 1 0.4735576923076923 0 0.4735576923076923
11 0 0.49038461538461536 1 0.49038461538461536 1 0.7019230769230769 0 0.7019230769230769
22 0 0.04567307692307692 1 0.04567307692307692 1 0.25240384615384615 0 0.25240384615384615
10 0 0.04567307692307692 1 0.04567307692307692 1 0.9278846153846154 0 0.9278846153846154