23 0.4182692307692308 0.53125 0.6370192307692307 0.53125 0.6370192307692307 0.6634615384615384 0.4182692307692308 0.6634615384615384
23 0.1778846153846154 0.7427884615384616 0.31009615384615385 0.7427884615384616 0.31009615384615385 0.8990384615384616 0.1778846153846154 0.8990384615384616
23 0.16105769230769232 0.53125 0.28846153846153844 0.53125 0.28846153846153844 0.6033653846153846 0.16105769230769232 0.6033653846153846
23 0.5336538461538461 0.21153846153846154 0.5721153846153846 0.21153846153846154 0.5721153846153846 0.4206730769230769 0.5336538461538461 0.4206730769230769
23 0.625 0.28125 0.6586538461538461 0.28125 0.6586538461538461 0.4206730769230769 0.625 0.4206730769230769
23 0.39663461538461536 0.28125 0.4375 0.28125 0.4375 0.4206730769230769 0.39663461538461536 0.4206730769230769
23 0.4879807692307692 0.21153846153846154 0.5264423076923077 0.21153846153846154 0.5264423076923077 0.4206730769230769 0.4879807692307692 0.4206730769230769
23 0.35336538461538464 0.7427884615384616 0.6514423076923077 0.7427884615384616 0.6514423076923077 0.8990384615384616 0.35336538461538464 0.8990384615384616
8 0.4326923076923077 0.7716346153846154 0.5865384615384616 0.7716346153846154 0.5865384615384616 0.9014423076923077 0.4326923076923077 0.9014423076923077
8 0.34615384615384615 0.53125 0.4110576923076923 0.53125 0.4110576923076923 0.6634615384615384 0.34615384615384615 0.6634615384615384
0 0.12259615384615384 0.6081730769230769 0.6490384615384616 0.6081730769230769 0.6490384615384616 0.6658653846153846 0.12259615384615384 0.6658653846153846
0 0.14423076923076922 0.4254807692307692 0.3076923076923077 0.4254807692307692 0.3076923076923077 0.4519230769230769 0.14423076923076922 0.4519230769230769
12 0.08653846153846154 0.42788461538461536 0.7379807692307693 0.42788461538461536 0.7379807692307693 0.4543269230769231 0.08653846153846154 0.4543269230769231
12 0.08653846153846154 0.6730769230769231 0.7379807692307693 0.6730769230769231 0.7379807692307693 0.6995192307692307 0.08653846153846154 0.6995192307692307
2 0.07692307692307693 0.08653846153846154 0.7596153846153846 0.08653846153846154 0.7596153846153846 0.9134615384615384 0.07692307692307693 0.9134615384615384
10 0.07692307692307693 0.08653846153846154 0.7620192307692307 0.08653846153846154 0.7620192307692307 0.9134615384615384 0.07692307692307693 0.9134615384615384