23 0.5216346153846154 0.7668269230769231 0.5504807692307693 0.7668269230769231 0.5504807692307693 0.8461538461538461 0.5216346153846154 0.8461538461538461
23 0.6274038461538461 0.7668269230769231 0.7211538461538461 0.7668269230769231 0.7211538461538461 0.8461538461538461 0.6274038461538461 0.8461538461538461
23 0.4519230769230769 0.7668269230769231 0.4855769230769231 0.7668269230769231 0.4855769230769231 0.8461538461538461 0.4519230769230769 0.8461538461538461
23 0.28125 0.7668269230769231 0.375 0.7668269230769231 0.375 0.84375 0.28125 0.84375
23 0.5168269230769231 0.23076923076923078 0.5504807692307693 0.23076923076923078 0.5504807692307693 0.2860576923076923 0.5168269230769231 0.2860576923076923
23 0.6274038461538461 0.23076923076923078 0.7211538461538461 0.23076923076923078 0.7211538461538461 0.2860576923076923 0.6274038461538461 0.2860576923076923
23 0.4495192307692308 0.23076923076923078 0.4855769230769231 0.23076923076923078 0.4855769230769231 0.2860576923076923 0.4495192307692308 0.2860576923076923
23 0.28125 0.23076923076923078 0.375 0.23076923076923078 0.375 0.2860576923076923 0.28125 0.2860576923076923
23 0.5168269230769231 0.3629807692307692 0.5504807692307693 0.3629807692307692 0.5504807692307693 0.4206730769230769 0.5168269230769231 0.4206730769230769
23 0.6274038461538461 0.3629807692307692 0.7211538461538461 0.3629807692307692 0.7211538461538461 0.4206730769230769 0.6274038461538461 0.4206730769230769
23 0.4495192307692308 0.3629807692307692 0.4855769230769231 0.3629807692307692 0.4855769230769231 0.4206730769230769 0.4495192307692308 0.4206730769230769
23 0.28125 0.3629807692307692 0.375 0.3629807692307692 0.375 0.4206730769230769 0.28125 0.4206730769230769
23 0.5168269230769231 0.49759615384615385 0.5504807692307693 0.49759615384615385 0.5504807692307693 0.5576923076923077 0.5168269230769231 0.5576923076923077
23 0.6274038461538461 0.49759615384615385 0.7211538461538461 0.49759615384615385 0.7211538461538461 0.5576923076923077 0.6274038461538461 0.5576923076923077
23 0.4495192307692308 0.49759615384615385 0.4855769230769231 0.49759615384615385 0.4855769230769231 0.5576923076923077 0.4495192307692308 0.5576923076923077
23 0.28125 0.49759615384615385 0.375 0.49759615384615385 0.375 0.5600961538461539 0.28125 0.5600961538461539
23 0.5168269230769231 0.6322115384615384 0.5504807692307693 0.6322115384615384 0.5504807692307693 0.7115384615384616 0.5168269230769231 0.7115384615384616
23 0.6274038461538461 0.6322115384615384 0.7211538461538461 0.6322115384615384 0.7211538461538461 0.7115384615384616 0.6274038461538461 0.7115384615384616
23 0.4495192307692308 0.6322115384615384 0.4855769230769231 0.6322115384615384 0.4855769230769231 0.7115384615384616 0.4495192307692308 0.7115384615384616
23 0.28125 0.6322115384615384 0.375 0.6322115384615384 0.375 0.7091346153846154 0.28125 0.7091346153846154
8 0.24519230769230768 0.8990384615384616 0.4855769230769231 0.8990384615384616 0.4855769230769231 0.9831730769230769 0.24519230769230768 0.9831730769230769
23 0.7451923076923077 0.8966346153846154 0.7668269230769231 0.8966346153846154 0.7668269230769231 0.9783653846153846 0.7451923076923077 0.9783653846153846
23 0.5072115384615384 0.8966346153846154 0.53125 0.8966346153846154 0.53125 0.9783653846153846 0.5072115384615384 0.9783653846153846
23 0.5552884615384616 0.8966346153846154 0.5769230769230769 0.8966346153846154 0.5769230769230769 0.9783653846153846 0.5552884615384616 0.9783653846153846
23 0.6033653846153846 0.8966346153846154 0.625 0.8966346153846154 0.625 0.9783653846153846 0.6033653846153846 0.9783653846153846
23 0.6490384615384616 0.8966346153846154 0.6730769230769231 0.8966346153846154 0.6730769230769231 0.9783653846153846 0.6490384615384616 0.9783653846153846
23 0.6971153846153846 0.8966346153846154 0.7211538461538461 0.8966346153846154 0.7211538461538461 0.9783653846153846 0.6971153846153846 0.9783653846153846
2 0.1778846153846154 0.04807692307692308 0.8221153846153846 0.04807692307692308 0.8221153846153846 0.9903846153846154 0.1778846153846154 0.9903846153846154
10 0.20673076923076922 0.1346153846153846 0.7956730769230769 0.1346153846153846 0.7956730769230769 0.9879807692307693 0.20673076923076922 0.9879807692307693
12 0.20673076923076922 0.7403846153846154 0.7956730769230769 0.7403846153846154 0.7956730769230769 0.7475961538461539 0.20673076923076922 0.7475961538461539
12 0.20673076923076922 0.59375 0.7956730769230769 0.59375 0.7956730769230769 0.6033653846153846 0.20673076923076922 0.6033653846153846
12 0.20673076923076922 0.4543269230769231 0.7956730769230769 0.4543269230769231 0.7956730769230769 0.46153846153846156 0.20673076923076922 0.46153846153846156
15 0.20673076923076922 0.8725961538461539 0.7956730769230769 0.8725961538461539 0.7956730769230769 0.9903846153846154 0.20673076923076922 0.9903846153846154
12 0.20673076923076922 0.31971153846153844 0.7956730769230769 0.31971153846153844 0.7956730769230769 0.3269230769230769 0.20673076923076922 0.3269230769230769
11 0.20673076923076922 0.3269230769230769 0.7956730769230769 0.3269230769230769 0.7956730769230769 0.4543269230769231 0.20673076923076922 0.4543269230769231
11 0.20673076923076922 0.46153846153846156 0.7956730769230769 0.46153846153846156 0.7956730769230769 0.59375 0.20673076923076922 0.59375
12 0.20673076923076922 0.8653846153846154 0.7956730769230769 0.8653846153846154 0.7956730769230769 0.8725961538461539 0.20673076923076922 0.8725961538461539
11 0.20673076923076922 0.6033653846153846 0.7956730769230769 0.6033653846153846 0.7956730769230769 0.7403846153846154 0.20673076923076922 0.7403846153846154
11 0.20673076923076922 0.7475961538461539 0.7956730769230769 0.7475961538461539 0.7956730769230769 0.8653846153846154 0.20673076923076922 0.8653846153846154
19 0.1778846153846154 0.04807692307692308 0.8221153846153846 0.04807692307692308 0.8221153846153846 0.1346153846153846 0.1778846153846154 0.1346153846153846
22 0.20673076923076922 0.1346153846153846 0.7956730769230769 0.1346153846153846 0.7956730769230769 0.31971153846153844 0.20673076923076922 0.31971153846153844
24 0.27403846153846156 0.21634615384615385 0.375 0.21634615384615385 0.375 0.2860576923076923 0.27403846153846156 0.2860576923076923
24 0.4495192307692308 0.21634615384615385 0.5504807692307693 0.21634615384615385 0.5504807692307693 0.2860576923076923 0.4495192307692308 0.2860576923076923
24 0.6274038461538461 0.21634615384615385 0.7235576923076923 0.21634615384615385 0.7235576923076923 0.2860576923076923 0.6274038461538461 0.2860576923076923
24 0.6274038461538461 0.35336538461538464 0.7235576923076923 0.35336538461538464 0.7235576923076923 0.4206730769230769 0.6274038461538461 0.4206730769230769
24 0.4495192307692308 0.35336538461538464 0.5504807692307693 0.35336538461538464 0.5504807692307693 0.4206730769230769 0.4495192307692308 0.4206730769230769
24 0.2764423076923077 0.35336538461538464 0.375 0.35336538461538464 0.375 0.4206730769230769 0.2764423076923077 0.4206730769230769
24 0.2764423076923077 0.49038461538461536 0.375 0.49038461538461536 0.375 0.5600961538461539 0.2764423076923077 0.5600961538461539
24 0.4495192307692308 0.49038461538461536 0.5504807692307693 0.49038461538461536 0.5504807692307693 0.5649038461538461 0.4495192307692308 0.5649038461538461
24 0.6274038461538461 0.49038461538461536 0.7259615384615384 0.49038461538461536 0.7259615384615384 0.5576923076923077 0.6274038461538461 0.5576923076923077
24 0.6274038461538461 0.6274038461538461 0.7235576923076923 0.6274038461538461 0.7235576923076923 0.7115384615384616 0.6274038461538461 0.7115384615384616
24 0.4495192307692308 0.625 0.5504807692307693 0.625 0.5504807692307693 0.7115384615384616 0.4495192307692308 0.7115384615384616
24 0.2764423076923077 0.6274038461538461 0.37740384615384615 0.6274038461538461 0.37740384615384615 0.7091346153846154 0.2764423076923077 0.7091346153846154
24 0.6274038461538461 0.7620192307692307 0.7235576923076923 0.7620192307692307 0.7235576923076923 0.8461538461538461 0.6274038461538461 0.8461538461538461
24 0.4519230769230769 0.7644230769230769 0.5504807692307693 0.7644230769230769 0.5504807692307693 0.8461538461538461 0.4519230769230769 0.8461538461538461
24 0.27884615384615385 0.7644230769230769 0.3798076923076923 0.7644230769230769 0.3798076923076923 0.8485576923076923 0.27884615384615385 0.8485576923076923