23 0.49038461538461536 0.3173076923076923 0.5721153846153846 0.3173076923076923 0.5721153846153846 0.4230769230769231 0.49038461538461536 0.4230769230769231
23 0.49278846153846156 0.625 0.5721153846153846 0.625 0.5721153846153846 0.7307692307692307 0.49278846153846156 0.7307692307692307
23 0.49038461538461536 0.47115384615384615 0.5697115384615384 0.47115384615384615 0.5697115384615384 0.5769230769230769 0.49038461538461536 0.5769230769230769
23 0.11298076923076923 0.4879807692307692 0.18028846153846154 0.4879807692307692 0.18028846153846154 0.5817307692307693 0.11298076923076923 0.5817307692307693
23 0.11778846153846154 0.6322115384615384 0.1875 0.6322115384615384 0.1875 0.7211538461538461 0.11778846153846154 0.7211538461538461
8 0.28365384615384615 0.35096153846153844 0.33413461538461536 0.35096153846153844 0.33413461538461536 0.43990384615384615 0.28365384615384615 0.43990384615384615
23 0.19230769230769232 0.3485576923076923 0.27163461538461536 0.3485576923076923 0.27163461538461536 0.43990384615384615 0.19230769230769232 0.43990384615384615
23 0.11538461538461539 0.3485576923076923 0.18509615384615385 0.3485576923076923 0.18509615384615385 0.43990384615384615 0.11538461538461539 0.43990384615384615
8 0.28365384615384615 0.49278846153846156 0.33413461538461536 0.49278846153846156 0.33413461538461536 0.5817307692307693 0.28365384615384615 0.5817307692307693
23 0.19230769230769232 0.4879807692307692 0.27163461538461536 0.4879807692307692 0.27163461538461536 0.5817307692307693 0.19230769230769232 0.5817307692307693
8 0.28365384615384615 0.6322115384615384 0.33413461538461536 0.6322115384615384 0.33413461538461536 0.7235576923076923 0.28365384615384615 0.7235576923076923
8 0.19230769230769232 0.6322115384615384 0.27163461538461536 0.6322115384615384 0.27163461538461536 0.7211538461538461 0.19230769230769232 0.7211538461538461
0 0.10817307692307693 0.6826923076923077 0.3269230769230769 0.6826923076923077 0.3269230769230769 0.7355769230769231 0.10817307692307693 0.7355769230769231
0 0.10817307692307693 0.37740384615384615 0.3269230769230769 0.37740384615384615 0.3269230769230769 0.42788461538461536 0.10817307692307693 0.42788461538461536
0 0.10817307692307693 0.53125 0.3269230769230769 0.53125 0.3269230769230769 0.5841346153846154 0.10817307692307693 0.5841346153846154
12 0.04326923076923077 0.43028846153846156 0.7764423076923077 0.43028846153846156 0.7764423076923077 0.44711538461538464 0.04326923076923077 0.44711538461538464
12 0.04326923076923077 0.5841346153846154 0.7764423076923077 0.5841346153846154 0.7764423076923077 0.6033653846153846 0.04326923076923077 0.6033653846153846
23 0.35336538461538464 0.16826923076923078 0.40625 0.16826923076923078 0.40625 0.25240384615384615 0.35336538461538464 0.25240384615384615
19 0.02403846153846154 0.057692307692307696 0.7956730769230769 0.057692307692307696 0.7956730769230769 0.31009615384615385 0.02403846153846154 0.31009615384615385
2 0.02403846153846154 0.057692307692307696 0.7980769230769231 0.057692307692307696 0.7980769230769231 0.7620192307692307 0.02403846153846154 0.7620192307692307
10 0.02403846153846154 0.057692307692307696 0.7980769230769231 0.057692307692307696 0.7980769230769231 0.7620192307692307 0.02403846153846154 0.7620192307692307
23 0.10336538461538461 0.6201923076923077 0.3269230769230769 0.6201923076923077 0.3269230769230769 0.7379807692307693 0.10336538461538461 0.7379807692307693
23 0.10336538461538461 0.3125 0.3269230769230769 0.3125 0.3269230769230769 0.42788461538461536 0.10336538461538461 0.42788461538461536
23 0.10336538461538461 0.46634615384615385 0.3269230769230769 0.46634615384615385 0.3269230769230769 0.5817307692307693 0.10336538461538461 0.5817307692307693