23 0.15384615384615385 0.5649038461538461 0.2764423076923077 0.5649038461538461 0.2764423076923077 0.7259615384615384 0.15384615384615385 0.7259615384615384
23 0.15384615384615385 0.375 0.27403846153846156 0.375 0.27403846153846156 0.5024038461538461 0.15384615384615385 0.5024038461538461
23 0.7091346153846154 0.39663461538461536 0.7596153846153846 0.39663461538461536 0.7596153846153846 0.5456730769230769 0.7091346153846154 0.5456730769230769
23 0.7115384615384616 0.5697115384615384 0.7596153846153846 0.5697115384615384 0.7596153846153846 0.7211538461538461 0.7115384615384616 0.7211538461538461
23 0.5697115384615384 0.43509615384615385 0.5985576923076923 0.43509615384615385 0.5985576923076923 0.5048076923076923 0.5697115384615384 0.5048076923076923
23 0.4495192307692308 0.43509615384615385 0.4807692307692308 0.43509615384615385 0.4807692307692308 0.5048076923076923 0.4495192307692308 0.5048076923076923
23 0.5096153846153846 0.43509615384615385 0.5384615384615384 0.43509615384615385 0.5384615384615384 0.5048076923076923 0.5096153846153846 0.5048076923076923
23 0.03365384615384615 0.6033653846153846 0.10096153846153846 0.6033653846153846 0.10096153846153846 0.6322115384615384 0.03365384615384615 0.6322115384615384
23 0.6201923076923077 0.59375 0.65625 0.59375 0.65625 0.7043269230769231 0.6201923076923077 0.7043269230769231
23 0.3894230769230769 0.59375 0.4254807692307692 0.59375 0.4254807692307692 0.7043269230769231 0.3894230769230769 0.7043269230769231
23 0.6875 0.4014423076923077 0.6995192307692307 0.4014423076923077 0.6995192307692307 0.5576923076923077 0.6875 0.5576923076923077
23 0.6875 0.5721153846153846 0.6995192307692307 0.5721153846153846 0.6995192307692307 0.7211538461538461 0.6875 0.7211538461538461
23 0.8846153846153846 0.5721153846153846 0.9375 0.5721153846153846 0.9375 0.7211538461538461 0.8846153846153846 0.7211538461538461
23 0.8846153846153846 0.3942307692307692 0.9375 0.3942307692307692 0.9375 0.5432692307692307 0.8846153846153846 0.5432692307692307
8 0.5024038461538461 0.5889423076923077 0.5456730769230769 0.5889423076923077 0.5456730769230769 0.7403846153846154 0.5024038461538461 0.7403846153846154
23 0.4807692307692308 0.5889423076923077 0.5 0.5889423076923077 0.5 0.7403846153846154 0.4807692307692308 0.7403846153846154
23 0.5480769230769231 0.5889423076923077 0.5673076923076923 0.5889423076923077 0.5673076923076923 0.7403846153846154 0.5480769230769231 0.7403846153846154
19 0.12259615384615384 0.3125 0.2860576923076923 0.3125 0.2860576923076923 0.36538461538461536 0.12259615384615384 0.36538461538461536
19 0.0625 0.14182692307692307 0.7716346153846154 0.14182692307692307 0.7716346153846154 0.4326923076923077 0.0625 0.4326923076923077
19 0.8822115384615384 0.22115384615384615 0.9639423076923077 0.22115384615384615 0.9639423076923077 0.3485576923076923 0.8822115384615384 0.3485576923076923
19 0.009615384615384616 0.5120192307692307 0.08413461538461539 0.5120192307692307 0.08413461538461539 0.5961538461538461 0.009615384615384616 0.5961538461538461
2 0.009615384615384616 0.03365384615384615 0.9639423076923077 0.03365384615384615 0.9639423076923077 0.7692307692307693 0.009615384615384616 0.7692307692307693
10 0.009615384615384616 0.036057692307692304 0.9639423076923077 0.036057692307692304 0.9639423076923077 0.7716346153846154 0.009615384615384616 0.7716346153846154
5 0.4423076923076923 0.7091346153846154 0.4639423076923077 0.7091346153846154 0.4639423076923077 0.7259615384615384 0.4423076923076923 0.7259615384615384