24 0.19951923076923078 0.47115384615384615 0.4375 0.47115384615384615 0.4375 0.5288461538461539 0.19951923076923078 0.5288461538461539
24 0.25721153846153844 0.7740384615384616 0.43028846153846156 0.7740384615384616 0.43028846153846156 0.8365384615384616 0.25721153846153844 0.8365384615384616
23 0 0.9423076923076923 0.07211538461538461 0.9423076923076923 0.07211538461538461 1 0 1
24 0.18028846153846154 0.9302884615384616 0.47596153846153844 0.9302884615384616 0.47596153846153844 1 0.18028846153846154 1
24 0.19471153846153846 0.6153846153846154 0.4735576923076923 0.6153846153846154 0.4735576923076923 0.6875 0.19471153846153846 0.6875
23 0 0.6730769230769231 0.019230769230769232 0.6730769230769231 0.019230769230769232 0.7283653846153846 0 0.7283653846153846
23 0 0.3581730769230769 0.026442307692307692 0.3581730769230769 0.026442307692307692 0.4182692307692308 0 0.4182692307692308
7 0 0.9735576923076923 0.06009615384615385 0.9735576923076923 0.06009615384615385 1 0 1
7 0.3173076923076923 0.9423076923076923 0.4495192307692308 0.9423076923076923 0.4495192307692308 1 0.3173076923076923 1
7 0.53125 0.9615384615384616 0.6514423076923077 0.9615384615384616 0.6514423076923077 1 0.53125 1
11 0 0.2620192307692308 0.875 0.2620192307692308 0.875 0.4326923076923077 0 0.4326923076923077
12 0 0.43509615384615385 0.875 0.43509615384615385 0.875 0.44471153846153844 0 0.44471153846153844
12 0 0.5576923076923077 0.9110576923076923 0.5576923076923077 0.9110576923076923 0.5673076923076923 0 0.5673076923076923
12 0 0.7403846153846154 0.9110576923076923 0.7403846153846154 0.9110576923076923 0.75 0 0.75
12 0 0.8605769230769231 0.875 0.8605769230769231 0.875 0.8701923076923077 0 0.8701923076923077
11 0 0.8677884615384616 0.8725961538461539 0.8677884615384616 0.8725961538461539 1 0 1
11 0 0.7475961538461539 0.6706730769230769 0.7475961538461539 0.6706730769230769 0.8581730769230769 0 0.8581730769230769
11 0 0.5673076923076923 0.9110576923076923 0.5673076923076923 0.9110576923076923 0.7379807692307693 0 0.7379807692307693
11 0 0.4423076923076923 0.875 0.4423076923076923 0.875 0.5576923076923077 0 0.5576923076923077
0 0.6947115384615384 0.4879807692307692 0.9110576923076923 0.4879807692307692 0.9110576923076923 0.5673076923076923 0.6947115384615384 0.5673076923076923
2 0 0.0889423076923077 0.9110576923076923 0.0889423076923077 0.9110576923076923 1 0 1
10 0.002403846153846154 0.2620192307692308 0.875 0.2620192307692308 0.875 1 0.002403846153846154 1
23 0.19951923076923078 0.4879807692307692 0.4206730769230769 0.4879807692307692 0.4206730769230769 0.5288461538461539 0.19951923076923078 0.5288461538461539
24 0.25721153846153844 0.7836538461538461 0.41586538461538464 0.7836538461538461 0.41586538461538464 0.8365384615384616 0.25721153846153844 0.8365384615384616
24 0.1971153846153846 0.31009615384615385 0.4807692307692308 0.31009615384615385 0.4807692307692308 0.37259615384615385 0.1971153846153846 0.37259615384615385
24 0 0.8028846153846154 0.06971153846153846 0.8028846153846154 0.06971153846153846 0.8605769230769231 0 0.8605769230769231
24 0.6682692307692307 0.46634615384615385 0.875 0.46634615384615385 0.875 0.5048076923076923 0.6682692307692307 0.5048076923076923
24 0.002403846153846154 0.5336538461538461 0.0673076923076923 0.5336538461538461 0.0673076923076923 0.5913461538461539 0.002403846153846154 0.5913461538461539