23 0.7163461538461539 0.6682692307692307 0.7956730769230769 0.6682692307692307 0.7956730769230769 0.7451923076923077 0.7163461538461539 0.7451923076923077
23 0.8557692307692307 0.1971153846153846 0.8774038461538461 0.1971153846153846 0.8774038461538461 0.25961538461538464 0.8557692307692307 0.25961538461538464
23 0.7524038461538461 0.7908653846153846 0.8605769230769231 0.7908653846153846 0.8605769230769231 0.8557692307692307 0.7524038461538461 0.8557692307692307
23 0.23557692307692307 0.6682692307692307 0.31490384615384615 0.6682692307692307 0.31490384615384615 0.7451923076923077 0.23557692307692307 0.7451923076923077
23 0.15865384615384615 0.5480769230769231 0.2620192307692308 0.5480769230769231 0.2620192307692308 0.6225961538461539 0.15865384615384615 0.6225961538461539
23 0.6850961538461539 0.5504807692307693 0.7355769230769231 0.5504807692307693 0.7355769230769231 0.6274038461538461 0.6850961538461539 0.6274038461538461
23 0.7668269230769231 0.5480769230769231 0.8894230769230769 0.5480769230769231 0.8894230769230769 0.6225961538461539 0.7668269230769231 0.6225961538461539
23 0.7668269230769231 0.4326923076923077 0.8894230769230769 0.4326923076923077 0.8894230769230769 0.5072115384615384 0.7668269230769231 0.5072115384615384
23 0.6298076923076923 0.43028846153846156 0.7307692307692307 0.43028846153846156 0.7307692307692307 0.5024038461538461 0.6298076923076923 0.5024038461538461
23 0.23798076923076922 0.43028846153846156 0.33653846153846156 0.43028846153846156 0.33653846153846156 0.5024038461538461 0.23798076923076922 0.5024038461538461
23 0.15625 0.3125 0.25721153846153844 0.3125 0.25721153846153844 0.3798076923076923 0.15625 0.3798076923076923
23 0.5697115384615384 0.3125 0.6730769230769231 0.3125 0.6730769230769231 0.3798076923076923 0.5697115384615384 0.3798076923076923
23 0.7067307692307693 0.3125 0.7788461538461539 0.3125 0.7788461538461539 0.3798076923076923 0.7067307692307693 0.3798076923076923
23 0.6298076923076923 0.1971153846153846 0.7716346153846154 0.1971153846153846 0.7716346153846154 0.25961538461538464 0.6298076923076923 0.25961538461538464
23 0.5745192307692307 0.6682692307692307 0.6802884615384616 0.6682692307692307 0.6802884615384616 0.7451923076923077 0.5745192307692307 0.7451923076923077
23 0.46875 0.7908653846153846 0.5072115384615384 0.7908653846153846 0.5072115384615384 0.8557692307692307 0.46875 0.8557692307692307
23 0.5697115384615384 0.7908653846153846 0.6490384615384616 0.7908653846153846 0.6490384615384616 0.8557692307692307 0.5697115384615384 0.8557692307692307
23 0.4423076923076923 0.4879807692307692 0.47836538461538464 0.4879807692307692 0.47836538461538464 0.5096153846153846 0.4423076923076923 0.5096153846153846
23 0.4423076923076923 0.6995192307692307 0.5120192307692307 0.6995192307692307 0.5120192307692307 0.7524038461538461 0.4423076923076923 0.7524038461538461
23 0.4423076923076923 0.59375 0.47836538461538464 0.59375 0.47836538461538464 0.6298076923076923 0.4423076923076923 0.6298076923076923
12 0.0985576923076923 0.7548076923076923 0.9423076923076923 0.7548076923076923 0.9423076923076923 0.7788461538461539 0.0985576923076923 0.7788461538461539
12 0.0985576923076923 0.27163461538461536 0.9423076923076923 0.27163461538461536 0.9423076923076923 0.2980769230769231 0.0985576923076923 0.2980769230769231
12 0.0985576923076923 0.3894230769230769 0.9423076923076923 0.3894230769230769 0.9423076923076923 0.41586538461538464 0.0985576923076923 0.41586538461538464
12 0.0985576923076923 0.5096153846153846 0.9423076923076923 0.5096153846153846 0.9423076923076923 0.5384615384615384 0.0985576923076923 0.5384615384615384
12 0.0985576923076923 0.6322115384615384 0.9423076923076923 0.6322115384615384 0.9423076923076923 0.65625 0.0985576923076923 0.65625
8 0.7091346153846154 0.8774038461538461 0.9158653846153846 0.8774038461538461 0.9158653846153846 0.9615384615384616 0.7091346153846154 0.9615384615384616
23 0.18990384615384615 0.1971153846153846 0.3076923076923077 0.1971153846153846 0.3076923076923077 0.25961538461538464 0.18990384615384615 0.25961538461538464
23 0.8557692307692307 0.15144230769230768 0.8966346153846154 0.15144230769230768 0.8966346153846154 0.25721153846153844 0.8557692307692307 0.25721153846153844
23 0.17548076923076922 0.15144230769230768 0.3076923076923077 0.15144230769230768 0.3076923076923077 0.25721153846153844 0.17548076923076922 0.25721153846153844
23 0.6850961538461539 0.5360576923076923 0.7451923076923077 0.5360576923076923 0.7451923076923077 0.6466346153846154 0.6850961538461539 0.6466346153846154
23 0.6298076923076923 0.15144230769230768 0.7884615384615384 0.15144230769230768 0.7884615384615384 0.25721153846153844 0.6298076923076923 0.25721153846153844
23 0.7067307692307693 0.27163461538461536 0.7884615384615384 0.27163461538461536 0.7884615384615384 0.3798076923076923 0.7067307692307693 0.3798076923076923
23 0.5360576923076923 0.2932692307692308 0.6826923076923077 0.2932692307692308 0.6826923076923077 0.3798076923076923 0.5360576923076923 0.3798076923076923
23 0.14423076923076922 0.27163461538461536 0.25721153846153844 0.27163461538461536 0.25721153846153844 0.3798076923076923 0.14423076923076922 0.3798076923076923
23 0.22596153846153846 0.41346153846153844 0.38461538461538464 0.41346153846153844 0.38461538461538464 0.5024038461538461 0.22596153846153846 0.5024038461538461
23 0.6322115384615384 0.3942307692307692 0.7475961538461539 0.3942307692307692 0.7475961538461539 0.5024038461538461 0.6322115384615384 0.5024038461538461
23 0.7668269230769231 0.41586538461538464 0.9038461538461539 0.41586538461538464 0.9038461538461539 0.5096153846153846 0.7668269230769231 0.5096153846153846
23 0.7524038461538461 0.7884615384615384 0.8774038461538461 0.7884615384615384 0.8774038461538461 0.8581730769230769 0.7524038461538461 0.8581730769230769
23 0.7668269230769231 0.5408653846153846 0.9038461538461539 0.5408653846153846 0.9038461538461539 0.6225961538461539 0.7668269230769231 0.6225961538461539
23 0.14423076923076922 0.5360576923076923 0.25961538461538464 0.5360576923076923 0.25961538461538464 0.6225961538461539 0.14423076923076922 0.6225961538461539
23 0.22355769230769232 0.6370192307692307 0.31490384615384615 0.6370192307692307 0.31490384615384615 0.7475961538461539 0.22355769230769232 0.7475961538461539
23 0.5336538461538461 0.6610576923076923 0.6923076923076923 0.6610576923076923 0.6923076923076923 0.7475961538461539 0.5336538461538461 0.7475961538461539
23 0.7139423076923077 0.6610576923076923 0.8100961538461539 0.6610576923076923 0.8100961538461539 0.7475961538461539 0.7139423076923077 0.7475961538461539
23 0.5697115384615384 0.7596153846153846 0.6490384615384616 0.7596153846153846 0.6490384615384616 0.8581730769230769 0.5697115384615384 0.8581730769230769
2 0.09375 0.10576923076923077 1 0.10576923076923077 1 1 0.09375 1
8 0.19230769230769232 0.7836538461538461 0.40384615384615385 0.7836538461538461 0.40384615384615385 0.8798076923076923 0.19230769230769232 0.8798076923076923
10 0.09375 0.10576923076923077 0.9975961538461539 0.10576923076923077 0.9975961538461539 1 0.09375 1