23 0.36538461538461536 0.21153846153846154 0.4110576923076923 0.21153846153846154 0.4110576923076923 0.2283653846153846 0.36538461538461536 0.2283653846153846
23 0.39903846153846156 0.3269230769230769 0.5336538461538461 0.3269230769230769 0.5336538461538461 0.37740384615384615 0.39903846153846156 0.37740384615384615
23 0.65625 0.27163461538461536 0.7668269230769231 0.27163461538461536 0.7668269230769231 0.3629807692307692 0.65625 0.3629807692307692
23 0.33413461538461536 0.49759615384615385 0.5384615384615384 0.49759615384615385 0.5384615384615384 0.5625 0.33413461538461536 0.5625
23 0.3389423076923077 0.6634615384615384 0.4110576923076923 0.6634615384615384 0.4110576923076923 0.7091346153846154 0.3389423076923077 0.7091346153846154
23 0.5600961538461539 0.6875 0.6225961538461539 0.6875 0.6225961538461539 0.7091346153846154 0.5600961538461539 0.7091346153846154
23 0.7379807692307693 0.6778846153846154 0.7788461538461539 0.6778846153846154 0.7788461538461539 0.7067307692307693 0.7379807692307693 0.7067307692307693
23 0.4110576923076923 0.15865384615384615 0.4230769230769231 0.15865384615384615 0.4230769230769231 0.1778846153846154 0.4110576923076923 0.1778846153846154
2 0.3293269230769231 0.03125 0.7932692307692307 0.03125 0.7932692307692307 0.9086538461538461 0.3293269230769231 0.9086538461538461
8 0.40384615384615385 0.8028846153846154 0.45913461538461536 0.8028846153846154 0.45913461538461536 0.8990384615384616 0.40384615384615385 0.8990384615384616
5 0.4735576923076923 0.8389423076923077 0.5048076923076923 0.8389423076923077 0.5048076923076923 0.8605769230769231 0.4735576923076923 0.8605769230769231
10 0.3317307692307692 0.03125 0.7932692307692307 0.03125 0.7932692307692307 0.9086538461538461 0.3317307692307692 0.9086538461538461