23 0.5745192307692307 0.49038461538461536 0.6610576923076923 0.49038461538461536 0.6610576923076923 0.5144230769230769 0.5745192307692307 0.5144230769230769
23 0.4831730769230769 0.49038461538461536 0.5697115384615384 0.49038461538461536 0.5697115384615384 0.5144230769230769 0.4831730769230769 0.5144230769230769
23 0.5793269230769231 0.5240384615384616 0.6105769230769231 0.5240384615384616 0.6105769230769231 0.5865384615384616 0.5793269230769231 0.5865384615384616
23 0.6225961538461539 0.5240384615384616 0.65625 0.5240384615384616 0.65625 0.5865384615384616 0.6225961538461539 0.5865384615384616
23 0.49038461538461536 0.5240384615384616 0.5264423076923077 0.5240384615384616 0.5264423076923077 0.5865384615384616 0.49038461538461536 0.5865384615384616
23 0.5384615384615384 0.5240384615384616 0.5673076923076923 0.5240384615384616 0.5673076923076923 0.5865384615384616 0.5384615384615384 0.5865384615384616
23 0.3485576923076923 0.14182692307692307 0.6778846153846154 0.14182692307692307 0.6778846153846154 0.39903846153846156 0.3485576923076923 0.39903846153846156
12 0.33413461538461536 0.6225961538461539 0.7091346153846154 0.6225961538461539 0.7091346153846154 0.6490384615384616 0.33413461538461536 0.6490384615384616
12 0.47596153846153844 0.4014423076923077 0.6923076923076923 0.4014423076923077 0.6923076923076923 0.42788461538461536 0.47596153846153844 0.42788461538461536
23 0.5144230769230769 0.6971153846153846 0.6298076923076923 0.6971153846153846 0.6298076923076923 0.7235576923076923 0.5144230769230769 0.7235576923076923
8 0.39663461538461536 0.7235576923076923 0.6274038461538461 0.7235576923076923 0.6274038461538461 0.8365384615384616 0.39663461538461536 0.8365384615384616
23 0.39663461538461536 0.6971153846153846 0.5120192307692307 0.6971153846153846 0.5120192307692307 0.7235576923076923 0.39663461538461536 0.7235576923076923
0 0.47596153846153844 0.33413461538461536 0.6754807692307693 0.33413461538461536 0.6754807692307693 0.4014423076923077 0.47596153846153844 0.4014423076923077
2 0.28365384615384615 0.1201923076923077 0.7283653846153846 0.1201923076923077 0.7283653846153846 0.875 0.28365384615384615 0.875
10 0.28365384615384615 0.1201923076923077 0.7259615384615384 0.1201923076923077 0.7259615384615384 0.875 0.28365384615384615 0.875
0 0.4567307692307692 0.5625 0.6947115384615384 0.5625 0.6947115384615384 0.6201923076923077 0.4567307692307692 0.6201923076923077