23 0.3629807692307692 0.33413461538461536 0.41346153846153844 0.33413461538461536 0.41346153846153844 0.375 0.3629807692307692 0.375
23 0.3629807692307692 0.5240384615384616 0.41346153846153844 0.5240384615384616 0.41346153846153844 0.5649038461538461 0.3629807692307692 0.5649038461538461
23 0.3701923076923077 0.5721153846153846 0.40865384615384615 0.5721153846153846 0.40865384615384615 0.6274038461538461 0.3701923076923077 0.6274038461538461
23 0.4639423076923077 0.5384615384615384 0.5985576923076923 0.5384615384615384 0.5985576923076923 0.5600961538461539 0.4639423076923077 0.5600961538461539
23 0.53125 0.5697115384615384 0.5985576923076923 0.5697115384615384 0.5985576923076923 0.6466346153846154 0.53125 0.6466346153846154
23 0.4639423076923077 0.6490384615384616 0.5985576923076923 0.6490384615384616 0.5985576923076923 0.6706730769230769 0.4639423076923077 0.6706730769230769
23 0.46153846153846156 0.5697115384615384 0.5288461538461539 0.5697115384615384 0.5288461538461539 0.6466346153846154 0.46153846153846156 0.6466346153846154
23 0.4639423076923077 0.3581730769230769 0.5985576923076923 0.3581730769230769 0.5985576923076923 0.4639423076923077 0.4639423076923077 0.4639423076923077
8 0.40865384615384615 0.7788461538461539 0.5865384615384616 0.7788461538461539 0.5865384615384616 0.8846153846153846 0.40865384615384615 0.8846153846153846
23 0.40865384615384615 0.7644230769230769 0.5865384615384616 0.7644230769230769 0.5865384615384616 0.7764423076923077 0.40865384615384615 0.7764423076923077
12 0.3245192307692308 0.6778846153846154 0.6610576923076923 0.6778846153846154 0.6610576923076923 0.6947115384615384 0.3245192307692308 0.6947115384615384
12 0.3245192307692308 0.5024038461538461 0.6610576923076923 0.5024038461538461 0.6610576923076923 0.5168269230769231 0.3245192307692308 0.5168269230769231
2 0.32211538461538464 0.21875 0.6634615384615384 0.21875 0.6634615384615384 0.9038461538461539 0.32211538461538464 0.9038461538461539
0 0.45913461538461536 0.6274038461538461 0.6298076923076923 0.6274038461538461 0.6298076923076923 0.6706730769230769 0.45913461538461536 0.6706730769230769
0 0.45913461538461536 0.4254807692307692 0.6298076923076923 0.4254807692307692 0.6298076923076923 0.46875 0.45913461538461536 0.46875
10 0.32211538461538464 0.21875 0.6658653846153846 0.21875 0.6658653846153846 0.9038461538461539 0.32211538461538464 0.9038461538461539
23 0.4567307692307692 0.30288461538461536 0.6322115384615384 0.30288461538461536 0.6322115384615384 0.6730769230769231 0.4567307692307692 0.6730769230769231