23 0.7716346153846154 0.08413461538461539 0.8725961538461539 0.08413461538461539 0.8725961538461539 0.17307692307692307 0.7716346153846154 0.17307692307692307
23 0.44711538461538464 0.08413461538461539 0.5480769230769231 0.08413461538461539 0.5480769230769231 0.17307692307692307 0.44711538461538464 0.17307692307692307
23 0.13221153846153846 0.08413461538461539 0.23317307692307693 0.08413461538461539 0.23317307692307693 0.17307692307692307 0.13221153846153846 0.17307692307692307
23 0.10576923076923077 0.3076923076923077 0.24759615384615385 0.3076923076923077 0.24759615384615385 0.5288461538461539 0.10576923076923077 0.5288461538461539
23 0.7524038461538461 0.31009615384615385 0.8942307692307693 0.31009615384615385 0.8942307692307693 0.53125 0.7524038461538461 0.53125
23 0.36538461538461536 0.20192307692307693 0.6442307692307693 0.20192307692307693 0.6442307692307693 0.4879807692307692 0.36538461538461536 0.4879807692307692
23 0.7548076923076923 0.6466346153846154 0.875 0.6466346153846154 0.875 0.8149038461538461 0.7548076923076923 0.8149038461538461
23 0.11538461538461539 0.6466346153846154 0.2403846153846154 0.6466346153846154 0.2403846153846154 0.8149038461538461 0.11538461538461539 0.8149038461538461
8 0.39903846153846156 0.6057692307692307 0.5913461538461539 0.6057692307692307 0.5913461538461539 0.8846153846153846 0.39903846153846156 0.8846153846153846
24 0.43509615384615385 0.040865384615384616 0.5649038461538461 0.040865384615384616 0.5649038461538461 0.17307692307692307 0.43509615384615385 0.17307692307692307
24 0.10576923076923077 0.038461538461538464 0.23557692307692307 0.038461538461538464 0.23557692307692307 0.17067307692307693 0.10576923076923077 0.17067307692307693
24 0.7668269230769231 0.04326923076923077 0.8990384615384616 0.04326923076923077 0.8990384615384616 0.17548076923076922 0.7668269230769231 0.17548076923076922
24 0.07932692307692307 0.28125 0.25 0.28125 0.25 0.53125 0.07932692307692307 0.53125
24 0.75 0.28365384615384615 0.9206730769230769 0.28365384615384615 0.9206730769230769 0.5336538461538461 0.75 0.5336538461538461
24 0.07451923076923077 0.6298076923076923 0.25 0.6298076923076923 0.25 0.8317307692307693 0.07451923076923077 0.8317307692307693
24 0.7475961538461539 0.6298076923076923 0.9230769230769231 0.6298076923076923 0.9230769230769231 0.8317307692307693 0.7475961538461539 0.8317307692307693
9 0.3942307692307692 0.5865384615384616 0.6009615384615384 0.5865384615384616 0.6009615384615384 0.8990384615384616 0.3942307692307692 0.8990384615384616
11 0.002403846153846154 0 0.9975961538461539 0 0.9975961538461539 0.19230769230769232 0.002403846153846154 0.19230769230769232
15 0.002403846153846154 0.5408653846153846 0.9975961538461539 0.5408653846153846 0.9975961538461539 0.9014423076923077 0.002403846153846154 0.9014423076923077
12 0.002403846153846154 0.19230769230769232 0.9975961538461539 0.19230769230769232 0.9975961538461539 0.20192307692307693 0.002403846153846154 0.20192307692307693
12 0.002403846153846154 0.53125 0.9975961538461539 0.53125 0.9975961538461539 0.5408653846153846 0.002403846153846154 0.5408653846153846
11 0.002403846153846154 0.20192307692307693 0.9975961538461539 0.20192307692307693 0.9975961538461539 0.53125 0.002403846153846154 0.53125