20 0.15144230769230768 0.5625 0.27884615384615385 0.5625 0.27884615384615385 0.9278846153846154 0.15144230769230768 0.9278846153846154
14 0.7139423076923077 0.28365384615384615 0.8365384615384616 0.28365384615384615 0.8365384615384616 0.36538461538461536 0.7139423076923077 0.36538461538461536
20 0.53125 0.7980769230769231 0.6586538461538461 0.7980769230769231 0.6586538461538461 0.9326923076923077 0.53125 0.9326923076923077
14 0.5288461538461539 0.28365384615384615 0.6514423076923077 0.28365384615384615 0.6514423076923077 0.36538461538461536 0.5288461538461539 0.36538461538461536
14 0.15865384615384615 0.28365384615384615 0.28365384615384615 0.28365384615384615 0.28365384615384615 0.36538461538461536 0.15865384615384615 0.36538461538461536
14 0.34375 0.28365384615384615 0.46875 0.28365384615384615 0.46875 0.36538461538461536 0.34375 0.36538461538461536
20 0.34375 0.6971153846153846 0.46875 0.6971153846153846 0.46875 0.8389423076923077 0.34375 0.8389423076923077
20 0.7139423076923077 0.8173076923076923 0.8365384615384616 0.8173076923076923 0.8365384615384616 0.9134615384615384 0.7139423076923077 0.9134615384615384
14 0.16105769230769232 0.41586538461538464 0.28365384615384615 0.41586538461538464 0.28365384615384615 0.5048076923076923 0.16105769230769232 0.5048076923076923
14 0.34615384615384615 0.5480769230769231 0.46875 0.5480769230769231 0.46875 0.6370192307692307 0.34615384615384615 0.6370192307692307
14 0.7139423076923077 0.6899038461538461 0.8365384615384616 0.6899038461538461 0.8365384615384616 0.7956730769230769 0.7139423076923077 0.7956730769230769
14 0.34375 0.41586538461538464 0.46875 0.41586538461538464 0.46875 0.5072115384615384 0.34375 0.5072115384615384
14 0.5288461538461539 0.41586538461538464 0.6514423076923077 0.41586538461538464 0.6514423076923077 0.5072115384615384 0.5288461538461539 0.5072115384615384
14 0.53125 0.5480769230769231 0.65625 0.5480769230769231 0.65625 0.6538461538461539 0.53125 0.6538461538461539
14 0.7139423076923077 0.4182692307692308 0.8365384615384616 0.4182692307692308 0.8365384615384616 0.5096153846153846 0.7139423076923077 0.5096153846153846
14 0.7139423076923077 0.5480769230769231 0.8365384615384616 0.5480769230769231 0.8365384615384616 0.6538461538461539 0.7139423076923077 0.6538461538461539
14 0.53125 0.6850961538461539 0.6514423076923077 0.6850961538461539 0.6514423076923077 0.7427884615384616 0.53125 0.7427884615384616
0 0.7259615384615384 0.7572115384615384 0.8557692307692307 0.7572115384615384 0.8557692307692307 0.7956730769230769 0.7259615384615384 0.7956730769230769
0 0.14903846153846154 0.3269230769230769 0.27884615384615385 0.3269230769230769 0.27884615384615385 0.36778846153846156 0.14903846153846154 0.36778846153846156
0 0.53125 0.6153846153846154 0.6610576923076923 0.6153846153846154 0.6610576923076923 0.6538461538461539 0.53125 0.6538461538461539
0 0.7259615384615384 0.3269230769230769 0.8557692307692307 0.3269230769230769 0.8557692307692307 0.36778846153846156 0.7259615384615384 0.36778846153846156
0 0.3389423076923077 0.3269230769230769 0.46875 0.3269230769230769 0.46875 0.36778846153846156 0.3389423076923077 0.36778846153846156
0 0.53125 0.3269230769230769 0.6610576923076923 0.3269230769230769 0.6610576923076923 0.36778846153846156 0.53125 0.36778846153846156
0 0.7259615384615384 0.46634615384615385 0.8557692307692307 0.46634615384615385 0.8557692307692307 0.5072115384615384 0.7259615384615384 0.5072115384615384
0 0.3389423076923077 0.46634615384615385 0.46875 0.46634615384615385 0.46875 0.5072115384615384 0.3389423076923077 0.5072115384615384
0 0.53125 0.46634615384615385 0.6610576923076923 0.46634615384615385 0.6610576923076923 0.5072115384615384 0.53125 0.5072115384615384
23 0.7235576923076923 0.24519230769230768 0.8557692307692307 0.24519230769230768 0.8557692307692307 0.9182692307692307 0.7235576923076923 0.9182692307692307
23 0.14423076923076922 0.5528846153846154 0.28125 0.5528846153846154 0.28125 0.9375 0.14423076923076922 0.9375
23 0.33653846153846156 0.24278846153846154 0.47115384615384615 0.24278846153846154 0.47115384615384615 0.6370192307692307 0.33653846153846156 0.6370192307692307
23 0.5288461538461539 0.24519230769230768 0.6634615384615384 0.24519230769230768 0.6634615384615384 0.7427884615384616 0.5288461538461539 0.7427884615384616
0 0.7259615384615384 0.6153846153846154 0.8557692307692307 0.6153846153846154 0.8557692307692307 0.6538461538461539 0.7259615384615384 0.6538461538461539
4 0.11298076923076923 0.08173076923076923 0.8894230769230769 0.08173076923076923 0.8894230769230769 0.09375 0.11298076923076923 0.09375
16 0.08653846153846154 0.18028846153846154 0.9158653846153846 0.18028846153846154 0.9158653846153846 0.1971153846153846 0.08653846153846154 0.1971153846153846
16 0.11298076923076923 0.12740384615384615 0.8846153846153846 0.12740384615384615 0.8846153846153846 0.14423076923076922 0.11298076923076923 0.14423076923076922
12 0.4951923076923077 0.7980769230769231 0.9158653846153846 0.7980769230769231 0.9158653846153846 0.8100961538461539 0.4951923076923077 0.8100961538461539
12 0.08413461538461539 0.36778846153846156 0.9158653846153846 0.36778846153846156 0.9158653846153846 0.3798076923076923 0.08413461538461539 0.3798076923076923
12 0.08413461538461539 0.5072115384615384 0.9158653846153846 0.5072115384615384 0.9158653846153846 0.5192307692307693 0.08413461538461539 0.5192307692307693
12 0.30528846153846156 0.65625 0.9134615384615384 0.65625 0.9134615384615384 0.6682692307692307 0.30528846153846156 0.6682692307692307
8 0.34375 0.8389423076923077 0.47115384615384615 0.8389423076923077 0.47115384615384615 0.9350961538461539 0.34375 0.9350961538461539
23 0.14423076923076922 0.24519230769230768 0.28125 0.24519230769230768 0.28125 0.5 0.14423076923076922 0.5
23 0.5288461538461539 0.7956730769230769 0.6586538461538461 0.7956730769230769 0.6586538461538461 0.9375 0.5288461538461539 0.9375
23 0.34134615384615385 0.6923076923076923 0.47115384615384615 0.6923076923076923 0.47115384615384615 0.9350961538461539 0.34134615384615385 0.9350961538461539
20 0.35336538461538464 0.7932692307692307 0.46634615384615385 0.7932692307692307 0.46634615384615385 0.8197115384615384 0.35336538461538464 0.8197115384615384
2 0.07211538461538461 0.0673076923076923 0.9278846153846154 0.0673076923076923 0.9278846153846154 0.9375 0.07211538461538461 0.9375
10 0.07211538461538461 0.06971153846153846 0.9278846153846154 0.06971153846153846 0.9278846153846154 0.9350961538461539 0.07211538461538461 0.9350961538461539