23 0.47115384615384615 0.15865384615384615 0.5192307692307693 0.15865384615384615 0.5192307692307693 0.2091346153846154 0.47115384615384615 0.2091346153846154
23 0.1971153846153846 0.16346153846153846 0.21875 0.16346153846153846 0.21875 0.4543269230769231 0.1971153846153846 0.4543269230769231
23 0.36778846153846156 0.28125 0.4206730769230769 0.28125 0.4206730769230769 0.3317307692307692 0.36778846153846156 0.3317307692307692
14 0.5697115384615384 0.28125 0.7764423076923077 0.28125 0.7764423076923077 0.36778846153846156 0.5697115384615384 0.36778846153846156
23 0.7163461538461539 0.40625 0.7620192307692307 0.40625 0.7620192307692307 0.4567307692307692 0.7163461538461539 0.4567307692307692
23 0.46875 0.28125 0.5216346153846154 0.28125 0.5216346153846154 0.3317307692307692 0.46875 0.3317307692307692
23 0.5216346153846154 0.40625 0.5673076923076923 0.40625 0.5673076923076923 0.4567307692307692 0.5216346153846154 0.4567307692307692
23 0.4230769230769231 0.40625 0.46875 0.40625 0.46875 0.4567307692307692 0.4230769230769231 0.4567307692307692
23 0.7211538461538461 0.5288461538461539 0.78125 0.5288461538461539 0.78125 0.6009615384615384 0.7211538461538461 0.6009615384615384
23 0.27403846153846156 0.5288461538461539 0.33413461538461536 0.5288461538461539 0.33413461538461536 0.6009615384615384 0.27403846153846156 0.6009615384615384
23 0.5721153846153846 0.5288461538461539 0.6322115384615384 0.5288461538461539 0.6322115384615384 0.6009615384615384 0.5721153846153846 0.6009615384615384
23 0.4230769230769231 0.5288461538461539 0.4831730769230769 0.5288461538461539 0.4831730769230769 0.6009615384615384 0.4230769230769231 0.6009615384615384
23 0.7163461538461539 0.6658653846153846 0.78125 0.6658653846153846 0.78125 0.7644230769230769 0.7163461538461539 0.7644230769230769
23 0.27403846153846156 0.6658653846153846 0.33653846153846156 0.6658653846153846 0.33653846153846156 0.7644230769230769 0.27403846153846156 0.7644230769230769
23 0.4230769230769231 0.6658653846153846 0.4855769230769231 0.6658653846153846 0.4855769230769231 0.7644230769230769 0.4230769230769231 0.7644230769230769
23 0.5721153846153846 0.6658653846153846 0.6346153846153846 0.6658653846153846 0.6346153846153846 0.7644230769230769 0.5721153846153846 0.7644230769230769
21 0.25961538461538464 0.6033653846153846 0.34615384615384615 0.6033653846153846 0.34615384615384615 0.6201923076923077 0.25961538461538464 0.6201923076923077
21 0.7067307692307693 0.6033653846153846 0.7932692307692307 0.6033653846153846 0.7932692307692307 0.6201923076923077 0.7067307692307693 0.6201923076923077
21 0.5625 0.6033653846153846 0.6466346153846154 0.6033653846153846 0.6466346153846154 0.6201923076923077 0.5625 0.6201923076923077
21 0.41346153846153844 0.6033653846153846 0.49759615384615385 0.6033653846153846 0.49759615384615385 0.6201923076923077 0.41346153846153844 0.6201923076923077
16 0.7932692307692307 0.6081730769230769 0.8605769230769231 0.6081730769230769 0.8605769230769231 0.6201923076923077 0.7932692307692307 0.6201923076923077
16 0.18990384615384615 0.6057692307692307 0.2620192307692308 0.6057692307692307 0.2620192307692308 0.6177884615384616 0.18990384615384615 0.6177884615384616
16 0.3485576923076923 0.6057692307692307 0.4110576923076923 0.6057692307692307 0.4110576923076923 0.6201923076923077 0.3485576923076923 0.6201923076923077
16 0.5 0.6057692307692307 0.5600961538461539 0.6057692307692307 0.5600961538461539 0.6201923076923077 0.5 0.6201923076923077
16 0.6490384615384616 0.6057692307692307 0.7091346153846154 0.6057692307692307 0.7091346153846154 0.6201923076923077 0.6490384615384616 0.6201923076923077
16 0.18509615384615385 0.49038461538461536 0.8581730769230769 0.49038461538461536 0.8581730769230769 0.5096153846153846 0.18509615384615385 0.5096153846153846
16 0.33413461538461536 0.7764423076923077 0.8413461538461539 0.7764423076923077 0.8413461538461539 0.7884615384615384 0.33413461538461536 0.7884615384615384
16 0.20673076923076922 0.7764423076923077 0.31490384615384615 0.7764423076923077 0.31490384615384615 0.7884615384615384 0.20673076923076922 0.7884615384615384
5 0.7427884615384616 0.6394230769230769 0.7620192307692307 0.6394230769230769 0.7620192307692307 0.6610576923076923 0.7427884615384616 0.6610576923076923
5 0.2956730769230769 0.6394230769230769 0.31490384615384615 0.6394230769230769 0.31490384615384615 0.6610576923076923 0.2956730769230769 0.6610576923076923
5 0.44471153846153844 0.6394230769230769 0.4639423076923077 0.6394230769230769 0.4639423076923077 0.6610576923076923 0.44471153846153844 0.6610576923076923
5 0.59375 0.6394230769230769 0.6129807692307693 0.6394230769230769 0.6129807692307693 0.6610576923076923 0.59375 0.6610576923076923
16 0.7932692307692307 0.5168269230769231 0.8581730769230769 0.5168269230769231 0.8581730769230769 0.53125 0.7932692307692307 0.53125
16 0.18990384615384615 0.5144230769230769 0.2620192307692308 0.5144230769230769 0.2620192307692308 0.5288461538461539 0.18990384615384615 0.5288461538461539
16 0.3485576923076923 0.5144230769230769 0.4110576923076923 0.5144230769230769 0.4110576923076923 0.5288461538461539 0.3485576923076923 0.5288461538461539
16 0.5 0.5144230769230769 0.5600961538461539 0.5144230769230769 0.5600961538461539 0.5288461538461539 0.5 0.5288461538461539
16 0.6490384615384616 0.5168269230769231 0.7091346153846154 0.5168269230769231 0.7091346153846154 0.53125 0.6490384615384616 0.53125
14 0.6394230769230769 0.8173076923076923 0.8028846153846154 0.8173076923076923 0.8028846153846154 0.9447115384615384 0.6394230769230769 0.9447115384615384
14 0.3581730769230769 0.8173076923076923 0.5336538461538461 0.8173076923076923 0.5336538461538461 0.9447115384615384 0.3581730769230769 0.9447115384615384
14 0.5480769230769231 0.8173076923076923 0.6225961538461539 0.8173076923076923 0.6225961538461539 0.9447115384615384 0.5480769230769231 0.9447115384615384
17 0.6225961538461539 0.7980769230769231 0.6370192307692307 0.7980769230769231 0.6370192307692307 0.9711538461538461 0.6225961538461539 0.9711538461538461
17 0.53125 0.7980769230769231 0.5480769230769231 0.7980769230769231 0.5480769230769231 0.9711538461538461 0.53125 0.9711538461538461
17 0.18509615384615385 0.7884615384615384 0.21634615384615385 0.7884615384615384 0.21634615384615385 0.9783653846153846 0.18509615384615385 0.9783653846153846
17 0.8341346153846154 0.7860576923076923 0.8653846153846154 0.7860576923076923 0.8653846153846154 0.9735576923076923 0.8341346153846154 0.9735576923076923
8 0.22596153846153846 0.875 0.3004807692307692 0.875 0.3004807692307692 0.9735576923076923 0.22596153846153846 0.9735576923076923
4 0.21394230769230768 0.8485576923076923 0.31490384615384615 0.8485576923076923 0.31490384615384615 0.8629807692307693 0.21394230769230768 0.8629807692307693
17 0.30528846153846156 0.7884615384615384 0.3485576923076923 0.7884615384615384 0.3485576923076923 0.9783653846153846 0.30528846153846156 0.9783653846153846
12 0.22115384615384615 0.25240384615384615 0.8245192307692307 0.25240384615384615 0.8245192307692307 0.2644230769230769 0.22115384615384615 0.2644230769230769
12 0.1875 0.8052884615384616 0.8629807692307693 0.8052884615384616 0.8629807692307693 0.8149038461538461 0.1875 0.8149038461538461
12 0.1875 0.6322115384615384 0.8605769230769231 0.6322115384615384 0.8605769230769231 0.6442307692307693 0.1875 0.6442307692307693
12 0.1875 0.4807692307692308 0.8629807692307693 0.4807692307692308 0.8629807692307693 0.49278846153846156 0.1875 0.49278846153846156
12 0.21875 0.3701923076923077 0.8245192307692307 0.3701923076923077 0.8245192307692307 0.3798076923076923 0.21875 0.3798076923076923
23 0.32211538461538464 0.07692307692307693 0.6201923076923077 0.07692307692307693 0.6201923076923077 0.23317307692307693 0.32211538461538464 0.23317307692307693
2 0.17067307692307693 0.06490384615384616 0.9134615384615384 0.06490384615384616 0.9134615384615384 0.9783653846153846 0.17067307692307693 0.9783653846153846
10 0.17067307692307693 0.06490384615384616 0.8605769230769231 0.06490384615384616 0.8605769230769231 0.9783653846153846 0.17067307692307693 0.9783653846153846