23 0.1875 0.16105769230769232 0.2980769230769231 0.16105769230769232 0.2980769230769231 0.23317307692307693 0.1875 0.23317307692307693
23 0.6274038461538461 0.3317307692307692 0.7884615384615384 0.3317307692307692 0.7884615384615384 0.40384615384615385 0.6274038461538461 0.40384615384615385
23 0.18509615384615385 0.5048076923076923 0.2956730769230769 0.5048076923076923 0.2956730769230769 0.5769230769230769 0.18509615384615385 0.5769230769230769
23 0.18509615384615385 0.6778846153846154 0.2956730769230769 0.6778846153846154 0.2956730769230769 0.75 0.18509615384615385 0.75
8 0.41586538461538464 0.8461538461538461 0.5120192307692307 0.8461538461538461 0.5120192307692307 0.9759615384615384 0.41586538461538464 0.9759615384615384
2 0.06971153846153846 0.0889423076923077 0.8798076923076923 0.0889423076923077 0.8798076923076923 0.9759615384615384 0.06971153846153846 0.9759615384615384
12 0.06971153846153846 0.25961538461538464 0.8798076923076923 0.25961538461538464 0.8798076923076923 0.2692307692307692 0.06971153846153846 0.2692307692307692
12 0.06971153846153846 0.4230769230769231 0.8798076923076923 0.4230769230769231 0.8798076923076923 0.4326923076923077 0.06971153846153846 0.4326923076923077
12 0.06971153846153846 0.6033653846153846 0.8798076923076923 0.6033653846153846 0.8798076923076923 0.6129807692307693 0.06971153846153846 0.6129807692307693
12 0.06971153846153846 0.7980769230769231 0.8798076923076923 0.7980769230769231 0.8798076923076923 0.8076923076923077 0.06971153846153846 0.8076923076923077
15 0.06971153846153846 0.8076923076923077 0.8798076923076923 0.8076923076923077 0.8798076923076923 0.9759615384615384 0.06971153846153846 0.9759615384615384
11 0.06971153846153846 0.6129807692307693 0.8798076923076923 0.6129807692307693 0.8798076923076923 0.7980769230769231 0.06971153846153846 0.7980769230769231
11 0.06971153846153846 0.4326923076923077 0.8798076923076923 0.4326923076923077 0.8798076923076923 0.6033653846153846 0.06971153846153846 0.6033653846153846
11 0.06971153846153846 0.2692307692307692 0.8798076923076923 0.2692307692307692 0.8798076923076923 0.4230769230769231 0.06971153846153846 0.4230769230769231
22 0.06971153846153846 0.0889423076923077 0.8798076923076923 0.0889423076923077 0.8798076923076923 0.25961538461538464 0.06971153846153846 0.25961538461538464
7 0.4110576923076923 0.9254807692307693 0.4495192307692308 0.9254807692307693 0.4495192307692308 0.9879807692307693 0.4110576923076923 0.9879807692307693
7 0.8533653846153846 0.9326923076923077 0.9086538461538461 0.9326923076923077 0.9086538461538461 0.9879807692307693 0.8533653846153846 0.9879807692307693
10 0.06971153846153846 0.0889423076923077 0.8798076923076923 0.0889423076923077 0.8798076923076923 0.9759615384615384 0.06971153846153846 0.9759615384615384