24 0.0625 0.14182692307692307 0.30528846153846156 0.14182692307692307 0.30528846153846156 0.2764423076923077 0.0625 0.2764423076923077
23 0.0673076923076923 0.30528846153846156 0.3581730769230769 0.30528846153846156 0.3581730769230769 0.39663461538461536 0.0673076923076923 0.39663461538461536
24 0.06490384615384616 0.4230769230769231 0.3076923076923077 0.4230769230769231 0.3076923076923077 0.5552884615384616 0.06490384615384616 0.5552884615384616
23 0.08653846153846154 0.5961538461538461 0.37740384615384615 0.5961538461538461 0.37740384615384615 0.6899038461538461 0.08653846153846154 0.6899038461538461
8 0.02403846153846154 0.7548076923076923 0.41586538461538464 0.7548076923076923 0.41586538461538464 0.8557692307692307 0.02403846153846154 0.8557692307692307
8 0.6682692307692307 0.75 0.7427884615384616 0.75 0.7427884615384616 0.8149038461538461 0.6682692307692307 0.8149038461538461
23 0.5096153846153846 0.5961538461538461 0.6129807692307693 0.5961538461538461 0.6129807692307693 0.6850961538461539 0.5096153846153846 0.6850961538461539
23 0.6490384615384616 0.5961538461538461 0.8365384615384616 0.5961538461538461 0.8365384615384616 0.6610576923076923 0.6490384615384616 0.6610576923076923
23 0.6634615384615384 0.4423076923076923 0.8533653846153846 0.4423076923076923 0.8533653846153846 0.49759615384615385 0.6634615384615384 0.49759615384615385
0 0.37740384615384615 0.5048076923076923 0.5793269230769231 0.5048076923076923 0.5793269230769231 0.5504807692307693 0.37740384615384615 0.5504807692307693
8 0.4951923076923077 0.4639423076923077 0.5769230769230769 0.4639423076923077 0.5769230769230769 0.5504807692307693 0.4951923076923077 0.5504807692307693
0 0.4519230769230769 0.3798076923076923 0.5793269230769231 0.3798076923076923 0.5793269230769231 0.41346153846153844 0.4519230769230769 0.41346153846153844
8 0.49278846153846156 0.3317307692307692 0.5793269230769231 0.3317307692307692 0.5793269230769231 0.41346153846153844 0.49278846153846156 0.41346153846153844
23 0.6610576923076923 0.30528846153846156 0.8557692307692307 0.30528846153846156 0.8557692307692307 0.3629807692307692 0.6610576923076923 0.3629807692307692
23 0.6610576923076923 0.16826923076923078 0.8557692307692307 0.16826923076923078 0.8557692307692307 0.22115384615384615 0.6610576923076923 0.22115384615384615
8 0.5 0.20432692307692307 0.5793269230769231 0.20432692307692307 0.5793269230769231 0.27403846153846156 0.5 0.27403846153846156
0 0.37740384615384615 0.2283653846153846 0.5793269230769231 0.2283653846153846 0.5793269230769231 0.27163461538461536 0.37740384615384615 0.27163461538461536
11 0 0.1658653846153846 0.9471153846153846 0.1658653846153846 0.9471153846153846 0.27884615384615385 0 0.27884615384615385
12 0 0.27884615384615385 0.9471153846153846 0.27884615384615385 0.9471153846153846 0.28846153846153844 0 0.28846153846153844
12 0 0.4110576923076923 0.9471153846153846 0.4110576923076923 0.9471153846153846 0.4230769230769231 0 0.4230769230769231
12 0 0.5600961538461539 0.9471153846153846 0.5600961538461539 0.9471153846153846 0.5697115384615384 0 0.5697115384615384
12 0 0.7043269230769231 0.9206730769230769 0.7043269230769231 0.9206730769230769 0.7139423076923077 0 0.7139423076923077
15 0 0.7163461538461539 0.9206730769230769 0.7163461538461539 0.9206730769230769 0.8581730769230769 0 0.8581730769230769
11 0 0.5697115384615384 0.9206730769230769 0.5697115384615384 0.9206730769230769 0.7043269230769231 0 0.7043269230769231
11 0 0.4230769230769231 0.9471153846153846 0.4230769230769231 0.9471153846153846 0.5600961538461539 0 0.5600961538461539
11 0 0.29086538461538464 0.9471153846153846 0.29086538461538464 0.9471153846153846 0.41346153846153844 0 0.41346153846153844
2 0 0.10817307692307693 0.96875 0.10817307692307693 0.96875 0.8557692307692307 0 0.8557692307692307
10 0 0.16826923076923078 0.9206730769230769 0.16826923076923078 0.9206730769230769 0.8581730769230769 0 0.8581730769230769
23 0.0625 0.14903846153846154 0.30528846153846156 0.14903846153846154 0.30528846153846156 0.2764423076923077 0.0625 0.2764423076923077
23 0.06490384615384616 0.42788461538461536 0.3076923076923077 0.42788461538461536 0.3076923076923077 0.5552884615384616 0.06490384615384616 0.5552884615384616