23 0.5913461538461539 0.7115384615384616 0.6466346153846154 0.7115384615384616 0.6466346153846154 0.7644230769230769 0.5913461538461539 0.7644230769230769
23 0.5913461538461539 0.65625 0.6466346153846154 0.65625 0.6466346153846154 0.7067307692307693 0.5913461538461539 0.7067307692307693
23 0.3605769230769231 0.7115384615384616 0.41346153846153844 0.7115384615384616 0.41346153846153844 0.7644230769230769 0.3605769230769231 0.7644230769230769
23 0.3605769230769231 0.65625 0.41346153846153844 0.65625 0.41346153846153844 0.7067307692307693 0.3605769230769231 0.7067307692307693
8 0.3557692307692308 0.7884615384615384 0.6514423076923077 0.7884615384615384 0.6514423076923077 0.9375 0.3557692307692308 0.9375
17 0.23317307692307693 0.625 0.32211538461538464 0.625 0.32211538461538464 0.9182692307692307 0.23317307692307693 0.9182692307692307
17 0.6802884615384616 0.6274038461538461 0.7668269230769231 0.6274038461538461 0.7668269230769231 0.9182692307692307 0.6802884615384616 0.9182692307692307
17 0.05048076923076923 0.3870192307692308 0.21875 0.3870192307692308 0.21875 0.9182692307692307 0.05048076923076923 0.9182692307692307
17 0.7475961538461539 0.38461538461538464 0.9447115384615384 0.38461538461538464 0.9447115384615384 0.9182692307692307 0.7475961538461539 0.9182692307692307
4 0.2283653846153846 0.40384615384615385 0.7692307692307693 0.40384615384615385 0.7692307692307693 0.6274038461538461 0.2283653846153846 0.6274038461538461
15 0 0.6009615384615384 0.9975961538461539 0.6009615384615384 0.9975961538461539 0.9182692307692307 0 0.9182692307692307
12 0 0.5841346153846154 0.9975961538461539 0.5841346153846154 0.9975961538461539 0.5985576923076923 0 0.5985576923076923
22 0 0 0.9975961538461539 0 0.9975961538461539 0.5841346153846154 0 0.5841346153846154
2 0 0 0.9975961538461539 0 0.9975961538461539 0.9975961538461539 0 0.9975961538461539
10 0 0 0.9975961538461539 0 0.9975961538461539 0.9975961538461539 0 0.9975961538461539