23 0.125 0.78125 0.17067307692307693 0.78125 0.17067307692307693 0.8413461538461539 0.125 0.8413461538461539
23 0.25961538461538464 0.3629807692307692 0.30528846153846156 0.3629807692307692 0.30528846153846156 0.4423076923076923 0.25961538461538464 0.4423076923076923
23 0.12259615384615384 0.5 0.17307692307692307 0.5 0.17307692307692307 0.5721153846153846 0.12259615384615384 0.5721153846153846
23 0.12259615384615384 0.6490384615384616 0.17067307692307693 0.6490384615384616 0.17067307692307693 0.71875 0.12259615384615384 0.71875
23 0.12740384615384615 0.3605769230769231 0.17307692307692307 0.3605769230769231 0.17307692307692307 0.42788461538461536 0.12740384615384615 0.42788461538461536
23 0.3918269230769231 0.6514423076923077 0.4375 0.6514423076923077 0.4375 0.7307692307692307 0.3918269230769231 0.7307692307692307
23 0.25961538461538464 0.5048076923076923 0.30528846153846156 0.5048076923076923 0.30528846153846156 0.5817307692307693 0.25961538461538464 0.5817307692307693
23 0.5769230769230769 0.5024038461538461 0.6225961538461539 0.5024038461538461 0.6225961538461539 0.5192307692307693 0.5769230769230769 0.5192307692307693
23 0.5769230769230769 0.6490384615384616 0.625 0.6490384615384616 0.625 0.7307692307692307 0.5769230769230769 0.7307692307692307
23 0.7091346153846154 0.6490384615384616 0.7572115384615384 0.6490384615384616 0.7572115384615384 0.7283653846153846 0.7091346153846154 0.7283653846153846
23 0.7091346153846154 0.5048076923076923 0.7572115384615384 0.5048076923076923 0.7572115384615384 0.5817307692307693 0.7091346153846154 0.5817307692307693
23 0.25721153846153844 0.78125 0.30288461538461536 0.78125 0.30288461538461536 0.8341346153846154 0.25721153846153844 0.8341346153846154
8 0.5769230769230769 0.5240384615384616 0.6225961538461539 0.5240384615384616 0.6225961538461539 0.6081730769230769 0.5769230769230769 0.6081730769230769
8 0.5769230769230769 0.38221153846153844 0.6225961538461539 0.38221153846153844 0.6225961538461539 0.4639423076923077 0.5769230769230769 0.4639423076923077
23 0.5769230769230769 0.3629807692307692 0.6225961538461539 0.3629807692307692 0.6225961538461539 0.37740384615384615 0.5769230769230769 0.37740384615384615
23 0.25961538461538464 0.6490384615384616 0.3076923076923077 0.6490384615384616 0.3076923076923077 0.7307692307692307 0.25961538461538464 0.7307692307692307
8 0.3918269230769231 0.38221153846153844 0.4375 0.38221153846153844 0.4375 0.4639423076923077 0.3918269230769231 0.4639423076923077
23 0.3918269230769231 0.3605769230769231 0.4375 0.3605769230769231 0.4375 0.37740384615384615 0.3918269230769231 0.37740384615384615
8 0.47596153846153844 0.7115384615384616 0.5336538461538461 0.7115384615384616 0.5336538461538461 0.84375 0.47596153846153844 0.84375
23 0.3918269230769231 0.5024038461538461 0.4375 0.5024038461538461 0.4375 0.5192307692307693 0.3918269230769231 0.5192307692307693
23 0.7115384615384616 0.3629807692307692 0.7572115384615384 0.3629807692307692 0.7572115384615384 0.43990384615384615 0.7115384615384616 0.43990384615384615
23 0.84375 0.3629807692307692 0.8894230769230769 0.3629807692307692 0.8894230769230769 0.42788461538461536 0.84375 0.42788461538461536
23 0.84375 0.5024038461538461 0.8894230769230769 0.5024038461538461 0.8894230769230769 0.5697115384615384 0.84375 0.5697115384615384
23 0.84375 0.6490384615384616 0.8918269230769231 0.6490384615384616 0.8918269230769231 0.71875 0.84375 0.71875
23 0.8461538461538461 0.78125 0.8894230769230769 0.78125 0.8894230769230769 0.8125 0.8461538461538461 0.8125
23 0.7115384615384616 0.78125 0.7572115384615384 0.78125 0.7572115384615384 0.8173076923076923 0.7115384615384616 0.8173076923076923
23 0.5769230769230769 0.78125 0.625 0.78125 0.625 0.8245192307692307 0.5769230769230769 0.8245192307692307
23 0.3894230769230769 0.78125 0.4375 0.78125 0.4375 0.8341346153846154 0.3894230769230769 0.8341346153846154
21 0.11057692307692307 0.7211538461538461 0.18509615384615385 0.7211538461538461 0.18509615384615385 0.7307692307692307 0.11057692307692307 0.7307692307692307
21 0.24278846153846154 0.7331730769230769 0.3173076923076923 0.7331730769230769 0.3173076923076923 0.7451923076923077 0.24278846153846154 0.7451923076923077
21 0.11057692307692307 0.5745192307692307 0.18509615384615385 0.5745192307692307 0.18509615384615385 0.5865384615384616 0.11057692307692307 0.5865384615384616
21 0.11057692307692307 0.43028846153846156 0.18509615384615385 0.43028846153846156 0.18509615384615385 0.4423076923076923 0.11057692307692307 0.4423076923076923
21 0.5625 0.7331730769230769 0.6394230769230769 0.7331730769230769 0.6394230769230769 0.7451923076923077 0.5625 0.7451923076923077
21 0.24519230769230768 0.5865384615384616 0.31971153846153844 0.5865384615384616 0.31971153846153844 0.5985576923076923 0.24519230769230768 0.5985576923076923
21 0.24519230769230768 0.4423076923076923 0.31971153846153844 0.4423076923076923 0.31971153846153844 0.4543269230769231 0.24519230769230768 0.4543269230769231
21 0.6971153846153846 0.44471153846153844 0.7716346153846154 0.44471153846153844 0.7716346153846154 0.4567307692307692 0.6971153846153846 0.4567307692307692
21 0.8317307692307693 0.43028846153846156 0.90625 0.43028846153846156 0.90625 0.44471153846153844 0.8317307692307693 0.44471153846153844
21 0.8317307692307693 0.5745192307692307 0.90625 0.5745192307692307 0.90625 0.5865384615384616 0.8317307692307693 0.5865384615384616
21 0.6971153846153846 0.5865384615384616 0.7716346153846154 0.5865384615384616 0.7716346153846154 0.5985576923076923 0.6971153846153846 0.5985576923076923
21 0.8317307692307693 0.7211538461538461 0.90625 0.7211538461538461 0.90625 0.7331730769230769 0.8317307692307693 0.7331730769230769
21 0.6971153846153846 0.7331730769230769 0.7740384615384616 0.7331730769230769 0.7740384615384616 0.7451923076923077 0.6971153846153846 0.7451923076923077
8 0.3918269230769231 0.5240384615384616 0.4375 0.5240384615384616 0.4375 0.6105769230769231 0.3918269230769231 0.6105769230769231
12 0.10096153846153846 0.6105769230769231 0.9086538461538461 0.6105769230769231 0.9086538461538461 0.6153846153846154 0.10096153846153846 0.6153846153846154
0 0.3389423076923077 0.4206730769230769 0.47596153846153844 0.4206730769230769 0.47596153846153844 0.4639423076923077 0.3389423076923077 0.4639423076923077
0 0.5384615384615384 0.4206730769230769 0.6754807692307693 0.4206730769230769 0.6754807692307693 0.4639423076923077 0.5384615384615384 0.4639423076923077
0 0.33653846153846156 0.5721153846153846 0.47596153846153844 0.5721153846153846 0.47596153846153844 0.6105769230769231 0.33653846153846156 0.6105769230769231
0 0.5360576923076923 0.5721153846153846 0.6754807692307693 0.5721153846153846 0.6754807692307693 0.6105769230769231 0.5360576923076923 0.6105769230769231
12 0.057692307692307696 0.3269230769230769 0.9519230769230769 0.3269230769230769 0.9519230769230769 0.3317307692307692 0.057692307692307696 0.3317307692307692
8 0.3942307692307692 0.25961538461538464 0.4375 0.25961538461538464 0.4375 0.3245192307692308 0.3942307692307692 0.3245192307692308
8 0.13942307692307693 0.25961538461538464 0.18509615384615385 0.25961538461538464 0.18509615384615385 0.3269230769230769 0.13942307692307693 0.3269230769230769
8 0.2668269230769231 0.25961538461538464 0.3125 0.25961538461538464 0.3125 0.3245192307692308 0.2668269230769231 0.3245192307692308
8 0.5745192307692307 0.25961538461538464 0.6201923076923077 0.25961538461538464 0.6201923076923077 0.3245192307692308 0.5745192307692307 0.3245192307692308
8 0.7067307692307693 0.25961538461538464 0.75 0.25961538461538464 0.75 0.3245192307692308 0.7067307692307693 0.3245192307692308
8 0.8365384615384616 0.25961538461538464 0.8774038461538461 0.25961538461538464 0.8774038461538461 0.3245192307692308 0.8365384615384616 0.3245192307692308
0 0.057692307692307696 0.28846153846153844 0.9567307692307693 0.28846153846153844 0.9567307692307693 0.3269230769230769 0.057692307692307696 0.3269230769230769
23 0.13942307692307693 0.2403846153846154 0.18509615384615385 0.2403846153846154 0.18509615384615385 0.2548076923076923 0.13942307692307693 0.2548076923076923
23 0.2668269230769231 0.24278846153846154 0.3125 0.24278846153846154 0.3125 0.25721153846153844 0.2668269230769231 0.25721153846153844
23 0.3942307692307692 0.2403846153846154 0.4375 0.2403846153846154 0.4375 0.25721153846153844 0.3942307692307692 0.25721153846153844
23 0.5769230769230769 0.24278846153846154 0.6201923076923077 0.24278846153846154 0.6201923076923077 0.25721153846153844 0.5769230769230769 0.25721153846153844
23 0.7067307692307693 0.24278846153846154 0.75 0.24278846153846154 0.75 0.25721153846153844 0.7067307692307693 0.25721153846153844
23 0.8341346153846154 0.24278846153846154 0.8774038461538461 0.24278846153846154 0.8774038461538461 0.25721153846153844 0.8341346153846154 0.25721153846153844
12 0.10336538461538461 0.7668269230769231 0.46875 0.7668269230769231 0.46875 0.7740384615384616 0.10336538461538461 0.7740384615384616
12 0.5480769230769231 0.7668269230769231 0.9110576923076923 0.7668269230769231 0.9110576923076923 0.7740384615384616 0.5480769230769231 0.7740384615384616
2 0.055288461538461536 0.1971153846153846 0.9567307692307693 0.1971153846153846 0.9567307692307693 0.8822115384615384 0.055288461538461536 0.8822115384615384
19 0.08173076923076923 0.1971153846153846 0.9254807692307693 0.1971153846153846 0.9254807692307693 0.3245192307692308 0.08173076923076923 0.3245192307692308
10 0.052884615384615384 0.1971153846153846 0.9567307692307693 0.1971153846153846 0.9567307692307693 0.8846153846153846 0.052884615384615384 0.8846153846153846
12 0.10096153846153846 0.46634615384615385 0.9086538461538461 0.46634615384615385 0.9086538461538461 0.47115384615384615 0.10096153846153846 0.47115384615384615