0 0.28365384615384615 0.6418269230769231 0.5360576923076923 0.6418269230769231 0.5360576923076923 0.6971153846153846 0.28365384615384615 0.6971153846153846
0 0.7211538461538461 0.44711538461538464 0.875 0.44711538461538464 0.875 0.5168269230769231 0.7211538461538461 0.5168269230769231
0 0.07451923076923077 0.25721153846153844 0.2283653846153846 0.25721153846153844 0.2283653846153846 0.3317307692307692 0.07451923076923077 0.3317307692307692
23 0.7139423076923077 0.5793269230769231 0.8293269230769231 0.5793269230769231 0.8293269230769231 0.6586538461538461 0.7139423076923077 0.6586538461538461
8 0.11057692307692307 0.7668269230769231 0.32211538461538464 0.7668269230769231 0.32211538461538464 0.9326923076923077 0.11057692307692307 0.9326923076923077
14 0.6225961538461539 0.7572115384615384 0.7596153846153846 0.7572115384615384 0.7596153846153846 0.8966346153846154 0.6225961538461539 0.8966346153846154
23 0.3605769230769231 0.46153846153846156 0.4567307692307692 0.46153846153846156 0.4567307692307692 0.5288461538461539 0.3605769230769231 0.5288461538461539
23 0.33653846153846156 0.19951923076923078 0.4543269230769231 0.19951923076923078 0.4543269230769231 0.2764423076923077 0.33653846153846156 0.2764423076923077
14 0.29086538461538464 0.6105769230769231 0.5 0.6105769230769231 0.5 0.6995192307692307 0.29086538461538464 0.6995192307692307
23 0.3004807692307692 0.12259615384615384 0.4182692307692308 0.12259615384615384 0.4182692307692308 0.13701923076923078 0.3004807692307692 0.13701923076923078
23 0.6706730769230769 0.1201923076923077 0.7980769230769231 0.1201923076923077 0.7980769230769231 0.1346153846153846 0.6706730769230769 0.1346153846153846
23 0.34615384615384615 0.09615384615384616 0.44471153846153844 0.09615384615384616 0.44471153846153844 0.10576923076923077 0.34615384615384615 0.10576923076923077
23 0.7211538461538461 0.22115384615384615 0.8269230769230769 0.22115384615384615 0.8269230769230769 0.35096153846153844 0.7211538461538461 0.35096153846153844
23 0.28125 0.3629807692307692 0.53125 0.3629807692307692 0.53125 0.6418269230769231 0.28125 0.6418269230769231
2 0.07211538461538461 0.0889423076923077 0.9591346153846154 0.0889423076923077 0.9591346153846154 0.9350961538461539 0.07211538461538461 0.9350961538461539
12 0.07451923076923077 0.3317307692307692 0.7211538461538461 0.3317307692307692 0.7211538461538461 0.3629807692307692 0.07451923076923077 0.3629807692307692
12 0.29086538461538464 0.5600961538461539 0.53125 0.5600961538461539 0.53125 0.5913461538461539 0.29086538461538464 0.5913461538461539
12 0.07692307692307693 0.71875 0.8725961538461539 0.71875 0.8725961538461539 0.7524038461538461 0.07692307692307693 0.7524038461538461
12 0.07451923076923077 0.5168269230769231 0.28125 0.5168269230769231 0.28125 0.5504807692307693 0.07451923076923077 0.5504807692307693
12 0.5336538461538461 0.5168269230769231 0.875 0.5168269230769231 0.875 0.5504807692307693 0.5336538461538461 0.5504807692307693
10 0.06971153846153846 0.0889423076923077 0.9591346153846154 0.0889423076923077 0.9591346153846154 0.9350961538461539 0.06971153846153846 0.9350961538461539