23 0.38461538461538464 0.17548076923076922 0.43990384615384615 0.17548076923076922 0.43990384615384615 0.20192307692307693 0.38461538461538464 0.20192307692307693
23 0.5384615384615384 0.17307692307692307 0.5961538461538461 0.17307692307692307 0.5961538461538461 0.20192307692307693 0.5384615384615384 0.20192307692307693
23 0.4519230769230769 0.16826923076923078 0.5264423076923077 0.16826923076923078 0.5264423076923077 0.24759615384615385 0.4519230769230769 0.24759615384615385
23 0.36778846153846156 0.22115384615384615 0.4423076923076923 0.22115384615384615 0.4423076923076923 0.24759615384615385 0.36778846153846156 0.24759615384615385
23 0.5384615384615384 0.21875 0.6153846153846154 0.21875 0.6153846153846154 0.24519230769230768 0.5384615384615384 0.24519230769230768
23 0.375 0.2668269230769231 0.4375 0.2668269230769231 0.4375 0.33653846153846156 0.375 0.33653846153846156
23 0.46153846153846156 0.2668269230769231 0.5240384615384616 0.2668269230769231 0.5240384615384616 0.33653846153846156 0.46153846153846156 0.33653846153846156
23 0.5480769230769231 0.2668269230769231 0.6081730769230769 0.2668269230769231 0.6081730769230769 0.33653846153846156 0.5480769230769231 0.33653846153846156
23 0.6057692307692307 0.6322115384615384 0.6466346153846154 0.6322115384615384 0.6466346153846154 0.6971153846153846 0.6057692307692307 0.6971153846153846
23 0.5384615384615384 0.6322115384615384 0.5793269230769231 0.6322115384615384 0.5793269230769231 0.6971153846153846 0.5384615384615384 0.6971153846153846
23 0.39663461538461536 0.6322115384615384 0.43990384615384615 0.6322115384615384 0.43990384615384615 0.6971153846153846 0.39663461538461536 0.6971153846153846
23 0.3317307692307692 0.6322115384615384 0.37259615384615385 0.6322115384615384 0.37259615384615385 0.6971153846153846 0.3317307692307692 0.6971153846153846
23 0.6033653846153846 0.41346153846153844 0.6490384615384616 0.41346153846153844 0.6490384615384616 0.4326923076923077 0.6033653846153846 0.4326923076923077
23 0.5336538461538461 0.41346153846153844 0.5817307692307693 0.41346153846153844 0.5817307692307693 0.4326923076923077 0.5336538461538461 0.4326923076923077
23 0.6057692307692307 0.4495192307692308 0.6490384615384616 0.4495192307692308 0.6490384615384616 0.5120192307692307 0.6057692307692307 0.5120192307692307
23 0.5384615384615384 0.4495192307692308 0.5793269230769231 0.4495192307692308 0.5793269230769231 0.5120192307692307 0.5384615384615384 0.5120192307692307
23 0.39903846153846156 0.4495192307692308 0.4423076923076923 0.4495192307692308 0.4423076923076923 0.5120192307692307 0.39903846153846156 0.5120192307692307
23 0.3317307692307692 0.4495192307692308 0.375 0.4495192307692308 0.375 0.5120192307692307 0.3317307692307692 0.5120192307692307
4 0.33653846153846156 0.13942307692307693 0.6490384615384616 0.13942307692307693 0.6490384615384616 0.24519230769230768 0.33653846153846156 0.24519230769230768
23 0.39663461538461536 0.41346153846153844 0.44471153846153844 0.41346153846153844 0.44471153846153844 0.4326923076923077 0.39663461538461536 0.4326923076923077
23 0.3293269230769231 0.41346153846153844 0.37740384615384615 0.41346153846153844 0.37740384615384615 0.4326923076923077 0.3293269230769231 0.4326923076923077
23 0.6009615384615384 0.5961538461538461 0.6466346153846154 0.5961538461538461 0.6466346153846154 0.6153846153846154 0.6009615384615384 0.6153846153846154
23 0.5336538461538461 0.5961538461538461 0.5817307692307693 0.5961538461538461 0.5817307692307693 0.6153846153846154 0.5336538461538461 0.6153846153846154
23 0.3942307692307692 0.5961538461538461 0.4423076923076923 0.5961538461538461 0.4423076923076923 0.6153846153846154 0.3942307692307692 0.6153846153846154
23 0.3293269230769231 0.5961538461538461 0.37740384615384615 0.5961538461538461 0.37740384615384615 0.6153846153846154 0.3293269230769231 0.6153846153846154
4 0.5192307692307693 0.35096153846153844 0.6706730769230769 0.35096153846153844 0.6706730769230769 0.375 0.5192307692307693 0.375
4 0.31009615384615385 0.35096153846153844 0.46153846153846156 0.35096153846153844 0.46153846153846156 0.375 0.31009615384615385 0.375
5 0.28125 0.2668269230769231 0.3269230769230769 0.2668269230769231 0.3269230769230769 0.31971153846153844 0.28125 0.31971153846153844
5 0.6538461538461539 0.2644230769230769 0.7019230769230769 0.2644230769230769 0.7019230769230769 0.31490384615384615 0.6538461538461539 0.31490384615384615
14 0.38461538461538464 0.7572115384615384 0.5841346153846154 0.7572115384615384 0.5841346153846154 0.90625 0.38461538461538464 0.90625
8 0.6394230769230769 0.8149038461538461 0.6947115384615384 0.8149038461538461 0.6947115384615384 0.9086538461538461 0.6394230769230769 0.9086538461538461
8 0.27884615384615385 0.8149038461538461 0.33413461538461536 0.8149038461538461 0.33413461538461536 0.9086538461538461 0.27884615384615385 0.9086538461538461
23 0.28125 0.7596153846153846 0.33413461538461536 0.7596153846153846 0.33413461538461536 0.7716346153846154 0.28125 0.7716346153846154
23 0.6418269230769231 0.7596153846153846 0.6947115384615384 0.7596153846153846 0.6947115384615384 0.7716346153846154 0.6418269230769231 0.7716346153846154
12 0.2403846153846154 0.34134615384615385 0.7379807692307693 0.34134615384615385 0.7379807692307693 0.3557692307692308 0.2403846153846154 0.3557692307692308
12 0.2403846153846154 0.7019230769230769 0.7379807692307693 0.7019230769230769 0.7379807692307693 0.71875 0.2403846153846154 0.71875
12 0.2403846153846154 0.5168269230769231 0.7379807692307693 0.5168269230769231 0.7379807692307693 0.53125 0.2403846153846154 0.53125
5 0.4206730769230769 0.5096153846153846 0.5576923076923077 0.5096153846153846 0.5576923076923077 0.5697115384615384 0.4206730769230769 0.5697115384615384
4 0.3004807692307692 0.5480769230769231 0.47836538461538464 0.5480769230769231 0.47836538461538464 0.5721153846153846 0.3004807692307692 0.5721153846153846
4 0.5024038461538461 0.5480769230769231 0.6826923076923077 0.5480769230769231 0.6826923076923077 0.5721153846153846 0.5024038461538461 0.5721153846153846
17 0.33413461538461536 0.7451923076923077 0.38221153846153844 0.7451923076923077 0.38221153846153844 0.9110576923076923 0.33413461538461536 0.9110576923076923
17 0.5913461538461539 0.7451923076923077 0.6370192307692307 0.7451923076923077 0.6370192307692307 0.9110576923076923 0.5913461538461539 0.9110576923076923
17 0.6971153846153846 0.7451923076923077 0.7403846153846154 0.7451923076923077 0.7403846153846154 0.9110576923076923 0.6971153846153846 0.9110576923076923
17 0.23076923076923078 0.7475961538461539 0.27403846153846156 0.7475961538461539 0.27403846153846156 0.9110576923076923 0.23076923076923078 0.9110576923076923
2 0.2283653846153846 0.0625 0.7403846153846154 0.0625 0.7403846153846154 0.9110576923076923 0.2283653846153846 0.9110576923076923
10 0.23076923076923078 0.06490384615384616 0.7403846153846154 0.06490384615384616 0.7403846153846154 0.9134615384615384 0.23076923076923078 0.9134615384615384
5 0.6850961538461539 0.3485576923076923 0.7139423076923077 0.3485576923076923 0.7139423076923077 0.38461538461538464 0.6850961538461539 0.38461538461538464
5 0.6850961538461539 0.5384615384615384 0.7139423076923077 0.5384615384615384 0.7139423076923077 0.5745192307692307 0.6850961538461539 0.5745192307692307
5 0.2692307692307692 0.3485576923076923 0.2980769230769231 0.3485576923076923 0.2980769230769231 0.38461538461538464 0.2692307692307692 0.38461538461538464
5 0.2692307692307692 0.5360576923076923 0.2980769230769231 0.5360576923076923 0.2980769230769231 0.5721153846153846 0.2692307692307692 0.5721153846153846