16 0.6105769230769231 0.13221153846153846 0.6923076923076923 0.13221153846153846 0.6923076923076923 0.14182692307692307 0.6105769230769231 0.14182692307692307
16 0.31971153846153844 0.13221153846153846 0.4014423076923077 0.13221153846153846 0.4014423076923077 0.14182692307692307 0.31971153846153844 0.14182692307692307
16 0.4182692307692308 0.13221153846153846 0.5 0.13221153846153846 0.5 0.14182692307692307 0.4182692307692308 0.14182692307692307
16 0.5120192307692307 0.13221153846153846 0.5961538461538461 0.13221153846153846 0.5961538461538461 0.14182692307692307 0.5120192307692307 0.14182692307692307
16 0.3004807692307692 0.5673076923076923 0.7115384615384616 0.5673076923076923 0.7115384615384616 0.5745192307692307 0.3004807692307692 0.5745192307692307
16 0.3004807692307692 0.28365384615384615 0.7115384615384616 0.28365384615384615 0.7115384615384616 0.2932692307692308 0.3004807692307692 0.2932692307692308
16 0.3004807692307692 0.4254807692307692 0.7115384615384616 0.4254807692307692 0.7115384615384616 0.4326923076923077 0.3004807692307692 0.4326923076923077
16 0.2956730769230769 0.7307692307692307 0.7139423076923077 0.7307692307692307 0.7139423076923077 0.7379807692307693 0.2956730769230769 0.7379807692307693
17 0.3004807692307692 0.5841346153846154 0.3293269230769231 0.5841346153846154 0.3293269230769231 0.7259615384615384 0.3004807692307692 0.7259615384615384
17 0.6850961538461539 0.5841346153846154 0.7115384615384616 0.5841346153846154 0.7115384615384616 0.7259615384615384 0.6850961538461539 0.7259615384615384
17 0.39663461538461536 0.5841346153846154 0.4230769230769231 0.5841346153846154 0.4230769230769231 0.7259615384615384 0.39663461538461536 0.7259615384615384
17 0.49278846153846156 0.5841346153846154 0.5192307692307693 0.5841346153846154 0.5192307692307693 0.7259615384615384 0.49278846153846156 0.7259615384615384
17 0.5889423076923077 0.5841346153846154 0.6153846153846154 0.5841346153846154 0.6153846153846154 0.7259615384615384 0.5889423076923077 0.7259615384615384
17 0.3004807692307692 0.1778846153846154 0.3269230769230769 0.1778846153846154 0.3269230769230769 0.27403846153846156 0.3004807692307692 0.27403846153846156
17 0.6850961538461539 0.1778846153846154 0.7139423076923077 0.1778846153846154 0.7139423076923077 0.27163461538461536 0.6850961538461539 0.27163461538461536
17 0.39663461538461536 0.17548076923076922 0.4230769230769231 0.17548076923076922 0.4230769230769231 0.27403846153846156 0.39663461538461536 0.27403846153846156
17 0.49278846153846156 0.17548076923076922 0.5168269230769231 0.17548076923076922 0.5168269230769231 0.27403846153846156 0.49278846153846156 0.27403846153846156
17 0.5889423076923077 0.17548076923076922 0.6129807692307693 0.17548076923076922 0.6129807692307693 0.27163461538461536 0.5889423076923077 0.27163461538461536
17 0.3004807692307692 0.44711538461538464 0.3269230769230769 0.44711538461538464 0.3269230769230769 0.5600961538461539 0.3004807692307692 0.5600961538461539
17 0.6850961538461539 0.44711538461538464 0.7139423076923077 0.44711538461538464 0.7139423076923077 0.5600961538461539 0.6850961538461539 0.5600961538461539
17 0.39663461538461536 0.44711538461538464 0.4230769230769231 0.44711538461538464 0.4230769230769231 0.5600961538461539 0.39663461538461536 0.5600961538461539
17 0.49278846153846156 0.44711538461538464 0.5168269230769231 0.44711538461538464 0.5168269230769231 0.5600961538461539 0.49278846153846156 0.5600961538461539
17 0.5889423076923077 0.44711538461538464 0.6129807692307693 0.44711538461538464 0.6129807692307693 0.5576923076923077 0.5889423076923077 0.5576923076923077
17 0.3004807692307692 0.31009615384615385 0.3269230769230769 0.31009615384615385 0.3269230769230769 0.41586538461538464 0.3004807692307692 0.41586538461538464
17 0.6850961538461539 0.31009615384615385 0.7139423076923077 0.31009615384615385 0.7139423076923077 0.41346153846153844 0.6850961538461539 0.41346153846153844
17 0.39663461538461536 0.31009615384615385 0.4230769230769231 0.31009615384615385 0.4230769230769231 0.41586538461538464 0.39663461538461536 0.41586538461538464
17 0.49278846153846156 0.31009615384615385 0.5168269230769231 0.31009615384615385 0.5168269230769231 0.41346153846153844 0.49278846153846156 0.41346153846153844
17 0.5889423076923077 0.31009615384615385 0.6129807692307693 0.31009615384615385 0.6129807692307693 0.41346153846153844 0.5889423076923077 0.41346153846153844
14 0.6201923076923077 0.2091346153846154 0.6730769230769231 0.2091346153846154 0.6730769230769231 0.2764423076923077 0.6201923076923077 0.2764423076923077
14 0.34134615384615385 0.21153846153846154 0.3942307692307692 0.21153846153846154 0.3942307692307692 0.27884615384615385 0.34134615384615385 0.27884615384615385
14 0.43509615384615385 0.21153846153846154 0.4855769230769231 0.21153846153846154 0.4855769230769231 0.27884615384615385 0.43509615384615385 0.27884615384615385
14 0.5264423076923077 0.21153846153846154 0.5769230769230769 0.21153846153846154 0.5769230769230769 0.27884615384615385 0.5264423076923077 0.27884615384615385
14 0.6201923076923077 0.46634615384615385 0.6730769230769231 0.46634615384615385 0.6730769230769231 0.5600961538461539 0.6201923076923077 0.5600961538461539
14 0.6201923076923077 0.6057692307692307 0.6730769230769231 0.6057692307692307 0.6730769230769231 0.7067307692307693 0.6201923076923077 0.7067307692307693
14 0.4326923076923077 0.46634615384615385 0.4855769230769231 0.46634615384615385 0.4855769230769231 0.5600961538461539 0.4326923076923077 0.5600961538461539
14 0.5264423076923077 0.46634615384615385 0.5769230769230769 0.46634615384615385 0.5769230769230769 0.5600961538461539 0.5264423076923077 0.5600961538461539
14 0.6177884615384616 0.3293269230769231 0.6706730769230769 0.3293269230769231 0.6706730769230769 0.4182692307692308 0.6177884615384616 0.4182692307692308
14 0.34134615384615385 0.3293269230769231 0.3918269230769231 0.3293269230769231 0.3918269230769231 0.4206730769230769 0.34134615384615385 0.4206730769230769
14 0.43509615384615385 0.3293269230769231 0.4855769230769231 0.3293269230769231 0.4855769230769231 0.4182692307692308 0.43509615384615385 0.4182692307692308
14 0.5264423076923077 0.3293269230769231 0.5769230769230769 0.3293269230769231 0.5769230769230769 0.4182692307692308 0.5264423076923077 0.4182692307692308
14 0.34134615384615385 0.46875 0.3918269230769231 0.46875 0.3918269230769231 0.5625 0.34134615384615385 0.5625
14 0.34134615384615385 0.6057692307692307 0.3918269230769231 0.6057692307692307 0.3918269230769231 0.7067307692307693 0.34134615384615385 0.7067307692307693
14 0.4326923076923077 0.6057692307692307 0.4831730769230769 0.6057692307692307 0.4831730769230769 0.7067307692307693 0.4326923076923077 0.7067307692307693
14 0.5264423076923077 0.6057692307692307 0.5769230769230769 0.6057692307692307 0.5769230769230769 0.7067307692307693 0.5264423076923077 0.7067307692307693
23 0.4326923076923077 0.78125 0.4831730769230769 0.78125 0.4831730769230769 0.8125 0.4326923076923077 0.8125
23 0.3389423076923077 0.78125 0.3894230769230769 0.78125 0.3894230769230769 0.8125 0.3389423076923077 0.8125
14 0.6177884615384616 0.7788461538461539 0.6802884615384616 0.7788461538461539 0.6802884615384616 0.8942307692307693 0.6177884615384616 0.8942307692307693
14 0.5216346153846154 0.7788461538461539 0.5841346153846154 0.7788461538461539 0.5841346153846154 0.8942307692307693 0.5216346153846154 0.8942307692307693
8 0.4254807692307692 0.8173076923076923 0.49038461538461536 0.8173076923076923 0.49038461538461536 0.9254807692307693 0.4254807692307692 0.9254807692307693
8 0.3317307692307692 0.8197115384615384 0.3942307692307692 0.8197115384615384 0.3942307692307692 0.9278846153846154 0.3317307692307692 0.9278846153846154
16 0.2980769230769231 0.10336538461538461 0.7115384615384616 0.10336538461538461 0.7115384615384616 0.12740384615384615 0.2980769230769231 0.12740384615384615
17 0.29086538461538464 0.7548076923076923 0.33413461538461536 0.7548076923076923 0.33413461538461536 0.9278846153846154 0.29086538461538464 0.9278846153846154
17 0.3870192307692308 0.7548076923076923 0.43028846153846156 0.7548076923076923 0.43028846153846156 0.9278846153846154 0.3870192307692308 0.9278846153846154
17 0.4831730769230769 0.7548076923076923 0.53125 0.7548076923076923 0.53125 0.9158653846153846 0.4831730769230769 0.9158653846153846
17 0.5817307692307693 0.7548076923076923 0.625 0.7548076923076923 0.625 0.9158653846153846 0.5817307692307693 0.9158653846153846
17 0.6778846153846154 0.7548076923076923 0.71875 0.7548076923076923 0.71875 0.9182692307692307 0.6778846153846154 0.9182692307692307
4 0.6057692307692307 0.1778846153846154 0.6899038461538461 0.1778846153846154 0.6899038461538461 0.21634615384615385 0.6057692307692307 0.21634615384615385
4 0.32211538461538464 0.1778846153846154 0.40384615384615385 0.1778846153846154 0.40384615384615385 0.21875 0.32211538461538464 0.21875
4 0.41586538461538464 0.1778846153846154 0.5 0.1778846153846154 0.5 0.21634615384615385 0.41586538461538464 0.21634615384615385
4 0.5096153846153846 0.1778846153846154 0.59375 0.1778846153846154 0.59375 0.21634615384615385 0.5096153846153846 0.21634615384615385
4 0.2860576923076923 0.038461538461538464 0.7235576923076923 0.038461538461538464 0.7235576923076923 0.09375 0.2860576923076923 0.09375
16 0.4230769230769231 0.07211538461538461 0.5913461538461539 0.07211538461538461 0.5913461538461539 0.09134615384615384 0.4230769230769231 0.09134615384615384
12 0.3004807692307692 0.7283653846153846 0.7139423076923077 0.7283653846153846 0.7139423076923077 0.7451923076923077 0.3004807692307692 0.7451923076923077
12 0.3004807692307692 0.28125 0.7139423076923077 0.28125 0.7139423076923077 0.2980769230769231 0.3004807692307692 0.2980769230769231
12 0.3004807692307692 0.4206730769230769 0.7139423076923077 0.4206730769230769 0.7139423076923077 0.4375 0.3004807692307692 0.4375
12 0.3004807692307692 0.5625 0.7139423076923077 0.5625 0.7139423076923077 0.5793269230769231 0.3004807692307692 0.5793269230769231
0 0.6105769230769231 0.5192307692307693 0.6923076923076923 0.5192307692307693 0.6923076923076923 0.5600961538461539 0.6105769230769231 0.5600961538461539
0 0.6105769230769231 0.3701923076923077 0.6923076923076923 0.3701923076923077 0.6923076923076923 0.41586538461538464 0.6105769230769231 0.41586538461538464
0 0.6105769230769231 0.6682692307692307 0.6947115384615384 0.6682692307692307 0.6947115384615384 0.7091346153846154 0.6105769230769231 0.7091346153846154
2 0.2860576923076923 0.038461538461538464 0.7283653846153846 0.038461538461538464 0.7283653846153846 0.9326923076923077 0.2860576923076923 0.9326923076923077
10 0.28846153846153844 0.038461538461538464 0.7283653846153846 0.038461538461538464 0.7283653846153846 0.9326923076923077 0.28846153846153844 0.9326923076923077