14 0.6586538461538461 0.41346153846153844 0.8365384615384616 0.41346153846153844 0.8365384615384616 0.71875 0.6586538461538461 0.71875
14 0.6586538461538461 0.1875 0.8413461538461539 0.1875 0.8413461538461539 0.40865384615384615 0.6586538461538461 0.40865384615384615
14 0.40625 0.21394230769230768 0.625 0.21394230769230768 0.625 0.41346153846153844 0.40625 0.41346153846153844
23 0.5360576923076923 0.4831730769230769 0.5480769230769231 0.4831730769230769 0.5480769230769231 0.6947115384615384 0.5360576923076923 0.6947115384615384
23 0.5913461538461539 0.4831730769230769 0.6033653846153846 0.4831730769230769 0.6033653846153846 0.6947115384615384 0.5913461538461539 0.6947115384615384
23 0.5649038461538461 0.4831730769230769 0.5769230769230769 0.4831730769230769 0.5769230769230769 0.6947115384615384 0.5649038461538461 0.6947115384615384
23 0.24278846153846154 0.10576923076923077 0.3798076923076923 0.10576923076923077 0.3798076923076923 0.21634615384615385 0.24278846153846154 0.21634615384615385
14 0.24519230769230768 0.2932692307692308 0.38461538461538464 0.2932692307692308 0.38461538461538464 0.4254807692307692 0.24519230769230768 0.4254807692307692
14 0.24759615384615385 0.4951923076923077 0.38461538461538464 0.4951923076923077 0.38461538461538464 0.6947115384615384 0.24759615384615385 0.6947115384615384
14 0.6394230769230769 0.4543269230769231 0.6538461538461539 0.4543269230769231 0.6538461538461539 0.71875 0.6394230769230769 0.71875
14 0.6274038461538461 0.4639423076923077 0.6370192307692307 0.4639423076923077 0.6370192307692307 0.7067307692307693 0.6274038461538461 0.7067307692307693
12 0.22115384615384615 0.4206730769230769 0.6442307692307693 0.4206730769230769 0.6442307692307693 0.44471153846153844 0.22115384615384615 0.44471153846153844
12 0.6586538461538461 0.41346153846153844 0.8413461538461539 0.41346153846153844 0.8413461538461539 0.4375 0.6586538461538461 0.4375
12 0.21634615384615385 0.16105769230769232 0.4951923076923077 0.16105769230769232 0.4951923076923077 0.19951923076923078 0.21634615384615385 0.19951923076923078
2 0.0673076923076923 0.05048076923076923 0.8774038461538461 0.05048076923076923 0.8774038461538461 0.7307692307692307 0.0673076923076923 0.7307692307692307
10 0.06490384615384616 0.04807692307692308 0.8798076923076923 0.04807692307692308 0.8798076923076923 0.7331730769230769 0.06490384615384616 0.7331730769230769
14 0.6490384615384616 0.18990384615384615 0.65625 0.18990384615384615 0.65625 0.41346153846153844 0.6490384615384616 0.41346153846153844
0 0.22355769230769232 0.35336538461538464 0.3870192307692308 0.35336538461538464 0.3870192307692308 0.4206730769230769 0.22355769230769232 0.4206730769230769