23 0.3389423076923077 0.2932692307692308 0.38461538461538464 0.2932692307692308 0.38461538461538464 0.38221153846153844 0.3389423076923077 0.38221153846153844
23 0.3389423076923077 0.5288461538461539 0.3557692307692308 0.5288461538461539 0.3557692307692308 0.6201923076923077 0.3389423076923077 0.6201923076923077
23 0.7019230769230769 0.53125 0.7548076923076923 0.53125 0.7548076923076923 0.6225961538461539 0.7019230769230769 0.6225961538461539
23 0.6706730769230769 0.2932692307692308 0.6899038461538461 0.2932692307692308 0.6899038461538461 0.38221153846153844 0.6706730769230769 0.38221153846153844
23 0.43028846153846156 0.29086538461538464 0.49278846153846156 0.29086538461538464 0.49278846153846156 0.38221153846153844 0.43028846153846156 0.38221153846153844
23 0.7379807692307693 0.4110576923076923 0.7548076923076923 0.4110576923076923 0.7548076923076923 0.5024038461538461 0.7379807692307693 0.5024038461538461
23 0.7163461538461539 0.2932692307692308 0.7548076923076923 0.2932692307692308 0.7548076923076923 0.38221153846153844 0.7163461538461539 0.38221153846153844
23 0.5384615384615384 0.29086538461538464 0.625 0.29086538461538464 0.625 0.38221153846153844 0.5384615384615384 0.38221153846153844
23 0.6081730769230769 0.4110576923076923 0.6923076923076923 0.4110576923076923 0.6923076923076923 0.5024038461538461 0.6081730769230769 0.5024038461538461
23 0.5432692307692307 0.4110576923076923 0.5793269230769231 0.4110576923076923 0.5793269230769231 0.5024038461538461 0.5432692307692307 0.5024038461538461
23 0.47115384615384615 0.40865384615384615 0.5168269230769231 0.40865384615384615 0.5168269230769231 0.5024038461538461 0.47115384615384615 0.5024038461538461
23 0.34134615384615385 0.4110576923076923 0.37740384615384615 0.4110576923076923 0.37740384615384615 0.5 0.34134615384615385 0.5
23 0.40625 0.4110576923076923 0.4230769230769231 0.4110576923076923 0.4230769230769231 0.5 0.40625 0.5
23 0.5264423076923077 0.5288461538461539 0.5985576923076923 0.5288461538461539 0.5985576923076923 0.6201923076923077 0.5264423076923077 0.6201923076923077
23 0.6274038461538461 0.53125 0.6658653846153846 0.53125 0.6658653846153846 0.6225961538461539 0.6274038461538461 0.6225961538461539
23 0.6706730769230769 0.6514423076923077 0.6899038461538461 0.6514423076923077 0.6899038461538461 0.7019230769230769 0.6706730769230769 0.7019230769230769
23 0.40384615384615385 0.5288461538461539 0.47596153846153844 0.5288461538461539 0.47596153846153844 0.6201923076923077 0.40384615384615385 0.6201923076923077
23 0.34134615384615385 0.6514423076923077 0.3942307692307692 0.6514423076923077 0.3942307692307692 0.6995192307692307 0.34134615384615385 0.6995192307692307
23 0.3389423076923077 0.7956730769230769 0.42788461538461536 0.7956730769230769 0.42788461538461536 0.8365384615384616 0.3389423076923077 0.8365384615384616
23 0.5504807692307693 0.6514423076923077 0.625 0.6514423076923077 0.625 0.7019230769230769 0.5504807692307693 0.7019230769230769
23 0.7163461538461539 0.6514423076923077 0.7524038461538461 0.6514423076923077 0.7524038461538461 0.7019230769230769 0.7163461538461539 0.7019230769230769
23 0.43990384615384615 0.6514423076923077 0.5048076923076923 0.6514423076923077 0.5048076923076923 0.6995192307692307 0.43990384615384615 0.6995192307692307
8 0.6923076923076923 0.7956730769230769 0.7644230769230769 0.7956730769230769 0.7644230769230769 0.8918269230769231 0.6923076923076923 0.8918269230769231
23 0.5552884615384616 0.7980769230769231 0.5745192307692307 0.7980769230769231 0.5745192307692307 0.8870192307692307 0.5552884615384616 0.8870192307692307
23 0.36778846153846156 0.22115384615384615 0.41586538461538464 0.22115384615384615 0.41586538461538464 0.24278846153846154 0.36778846153846156 0.24278846153846154
23 0.5216346153846154 0.22115384615384615 0.5528846153846154 0.22115384615384615 0.5528846153846154 0.24278846153846154 0.5216346153846154 0.24278846153846154
23 0.5288461538461539 0.17307692307692307 0.5793269230769231 0.17307692307692307 0.5793269230769231 0.1875 0.5288461538461539 0.1875
23 0.6009615384615384 0.22115384615384615 0.6586538461538461 0.22115384615384615 0.6586538461538461 0.24278846153846154 0.6009615384615384 0.24278846153846154
23 0.4423076923076923 0.22115384615384615 0.4855769230769231 0.22115384615384615 0.4855769230769231 0.24278846153846154 0.4423076923076923 0.24278846153846154
23 0.7043269230769231 0.22115384615384615 0.7331730769230769 0.22115384615384615 0.7331730769230769 0.24278846153846154 0.7043269230769231 0.24278846153846154
23 0.34134615384615385 0.17067307692307693 0.3605769230769231 0.17067307692307693 0.3605769230769231 0.18509615384615385 0.34134615384615385 0.18509615384615385
23 0.3870192307692308 0.17067307692307693 0.4230769230769231 0.17067307692307693 0.4230769230769231 0.18509615384615385 0.3870192307692308 0.18509615384615385
23 0.4567307692307692 0.17307692307692307 0.4831730769230769 0.17307692307692307 0.4831730769230769 0.1875 0.4567307692307692 0.1875
23 0.625 0.17307692307692307 0.6754807692307693 0.17307692307692307 0.6754807692307693 0.1875 0.625 0.1875
2 0.3004807692307692 0.1346153846153846 0.8004807692307693 0.1346153846153846 0.8004807692307693 0.9038461538461539 0.3004807692307692 0.9038461538461539
10 0.3004807692307692 0.1346153846153846 0.8004807692307693 0.1346153846153846 0.8004807692307693 0.9038461538461539 0.3004807692307692 0.9038461538461539