23 0.1971153846153846 0.19471153846153846 0.31490384615384615 0.19471153846153846 0.31490384615384615 0.3293269230769231 0.1971153846153846 0.3293269230769231
23 0.3894230769230769 0.38461538461538464 0.5216346153846154 0.38461538461538464 0.5216346153846154 0.49278846153846156 0.3894230769230769 0.49278846153846156
4 0.3894230769230769 0.3581730769230769 0.5240384615384616 0.3581730769230769 0.5240384615384616 0.38461538461538464 0.3894230769230769 0.38461538461538464
21 0.38461538461538464 0.4951923076923077 0.5264423076923077 0.4951923076923077 0.5264423076923077 0.5024038461538461 0.38461538461538464 0.5024038461538461
21 0.18990384615384615 0.3293269230769231 0.31490384615384615 0.3293269230769231 0.31490384615384615 0.33653846153846156 0.18990384615384615 0.33653846153846156
4 0.3125 0.5865384615384616 0.39903846153846156 0.5865384615384616 0.39903846153846156 0.5961538461538461 0.3125 0.5961538461538461
12 0.055288461538461536 0.5432692307692307 0.9975961538461539 0.5432692307692307 0.9975961538461539 0.5576923076923077 0.055288461538461536 0.5576923076923077
4 0.9759615384615384 0.3173076923076923 1 0.3173076923076923 1 0.35096153846153844 0.9759615384615384 0.35096153846153844
23 0.9783653846153846 0.3605769230769231 1 0.3605769230769231 1 0.46634615384615385 0.9783653846153846 0.46634615384615385
21 0.9783653846153846 0.46634615384615385 1 0.46634615384615385 1 0.47596153846153844 0.9783653846153846 0.47596153846153844
8 0.31490384615384615 0.5985576923076923 0.39663461538461536 0.5985576923076923 0.39663461538461536 0.7764423076923077 0.31490384615384615 0.7764423076923077
19 0.13942307692307693 0.055288461538461536 1 0.055288461538461536 1 0.3918269230769231 0.13942307692307693 0.3918269230769231
16 0.5576923076923077 0.7980769230769231 1 0.7980769230769231 1 0.8173076923076923 0.5576923076923077 0.8173076923076923
2 0 0.055288461538461536 1 0.055288461538461536 1 0.8173076923076923 0 0.8173076923076923