23 0.7067307692307693 0.2932692307692308 0.7620192307692307 0.2932692307692308 0.7620192307692307 0.34134615384615385 0.7067307692307693 0.34134615384615385
23 0.38461538461538464 0.2956730769230769 0.4423076923076923 0.2956730769230769 0.4423076923076923 0.34615384615384615 0.38461538461538464 0.34615384615384615
23 0.5697115384615384 0.2956730769230769 0.6274038461538461 0.2956730769230769 0.6274038461538461 0.34615384615384615 0.5697115384615384 0.34615384615384615
23 0.7139423076923077 0.38461538461538464 0.7692307692307693 0.38461538461538464 0.7692307692307693 0.44471153846153844 0.7139423076923077 0.44471153846153844
23 0.5745192307692307 0.38461538461538464 0.6274038461538461 0.38461538461538464 0.6274038461538461 0.44471153846153844 0.5745192307692307 0.44471153846153844
23 0.38461538461538464 0.38461538461538464 0.4375 0.38461538461538464 0.4375 0.44471153846153844 0.38461538461538464 0.44471153846153844
23 0.5793269230769231 0.5841346153846154 0.6298076923076923 0.5841346153846154 0.6298076923076923 0.65625 0.5793269230769231 0.65625
23 0.5769230769230769 0.4807692307692308 0.6298076923076923 0.4807692307692308 0.6298076923076923 0.5480769230769231 0.5769230769230769 0.5480769230769231
23 0.3798076923076923 0.4807692307692308 0.4375 0.4807692307692308 0.4375 0.5480769230769231 0.3798076923076923 0.5480769230769231
23 0.37740384615384615 0.5841346153846154 0.4326923076923077 0.5841346153846154 0.4326923076923077 0.65625 0.37740384615384615 0.65625
23 0.24519230769230768 0.38461538461538464 0.2980769230769231 0.38461538461538464 0.2980769230769231 0.44471153846153844 0.24519230769230768 0.44471153846153844
23 0.7211538461538461 0.4807692307692308 0.7740384615384616 0.4807692307692308 0.7740384615384616 0.5408653846153846 0.7211538461538461 0.5408653846153846
23 0.23557692307692307 0.47836538461538464 0.2932692307692308 0.47836538461538464 0.2932692307692308 0.5384615384615384 0.23557692307692307 0.5384615384615384
14 0.21153846153846154 0.5528846153846154 0.30288461538461536 0.5528846153846154 0.30288461538461536 0.6586538461538461 0.21153846153846154 0.6586538461538461
14 0.7115384615384616 0.5576923076923077 0.8004807692307693 0.5576923076923077 0.8004807692307693 0.6610576923076923 0.7115384615384616 0.6610576923076923
14 0.1971153846153846 0.6754807692307693 0.30288461538461536 0.6754807692307693 0.30288461538461536 0.8004807692307693 0.1971153846153846 0.8004807692307693
14 0.7067307692307693 0.6754807692307693 0.8149038461538461 0.6754807692307693 0.8149038461538461 0.8028846153846154 0.7067307692307693 0.8028846153846154
14 0.32211538461538464 0.6802884615384616 0.39903846153846156 0.6802884615384616 0.39903846153846156 0.8004807692307693 0.32211538461538464 0.8004807692307693
14 0.40625 0.6826923076923077 0.4807692307692308 0.6826923076923077 0.4807692307692308 0.7980769230769231 0.40625 0.7980769230769231
14 0.6129807692307693 0.6802884615384616 0.6875 0.6802884615384616 0.6875 0.8028846153846154 0.6129807692307693 0.8028846153846154
14 0.5288461538461539 0.6802884615384616 0.6057692307692307 0.6802884615384616 0.6057692307692307 0.8004807692307693 0.5288461538461539 0.8004807692307693
23 0.4879807692307692 0.6802884615384616 0.5216346153846154 0.6802884615384616 0.5216346153846154 0.7980769230769231 0.4879807692307692 0.7980769230769231
8 0.31490384615384615 0.057692307692307696 0.4182692307692308 0.057692307692307696 0.4182692307692308 0.18028846153846154 0.31490384615384615 0.18028846153846154
23 0.6418269230769231 0.19471153846153846 0.6778846153846154 0.19471153846153846 0.6778846153846154 0.21634615384615385 0.6418269230769231 0.21634615384615385
8 0.16826923076923078 0.8269230769230769 0.30528846153846156 0.8269230769230769 0.30528846153846156 0.9759615384615384 0.16826923076923078 0.9759615384615384
8 0.3245192307692308 0.8269230769230769 0.4423076923076923 0.8269230769230769 0.4423076923076923 0.9735576923076923 0.3245192307692308 0.9735576923076923
8 0.46153846153846156 0.8245192307692307 0.5480769230769231 0.8245192307692307 0.5480769230769231 0.9711538461538461 0.46153846153846156 0.9711538461538461
8 0.7019230769230769 0.8269230769230769 0.8389423076923077 0.8269230769230769 0.8389423076923077 0.9663461538461539 0.7019230769230769 0.9663461538461539
8 0.5673076923076923 0.8269230769230769 0.6850961538461539 0.8269230769230769 0.6850961538461539 0.96875 0.5673076923076923 0.96875
5 0.17067307692307693 0.6346153846153846 0.8389423076923077 0.6346153846153846 0.8389423076923077 0.6995192307692307 0.17067307692307693 0.6995192307692307
0 0.5456730769230769 0.6346153846153846 0.6610576923076923 0.6346153846153846 0.6610576923076923 0.6658653846153846 0.5456730769230769 0.6658653846153846
0 0.3485576923076923 0.6346153846153846 0.46634615384615385 0.6346153846153846 0.46634615384615385 0.6634615384615384 0.3485576923076923 0.6634615384615384
0 0.22115384615384615 0.41586538461538464 0.3173076923076923 0.41586538461538464 0.3173076923076923 0.45913461538461536 0.22115384615384615 0.45913461538461536
0 0.35336538461538464 0.5192307692307693 0.45913461538461536 0.5192307692307693 0.45913461538461536 0.5600961538461539 0.35336538461538464 0.5600961538461539
0 0.6971153846153846 0.4182692307692308 0.7908653846153846 0.4182692307692308 0.7908653846153846 0.45913461538461536 0.6971153846153846 0.45913461538461536
0 0.6947115384615384 0.32211538461538464 0.7884615384615384 0.32211538461538464 0.7884615384615384 0.3605769230769231 0.6947115384615384 0.3605769230769231
0 0.5528846153846154 0.5192307692307693 0.6514423076923077 0.5192307692307693 0.6514423076923077 0.5576923076923077 0.5528846153846154 0.5576923076923077
0 0.5528846153846154 0.41586538461538464 0.6514423076923077 0.41586538461538464 0.6514423076923077 0.4567307692307692 0.5528846153846154 0.4567307692307692
0 0.3629807692307692 0.41586538461538464 0.45913461538461536 0.41586538461538464 0.45913461538461536 0.45913461538461536 0.3629807692307692 0.45913461538461536
12 0.16105769230769232 0.65625 0.8389423076923077 0.65625 0.8389423076923077 0.6730769230769231 0.16105769230769232 0.6730769230769231
12 0.14903846153846154 0.8004807692307693 0.8485576923076923 0.8004807692307693 0.8485576923076923 0.8173076923076923 0.14903846153846154 0.8173076923076923
0 0.21875 0.5072115384615384 0.3076923076923077 0.5072115384615384 0.3076923076923077 0.5432692307692307 0.21875 0.5432692307692307
5 0.1875 0.5048076923076923 0.33413461538461536 0.5048076923076923 0.33413461538461536 0.5889423076923077 0.1875 0.5889423076923077
5 0.6826923076923077 0.5072115384615384 0.8221153846153846 0.5072115384615384 0.8221153846153846 0.5889423076923077 0.6826923076923077 0.5889423076923077
0 0.7043269230769231 0.5096153846153846 0.7908653846153846 0.5096153846153846 0.7908653846153846 0.5456730769230769 0.7043269230769231 0.5456730769230769
0 0.1971153846153846 0.3125 0.34615384615384615 0.3125 0.34615384615384615 0.35096153846153844 0.1971153846153846 0.35096153846153844
19 0.20673076923076922 0.21634615384615385 0.3269230769230769 0.21634615384615385 0.3269230769230769 0.3004807692307692 0.20673076923076922 0.3004807692307692
19 0.36538461538461536 0.10817307692307693 0.8100961538461539 0.10817307692307693 0.8100961538461539 0.2668269230769231 0.36538461538461536 0.2668269230769231
10 0.14903846153846154 0.06009615384615385 0.8509615384615384 0.06009615384615385 0.8509615384615384 0.9783653846153846 0.14903846153846154 0.9783653846153846