23 0.6586538461538461 0.6514423076923077 0.6947115384615384 0.6514423076923077 0.6947115384615384 0.7331730769230769 0.6586538461538461 0.7331730769230769
23 0.3870192307692308 0.6514423076923077 0.4230769230769231 0.6514423076923077 0.4230769230769231 0.7331730769230769 0.3870192307692308 0.7331730769230769
23 0.4495192307692308 0.6514423076923077 0.4855769230769231 0.6514423076923077 0.4855769230769231 0.7331730769230769 0.4495192307692308 0.7331730769230769
23 0.5985576923076923 0.6514423076923077 0.6346153846153846 0.6514423076923077 0.6346153846153846 0.7331730769230769 0.5985576923076923 0.7331730769230769
23 0.7019230769230769 0.8701923076923077 0.71875 0.8701923076923077 0.71875 0.9543269230769231 0.7019230769230769 0.9543269230769231
23 0.3605769230769231 0.8701923076923077 0.3798076923076923 0.8701923076923077 0.3798076923076923 0.9543269230769231 0.3605769230769231 0.9543269230769231
23 0.49038461538461536 0.8701923076923077 0.5096153846153846 0.8701923076923077 0.5096153846153846 0.9543269230769231 0.49038461538461536 0.9543269230769231
23 0.5721153846153846 0.8701923076923077 0.5913461538461539 0.8701923076923077 0.5913461538461539 0.9543269230769231 0.5721153846153846 0.9543269230769231
23 0.5721153846153846 0.7932692307692307 0.6346153846153846 0.7932692307692307 0.6346153846153846 0.8653846153846154 0.5721153846153846 0.8653846153846154
23 0.3629807692307692 0.7932692307692307 0.4254807692307692 0.7932692307692307 0.4254807692307692 0.8653846153846154 0.3629807692307692 0.8653846153846154
23 0.65625 0.7956730769230769 0.71875 0.7956730769230769 0.71875 0.8653846153846154 0.65625 0.8653846153846154
23 0.44471153846153844 0.7932692307692307 0.5072115384615384 0.7932692307692307 0.5072115384615384 0.8653846153846154 0.44471153846153844 0.8653846153846154
8 0.65625 0.8701923076923077 0.6995192307692307 0.8701923076923077 0.6995192307692307 0.9567307692307693 0.65625 0.9567307692307693
8 0.38221153846153844 0.8701923076923077 0.4254807692307692 0.8701923076923077 0.4254807692307692 0.9567307692307693 0.38221153846153844 0.9567307692307693
8 0.44711538461538464 0.8701923076923077 0.49038461538461536 0.8701923076923077 0.49038461538461536 0.9567307692307693 0.44711538461538464 0.9567307692307693
8 0.59375 0.8701923076923077 0.6370192307692307 0.8701923076923077 0.6370192307692307 0.9567307692307693 0.59375 0.9567307692307693
12 0.3245192307692308 0.7403846153846154 0.7572115384615384 0.7403846153846154 0.7572115384615384 0.7548076923076923 0.3245192307692308 0.7548076923076923
2 0.31971153846153844 0.019230769230769232 0.7620192307692307 0.019230769230769232 0.7620192307692307 0.9615384615384616 0.31971153846153844 0.9615384615384616
10 0.31971153846153844 0.019230769230769232 0.7644230769230769 0.019230769230769232 0.7644230769230769 0.9615384615384616 0.31971153846153844 0.9615384615384616
4 0.6538461538461539 0.6394230769230769 0.7019230769230769 0.6394230769230769 0.7019230769230769 0.6466346153846154 0.6538461538461539 0.6466346153846154
4 0.3701923076923077 0.5625 0.40865384615384615 0.5625 0.40865384615384615 0.5697115384615384 0.3701923076923077 0.5697115384615384
4 0.44471153846153844 0.6394230769230769 0.49278846153846156 0.6394230769230769 0.49278846153846156 0.6466346153846154 0.44471153846153844 0.6466346153846154
4 0.5913461538461539 0.6394230769230769 0.6394230769230769 0.6394230769230769 0.6394230769230769 0.6466346153846154 0.5913461538461539 0.6466346153846154
4 0.5600961538461539 0.78125 0.6394230769230769 0.78125 0.6394230769230769 0.8653846153846154 0.5600961538461539 0.8653846153846154
4 0.3485576923076923 0.78125 0.42788461538461536 0.78125 0.42788461538461536 0.8653846153846154 0.3485576923076923 0.8653846153846154
4 0.6514423076923077 0.78125 0.7307692307692307 0.78125 0.7307692307692307 0.8653846153846154 0.6514423076923077 0.8653846153846154
4 0.4423076923076923 0.78125 0.5216346153846154 0.78125 0.5216346153846154 0.8653846153846154 0.4423076923076923 0.8653846153846154
4 0.38221153846153844 0.6394230769230769 0.43028846153846156 0.6394230769230769 0.43028846153846156 0.6466346153846154 0.38221153846153844 0.6466346153846154