23 0.6490384615384616 0.25961538461538464 0.6778846153846154 0.25961538461538464 0.6778846153846154 0.34615384615384615 0.6490384615384616 0.34615384615384615
23 0.5 0.2620192307692308 0.53125 0.2620192307692308 0.53125 0.34615384615384615 0.5 0.34615384615384615
23 0.5360576923076923 0.2620192307692308 0.5673076923076923 0.2620192307692308 0.5673076923076923 0.34615384615384615 0.5360576923076923 0.34615384615384615
23 0.7956730769230769 0.35096153846153844 0.8245192307692307 0.35096153846153844 0.8245192307692307 0.46875 0.7956730769230769 0.46875
23 0.6826923076923077 0.35096153846153844 0.7139423076923077 0.35096153846153844 0.7139423076923077 0.46875 0.6826923076923077 0.46875
23 0.7211538461538461 0.35096153846153844 0.7524038461538461 0.35096153846153844 0.7524038461538461 0.46875 0.7211538461538461 0.46875
23 0.8677884615384616 0.47115384615384615 0.8990384615384616 0.47115384615384615 0.8990384615384616 0.5288461538461539 0.8677884615384616 0.5288461538461539
23 0.8317307692307693 0.47115384615384615 0.8629807692307693 0.47115384615384615 0.8629807692307693 0.5288461538461539 0.8317307692307693 0.5288461538461539
23 0.7956730769230769 0.6274038461538461 0.8245192307692307 0.6274038461538461 0.8245192307692307 0.7403846153846154 0.7956730769230769 0.7403846153846154
23 0.90625 0.6274038461538461 0.9375 0.6274038461538461 0.9375 0.7403846153846154 0.90625 0.7403846153846154
23 0.8701923076923077 0.6274038461538461 0.9014423076923077 0.6274038461538461 0.9014423076923077 0.7403846153846154 0.8701923076923077 0.7403846153846154
23 0.7211538461538461 0.5649038461538461 0.7524038461538461 0.5649038461538461 0.7524038461538461 0.6201923076923077 0.7211538461538461 0.6201923076923077
23 0.06490384615384616 0.7475961538461539 0.09134615384615384 0.7475961538461539 0.09134615384615384 0.7884615384615384 0.06490384615384616 0.7884615384615384
23 0.6850961538461539 0.6274038461538461 0.7139423076923077 0.6274038461538461 0.7139423076923077 0.7427884615384616 0.6850961538461539 0.7427884615384616
23 0.5745192307692307 0.6274038461538461 0.6057692307692307 0.6274038461538461 0.6057692307692307 0.7427884615384616 0.5745192307692307 0.7427884615384616
23 0.5384615384615384 0.75 0.5673076923076923 0.75 0.5673076923076923 0.7860576923076923 0.5384615384615384 0.7860576923076923
23 0.7572115384615384 0.75 0.7884615384615384 0.75 0.7884615384615384 0.7860576923076923 0.7572115384615384 0.7860576923076923
23 0.5 0.6274038461538461 0.53125 0.6274038461538461 0.53125 0.7427884615384616 0.5 0.7427884615384616
23 0.3557692307692308 0.6274038461538461 0.38461538461538464 0.6274038461538461 0.38461538461538464 0.7427884615384616 0.3557692307692308 0.7427884615384616
23 0.31971153846153844 0.6274038461538461 0.3485576923076923 0.6274038461538461 0.3485576923076923 0.7427884615384616 0.31971153846153844 0.7427884615384616
23 0.2091346153846154 0.6298076923076923 0.23798076923076922 0.6298076923076923 0.23798076923076922 0.7451923076923077 0.2091346153846154 0.7451923076923077
23 0.17307692307692307 0.6298076923076923 0.19951923076923078 0.6298076923076923 0.19951923076923078 0.7451923076923077 0.17307692307692307 0.7451923076923077
23 0.10096153846153846 0.6298076923076923 0.12740384615384615 0.6298076923076923 0.12740384615384615 0.7451923076923077 0.10096153846153846 0.7451923076923077
23 0.3894230769230769 0.5625 0.4206730769230769 0.5625 0.4206730769230769 0.6201923076923077 0.3894230769230769 0.6201923076923077
23 0.42788461538461536 0.5625 0.4567307692307692 0.5625 0.4567307692307692 0.6201923076923077 0.42788461538461536 0.6201923076923077
23 0 0.35336538461538464 0.019230769230769232 0.35336538461538464 0.019230769230769232 0.47115384615384615 0 0.47115384615384615
23 0.4639423076923077 0.35096153846153844 0.4951923076923077 0.35096153846153844 0.4951923076923077 0.46875 0.4639423076923077 0.46875
23 0.3894230769230769 0.35096153846153844 0.4206730769230769 0.35096153846153844 0.4206730769230769 0.46875 0.3894230769230769 0.46875
23 0.35336538461538464 0.35096153846153844 0.38461538461538464 0.35096153846153844 0.38461538461538464 0.46875 0.35336538461538464 0.46875
23 0.2091346153846154 0.35336538461538464 0.23798076923076922 0.35336538461538464 0.23798076923076922 0.47115384615384615 0.2091346153846154 0.47115384615384615
23 0.0985576923076923 0.35336538461538464 0.12980769230769232 0.35336538461538464 0.12980769230769232 0.47115384615384615 0.0985576923076923 0.47115384615384615
23 0.028846153846153848 0.35336538461538464 0.06009615384615385 0.35336538461538464 0.06009615384615385 0.47115384615384615 0.028846153846153848 0.47115384615384615
23 0.06490384615384616 0.2644230769230769 0.09375 0.2644230769230769 0.09375 0.35096153846153844 0.06490384615384616 0.35096153846153844
15 0.002403846153846154 0.5552884615384616 1 0.5552884615384616 1 0.8100961538461539 0.002403846153846154 0.8100961538461539
12 0.002403846153846154 0.5456730769230769 1 0.5456730769230769 1 0.5552884615384616 0.002403846153846154 0.5552884615384616
22 0 0.11057692307692307 1 0.11057692307692307 1 0.5456730769230769 0 0.5456730769230769
2 0 0.08413461538461539 1 0.08413461538461539 1 0.8100961538461539 0 0.8100961538461539
10 0 0.32211538461538464 1 0.32211538461538464 1 0.8100961538461539 0 0.8100961538461539
7 0.36778846153846156 0.7163461538461539 0.4951923076923077 0.7163461538461539 0.4951923076923077 0.8774038461538461 0.36778846153846156 0.8774038461538461
7 0.5072115384615384 0.7235576923076923 0.5600961538461539 0.7235576923076923 0.5600961538461539 0.8701923076923077 0.5072115384615384 0.8701923076923077
7 0.7403846153846154 0.7307692307692307 1 0.7307692307692307 1 0.9663461538461539 0.7403846153846154 0.9663461538461539