15 0.27884615384615385 0.4375 0.6899038461538461 0.4375 0.6899038461538461 0.7860576923076923 0.27884615384615385 0.7860576923076923
8 0.5649038461538461 0.5504807692307693 0.6201923076923077 0.5504807692307693 0.6201923076923077 0.7764423076923077 0.5649038461538461 0.7764423076923077
2 0.038461538461538464 0.08173076923076923 0.9254807692307693 0.08173076923076923 0.9254807692307693 0.8341346153846154 0.038461538461538464 0.8341346153846154
17 0.8004807692307693 0.44711538461538464 0.8870192307692307 0.44711538461538464 0.8870192307692307 0.8341346153846154 0.8004807692307693 0.8341346153846154
17 0.08413461538461539 0.4807692307692308 0.17548076923076922 0.4807692307692308 0.17548076923076922 0.8317307692307693 0.08413461538461539 0.8317307692307693
7 0.28365384615384615 0.7355769230769231 0.3125 0.7355769230769231 0.3125 0.8004807692307693 0.28365384615384615 0.8004807692307693
7 0.4423076923076923 0.7668269230769231 0.5024038461538461 0.7668269230769231 0.5024038461538461 0.8028846153846154 0.4423076923076923 0.8028846153846154
7 0.6682692307692307 0.7091346153846154 0.6947115384615384 0.7091346153846154 0.6947115384615384 0.7932692307692307 0.6682692307692307 0.7932692307692307
7 0.6995192307692307 0.7091346153846154 0.78125 0.7091346153846154 0.78125 0.78125 0.6995192307692307 0.78125
19 0.038461538461538464 0.08173076923076923 0.9254807692307693 0.08173076923076923 0.9254807692307693 0.5408653846153846 0.038461538461538464 0.5408653846153846
8 0.3317307692307692 0.5528846153846154 0.38461538461538464 0.5528846153846154 0.38461538461538464 0.7836538461538461 0.3317307692307692 0.7836538461538461
10 0.27884615384615385 0.1466346153846154 0.6899038461538461 0.1466346153846154 0.6899038461538461 0.7860576923076923 0.27884615384615385 0.7860576923076923