6 0.1778846153846154 0.1658653846153846 0.3918269230769231 0.1658653846153846 0.3918269230769231 0.9543269230769231 0.1778846153846154 0.9543269230769231
6 0.7403846153846154 0.22355769230769232 0.8004807692307693 0.22355769230769232 0.8004807692307693 0.9543269230769231 0.7403846153846154 0.9543269230769231
22 0.47115384615384615 0.040865384615384616 0.5721153846153846 0.040865384615384616 0.5721153846153846 0.07451923076923077 0.47115384615384615 0.07451923076923077
12 0.47115384615384615 0.9735576923076923 0.5721153846153846 0.9735576923076923 0.5721153846153846 0.9783653846153846 0.47115384615384615 0.9783653846153846
12 0.47115384615384615 0.9110576923076923 0.5721153846153846 0.9110576923076923 0.5721153846153846 0.9158653846153846 0.47115384615384615 0.9158653846153846
12 0.47115384615384615 0.8798076923076923 0.5721153846153846 0.8798076923076923 0.5721153846153846 0.8846153846153846 0.47115384615384615 0.8846153846153846
12 0.47115384615384615 0.8509615384615384 0.5721153846153846 0.8509615384615384 0.5721153846153846 0.8557692307692307 0.47115384615384615 0.8557692307692307
12 0.47115384615384615 0.8197115384615384 0.5721153846153846 0.8197115384615384 0.5721153846153846 0.8245192307692307 0.47115384615384615 0.8245192307692307
12 0.47115384615384615 0.7884615384615384 0.5721153846153846 0.7884615384615384 0.5721153846153846 0.7932692307692307 0.47115384615384615 0.7932692307692307
12 0.47115384615384615 0.7572115384615384 0.5721153846153846 0.7572115384615384 0.5721153846153846 0.7620192307692307 0.47115384615384615 0.7620192307692307
12 0.47115384615384615 0.7259615384615384 0.5721153846153846 0.7259615384615384 0.5721153846153846 0.7307692307692307 0.47115384615384615 0.7307692307692307
12 0.47115384615384615 0.6947115384615384 0.5721153846153846 0.6947115384615384 0.5721153846153846 0.6995192307692307 0.47115384615384615 0.6995192307692307
12 0.47115384615384615 0.6634615384615384 0.5721153846153846 0.6634615384615384 0.5721153846153846 0.6682692307692307 0.47115384615384615 0.6682692307692307
12 0.47115384615384615 0.6298076923076923 0.5721153846153846 0.6298076923076923 0.5721153846153846 0.6346153846153846 0.47115384615384615 0.6346153846153846
12 0.47115384615384615 0.6009615384615384 0.5721153846153846 0.6009615384615384 0.5721153846153846 0.6057692307692307 0.47115384615384615 0.6057692307692307
12 0.47115384615384615 0.5697115384615384 0.5721153846153846 0.5697115384615384 0.5721153846153846 0.5745192307692307 0.47115384615384615 0.5745192307692307
12 0.47115384615384615 0.5384615384615384 0.5721153846153846 0.5384615384615384 0.5721153846153846 0.5432692307692307 0.47115384615384615 0.5432692307692307
12 0.47115384615384615 0.5072115384615384 0.5721153846153846 0.5072115384615384 0.5721153846153846 0.5120192307692307 0.47115384615384615 0.5120192307692307
12 0.47115384615384615 0.47596153846153844 0.5721153846153846 0.47596153846153844 0.5721153846153846 0.4807692307692308 0.47115384615384615 0.4807692307692308
12 0.47115384615384615 0.44711538461538464 0.5721153846153846 0.44711538461538464 0.5721153846153846 0.4519230769230769 0.47115384615384615 0.4519230769230769
12 0.47115384615384615 0.41586538461538464 0.5721153846153846 0.41586538461538464 0.5721153846153846 0.4206730769230769 0.47115384615384615 0.4206730769230769
12 0.47115384615384615 0.3870192307692308 0.5721153846153846 0.3870192307692308 0.5721153846153846 0.3918269230769231 0.47115384615384615 0.3918269230769231
12 0.47115384615384615 0.3605769230769231 0.5721153846153846 0.3605769230769231 0.5721153846153846 0.36538461538461536 0.47115384615384615 0.36538461538461536
12 0.47115384615384615 0.3317307692307692 0.5721153846153846 0.3317307692307692 0.5721153846153846 0.33653846153846156 0.47115384615384615 0.33653846153846156
12 0.47115384615384615 0.3317307692307692 0.5721153846153846 0.3317307692307692 0.5721153846153846 0.33653846153846156 0.47115384615384615 0.33653846153846156
12 0.47115384615384615 0.3004807692307692 0.5721153846153846 0.3004807692307692 0.5721153846153846 0.30528846153846156 0.47115384615384615 0.30528846153846156
12 0.47115384615384615 0.27163461538461536 0.5721153846153846 0.27163461538461536 0.5721153846153846 0.2764423076923077 0.47115384615384615 0.2764423076923077
12 0.47115384615384615 0.24519230769230768 0.5721153846153846 0.24519230769230768 0.5721153846153846 0.25 0.47115384615384615 0.25
12 0.47115384615384615 0.22115384615384615 0.5721153846153846 0.22115384615384615 0.5721153846153846 0.22596153846153846 0.47115384615384615 0.22596153846153846
12 0.47115384615384615 0.1971153846153846 0.5721153846153846 0.1971153846153846 0.5721153846153846 0.20192307692307693 0.47115384615384615 0.20192307692307693
12 0.47115384615384615 0.17067307692307693 0.5721153846153846 0.17067307692307693 0.5721153846153846 0.17548076923076922 0.47115384615384615 0.17548076923076922
12 0.47115384615384615 0.1466346153846154 0.5721153846153846 0.1466346153846154 0.5721153846153846 0.15144230769230768 0.47115384615384615 0.15144230769230768
12 0.47115384615384615 0.12259615384615384 0.5721153846153846 0.12259615384615384 0.5721153846153846 0.12740384615384615 0.47115384615384615 0.12740384615384615
12 0.47115384615384615 0.0985576923076923 0.5721153846153846 0.0985576923076923 0.5721153846153846 0.10336538461538461 0.47115384615384615 0.10336538461538461
15 0.46875 0.9759615384615384 0.5721153846153846 0.9759615384615384 0.5721153846153846 1 0.46875 1
12 0.47115384615384615 0.07451923076923077 0.5721153846153846 0.07451923076923077 0.5721153846153846 0.07932692307692307 0.47115384615384615 0.07932692307692307
11 0.47115384615384615 0.07932692307692307 0.5721153846153846 0.07932692307692307 0.5721153846153846 0.09615384615384616 0.47115384615384615 0.09615384615384616
11 0.47115384615384615 0.10096153846153846 0.5721153846153846 0.10096153846153846 0.5721153846153846 0.12259615384615384 0.47115384615384615 0.12259615384615384
11 0.47115384615384615 0.12740384615384615 0.5721153846153846 0.12740384615384615 0.5721153846153846 0.1466346153846154 0.47115384615384615 0.1466346153846154
11 0.47115384615384615 0.15144230769230768 0.5721153846153846 0.15144230769230768 0.5721153846153846 0.17067307692307693 0.47115384615384615 0.17067307692307693
11 0.47115384615384615 0.17548076923076922 0.5721153846153846 0.17548076923076922 0.5721153846153846 0.1971153846153846 0.47115384615384615 0.1971153846153846
11 0.47115384615384615 0.19951923076923078 0.5721153846153846 0.19951923076923078 0.5721153846153846 0.22115384615384615 0.47115384615384615 0.22115384615384615
11 0.47115384615384615 0.22596153846153846 0.5721153846153846 0.22596153846153846 0.5721153846153846 0.24519230769230768 0.47115384615384615 0.24519230769230768
11 0.47115384615384615 0.25 0.5721153846153846 0.25 0.5721153846153846 0.27163461538461536 0.47115384615384615 0.27163461538461536
11 0.47115384615384615 0.2764423076923077 0.5721153846153846 0.2764423076923077 0.5721153846153846 0.3004807692307692 0.47115384615384615 0.3004807692307692
11 0.47115384615384615 0.30528846153846156 0.5721153846153846 0.30528846153846156 0.5721153846153846 0.3317307692307692 0.47115384615384615 0.3317307692307692
11 0.47115384615384615 0.33653846153846156 0.5721153846153846 0.33653846153846156 0.5721153846153846 0.3605769230769231 0.47115384615384615 0.3605769230769231
11 0.47115384615384615 0.3629807692307692 0.5721153846153846 0.3629807692307692 0.5721153846153846 0.3870192307692308 0.47115384615384615 0.3870192307692308
11 0.47115384615384615 0.3918269230769231 0.5721153846153846 0.3918269230769231 0.5721153846153846 0.41586538461538464 0.47115384615384615 0.41586538461538464
11 0.47115384615384615 0.4206730769230769 0.5721153846153846 0.4206730769230769 0.5721153846153846 0.44471153846153844 0.47115384615384615 0.44471153846153844
11 0.47115384615384615 0.4495192307692308 0.5721153846153846 0.4495192307692308 0.5721153846153846 0.47596153846153844 0.47115384615384615 0.47596153846153844
11 0.47115384615384615 0.4807692307692308 0.5721153846153846 0.4807692307692308 0.5721153846153846 0.5072115384615384 0.47115384615384615 0.5072115384615384
11 0.47115384615384615 0.5120192307692307 0.5721153846153846 0.5120192307692307 0.5721153846153846 0.5384615384615384 0.47115384615384615 0.5384615384615384
11 0.47115384615384615 0.5432692307692307 0.5721153846153846 0.5432692307692307 0.5721153846153846 0.5697115384615384 0.47115384615384615 0.5697115384615384
11 0.47115384615384615 0.5721153846153846 0.5721153846153846 0.5721153846153846 0.5721153846153846 0.6009615384615384 0.47115384615384615 0.6009615384615384
11 0.47115384615384615 0.6057692307692307 0.5721153846153846 0.6057692307692307 0.5721153846153846 0.6298076923076923 0.47115384615384615 0.6298076923076923
11 0.47115384615384615 0.6346153846153846 0.5721153846153846 0.6346153846153846 0.5721153846153846 0.6634615384615384 0.47115384615384615 0.6634615384615384
11 0.47115384615384615 0.6682692307692307 0.5721153846153846 0.6682692307692307 0.5721153846153846 0.6947115384615384 0.47115384615384615 0.6947115384615384
11 0.47115384615384615 0.6995192307692307 0.5721153846153846 0.6995192307692307 0.5721153846153846 0.7259615384615384 0.47115384615384615 0.7259615384615384
11 0.47115384615384615 0.7283653846153846 0.5721153846153846 0.7283653846153846 0.5721153846153846 0.7572115384615384 0.47115384615384615 0.7572115384615384
11 0.47115384615384615 0.7620192307692307 0.5721153846153846 0.7620192307692307 0.5721153846153846 0.7884615384615384 0.47115384615384615 0.7884615384615384
11 0.47115384615384615 0.7932692307692307 0.5721153846153846 0.7932692307692307 0.5721153846153846 0.8197115384615384 0.47115384615384615 0.8197115384615384
11 0.47115384615384615 0.8245192307692307 0.5721153846153846 0.8245192307692307 0.5721153846153846 0.8509615384615384 0.47115384615384615 0.8509615384615384
11 0.47115384615384615 0.8557692307692307 0.5721153846153846 0.8557692307692307 0.5721153846153846 0.8798076923076923 0.47115384615384615 0.8798076923076923
11 0.47115384615384615 0.8846153846153846 0.5721153846153846 0.8846153846153846 0.5721153846153846 0.9110576923076923 0.47115384615384615 0.9110576923076923
11 0.47115384615384615 0.9158653846153846 0.5721153846153846 0.9158653846153846 0.5721153846153846 0.9423076923076923 0.47115384615384615 0.9423076923076923
12 0.47115384615384615 0.9423076923076923 0.5721153846153846 0.9423076923076923 0.5721153846153846 0.9471153846153846 0.47115384615384615 0.9471153846153846
11 0.47115384615384615 0.9471153846153846 0.5721153846153846 0.9471153846153846 0.5721153846153846 0.9735576923076923 0.47115384615384615 0.9735576923076923
2 0 0.03125 0.7980769230769231 0.03125 0.7980769230769231 1 0 1
7 0.4014423076923077 0.8894230769230769 1 0.8894230769230769 1 1 0.4014423076923077 1
7 0.16105769230769232 0.9807692307692307 0.23798076923076922 0.9807692307692307 0.23798076923076922 1 0.16105769230769232 1
7 0.057692307692307696 0.9879807692307693 0.10817307692307693 0.9879807692307693 0.10817307692307693 1 0.057692307692307696 1
10 0.3894230769230769 0.06971153846153846 0.6514423076923077 0.06971153846153846 0.6514423076923077 1 0.3894230769230769 1