23 0.38461538461538464 0.5625 0.4855769230769231 0.5625 0.4855769230769231 0.7331730769230769 0.38461538461538464 0.7331730769230769
23 0.3894230769230769 0.4182692307692308 0.4831730769230769 0.4182692307692308 0.4831730769230769 0.5649038461538461 0.3894230769230769 0.5649038461538461
23 0.49278846153846156 0.37740384615384615 0.7067307692307693 0.37740384615384615 0.7067307692307693 0.7379807692307693 0.49278846153846156 0.7379807692307693
23 0.5913461538461539 0.59375 0.6971153846153846 0.59375 0.6971153846153846 0.7379807692307693 0.5913461538461539 0.7379807692307693
23 0.2620192307692308 0.4879807692307692 0.3557692307692308 0.4879807692307692 0.3557692307692308 0.7355769230769231 0.2620192307692308 0.7355769230769231
23 0.19471153846153846 0.49759615384615385 0.25240384615384615 0.49759615384615385 0.25240384615384615 0.5913461538461539 0.19471153846153846 0.5913461538461539
23 0.14182692307692307 0.6826923076923077 0.17548076923076922 0.6826923076923077 0.17548076923076922 0.7283653846153846 0.14182692307692307 0.7283653846153846
23 0.08413461538461539 0.5889423076923077 0.17307692307692307 0.5889423076923077 0.17307692307692307 0.71875 0.08413461538461539 0.71875
23 0.12740384615384615 0.5168269230769231 0.18028846153846154 0.5168269230769231 0.18028846153846154 0.5889423076923077 0.12740384615384615 0.5889423076923077
23 0.08173076923076923 0.5408653846153846 0.1201923076923077 0.5408653846153846 0.1201923076923077 0.6370192307692307 0.08173076923076923 0.6370192307692307
23 0.038461538461538464 0.5576923076923077 0.07211538461538461 0.5576923076923077 0.07211538461538461 0.6850961538461539 0.038461538461538464 0.6850961538461539
23 0.007211538461538462 0.5793269230769231 0.05048076923076923 0.5793269230769231 0.05048076923076923 0.71875 0.007211538461538462 0.71875
23 0.007211538461538462 0.6778846153846154 0.026442307692307692 0.6778846153846154 0.026442307692307692 0.7235576923076923 0.007211538461538462 0.7235576923076923
10 0 0.25721153846153844 0.7620192307692307 0.25721153846153844 0.7620192307692307 0.7692307692307693 0 0.7692307692307693
15 0 0.25721153846153844 0.7620192307692307 0.25721153846153844 0.7620192307692307 0.7692307692307693 0 0.7692307692307693
2 0 0.25721153846153844 1 0.25721153846153844 1 0.7716346153846154 0 0.7716346153846154
7 0.18990384615384615 0.5889423076923077 0.27884615384615385 0.5889423076923077 0.27884615384615385 0.8557692307692307 0.18990384615384615 0.8557692307692307
7 0.35096153846153844 0.6634615384615384 0.375 0.6634615384615384 0.375 0.7668269230769231 0.35096153846153844 0.7668269230769231
7 0.01201923076923077 0.65625 0.02403846153846154 0.65625 0.02403846153846154 0.7548076923076923 0.01201923076923077 0.7548076923076923
7 0.03365384615384615 0.7259615384615384 0.05048076923076923 0.7259615384615384 0.05048076923076923 0.7620192307692307 0.03365384615384615 0.7620192307692307
7 0.37740384615384615 0.7403846153846154 0.38461538461538464 0.7403846153846154 0.38461538461538464 0.7884615384615384 0.37740384615384615 0.7884615384615384