14 0.20673076923076922 0.31490384615384615 0.4326923076923077 0.31490384615384615 0.4326923076923077 0.6442307692307693 0.20673076923076922 0.6442307692307693
23 0.21153846153846154 0.5216346153846154 0.30288461538461536 0.5216346153846154 0.30288461538461536 0.6466346153846154 0.21153846153846154 0.6466346153846154
14 0.5504807692307693 0.30528846153846156 0.6466346153846154 0.30528846153846156 0.6466346153846154 0.6514423076923077 0.5504807692307693 0.6514423076923077
23 0.6754807692307693 0.21153846153846154 0.7163461538461539 0.21153846153846154 0.7163461538461539 0.2956730769230769 0.6754807692307693 0.2956730769230769
23 0.6778846153846154 0.3942307692307692 0.7163461538461539 0.3942307692307692 0.7163461538461539 0.4855769230769231 0.6778846153846154 0.4855769230769231
23 0.6778846153846154 0.5793269230769231 0.71875 0.5793269230769231 0.71875 0.6586538461538461 0.6778846153846154 0.6586538461538461
23 0.7524038461538461 0.6105769230769231 0.7932692307692307 0.6105769230769231 0.7932692307692307 0.6850961538461539 0.7524038461538461 0.6850961538461539
23 0.7524038461538461 0.42788461538461536 0.7956730769230769 0.42788461538461536 0.7956730769230769 0.5048076923076923 0.7524038461538461 0.5048076923076923
23 0.75 0.24278846153846154 0.7956730769230769 0.24278846153846154 0.7956730769230769 0.3173076923076923 0.75 0.3173076923076923
23 0.6057692307692307 0.18509615384615385 0.6201923076923077 0.18509615384615385 0.6201923076923077 0.24519230769230768 0.6057692307692307 0.24519230769230768
23 0.5552884615384616 0.19230769230769232 0.5769230769230769 0.19230769230769232 0.5769230769230769 0.24519230769230768 0.5552884615384616 0.24519230769230768
23 0.41346153846153844 0.19230769230769232 0.43990384615384615 0.19230769230769232 0.43990384615384615 0.24278846153846154 0.41346153846153844 0.24278846153846154
23 0.3557692307692308 0.038461538461538464 0.375 0.038461538461538464 0.375 0.2283653846153846 0.3557692307692308 0.2283653846153846
23 0.1201923076923077 0.3293269230769231 0.13221153846153846 0.3293269230769231 0.13221153846153846 0.6947115384615384 0.1201923076923077 0.6947115384615384
23 0.15865384615384615 0.3125 0.1658653846153846 0.3125 0.1658653846153846 0.46634615384615385 0.15865384615384615 0.46634615384615385
23 0.15865384615384615 0.5144230769230769 0.1658653846153846 0.5144230769230769 0.1658653846153846 0.6850961538461539 0.15865384615384615 0.6850961538461539
8 0.2091346153846154 0.7860576923076923 0.31971153846153844 0.7860576923076923 0.31971153846153844 0.9567307692307693 0.2091346153846154 0.9567307692307693
8 0.38221153846153844 0.7860576923076923 0.49038461538461536 0.7860576923076923 0.49038461538461536 0.9615384615384616 0.38221153846153844 0.9615384615384616
8 0.6658653846153846 0.7860576923076923 0.7451923076923077 0.7860576923076923 0.7451923076923077 0.9567307692307693 0.6658653846153846 0.9567307692307693
20 0.5456730769230769 0.7091346153846154 0.6610576923076923 0.7091346153846154 0.6610576923076923 0.7596153846153846 0.5456730769230769 0.7596153846153846
8 0.8365384615384616 0.18028846153846154 0.9182692307692307 0.18028846153846154 0.9182692307692307 0.2644230769230769 0.8365384615384616 0.2644230769230769
0 0.8221153846153846 0.22355769230769232 0.9927884615384616 0.22355769230769232 0.9927884615384616 0.2668269230769231 0.8221153846153846 0.2668269230769231
23 0.8365384615384616 0.10817307692307693 0.9158653846153846 0.10817307692307693 0.9158653846153846 0.14903846153846154 0.8365384615384616 0.14903846153846154
23 0.5360576923076923 0.32211538461538464 0.5432692307692307 0.32211538461538464 0.5432692307692307 0.6514423076923077 0.5360576923076923 0.6514423076923077
23 0.6514423076923077 0.33413461538461536 0.6610576923076923 0.33413461538461536 0.6610576923076923 0.6538461538461539 0.6514423076923077 0.6538461538461539
8 0.09134615384615384 0.7860576923076923 0.10096153846153846 0.7860576923076923 0.10096153846153846 0.9567307692307693 0.09134615384615384 0.9567307692307693
20 0.07932692307692307 0.7235576923076923 0.10336538461538461 0.7235576923076923 0.10336538461538461 0.7956730769230769 0.07932692307692307 0.7956730769230769
23 0.20192307692307693 0.7427884615384616 0.3173076923076923 0.7427884615384616 0.3173076923076923 0.7668269230769231 0.20192307692307693 0.7668269230769231
23 0.3798076923076923 0.7427884615384616 0.49278846153846156 0.7427884615384616 0.49278846153846156 0.7668269230769231 0.3798076923076923 0.7668269230769231
23 0.6682692307692307 0.7427884615384616 0.7451923076923077 0.7427884615384616 0.7451923076923077 0.7620192307692307 0.6682692307692307 0.7620192307692307
8 0.5576923076923077 0.78125 0.6153846153846154 0.78125 0.6153846153846154 0.9567307692307693 0.5576923076923077 0.9567307692307693
14 0.8701923076923077 0.3173076923076923 0.9543269230769231 0.3173076923076923 0.9543269230769231 0.6394230769230769 0.8701923076923077 0.6394230769230769
19 0.3870192307692308 0.036057692307692304 0.6586538461538461 0.036057692307692304 0.6586538461538461 0.19471153846153846 0.3870192307692308 0.19471153846153846
23 0.27884615384615385 0.10576923076923077 0.31971153846153844 0.10576923076923077 0.31971153846153844 0.18269230769230768 0.27884615384615385 0.18269230769230768
0 0.05048076923076923 0.16826923076923078 0.6754807692307693 0.16826923076923078 0.6754807692307693 0.3076923076923077 0.05048076923076923 0.3076923076923077
2 0.02403846153846154 0.004807692307692308 0.9951923076923077 0.004807692307692308 0.9951923076923077 0.9951923076923077 0.02403846153846154 0.9951923076923077
8 0.8461538461538461 0.7692307692307693 0.9086538461538461 0.7692307692307693 0.9086538461538461 0.9879807692307693 0.8461538461538461 0.9879807692307693
10 0.026442307692307692 0.004807692307692308 0.9927884615384616 0.004807692307692308 0.9927884615384616 0.9975961538461539 0.026442307692307692 0.9975961538461539