23 0.4326923076923077 0.2644230769230769 0.44711538461538464 0.2644230769230769 0.44711538461538464 0.3269230769230769 0.4326923076923077 0.3269230769230769
23 0.24278846153846154 0.2644230769230769 0.2668269230769231 0.2644230769230769 0.2668269230769231 0.3269230769230769 0.24278846153846154 0.3269230769230769
23 0.30528846153846156 0.2644230769230769 0.40865384615384615 0.2644230769230769 0.40865384615384615 0.3317307692307692 0.30528846153846156 0.3317307692307692
14 0.3076923076923077 0.5552884615384616 0.49278846153846156 0.5552884615384616 0.49278846153846156 0.7860576923076923 0.3076923076923077 0.7860576923076923
23 0.6899038461538461 0.41346153846153844 0.7163461538461539 0.41346153846153844 0.7163461538461539 0.4951923076923077 0.6899038461538461 0.4951923076923077
23 0.15865384615384615 0.4182692307692308 0.27403846153846156 0.4182692307692308 0.27403846153846156 0.5 0.15865384615384615 0.5
23 0.6153846153846154 0.7019230769230769 0.7884615384615384 0.7019230769230769 0.7884615384615384 0.7860576923076923 0.6153846153846154 0.7860576923076923
23 0.22115384615384615 0.5480769230769231 0.27403846153846156 0.5480769230769231 0.27403846153846156 0.6418269230769231 0.22115384615384615 0.6418269230769231
23 0.6274038461538461 0.5865384615384616 0.6610576923076923 0.5865384615384616 0.6610576923076923 0.6346153846153846 0.6274038461538461 0.6346153846153846
23 0.6153846153846154 0.41346153846153844 0.6730769230769231 0.41346153846153844 0.6730769230769231 0.4951923076923077 0.6153846153846154 0.4951923076923077
23 0.8413461538461539 0.4110576923076923 0.9759615384615384 0.4110576923076923 0.9759615384615384 0.4951923076923077 0.8413461538461539 0.4951923076923077
23 0.2091346153846154 0.7043269230769231 0.2860576923076923 0.7043269230769231 0.2860576923076923 0.7235576923076923 0.2091346153846154 0.7235576923076923
8 0.2091346153846154 0.7259615384615384 0.2860576923076923 0.7259615384615384 0.2860576923076923 0.7908653846153846 0.2091346153846154 0.7908653846153846
2 0 0.13942307692307693 1 0.13942307692307693 1 0.8100961538461539 0 0.8100961538461539
14 0.02403846153846154 0.4951923076923077 0.10576923076923077 0.4951923076923077 0.10576923076923077 0.7908653846153846 0.02403846153846154 0.7908653846153846
12 0.3076923076923077 0.6466346153846154 0.49278846153846156 0.6466346153846154 0.49278846153846156 0.6850961538461539 0.3076923076923077 0.6850961538461539
10 0 0.14182692307692307 1 0.14182692307692307 1 0.8052884615384616 0 0.8052884615384616