23 0.6730769230769231 0.15384615384615385 0.8365384615384616 0.15384615384615385 0.8365384615384616 0.33413461538461536 0.6730769230769231 0.33413461538461536
24 0.6706730769230769 0.13942307692307693 0.8461538461538461 0.13942307692307693 0.8461538461538461 0.33653846153846156 0.6706730769230769 0.33653846153846156
23 0.1658653846153846 0.15384615384615385 0.3293269230769231 0.15384615384615385 0.3293269230769231 0.33413461538461536 0.1658653846153846 0.33413461538461536
24 0.6706730769230769 0.3894230769230769 0.8461538461538461 0.3894230769230769 0.8461538461538461 0.5889423076923077 0.6706730769230769 0.5889423076923077
24 0.15865384615384615 0.13942307692307693 0.3317307692307692 0.13942307692307693 0.3317307692307692 0.33653846153846156 0.15865384615384615 0.33653846153846156
24 0.15865384615384615 0.3918269230769231 0.3317307692307692 0.3918269230769231 0.3317307692307692 0.5889423076923077 0.15865384615384615 0.5889423076923077
23 0.6778846153846154 0.4014423076923077 0.8413461538461539 0.4014423076923077 0.8413461538461539 0.5913461538461539 0.6778846153846154 0.5913461538461539
23 0.6538461538461539 0.7091346153846154 0.8653846153846154 0.7091346153846154 0.8653846153846154 0.9567307692307693 0.6538461538461539 0.9567307692307693
23 0.16346153846153846 0.4014423076923077 0.3269230769230769 0.4014423076923077 0.3269230769230769 0.5889423076923077 0.16346153846153846 0.5889423076923077
1 0.1658653846153846 0.15384615384615385 0.3293269230769231 0.15384615384615385 0.3293269230769231 0.33413461538461536 0.1658653846153846 0.33413461538461536
1 0.6730769230769231 0.15384615384615385 0.8365384615384616 0.15384615384615385 0.8365384615384616 0.33413461538461536 0.6730769230769231 0.33413461538461536
23 0.13942307692307693 0.7091346153846154 0.35096153846153844 0.7091346153846154 0.35096153846153844 0.9567307692307693 0.13942307692307693 0.9567307692307693
1 0.6538461538461539 0.7091346153846154 0.8653846153846154 0.7091346153846154 0.8653846153846154 0.9567307692307693 0.6538461538461539 0.9567307692307693
1 0.13942307692307693 0.7091346153846154 0.35096153846153844 0.7091346153846154 0.35096153846153844 0.9567307692307693 0.13942307692307693 0.9567307692307693
4 0.6490384615384616 0.6802884615384616 0.8701923076923077 0.6802884615384616 0.8701923076923077 0.7043269230769231 0.6490384615384616 0.7043269230769231
4 0.13221153846153846 0.6802884615384616 0.3557692307692308 0.6802884615384616 0.3557692307692308 0.7043269230769231 0.13221153846153846 0.7043269230769231
17 0.4230769230769231 0.30288461538461536 0.5769230769230769 0.30288461538461536 0.5769230769230769 0.9543269230769231 0.4230769230769231 0.9543269230769231
4 0.17307692307692307 0.03365384615384615 0.3004807692307692 0.03365384615384615 0.3004807692307692 0.11298076923076923 0.17307692307692307 0.11298076923076923
4 0.7019230769230769 0.03125 0.8245192307692307 0.03125 0.8245192307692307 0.11538461538461539 0.7019230769230769 0.11538461538461539
5 0.37259615384615385 0.0625 0.6298076923076923 0.0625 0.6298076923076923 0.14423076923076922 0.37259615384615385 0.14423076923076922
5 0.002403846153846154 0.0625 0.10817307692307693 0.0625 0.10817307692307693 0.11298076923076923 0.002403846153846154 0.11298076923076923
5 0.8894230769230769 0.0625 1 0.0625 1 0.11298076923076923 0.8894230769230769 0.11298076923076923
5 0.052884615384615384 0.625 0.42788461538461536 0.625 0.42788461538461536 0.6514423076923077 0.052884615384615384 0.6514423076923077
5 0.5769230769230769 0.6274038461538461 0.9471153846153846 0.6274038461538461 0.9471153846153846 0.6514423076923077 0.5769230769230769 0.6514423076923077
1 0.625 0.38461538461538464 0.6754807692307693 0.38461538461538464 0.6754807692307693 0.5889423076923077 0.625 0.5889423076923077
1 0.8461538461538461 0.3870192307692308 0.8966346153846154 0.3870192307692308 0.8966346153846154 0.5889423076923077 0.8461538461538461 0.5889423076923077
1 0.31971153846153844 0.38461538461538464 0.36778846153846156 0.38461538461538464 0.36778846153846156 0.5889423076923077 0.31971153846153844 0.5889423076923077
1 0.11057692307692307 0.38461538461538464 0.1658653846153846 0.38461538461538464 0.1658653846153846 0.5889423076923077 0.11057692307692307 0.5889423076923077
0 0.5913461538461539 0.5168269230769231 0.9495192307692307 0.5168269230769231 0.9495192307692307 0.59375 0.5913461538461539 0.59375
0 0.052884615384615384 0.5168269230769231 0.4182692307692308 0.5168269230769231 0.4182692307692308 0.59375 0.052884615384615384 0.59375
0 0.0985576923076923 0.8774038461538461 0.9158653846153846 0.8774038461538461 0.9158653846153846 0.9567307692307693 0.0985576923076923 0.9567307692307693
11 0.002403846153846154 0.03365384615384615 0.9975961538461539 0.03365384615384615 0.9975961538461539 0.33653846153846156 0.002403846153846154 0.33653846153846156
12 0.002403846153846154 0.59375 0.9975961538461539 0.59375 0.9975961538461539 0.6033653846153846 0.002403846153846154 0.6033653846153846
12 0.002403846153846154 0.021634615384615384 0.9975961538461539 0.021634615384615384 0.9975961538461539 0.03125 0.002403846153846154 0.03125
12 0.002403846153846154 0.9591346153846154 0.9975961538461539 0.9591346153846154 0.9975961538461539 0.96875 0.002403846153846154 0.96875
11 0.002403846153846154 0.6057692307692307 0.9975961538461539 0.6057692307692307 0.9975961538461539 0.9591346153846154 0.002403846153846154 0.9591346153846154
11 0.002403846153846154 0.34615384615384615 0.9975961538461539 0.34615384615384615 0.9975961538461539 0.59375 0.002403846153846154 0.59375
12 0.002403846153846154 0.33413461538461536 0.9975961538461539 0.33413461538461536 0.9975961538461539 0.34615384615384615 0.002403846153846154 0.34615384615384615
2 0.002403846153846154 0 0.9975961538461539 0 0.9975961538461539 1 0.002403846153846154 1
10 0.002403846153846154 0 0.9975961538461539 0 0.9975961538461539 1 0.002403846153846154 1