8 0.5793269230769231 0.7403846153846154 0.8173076923076923 0.7403846153846154 0.8173076923076923 0.9302884615384616 0.5793269230769231 0.9302884615384616
9 0.5336538461538461 0.71875 0.8149038461538461 0.71875 0.8149038461538461 0.9591346153846154 0.5336538461538461 0.9591346153846154
23 0.1658653846153846 0.7331730769230769 0.43028846153846156 0.7331730769230769 0.43028846153846156 0.8870192307692307 0.1658653846153846 0.8870192307692307
24 0.1466346153846154 0.7211538461538461 0.43990384615384615 0.7211538461538461 0.43990384615384615 0.90625 0.1466346153846154 0.90625
23 0.11538461538461539 0.35096153846153844 0.40384615384615385 0.35096153846153844 0.40384615384615385 0.4423076923076923 0.11538461538461539 0.4423076923076923
24 0.0625 0.3173076923076923 0.40384615384615385 0.3173076923076923 0.40384615384615385 0.4423076923076923 0.0625 0.4423076923076923
23 0.9567307692307693 0.3581730769230769 1 0.3581730769230769 1 0.4423076923076923 0.9567307692307693 0.4423076923076923
24 0.9567307692307693 0.3173076923076923 1 0.3173076923076923 1 0.4423076923076923 0.9567307692307693 0.4423076923076923
24 0.06009615384615385 0 0.40384615384615385 0 0.40384615384615385 0.04807692307692308 0.06009615384615385 0.04807692307692308
23 0.10817307692307693 0 0.40384615384615385 0 0.40384615384615385 0.04807692307692308 0.10817307692307693 0.04807692307692308
23 0.9615384615384616 0.004807692307692308 1 0.004807692307692308 1 0.04807692307692308 0.9615384615384616 0.04807692307692308
24 0.9519230769230769 0 1 0 1 0.04807692307692308 0.9519230769230769 0.04807692307692308
12 0 0.24759615384615385 1 0.24759615384615385 1 0.27163461538461536 0 0.27163461538461536
12 0 0.47115384615384615 1 0.47115384615384615 1 0.4951923076923077 0 0.4951923076923077
11 0 0 1 0 1 0.06490384615384616 0 0.06490384615384616
12 0 0.0673076923076923 1 0.0673076923076923 1 0.09134615384615384 0 0.09134615384615384
12 0 0.6682692307692307 1 0.6682692307692307 1 0.6923076923076923 0 0.6923076923076923
11 0 0.6899038461538461 1 0.6899038461538461 1 1 0 1
11 0 0.4951923076923077 1 0.4951923076923077 1 0.6682692307692307 0 0.6682692307692307
11 0 0.27163461538461536 1 0.27163461538461536 1 0.46875 0 0.46875
11 0 0.0889423076923077 1 0.0889423076923077 1 0.24759615384615385 0 0.24759615384615385
2 0 0 1 0 1 1 0 1
23 0.9567307692307693 0.49759615384615385 1 0.49759615384615385 1 0.5144230769230769 0.9567307692307693 0.5144230769230769
10 0 0 1 0 1 1 0 1