21 0.8918269230769231 0.96875 0.9879807692307693 0.96875 0.9879807692307693 0.9759615384615384 0.8918269230769231 0.9759615384615384
23 0.014423076923076924 0.9158653846153846 0.09615384615384616 0.9158653846153846 0.09615384615384616 0.9759615384615384 0.014423076923076924 0.9759615384615384
25 0.009615384615384616 0.9086538461538461 0.10096153846153846 0.9086538461538461 0.10096153846153846 0.9735576923076923 0.009615384615384616 0.9735576923076923
21 0.007211538461538462 0.9735576923076923 0.10336538461538461 0.9735576923076923 0.10336538461538461 0.9807692307692307 0.007211538461538462 0.9807692307692307
23 0.13701923076923078 0.9158653846153846 0.21875 0.9158653846153846 0.21875 0.9759615384615384 0.13701923076923078 0.9759615384615384
25 0.13221153846153846 0.9086538461538461 0.22355769230769232 0.9086538461538461 0.22355769230769232 0.9735576923076923 0.13221153846153846 0.9735576923076923
21 0.12980769230769232 0.9735576923076923 0.22596153846153846 0.9735576923076923 0.22596153846153846 0.9807692307692307 0.12980769230769232 0.9807692307692307
23 0.25961538461538464 0.9134615384615384 0.34134615384615385 0.9134615384615384 0.34134615384615385 0.9735576923076923 0.25961538461538464 0.9735576923076923
25 0.2548076923076923 0.9086538461538461 0.34615384615384615 0.9086538461538461 0.34615384615384615 0.9735576923076923 0.2548076923076923 0.9735576923076923
21 0.25240384615384615 0.9735576923076923 0.3485576923076923 0.9735576923076923 0.3485576923076923 0.9807692307692307 0.25240384615384615 0.9807692307692307
23 0.3894230769230769 0.9110576923076923 0.47115384615384615 0.9110576923076923 0.47115384615384615 0.9711538461538461 0.3894230769230769 0.9711538461538461
25 0.38461538461538464 0.9086538461538461 0.47596153846153844 0.9086538461538461 0.47596153846153844 0.9711538461538461 0.38461538461538464 0.9711538461538461
23 0.5192307692307693 0.9110576923076923 0.6009615384615384 0.9110576923076923 0.6009615384615384 0.9711538461538461 0.5192307692307693 0.9711538461538461
25 0.5120192307692307 0.9086538461538461 0.6057692307692307 0.9086538461538461 0.6057692307692307 0.9711538461538461 0.5120192307692307 0.9711538461538461
23 0.6490384615384616 0.9110576923076923 0.7307692307692307 0.9110576923076923 0.7307692307692307 0.9711538461538461 0.6490384615384616 0.9711538461538461
25 0.6418269230769231 0.90625 0.7331730769230769 0.90625 0.7331730769230769 0.9711538461538461 0.6418269230769231 0.9711538461538461
21 0.6418269230769231 0.9711538461538461 0.7379807692307693 0.9711538461538461 0.7379807692307693 0.9783653846153846 0.6418269230769231 0.9783653846153846
23 0.7764423076923077 0.9110576923076923 0.8557692307692307 0.9110576923076923 0.8557692307692307 0.9711538461538461 0.7764423076923077 0.9711538461538461
25 0.7692307692307693 0.90625 0.8629807692307693 0.90625 0.8629807692307693 0.9711538461538461 0.7692307692307693 0.9711538461538461
23 0.9014423076923077 0.03125 0.9831730769230769 0.03125 0.9831730769230769 0.09134615384615384 0.9014423076923077 0.09134615384615384
25 0.8942307692307693 0.02403846153846154 0.9879807692307693 0.02403846153846154 0.9879807692307693 0.0889423076923077 0.8942307692307693 0.0889423076923077
21 0.8942307692307693 0.0889423076923077 0.9903846153846154 0.0889423076923077 0.9903846153846154 0.09615384615384616 0.8942307692307693 0.09615384615384616
23 0.021634615384615384 0.026442307692307692 0.10336538461538461 0.026442307692307692 0.10336538461538461 0.08653846153846154 0.021634615384615384 0.08653846153846154
25 0.014423076923076924 0.021634615384615384 0.10817307692307693 0.021634615384615384 0.10817307692307693 0.08653846153846154 0.014423076923076924 0.08653846153846154
21 0.01201923076923077 0.08653846153846154 0.10817307692307693 0.08653846153846154 0.10817307692307693 0.09375 0.01201923076923077 0.09375
23 0.14423076923076922 0.026442307692307692 0.22596153846153846 0.026442307692307692 0.22596153846153846 0.08653846153846154 0.14423076923076922 0.08653846153846154
25 0.13701923076923078 0.021634615384615384 0.23076923076923078 0.021634615384615384 0.23076923076923078 0.08653846153846154 0.13701923076923078 0.08653846153846154
21 0.1346153846153846 0.08653846153846154 0.23076923076923078 0.08653846153846154 0.23076923076923078 0.09375 0.1346153846153846 0.09375
23 0.2644230769230769 0.026442307692307692 0.34615384615384615 0.026442307692307692 0.34615384615384615 0.08653846153846154 0.2644230769230769 0.08653846153846154
25 0.25961538461538464 0.021634615384615384 0.35096153846153844 0.021634615384615384 0.35096153846153844 0.08653846153846154 0.25961538461538464 0.08653846153846154
21 0.25721153846153844 0.08653846153846154 0.35336538461538464 0.08653846153846154 0.35336538461538464 0.09375 0.25721153846153844 0.09375
23 0.39663461538461536 0.026442307692307692 0.47836538461538464 0.026442307692307692 0.47836538461538464 0.08653846153846154 0.39663461538461536 0.08653846153846154
25 0.3894230769230769 0.021634615384615384 0.4831730769230769 0.021634615384615384 0.4831730769230769 0.08653846153846154 0.3894230769230769 0.08653846153846154
21 0.3870192307692308 0.08653846153846154 0.4831730769230769 0.08653846153846154 0.4831730769230769 0.09375 0.3870192307692308 0.09375
23 0.5240384615384616 0.026442307692307692 0.6057692307692307 0.026442307692307692 0.6057692307692307 0.08653846153846154 0.5240384615384616 0.08653846153846154
25 0.5168269230769231 0.021634615384615384 0.6105769230769231 0.021634615384615384 0.6105769230769231 0.08653846153846154 0.5168269230769231 0.08653846153846154
21 0.5168269230769231 0.08653846153846154 0.6129807692307693 0.08653846153846154 0.6129807692307693 0.09375 0.5168269230769231 0.09375
23 0.6538461538461539 0.03125 0.7355769230769231 0.03125 0.7355769230769231 0.09134615384615384 0.6538461538461539 0.09134615384615384
25 0.6466346153846154 0.02403846153846154 0.7403846153846154 0.02403846153846154 0.7403846153846154 0.0889423076923077 0.6466346153846154 0.0889423076923077
21 0.6442307692307693 0.0889423076923077 0.7403846153846154 0.0889423076923077 0.7403846153846154 0.09615384615384616 0.6442307692307693 0.09615384615384616
23 0.78125 0.03125 0.8629807692307693 0.03125 0.8629807692307693 0.09134615384615384 0.78125 0.09134615384615384
25 0.7740384615384616 0.02403846153846154 0.8677884615384616 0.02403846153846154 0.8677884615384616 0.0889423076923077 0.7740384615384616 0.0889423076923077
21 0.7716346153846154 0.0889423076923077 0.8677884615384616 0.0889423076923077 0.8677884615384616 0.09615384615384616 0.7716346153846154 0.09615384615384616
23 0.9014423076923077 0.15144230769230768 0.9831730769230769 0.15144230769230768 0.9831730769230769 0.21153846153846154 0.9014423076923077 0.21153846153846154
25 0.8942307692307693 0.1466346153846154 0.9879807692307693 0.1466346153846154 0.9879807692307693 0.21153846153846154 0.8942307692307693 0.21153846153846154
21 0.8942307692307693 0.21153846153846154 0.9903846153846154 0.21153846153846154 0.9903846153846154 0.21875 0.8942307692307693 0.21875
23 0.021634615384615384 0.14903846153846154 0.10336538461538461 0.14903846153846154 0.10336538461538461 0.2091346153846154 0.021634615384615384 0.2091346153846154
25 0.014423076923076924 0.14182692307692307 0.10817307692307693 0.14182692307692307 0.10817307692307693 0.2091346153846154 0.014423076923076924 0.2091346153846154
21 0.01201923076923077 0.2091346153846154 0.10817307692307693 0.2091346153846154 0.10817307692307693 0.21394230769230768 0.01201923076923077 0.21394230769230768
23 0.14423076923076922 0.14903846153846154 0.22596153846153846 0.14903846153846154 0.22596153846153846 0.2091346153846154 0.14423076923076922 0.2091346153846154
25 0.13701923076923078 0.14182692307692307 0.23076923076923078 0.14182692307692307 0.23076923076923078 0.2091346153846154 0.13701923076923078 0.2091346153846154
21 0.1346153846153846 0.2091346153846154 0.23076923076923078 0.2091346153846154 0.23076923076923078 0.21394230769230768 0.1346153846153846 0.21394230769230768
23 0.2644230769230769 0.14903846153846154 0.34615384615384615 0.14903846153846154 0.34615384615384615 0.2091346153846154 0.2644230769230769 0.2091346153846154
25 0.25961538461538464 0.14182692307692307 0.35096153846153844 0.14182692307692307 0.35096153846153844 0.2091346153846154 0.25961538461538464 0.2091346153846154
21 0.25721153846153844 0.2091346153846154 0.35336538461538464 0.2091346153846154 0.35336538461538464 0.21394230769230768 0.25721153846153844 0.21394230769230768
23 0.39663461538461536 0.14903846153846154 0.47836538461538464 0.14903846153846154 0.47836538461538464 0.2091346153846154 0.39663461538461536 0.2091346153846154
25 0.3894230769230769 0.14182692307692307 0.4831730769230769 0.14182692307692307 0.4831730769230769 0.2091346153846154 0.3894230769230769 0.2091346153846154
21 0.3870192307692308 0.2091346153846154 0.4831730769230769 0.2091346153846154 0.4831730769230769 0.21394230769230768 0.3870192307692308 0.21394230769230768
23 0.5240384615384616 0.14903846153846154 0.6057692307692307 0.14903846153846154 0.6057692307692307 0.2091346153846154 0.5240384615384616 0.2091346153846154
25 0.5168269230769231 0.14182692307692307 0.6105769230769231 0.14182692307692307 0.6105769230769231 0.2091346153846154 0.5168269230769231 0.2091346153846154
21 0.5168269230769231 0.2091346153846154 0.6129807692307693 0.2091346153846154 0.6129807692307693 0.21394230769230768 0.5168269230769231 0.21394230769230768
23 0.6538461538461539 0.15144230769230768 0.7355769230769231 0.15144230769230768 0.7355769230769231 0.21153846153846154 0.6538461538461539 0.21153846153846154
25 0.6466346153846154 0.1466346153846154 0.7403846153846154 0.1466346153846154 0.7403846153846154 0.21153846153846154 0.6466346153846154 0.21153846153846154
21 0.6442307692307693 0.21153846153846154 0.7403846153846154 0.21153846153846154 0.7403846153846154 0.21875 0.6442307692307693 0.21875
23 0.78125 0.15144230769230768 0.8629807692307693 0.15144230769230768 0.8629807692307693 0.21153846153846154 0.78125 0.21153846153846154
25 0.7740384615384616 0.1466346153846154 0.8677884615384616 0.1466346153846154 0.8677884615384616 0.21153846153846154 0.7740384615384616 0.21153846153846154
21 0.7716346153846154 0.21153846153846154 0.8677884615384616 0.21153846153846154 0.8677884615384616 0.21875 0.7716346153846154 0.21875
23 0.9014423076923077 0.28365384615384615 0.9831730769230769 0.28365384615384615 0.9831730769230769 0.34375 0.9014423076923077 0.34375
25 0.8942307692307693 0.2764423076923077 0.9879807692307693 0.2764423076923077 0.9879807692307693 0.34375 0.8942307692307693 0.34375
21 0.8942307692307693 0.34375 0.9903846153846154 0.34375 0.9903846153846154 0.3485576923076923 0.8942307692307693 0.3485576923076923
23 0.021634615384615384 0.28125 0.10336538461538461 0.28125 0.10336538461538461 0.34134615384615385 0.021634615384615384 0.34134615384615385
25 0.014423076923076924 0.27403846153846156 0.10817307692307693 0.27403846153846156 0.10817307692307693 0.34134615384615385 0.014423076923076924 0.34134615384615385
21 0.01201923076923077 0.34134615384615385 0.10817307692307693 0.34134615384615385 0.10817307692307693 0.34615384615384615 0.01201923076923077 0.34615384615384615
23 0.14423076923076922 0.28125 0.22596153846153846 0.28125 0.22596153846153846 0.34134615384615385 0.14423076923076922 0.34134615384615385
25 0.13701923076923078 0.27403846153846156 0.23076923076923078 0.27403846153846156 0.23076923076923078 0.34134615384615385 0.13701923076923078 0.34134615384615385
21 0.1346153846153846 0.34134615384615385 0.23076923076923078 0.34134615384615385 0.23076923076923078 0.34615384615384615 0.1346153846153846 0.34615384615384615
23 0.2644230769230769 0.28125 0.34615384615384615 0.28125 0.34615384615384615 0.34134615384615385 0.2644230769230769 0.34134615384615385
25 0.25961538461538464 0.27403846153846156 0.35096153846153844 0.27403846153846156 0.35096153846153844 0.34134615384615385 0.25961538461538464 0.34134615384615385
21 0.25721153846153844 0.34134615384615385 0.35336538461538464 0.34134615384615385 0.35336538461538464 0.34615384615384615 0.25721153846153844 0.34615384615384615
23 0.39663461538461536 0.28125 0.47836538461538464 0.28125 0.47836538461538464 0.34134615384615385 0.39663461538461536 0.34134615384615385
25 0.3870192307692308 0.27403846153846156 0.4807692307692308 0.27403846153846156 0.4807692307692308 0.34134615384615385 0.3870192307692308 0.34134615384615385
21 0.38461538461538464 0.34134615384615385 0.4807692307692308 0.34134615384615385 0.4807692307692308 0.34615384615384615 0.38461538461538464 0.34615384615384615
23 0.5240384615384616 0.28125 0.6057692307692307 0.28125 0.6057692307692307 0.34134615384615385 0.5240384615384616 0.34134615384615385
25 0.5144230769230769 0.27403846153846156 0.6105769230769231 0.27403846153846156 0.6105769230769231 0.34134615384615385 0.5144230769230769 0.34134615384615385
21 0.5144230769230769 0.34134615384615385 0.6105769230769231 0.34134615384615385 0.6105769230769231 0.34615384615384615 0.5144230769230769 0.34615384615384615
23 0.6514423076923077 0.28365384615384615 0.7331730769230769 0.28365384615384615 0.7331730769230769 0.34375 0.6514423076923077 0.34375
25 0.6442307692307693 0.2764423076923077 0.7379807692307693 0.2764423076923077 0.7379807692307693 0.34375 0.6442307692307693 0.34375
21 0.6442307692307693 0.34375 0.7403846153846154 0.34375 0.7403846153846154 0.3485576923076923 0.6442307692307693 0.3485576923076923
23 0.78125 0.28365384615384615 0.8629807692307693 0.28365384615384615 0.8629807692307693 0.34375 0.78125 0.34375
25 0.7740384615384616 0.2764423076923077 0.8677884615384616 0.2764423076923077 0.8677884615384616 0.34375 0.7740384615384616 0.34375
21 0.7716346153846154 0.34375 0.8677884615384616 0.34375 0.8677884615384616 0.3485576923076923 0.7716346153846154 0.3485576923076923
23 0.8990384615384616 0.41586538461538464 0.9807692307692307 0.41586538461538464 0.9807692307692307 0.47596153846153844 0.8990384615384616 0.47596153846153844
25 0.8918269230769231 0.40865384615384615 0.9855769230769231 0.40865384615384615 0.9855769230769231 0.47596153846153844 0.8918269230769231 0.47596153846153844
21 0.8918269230769231 0.47596153846153844 0.9879807692307693 0.47596153846153844 0.9879807692307693 0.4807692307692308 0.8918269230769231 0.4807692307692308
23 0.019230769230769232 0.41346153846153844 0.10096153846153846 0.41346153846153844 0.10096153846153846 0.4735576923076923 0.019230769230769232 0.4735576923076923
25 0.01201923076923077 0.40625 0.10576923076923077 0.40625 0.10576923076923077 0.4735576923076923 0.01201923076923077 0.4735576923076923
21 0.009615384615384616 0.4735576923076923 0.10576923076923077 0.4735576923076923 0.10576923076923077 0.47836538461538464 0.009615384615384616 0.47836538461538464
23 0.13942307692307693 0.41346153846153844 0.22115384615384615 0.41346153846153844 0.22115384615384615 0.4735576923076923 0.13942307692307693 0.4735576923076923
25 0.1346153846153846 0.40625 0.22596153846153846 0.40625 0.22596153846153846 0.4735576923076923 0.1346153846153846 0.4735576923076923
21 0.13221153846153846 0.4735576923076923 0.2283653846153846 0.4735576923076923 0.2283653846153846 0.47836538461538464 0.13221153846153846 0.47836538461538464
23 0.2620192307692308 0.41346153846153844 0.34375 0.41346153846153844 0.34375 0.4735576923076923 0.2620192307692308 0.4735576923076923
25 0.25721153846153844 0.40625 0.3485576923076923 0.40625 0.3485576923076923 0.4735576923076923 0.25721153846153844 0.4735576923076923
21 0.2548076923076923 0.4735576923076923 0.35096153846153844 0.4735576923076923 0.35096153846153844 0.47836538461538464 0.2548076923076923 0.47836538461538464
23 0.3942307692307692 0.41346153846153844 0.47596153846153844 0.41346153846153844 0.47596153846153844 0.4735576923076923 0.3942307692307692 0.4735576923076923
25 0.3870192307692308 0.40625 0.4807692307692308 0.40625 0.4807692307692308 0.4735576923076923 0.3870192307692308 0.4735576923076923
21 0.38461538461538464 0.4735576923076923 0.4807692307692308 0.4735576923076923 0.4807692307692308 0.47836538461538464 0.38461538461538464 0.47836538461538464
23 0.5216346153846154 0.41346153846153844 0.6033653846153846 0.41346153846153844 0.6033653846153846 0.4735576923076923 0.5216346153846154 0.4735576923076923
25 0.5144230769230769 0.40625 0.6081730769230769 0.40625 0.6081730769230769 0.4735576923076923 0.5144230769230769 0.4735576923076923
21 0.5120192307692307 0.4735576923076923 0.6081730769230769 0.4735576923076923 0.6081730769230769 0.47836538461538464 0.5120192307692307 0.47836538461538464
23 0.6490384615384616 0.41586538461538464 0.7307692307692307 0.41586538461538464 0.7307692307692307 0.47596153846153844 0.6490384615384616 0.47596153846153844
25 0.6442307692307693 0.40865384615384615 0.7355769230769231 0.40865384615384615 0.7355769230769231 0.47596153846153844 0.6442307692307693 0.47596153846153844
21 0.6418269230769231 0.47596153846153844 0.7379807692307693 0.47596153846153844 0.7379807692307693 0.4807692307692308 0.6418269230769231 0.4807692307692308
23 0.7788461538461539 0.41586538461538464 0.8605769230769231 0.41586538461538464 0.8605769230769231 0.47596153846153844 0.7788461538461539 0.47596153846153844
25 0.7716346153846154 0.40865384615384615 0.8653846153846154 0.40865384615384615 0.8653846153846154 0.47596153846153844 0.7716346153846154 0.47596153846153844
21 0.7692307692307693 0.47596153846153844 0.8653846153846154 0.47596153846153844 0.8653846153846154 0.4807692307692308 0.7692307692307693 0.4807692307692308
23 0.8990384615384616 0.5480769230769231 0.9807692307692307 0.5480769230769231 0.9807692307692307 0.6081730769230769 0.8990384615384616 0.6081730769230769
25 0.8918269230769231 0.5408653846153846 0.9855769230769231 0.5408653846153846 0.9855769230769231 0.6081730769230769 0.8918269230769231 0.6081730769230769
21 0.8918269230769231 0.6081730769230769 0.9879807692307693 0.6081730769230769 0.9879807692307693 0.6129807692307693 0.8918269230769231 0.6129807692307693
23 0.019230769230769232 0.5456730769230769 0.10096153846153846 0.5456730769230769 0.10096153846153846 0.6057692307692307 0.019230769230769232 0.6057692307692307
25 0.009615384615384616 0.5384615384615384 0.10336538461538461 0.5384615384615384 0.10336538461538461 0.6033653846153846 0.009615384615384616 0.6033653846153846
21 0.009615384615384616 0.6033653846153846 0.10336538461538461 0.6033653846153846 0.10336538461538461 0.6105769230769231 0.009615384615384616 0.6105769230769231
23 0.13942307692307693 0.5456730769230769 0.22115384615384615 0.5456730769230769 0.22115384615384615 0.6057692307692307 0.13942307692307693 0.6057692307692307
25 0.1346153846153846 0.5384615384615384 0.22596153846153846 0.5384615384615384 0.22596153846153846 0.6033653846153846 0.1346153846153846 0.6033653846153846
21 0.13221153846153846 0.6033653846153846 0.2283653846153846 0.6033653846153846 0.2283653846153846 0.6105769230769231 0.13221153846153846 0.6105769230769231
23 0.2620192307692308 0.5456730769230769 0.34375 0.5456730769230769 0.34375 0.6057692307692307 0.2620192307692308 0.6057692307692307
25 0.25721153846153844 0.5384615384615384 0.3485576923076923 0.5384615384615384 0.3485576923076923 0.6033653846153846 0.25721153846153844 0.6033653846153846
21 0.2548076923076923 0.6033653846153846 0.35096153846153844 0.6033653846153846 0.35096153846153844 0.6105769230769231 0.2548076923076923 0.6105769230769231
23 0.3942307692307692 0.5456730769230769 0.47596153846153844 0.5456730769230769 0.47596153846153844 0.6057692307692307 0.3942307692307692 0.6057692307692307
25 0.3870192307692308 0.5384615384615384 0.4807692307692308 0.5384615384615384 0.4807692307692308 0.6033653846153846 0.3870192307692308 0.6033653846153846
21 0.38461538461538464 0.6033653846153846 0.4807692307692308 0.6033653846153846 0.4807692307692308 0.6105769230769231 0.38461538461538464 0.6105769230769231
23 0.5216346153846154 0.5456730769230769 0.6033653846153846 0.5456730769230769 0.6033653846153846 0.6057692307692307 0.5216346153846154 0.6057692307692307
25 0.5144230769230769 0.5384615384615384 0.6081730769230769 0.5384615384615384 0.6081730769230769 0.6033653846153846 0.5144230769230769 0.6033653846153846
21 0.5120192307692307 0.6033653846153846 0.6081730769230769 0.6033653846153846 0.6081730769230769 0.6105769230769231 0.5120192307692307 0.6105769230769231
23 0.6490384615384616 0.5480769230769231 0.7307692307692307 0.5480769230769231 0.7307692307692307 0.6081730769230769 0.6490384615384616 0.6081730769230769
25 0.6442307692307693 0.5408653846153846 0.7355769230769231 0.5408653846153846 0.7355769230769231 0.6081730769230769 0.6442307692307693 0.6081730769230769
21 0.6418269230769231 0.6081730769230769 0.7379807692307693 0.6081730769230769 0.7379807692307693 0.6129807692307693 0.6418269230769231 0.6129807692307693
23 0.7788461538461539 0.5480769230769231 0.8605769230769231 0.5480769230769231 0.8605769230769231 0.6081730769230769 0.7788461538461539 0.6081730769230769
25 0.7716346153846154 0.5408653846153846 0.8653846153846154 0.5408653846153846 0.8653846153846154 0.6081730769230769 0.7716346153846154 0.6081730769230769
21 0.7692307692307693 0.6081730769230769 0.8653846153846154 0.6081730769230769 0.8653846153846154 0.6129807692307693 0.7692307692307693 0.6129807692307693
23 0.8966346153846154 0.6658653846153846 0.9783653846153846 0.6658653846153846 0.9783653846153846 0.7259615384615384 0.8966346153846154 0.7259615384615384
25 0.8918269230769231 0.6610576923076923 0.9831730769230769 0.6610576923076923 0.9831730769230769 0.7259615384615384 0.8918269230769231 0.7259615384615384
21 0.8894230769230769 0.7259615384615384 0.9855769230769231 0.7259615384615384 0.9855769230769231 0.7307692307692307 0.8894230769230769 0.7307692307692307
23 0.014423076923076924 0.6682692307692307 0.09615384615384616 0.6682692307692307 0.09615384615384616 0.7283653846153846 0.014423076923076924 0.7283653846153846
25 0.009615384615384616 0.6610576923076923 0.10096153846153846 0.6610576923076923 0.10096153846153846 0.7259615384615384 0.009615384615384616 0.7259615384615384
21 0.007211538461538462 0.7259615384615384 0.10336538461538461 0.7259615384615384 0.10336538461538461 0.7331730769230769 0.007211538461538462 0.7331730769230769
23 0.13701923076923078 0.6682692307692307 0.21875 0.6682692307692307 0.21875 0.7283653846153846 0.13701923076923078 0.7283653846153846
25 0.13221153846153846 0.6610576923076923 0.22355769230769232 0.6610576923076923 0.22355769230769232 0.7259615384615384 0.13221153846153846 0.7259615384615384
21 0.12980769230769232 0.7259615384615384 0.22596153846153846 0.7259615384615384 0.22596153846153846 0.7331730769230769 0.12980769230769232 0.7331730769230769
23 0.25961538461538464 0.6682692307692307 0.34134615384615385 0.6682692307692307 0.34134615384615385 0.7283653846153846 0.25961538461538464 0.7283653846153846
25 0.2548076923076923 0.6610576923076923 0.3485576923076923 0.6610576923076923 0.3485576923076923 0.7259615384615384 0.2548076923076923 0.7259615384615384
21 0.25240384615384615 0.7259615384615384 0.3485576923076923 0.7259615384615384 0.3485576923076923 0.7331730769230769 0.25240384615384615 0.7331730769230769
23 0.3894230769230769 0.6682692307692307 0.47115384615384615 0.6682692307692307 0.47115384615384615 0.7283653846153846 0.3894230769230769 0.7283653846153846
25 0.38461538461538464 0.6610576923076923 0.47596153846153844 0.6610576923076923 0.47596153846153844 0.7259615384615384 0.38461538461538464 0.7259615384615384
21 0.38221153846153844 0.7259615384615384 0.47836538461538464 0.7259615384615384 0.47836538461538464 0.7331730769230769 0.38221153846153844 0.7331730769230769
23 0.5192307692307693 0.6682692307692307 0.6009615384615384 0.6682692307692307 0.6009615384615384 0.7283653846153846 0.5192307692307693 0.7283653846153846
25 0.5120192307692307 0.6610576923076923 0.6057692307692307 0.6610576923076923 0.6057692307692307 0.7259615384615384 0.5120192307692307 0.7259615384615384
21 0.5096153846153846 0.7259615384615384 0.6057692307692307 0.7259615384615384 0.6057692307692307 0.7331730769230769 0.5096153846153846 0.7331730769230769
23 0.6490384615384616 0.6682692307692307 0.7307692307692307 0.6682692307692307 0.7307692307692307 0.7283653846153846 0.6490384615384616 0.7283653846153846
25 0.6418269230769231 0.6610576923076923 0.7355769230769231 0.6610576923076923 0.7355769230769231 0.7259615384615384 0.6418269230769231 0.7259615384615384
21 0.6418269230769231 0.7259615384615384 0.7379807692307693 0.7259615384615384 0.7379807692307693 0.7331730769230769 0.6418269230769231 0.7331730769230769
23 0.7764423076923077 0.6658653846153846 0.8581730769230769 0.6658653846153846 0.8581730769230769 0.7259615384615384 0.7764423076923077 0.7259615384615384
25 0.7716346153846154 0.6610576923076923 0.8629807692307693 0.6610576923076923 0.8629807692307693 0.7259615384615384 0.7716346153846154 0.7259615384615384
21 0.7716346153846154 0.7259615384615384 0.8653846153846154 0.7259615384615384 0.8653846153846154 0.7331730769230769 0.7716346153846154 0.7331730769230769
23 0.8990384615384616 0.7884615384615384 0.9783653846153846 0.7884615384615384 0.9783653846153846 0.8485576923076923 0.8990384615384616 0.8485576923076923
25 0.8918269230769231 0.7836538461538461 0.9831730769230769 0.7836538461538461 0.9831730769230769 0.8485576923076923 0.8918269230769231 0.8485576923076923
21 0.8894230769230769 0.8485576923076923 0.9855769230769231 0.8485576923076923 0.9855769230769231 0.8557692307692307 0.8894230769230769 0.8557692307692307
23 0.014423076923076924 0.7908653846153846 0.09615384615384616 0.7908653846153846 0.09615384615384616 0.8509615384615384 0.014423076923076924 0.8509615384615384
25 0.009615384615384616 0.7836538461538461 0.10096153846153846 0.7836538461538461 0.10096153846153846 0.8485576923076923 0.009615384615384616 0.8485576923076923
21 0.007211538461538462 0.8485576923076923 0.10336538461538461 0.8485576923076923 0.10336538461538461 0.8557692307692307 0.007211538461538462 0.8557692307692307
23 0.13701923076923078 0.7908653846153846 0.21875 0.7908653846153846 0.21875 0.8509615384615384 0.13701923076923078 0.8509615384615384
25 0.13221153846153846 0.7836538461538461 0.22355769230769232 0.7836538461538461 0.22355769230769232 0.8485576923076923 0.13221153846153846 0.8485576923076923
21 0.12980769230769232 0.8485576923076923 0.22596153846153846 0.8485576923076923 0.22596153846153846 0.8557692307692307 0.12980769230769232 0.8557692307692307
23 0.25961538461538464 0.7908653846153846 0.34134615384615385 0.7908653846153846 0.34134615384615385 0.8509615384615384 0.25961538461538464 0.8509615384615384
25 0.2548076923076923 0.7836538461538461 0.34615384615384615 0.7836538461538461 0.34615384615384615 0.8485576923076923 0.2548076923076923 0.8485576923076923
21 0.25240384615384615 0.8485576923076923 0.3485576923076923 0.8485576923076923 0.3485576923076923 0.8557692307692307 0.25240384615384615 0.8557692307692307
23 0.3894230769230769 0.7908653846153846 0.47115384615384615 0.7908653846153846 0.47115384615384615 0.8509615384615384 0.3894230769230769 0.8509615384615384
25 0.38461538461538464 0.7836538461538461 0.47596153846153844 0.7836538461538461 0.47596153846153844 0.8485576923076923 0.38461538461538464 0.8485576923076923
21 0.38221153846153844 0.8485576923076923 0.47836538461538464 0.8485576923076923 0.47836538461538464 0.8557692307692307 0.38221153846153844 0.8557692307692307
23 0.5192307692307693 0.7908653846153846 0.6009615384615384 0.7908653846153846 0.6009615384615384 0.8509615384615384 0.5192307692307693 0.8509615384615384
25 0.5120192307692307 0.7836538461538461 0.6057692307692307 0.7836538461538461 0.6057692307692307 0.8485576923076923 0.5120192307692307 0.8485576923076923
21 0.5096153846153846 0.8485576923076923 0.6057692307692307 0.8485576923076923 0.6057692307692307 0.8557692307692307 0.5096153846153846 0.8557692307692307
23 0.6466346153846154 0.7908653846153846 0.7283653846153846 0.7908653846153846 0.7283653846153846 0.8509615384615384 0.6466346153846154 0.8509615384615384
25 0.6418269230769231 0.7836538461538461 0.7331730769230769 0.7836538461538461 0.7331730769230769 0.8485576923076923 0.6418269230769231 0.8485576923076923
21 0.6418269230769231 0.8485576923076923 0.7379807692307693 0.8485576923076923 0.7379807692307693 0.8557692307692307 0.6418269230769231 0.8557692307692307
23 0.7764423076923077 0.7884615384615384 0.8581730769230769 0.7884615384615384 0.8581730769230769 0.8485576923076923 0.7764423076923077 0.8485576923076923
25 0.7692307692307693 0.7836538461538461 0.8629807692307693 0.7836538461538461 0.8629807692307693 0.8485576923076923 0.7692307692307693 0.8485576923076923
21 0.7692307692307693 0.8485576923076923 0.8629807692307693 0.8485576923076923 0.8629807692307693 0.8557692307692307 0.7692307692307693 0.8557692307692307
21 0.7692307692307693 0.9711538461538461 0.8629807692307693 0.9711538461538461 0.8629807692307693 0.9783653846153846 0.7692307692307693 0.9783653846153846
23 0.8990384615384616 0.9110576923076923 0.9783653846153846 0.9110576923076923 0.9783653846153846 0.9711538461538461 0.8990384615384616 0.9711538461538461
25 0.8918269230769231 0.90625 0.9831730769230769 0.90625 0.9831730769230769 0.9711538461538461 0.8918269230769231 0.9711538461538461
21 0.5096153846153846 0.9711538461538461 0.6081730769230769 0.9711538461538461 0.6081730769230769 0.9783653846153846 0.5096153846153846 0.9783653846153846
21 0.38221153846153844 0.9711538461538461 0.47836538461538464 0.9711538461538461 0.47836538461538464 0.9783653846153846 0.38221153846153844 0.9783653846153846
12 0 0.9903846153846154 1 0.9903846153846154 1 1 0 1
11 0 0.8846153846153846 1 0.8846153846153846 1 0.9903846153846154 0 0.9903846153846154
12 0 0.23798076923076922 1 0.23798076923076922 1 0.24759615384615385 0 0.24759615384615385
12 0 0.375 1 0.375 1 0.38461538461538464 0 0.38461538461538464
12 0 0.5048076923076923 1 0.5048076923076923 1 0.5144230769230769 0 0.5144230769230769
12 0 0.6298076923076923 1 0.6298076923076923 1 0.6394230769230769 0 0.6394230769230769
12 0 0.7524038461538461 1 0.7524038461538461 1 0.7620192307692307 0 0.7620192307692307
12 0 0.875 1 0.875 1 0.8846153846153846 0 0.8846153846153846
12 0 0.11298076923076923 1 0.11298076923076923 1 0.12259615384615384 0 0.12259615384615384
11 0 0 1 0 1 0.11057692307692307 0 0.11057692307692307
11 0 0.1201923076923077 1 0.1201923076923077 1 0.23798076923076922 0 0.23798076923076922
11 0 0.24759615384615385 1 0.24759615384615385 1 0.37259615384615385 0 0.37259615384615385
11 0 0.38221153846153844 1 0.38221153846153844 1 0.5048076923076923 0 0.5048076923076923
11 0 0.5144230769230769 1 0.5144230769230769 1 0.6298076923076923 0 0.6298076923076923
11 0 0.6394230769230769 1 0.6394230769230769 1 0.7524038461538461 0 0.7524038461538461
11 0 0.7620192307692307 1 0.7620192307692307 1 0.875 0 0.875
2 0 0 1 0 1 1 0 1
10 0 0 1 0 1 1 0 1