14 0.10576923076923077 0.37259615384615385 0.21875 0.37259615384615385 0.21875 0.5048076923076923 0.10576923076923077 0.5048076923076923
14 0.2620192307692308 0.5528846153846154 0.3942307692307692 0.5528846153846154 0.3942307692307692 0.6610576923076923 0.2620192307692308 0.6610576923076923
14 0.2644230769230769 0.40384615384615385 0.3942307692307692 0.40384615384615385 0.3942307692307692 0.5048076923076923 0.2644230769230769 0.5048076923076923
23 0.2620192307692308 0.5288461538461539 0.3942307692307692 0.5288461538461539 0.3942307692307692 0.5480769230769231 0.2620192307692308 0.5480769230769231
23 0.2644230769230769 0.38461538461538464 0.3942307692307692 0.38461538461538464 0.3942307692307692 0.39663461538461536 0.2644230769230769 0.39663461538461536
23 0.4423076923076923 0.40384615384615385 0.47115384615384615 0.40384615384615385 0.47115384615384615 0.4543269230769231 0.4423076923076923 0.4543269230769231
23 0.4423076923076923 0.45913461538461536 0.47115384615384615 0.45913461538461536 0.47115384615384615 0.5264423076923077 0.4423076923076923 0.5264423076923077
23 0.4423076923076923 0.5504807692307693 0.47115384615384615 0.5504807692307693 0.47115384615384615 0.6033653846153846 0.4423076923076923 0.6033653846153846
23 0.4423076923076923 0.6081730769230769 0.47115384615384615 0.6081730769230769 0.47115384615384615 0.8269230769230769 0.4423076923076923 0.8269230769230769
14 0.09375 0.6923076923076923 0.18028846153846154 0.6923076923076923 0.18028846153846154 0.8245192307692307 0.09375 0.8245192307692307
14 0.28125 0.6971153846153846 0.31971153846153844 0.6971153846153846 0.31971153846153844 0.8221153846153846 0.28125 0.8221153846153846
14 0.20192307692307693 0.6971153846153846 0.2403846153846154 0.6971153846153846 0.2403846153846154 0.8221153846153846 0.20192307692307693 0.8221153846153846
14 0.24278846153846154 0.6971153846153846 0.27884615384615385 0.6971153846153846 0.27884615384615385 0.8221153846153846 0.24278846153846154 0.8221153846153846
23 0.36778846153846156 0.27403846153846156 0.45913461538461536 0.27403846153846156 0.45913461538461536 0.3293269230769231 0.36778846153846156 0.3293269230769231
23 0.2620192307692308 0.2764423076923077 0.3485576923076923 0.2764423076923077 0.3485576923076923 0.3293269230769231 0.2620192307692308 0.3293269230769231
23 0.5384615384615384 0.27163461538461536 0.6346153846153846 0.27163461538461536 0.6346153846153846 0.3293269230769231 0.5384615384615384 0.3293269230769231
23 0.6610576923076923 0.27403846153846156 0.7596153846153846 0.27403846153846156 0.7596153846153846 0.3269230769230769 0.6610576923076923 0.3269230769230769
12 0.10576923076923077 0.5048076923076923 0.3942307692307692 0.5048076923076923 0.3942307692307692 0.5192307692307693 0.10576923076923077 0.5192307692307693
12 0.22115384615384615 0.6682692307692307 0.40865384615384615 0.6682692307692307 0.40865384615384615 0.6826923076923077 0.22115384615384615 0.6826923076923077
8 0.36538461538461536 0.6971153846153846 0.40625 0.6971153846153846 0.40625 0.8269230769230769 0.36538461538461536 0.8269230769230769
23 0.6057692307692307 0.3894230769230769 0.6274038461538461 0.3894230769230769 0.6274038461538461 0.5192307692307693 0.6057692307692307 0.5192307692307693
23 0.6057692307692307 0.5384615384615384 0.6274038461538461 0.5384615384615384 0.6274038461538461 0.6802884615384616 0.6057692307692307 0.6802884615384616
14 0.6033653846153846 0.6947115384615384 0.6442307692307693 0.6947115384615384 0.6442307692307693 0.8221153846153846 0.6033653846153846 0.8221153846153846
14 0.7524038461538461 0.6947115384615384 0.8173076923076923 0.6947115384615384 0.8173076923076923 0.8197115384615384 0.7524038461538461 0.8197115384615384
23 0.8389423076923077 0.37740384615384615 0.9038461538461539 0.37740384615384615 0.9038461538461539 0.4495192307692308 0.8389423076923077 0.4495192307692308
14 0.8653846153846154 0.5432692307692307 0.9134615384615384 0.5432692307692307 0.9134615384615384 0.6658653846153846 0.8653846153846154 0.6658653846153846
14 0.5072115384615384 0.36538461538461536 0.59375 0.36538461538461536 0.59375 0.49038461538461536 0.5072115384615384 0.49038461538461536
14 0.5072115384615384 0.5264423076923077 0.59375 0.5264423076923077 0.59375 0.6682692307692307 0.5072115384615384 0.6682692307692307
14 0.5072115384615384 0.6875 0.59375 0.6875 0.59375 0.8269230769230769 0.5072115384615384 0.8269230769230769
14 0.09375 0.5336538461538461 0.18028846153846154 0.5336538461538461 0.18028846153846154 0.6682692307692307 0.09375 0.6682692307692307
12 0.5072115384615384 0.6658653846153846 0.59375 0.6658653846153846 0.59375 0.6875 0.5072115384615384 0.6875
12 0.6322115384615384 0.6658653846153846 0.8100961538461539 0.6658653846153846 0.8100961538461539 0.6899038461538461 0.6322115384615384 0.6899038461538461
12 0.5048076923076923 0.5048076923076923 0.7980769230769231 0.5048076923076923 0.7980769230769231 0.5192307692307693 0.5048076923076923 0.5192307692307693
12 0.8389423076923077 0.6658653846153846 0.9567307692307693 0.6658653846153846 0.9567307692307693 0.6826923076923077 0.8389423076923077 0.6826923076923077
14 0.6658653846153846 0.5408653846153846 0.7908653846153846 0.5408653846153846 0.7908653846153846 0.6634615384615384 0.6658653846153846 0.6634615384615384
14 0.6634615384615384 0.3894230769230769 0.7908653846153846 0.3894230769230769 0.7908653846153846 0.5 0.6634615384615384 0.5
14 0.6514423076923077 0.6947115384615384 0.7403846153846154 0.6947115384615384 0.7403846153846154 0.8221153846153846 0.6514423076923077 0.8221153846153846
14 0.20192307692307693 0.5288461538461539 0.22115384615384615 0.5288461538461539 0.22115384615384615 0.6706730769230769 0.20192307692307693 0.6706730769230769
0 0.8149038461538461 0.43509615384615385 0.9591346153846154 0.43509615384615385 0.9591346153846154 0.5048076923076923 0.8149038461538461 0.5048076923076923
12 0.8149038461538461 0.49278846153846156 0.9591346153846154 0.49278846153846156 0.9591346153846154 0.5144230769230769 0.8149038461538461 0.5144230769230769
2 0 0.2091346153846154 1 0.2091346153846154 1 0.8701923076923077 0 0.8701923076923077
10 0.057692307692307696 0.2091346153846154 0.9639423076923077 0.2091346153846154 0.9639423076923077 0.8701923076923077 0.057692307692307696 0.8701923076923077