14 0.8774038461538461 0.1971153846153846 0.8870192307692307 0.1971153846153846 0.8870192307692307 0.3173076923076923 0.8774038461538461 0.3173076923076923
14 0.12740384615384615 0.1971153846153846 0.16826923076923078 0.1971153846153846 0.16826923076923078 0.3173076923076923 0.12740384615384615 0.3173076923076923
14 0.17548076923076922 0.1971153846153846 0.21634615384615385 0.1971153846153846 0.21634615384615385 0.3173076923076923 0.17548076923076922 0.3173076923076923
14 0.22115384615384615 0.1971153846153846 0.2620192307692308 0.1971153846153846 0.2620192307692308 0.3173076923076923 0.22115384615384615 0.3173076923076923
14 0.2668269230769231 0.1971153846153846 0.31009615384615385 0.1971153846153846 0.31009615384615385 0.3173076923076923 0.2668269230769231 0.3173076923076923
14 0.3125 0.1971153846153846 0.3557692307692308 0.1971153846153846 0.3557692307692308 0.3173076923076923 0.3125 0.3173076923076923
14 0.3605769230769231 0.1971153846153846 0.4014423076923077 0.1971153846153846 0.4014423076923077 0.3173076923076923 0.3605769230769231 0.3173076923076923
14 0.40625 0.1971153846153846 0.4495192307692308 0.1971153846153846 0.4495192307692308 0.3173076923076923 0.40625 0.3173076923076923
14 0.8774038461538461 0.7331730769230769 0.8846153846153846 0.7331730769230769 0.8846153846153846 0.7836538461538461 0.8774038461538461 0.7836538461538461
14 0.5 0.1971153846153846 0.5432692307692307 0.1971153846153846 0.5432692307692307 0.3173076923076923 0.5 0.3173076923076923
14 0.5480769230769231 0.1971153846153846 0.5889423076923077 0.1971153846153846 0.5889423076923077 0.3173076923076923 0.5480769230769231 0.3173076923076923
14 0.59375 0.1971153846153846 0.6370192307692307 0.1971153846153846 0.6370192307692307 0.3173076923076923 0.59375 0.3173076923076923
14 0.6394230769230769 0.1971153846153846 0.6826923076923077 0.1971153846153846 0.6826923076923077 0.3173076923076923 0.6394230769230769 0.3173076923076923
14 0.6875 0.1971153846153846 0.7307692307692307 0.1971153846153846 0.7307692307692307 0.3173076923076923 0.6875 0.3173076923076923
14 0.7355769230769231 0.1971153846153846 0.7764423076923077 0.1971153846153846 0.7764423076923077 0.3173076923076923 0.7355769230769231 0.3173076923076923
14 0.78125 0.1971153846153846 0.8245192307692307 0.1971153846153846 0.8245192307692307 0.3173076923076923 0.78125 0.3173076923076923
14 0.8269230769230769 0.1971153846153846 0.8701923076923077 0.1971153846153846 0.8701923076923077 0.3173076923076923 0.8269230769230769 0.3173076923076923
14 0.4543269230769231 0.1971153846153846 0.4951923076923077 0.1971153846153846 0.4951923076923077 0.3173076923076923 0.4543269230769231 0.3173076923076923
14 0.4543269230769231 0.3485576923076923 0.4951923076923077 0.3485576923076923 0.4951923076923077 0.44471153846153844 0.4543269230769231 0.44471153846153844
14 0.5 0.3485576923076923 0.5432692307692307 0.3485576923076923 0.5432692307692307 0.44471153846153844 0.5 0.44471153846153844
14 0.5480769230769231 0.6105769230769231 0.5889423076923077 0.6105769230769231 0.5889423076923077 0.7331730769230769 0.5480769230769231 0.7331730769230769
14 0.5961538461538461 0.6105769230769231 0.6370192307692307 0.6105769230769231 0.6370192307692307 0.7331730769230769 0.5961538461538461 0.7331730769230769
14 0.6418269230769231 0.6105769230769231 0.6826923076923077 0.6105769230769231 0.6826923076923077 0.7331730769230769 0.6418269230769231 0.7331730769230769
14 0.6875 0.6105769230769231 0.7307692307692307 0.6105769230769231 0.7307692307692307 0.7331730769230769 0.6875 0.7331730769230769
14 0.7355769230769231 0.6105769230769231 0.7764423076923077 0.6105769230769231 0.7764423076923077 0.7331730769230769 0.7355769230769231 0.7331730769230769
14 0.78125 0.7331730769230769 0.8245192307692307 0.7331730769230769 0.8245192307692307 0.7836538461538461 0.78125 0.7836538461538461
14 0.8293269230769231 0.3485576923076923 0.8701923076923077 0.3485576923076923 0.8701923076923077 0.44471153846153844 0.8293269230769231 0.44471153846153844
14 0.5480769230769231 0.3485576923076923 0.5889423076923077 0.3485576923076923 0.5889423076923077 0.44471153846153844 0.5480769230769231 0.44471153846153844
14 0.5961538461538461 0.3485576923076923 0.6370192307692307 0.3485576923076923 0.6370192307692307 0.44471153846153844 0.5961538461538461 0.44471153846153844
14 0.6418269230769231 0.3485576923076923 0.6826923076923077 0.3485576923076923 0.6826923076923077 0.44471153846153844 0.6418269230769231 0.44471153846153844
14 0.6875 0.3485576923076923 0.7283653846153846 0.3485576923076923 0.7283653846153846 0.44471153846153844 0.6875 0.44471153846153844
14 0.7355769230769231 0.3485576923076923 0.7764423076923077 0.3485576923076923 0.7764423076923077 0.44471153846153844 0.7355769230769231 0.44471153846153844
14 0.7836538461538461 0.3485576923076923 0.8245192307692307 0.3485576923076923 0.8245192307692307 0.44471153846153844 0.7836538461538461 0.44471153846153844
14 0.8293269230769231 0.7331730769230769 0.8701923076923077 0.7331730769230769 0.8701923076923077 0.7836538461538461 0.8293269230769231 0.7836538461538461
14 0.8774038461538461 0.6105769230769231 0.8846153846153846 0.6105769230769231 0.8846153846153846 0.7331730769230769 0.8774038461538461 0.7331730769230769
14 0.78125 0.6105769230769231 0.8245192307692307 0.6105769230769231 0.8245192307692307 0.7331730769230769 0.78125 0.7331730769230769
14 0.8293269230769231 0.6105769230769231 0.8701923076923077 0.6105769230769231 0.8701923076923077 0.7331730769230769 0.8293269230769231 0.7331730769230769
14 0.7331730769230769 0.7331730769230769 0.7764423076923077 0.7331730769230769 0.7764423076923077 0.78125 0.7331730769230769 0.78125
14 0.6899038461538461 0.7331730769230769 0.7307692307692307 0.7331730769230769 0.7307692307692307 0.7548076923076923 0.6899038461538461 0.7548076923076923
14 0.2668269230769231 0.7692307692307693 0.31009615384615385 0.7692307692307693 0.31009615384615385 0.8894230769230769 0.2668269230769231 0.8894230769230769
14 0.12740384615384615 0.7692307692307693 0.16826923076923078 0.7692307692307693 0.16826923076923078 0.8894230769230769 0.12740384615384615 0.8894230769230769
14 0.17307692307692307 0.7692307692307693 0.21634615384615385 0.7692307692307693 0.21634615384615385 0.8894230769230769 0.17307692307692307 0.8894230769230769
14 0.22115384615384615 0.7692307692307693 0.2644230769230769 0.7692307692307693 0.2644230769230769 0.8894230769230769 0.22115384615384615 0.8894230769230769
2 0.10096153846153846 0.1201923076923077 0.8870192307692307 0.1201923076923077 0.8870192307692307 0.8966346153846154 0.10096153846153846 0.8966346153846154
22 0.10576923076923077 0.125 0.8894230769230769 0.125 0.8894230769230769 0.3173076923076923 0.10576923076923077 0.3173076923076923
11 0.10576923076923077 0.3245192307692308 0.8894230769230769 0.3245192307692308 0.8894230769230769 0.44471153846153844 0.10576923076923077 0.44471153846153844
12 0.10576923076923077 0.5793269230769231 0.8894230769230769 0.5793269230769231 0.8894230769230769 0.5889423076923077 0.10576923076923077 0.5889423076923077
12 0.10576923076923077 0.44471153846153844 0.8894230769230769 0.44471153846153844 0.8894230769230769 0.4543269230769231 0.10576923076923077 0.4543269230769231
12 0.10576923076923077 0.3173076923076923 0.8894230769230769 0.3173076923076923 0.8894230769230769 0.3269230769230769 0.10576923076923077 0.3269230769230769
12 0.10576923076923077 0.7307692307692307 0.8894230769230769 0.7307692307692307 0.8894230769230769 0.7403846153846154 0.10576923076923077 0.7403846153846154
15 0.10576923076923077 0.7403846153846154 0.8894230769230769 0.7403846153846154 0.8894230769230769 0.8942307692307693 0.10576923076923077 0.8942307692307693
11 0.10576923076923077 0.5889423076923077 0.8894230769230769 0.5889423076923077 0.8894230769230769 0.7307692307692307 0.10576923076923077 0.7307692307692307
11 0.10576923076923077 0.4543269230769231 0.8894230769230769 0.4543269230769231 0.8894230769230769 0.5793269230769231 0.10576923076923077 0.5793269230769231
10 0.10576923076923077 0.125 0.8894230769230769 0.125 0.8894230769230769 0.8942307692307693 0.10576923076923077 0.8942307692307693
7 0.5048076923076923 0.8629807692307693 0.8894230769230769 0.8629807692307693 0.8894230769230769 0.8966346153846154 0.5048076923076923 0.8966346153846154