8 0.6322115384615384 0.6081730769230769 0.7548076923076923 0.6081730769230769 0.7548076923076923 0.7716346153846154 0.6322115384615384 0.7716346153846154
23 0.6322115384615384 0.5673076923076923 0.6826923076923077 0.5673076923076923 0.6826923076923077 0.6057692307692307 0.6322115384615384 0.6057692307692307
23 0.7043269230769231 0.5673076923076923 0.7548076923076923 0.5673076923076923 0.7548076923076923 0.6057692307692307 0.7043269230769231 0.6057692307692307
23 0.25961538461538464 0.5721153846153846 0.3485576923076923 0.5721153846153846 0.3485576923076923 0.7572115384615384 0.25961538461538464 0.7572115384615384
23 0.4543269230769231 0.5745192307692307 0.5432692307692307 0.5745192307692307 0.5432692307692307 0.7572115384615384 0.4543269230769231 0.7572115384615384
23 0.6514423076923077 0.3485576923076923 0.7379807692307693 0.3485576923076923 0.7379807692307693 0.5048076923076923 0.6514423076923077 0.5048076923076923
23 0.2620192307692308 0.3485576923076923 0.3485576923076923 0.3485576923076923 0.3485576923076923 0.5048076923076923 0.2620192307692308 0.5048076923076923
23 0.4567307692307692 0.3485576923076923 0.5432692307692307 0.3485576923076923 0.5432692307692307 0.5048076923076923 0.4567307692307692 0.5048076923076923
21 0.6274038461538461 0.5048076923076923 0.7572115384615384 0.5048076923076923 0.7572115384615384 0.5120192307692307 0.6274038461538461 0.5120192307692307
21 0.23798076923076922 0.5048076923076923 0.36778846153846156 0.5048076923076923 0.36778846153846156 0.5120192307692307 0.23798076923076922 0.5120192307692307
21 0.4326923076923077 0.5048076923076923 0.5625 0.5048076923076923 0.5625 0.5120192307692307 0.4326923076923077 0.5120192307692307
4 0.2403846153846154 0.33413461538461536 0.36778846153846156 0.33413461538461536 0.36778846153846156 0.5048076923076923 0.2403846153846154 0.5048076923076923
4 0.6322115384615384 0.33413461538461536 0.7596153846153846 0.33413461538461536 0.7596153846153846 0.5048076923076923 0.6322115384615384 0.5048076923076923
4 0.4375 0.33413461538461536 0.5625 0.33413461538461536 0.5625 0.5048076923076923 0.4375 0.5048076923076923
23 0.6658653846153846 0.16346153846153846 0.7235576923076923 0.16346153846153846 0.7235576923076923 0.25240384615384615 0.6658653846153846 0.25240384615384615
23 0.27884615384615385 0.16346153846153846 0.3389423076923077 0.16346153846153846 0.3389423076923077 0.25240384615384615 0.27884615384615385 0.25240384615384615
23 0.4735576923076923 0.16346153846153846 0.5336538461538461 0.16346153846153846 0.5336538461538461 0.25240384615384615 0.4735576923076923 0.25240384615384615
4 0.18990384615384615 0.07932692307692307 0.8100961538461539 0.07932692307692307 0.8100961538461539 0.0985576923076923 0.18990384615384615 0.0985576923076923
19 0.17307692307692307 0.11057692307692307 0.8173076923076923 0.11057692307692307 0.8173076923076923 0.25961538461538464 0.17307692307692307 0.25961538461538464
12 0.18269230769230768 0.5240384615384616 0.8125 0.5240384615384616 0.8125 0.5432692307692307 0.18269230769230768 0.5432692307692307
2 0.1346153846153846 0.052884615384615384 0.8557692307692307 0.052884615384615384 0.8557692307692307 0.8894230769230769 0.1346153846153846 0.8894230769230769
10 0.13942307692307693 0.055288461538461536 0.8653846153846154 0.055288461538461536 0.8653846153846154 0.8942307692307693 0.13942307692307693 0.8942307692307693
16 0.19471153846153846 0.27884615384615385 0.8100961538461539 0.27884615384615385 0.8100961538461539 0.31490384615384615 0.19471153846153846 0.31490384615384615
4 0.6105769230769231 0.0985576923076923 0.7764423076923077 0.0985576923076923 0.7764423076923077 0.1466346153846154 0.6105769230769231 0.1466346153846154
4 0.4206730769230769 0.0985576923076923 0.5841346153846154 0.0985576923076923 0.5841346153846154 0.1466346153846154 0.4206730769230769 0.1466346153846154
4 0.22355769230769232 0.0985576923076923 0.3894230769230769 0.0985576923076923 0.3894230769230769 0.1466346153846154 0.22355769230769232 0.1466346153846154