23 0.6033653846153846 0.27163461538461536 0.6802884615384616 0.27163461538461536 0.6802884615384616 0.36778846153846156 0.6033653846153846 0.36778846153846156
23 0.2403846153846154 0.27403846153846156 0.2668269230769231 0.27403846153846156 0.2668269230769231 0.36538461538461536 0.2403846153846154 0.36538461538461536
23 0.3605769230769231 0.27403846153846156 0.3870192307692308 0.27403846153846156 0.3870192307692308 0.36538461538461536 0.3605769230769231 0.36538461538461536
23 0.7692307692307693 0.27163461538461536 0.7956730769230769 0.27163461538461536 0.7956730769230769 0.3629807692307692 0.7692307692307693 0.3629807692307692
23 0.7668269230769231 0.43028846153846156 0.7932692307692307 0.43028846153846156 0.7932692307692307 0.5216346153846154 0.7668269230769231 0.5216346153846154
23 0.42788461538461536 0.5985576923076923 0.4519230769230769 0.5985576923076923 0.4519230769230769 0.6899038461538461 0.42788461538461536 0.6899038461538461
23 0.5625 0.4254807692307692 0.6394230769230769 0.4254807692307692 0.6394230769230769 0.5240384615384616 0.5625 0.5240384615384616
23 0.4254807692307692 0.43509615384615385 0.4495192307692308 0.43509615384615385 0.4495192307692308 0.5264423076923077 0.4254807692307692 0.5264423076923077
23 0.3076923076923077 0.4879807692307692 0.3293269230769231 0.4879807692307692 0.3293269230769231 0.6225961538461539 0.3076923076923077 0.6225961538461539
0 0.5552884615384616 0.6514423076923077 0.6826923076923077 0.6514423076923077 0.6826923076923077 0.7163461538461539 0.5552884615384616 0.7163461538461539
14 0.5528846153846154 0.625 0.6682692307692307 0.625 0.6682692307692307 0.7163461538461539 0.5528846153846154 0.7163461538461539
12 0.19230769230769232 0.3798076923076923 0.8557692307692307 0.3798076923076923 0.8557692307692307 0.40625 0.19230769230769232 0.40625
14 0.23798076923076922 0.75 0.7307692307692307 0.75 0.7307692307692307 0.9350961538461539 0.23798076923076922 0.9350961538461539
23 0.49278846153846156 0.2548076923076923 0.53125 0.2548076923076923 0.53125 0.3629807692307692 0.49278846153846156 0.3629807692307692
12 0.19230769230769232 0.7163461538461539 0.8605769230769231 0.7163461538461539 0.8605769230769231 0.7427884615384616 0.19230769230769232 0.7427884615384616
12 0.38461538461538464 0.5432692307692307 0.8581730769230769 0.5432692307692307 0.8581730769230769 0.5697115384615384 0.38461538461538464 0.5697115384615384
23 0.2644230769230769 0.41346153846153844 0.38461538461538464 0.41346153846153844 0.38461538461538464 0.6947115384615384 0.2644230769230769 0.6947115384615384
23 0.3798076923076923 0.5240384615384616 0.4014423076923077 0.5240384615384616 0.4014423076923077 0.5673076923076923 0.3798076923076923 0.5673076923076923
2 0.13942307692307693 0.1875 0.8605769230769231 0.1875 0.8605769230769231 0.9447115384615384 0.13942307692307693 0.9447115384615384
23 0.5576923076923077 0.5793269230769231 0.6899038461538461 0.5793269230769231 0.6899038461538461 0.6899038461538461 0.5576923076923077 0.6899038461538461
10 0.18990384615384615 0.18509615384615385 0.8605769230769231 0.18509615384615385 0.8605769230769231 0.9447115384615384 0.18990384615384615 0.9447115384615384
23 0.7067307692307693 0.5817307692307693 0.84375 0.5817307692307693 0.84375 0.6923076923076923 0.7067307692307693 0.6923076923076923