23 0.10817307692307693 0.07932692307692307 0.28125 0.07932692307692307 0.28125 0.17548076923076922 0.10817307692307693 0.17548076923076922
23 0.9735576923076923 0.07692307692307693 1 0.07692307692307693 1 0.17307692307692307 0.9735576923076923 0.17307692307692307
23 0.4519230769230769 0.07932692307692307 0.5673076923076923 0.07932692307692307 0.5673076923076923 0.17548076923076922 0.4519230769230769 0.17548076923076922
23 0.6802884615384616 0.07932692307692307 0.7956730769230769 0.07932692307692307 0.7956730769230769 0.17548076923076922 0.6802884615384616 0.17548076923076922
23 0.18509615384615385 0.2620192307692308 0.28365384615384615 0.2620192307692308 0.28365384615384615 0.3629807692307692 0.18509615384615385 0.3629807692307692
23 0.6826923076923077 0.25961538461538464 0.8004807692307693 0.25961538461538464 0.8004807692307693 0.3557692307692308 0.6826923076923077 0.3557692307692308
23 0.4519230769230769 0.2620192307692308 0.5697115384615384 0.2620192307692308 0.5697115384615384 0.3581730769230769 0.4519230769230769 0.3581730769230769
23 0.9759615384615384 0.25961538461538464 1 0.25961538461538464 1 0.3557692307692308 0.9759615384615384 0.3557692307692308
23 0.18509615384615385 0.44471153846153844 0.28365384615384615 0.44471153846153844 0.28365384615384615 0.5432692307692307 0.18509615384615385 0.5432692307692307
23 0.4543269230769231 0.4423076923076923 0.5721153846153846 0.4423076923076923 0.5721153846153846 0.5384615384615384 0.4543269230769231 0.5384615384615384
23 0.6850961538461539 0.4423076923076923 0.8028846153846154 0.4423076923076923 0.8028846153846154 0.5384615384615384 0.6850961538461539 0.5384615384615384
23 0.9783653846153846 0.43990384615384615 1 0.43990384615384615 1 0.5384615384615384 0.9783653846153846 0.5384615384615384
23 0.10096153846153846 0.625 0.28125 0.625 0.28125 0.7259615384615384 0.10096153846153846 0.7259615384615384
23 0.4543269230769231 0.625 0.5721153846153846 0.625 0.5721153846153846 0.7211538461538461 0.4543269230769231 0.7211538461538461
23 0.6875 0.6225961538461539 0.8052884615384616 0.6225961538461539 0.8052884615384616 0.7211538461538461 0.6875 0.7211538461538461
23 0.9807692307692307 0.6225961538461539 1 0.6225961538461539 1 0.7211538461538461 0.9807692307692307 0.7211538461538461
23 0.10336538461538461 0.8052884615384616 0.27884615384615385 0.8052884615384616 0.27884615384615385 0.90625 0.10336538461538461 0.90625
23 0.4519230769230769 0.8052884615384616 0.5721153846153846 0.8052884615384616 0.5721153846153846 0.9038461538461539 0.4519230769230769 0.9038461538461539
23 0.6850961538461539 0.8052884615384616 0.8076923076923077 0.8052884615384616 0.8076923076923077 0.90625 0.6850961538461539 0.90625
23 0.9855769230769231 0.8028846153846154 1 0.8028846153846154 1 0.9038461538461539 0.9855769230769231 0.9038461538461539
8 0.10336538461538461 0.2620192307692308 0.18509615384615385 0.2620192307692308 0.18509615384615385 0.39903846153846156 0.10336538461538461 0.39903846153846156
8 0.10336538461538461 0.44471153846153844 0.18509615384615385 0.44471153846153844 0.18509615384615385 0.5841346153846154 0.10336538461538461 0.5841346153846154
0 0 0.3269230769230769 0.3894230769230769 0.3269230769230769 0.3894230769230769 0.39903846153846156 0 0.39903846153846156
0 0.038461538461538464 0.5144230769230769 0.35096153846153844 0.5144230769230769 0.35096153846153844 0.5865384615384616 0.038461538461538464 0.5865384615384616
15 0 0.7740384615384616 1 0.7740384615384616 1 1 0 1
12 0 0.4014423076923077 1 0.4014423076923077 1 0.41346153846153844 0 0.41346153846153844
12 0 0.5865384615384616 1 0.5865384615384616 1 0.5985576923076923 0 0.5985576923076923
12 0 0.7620192307692307 1 0.7620192307692307 1 0.7740384615384616 0 0.7740384615384616
7 0 0.9086538461538461 0.11778846153846154 0.9086538461538461 0.11778846153846154 1 0 1
12 0 0.21875 1 0.21875 1 0.23076923076923078 0 0.23076923076923078
22 0 0 1 0 1 0.21875 0 0.21875
11 0 0.23317307692307693 1 0.23317307692307693 1 0.4014423076923077 0 0.4014423076923077
11 0 0.41346153846153844 1 0.41346153846153844 1 0.5865384615384616 0 0.5865384615384616
11 0 0.5985576923076923 1 0.5985576923076923 1 0.7596153846153846 0 0.7596153846153846
2 0 0 1 0 1 1 0 1
10 0 0 1 0 1 1 0 1