23 0.8725961538461539 0.18028846153846154 0.9567307692307693 0.18028846153846154 0.9567307692307693 0.4375 0.8725961538461539 0.4375
23 0.01201923076923077 0.17307692307692307 0.09615384615384616 0.17307692307692307 0.09615384615384616 0.43990384615384615 0.01201923076923077 0.43990384615384615
23 0.19951923076923078 0.17307692307692307 0.28365384615384615 0.17307692307692307 0.28365384615384615 0.43990384615384615 0.19951923076923078 0.43990384615384615
23 0.3701923076923077 0.1778846153846154 0.4543269230769231 0.1778846153846154 0.4543269230769231 0.4375 0.3701923076923077 0.4375
23 0.5408653846153846 0.1778846153846154 0.6201923076923077 0.1778846153846154 0.6201923076923077 0.4375 0.5408653846153846 0.4375
23 0.7067307692307693 0.18028846153846154 0.7860576923076923 0.18028846153846154 0.7860576923076923 0.4375 0.7067307692307693 0.4375
23 0.014423076923076924 0.6177884615384616 0.09375 0.6177884615384616 0.09375 0.8389423076923077 0.014423076923076924 0.8389423076923077
23 0.8774038461538461 0.6201923076923077 0.9495192307692307 0.6201923076923077 0.9495192307692307 0.8365384615384616 0.8774038461538461 0.8365384615384616
23 0.7091346153846154 0.6177884615384616 0.7836538461538461 0.6177884615384616 0.7836538461538461 0.8389423076923077 0.7091346153846154 0.8389423076923077
23 0.5408653846153846 0.6177884615384616 0.6201923076923077 0.6177884615384616 0.6201923076923077 0.8389423076923077 0.5408653846153846 0.8389423076923077
23 0.20192307692307693 0.6177884615384616 0.28125 0.6177884615384616 0.28125 0.8389423076923077 0.20192307692307693 0.8389423076923077
21 0.009615384615384616 0.8413461538461539 0.09375 0.8413461538461539 0.09375 0.8581730769230769 0.009615384615384616 0.8581730769230769
21 0.19951923076923078 0.8461538461538461 0.27884615384615385 0.8461538461538461 0.27884615384615385 0.8605769230769231 0.19951923076923078 0.8605769230769231
21 0.5408653846153846 0.8413461538461539 0.6225961538461539 0.8413461538461539 0.6225961538461539 0.8581730769230769 0.5408653846153846 0.8581730769230769
21 0.7115384615384616 0.8389423076923077 0.7884615384615384 0.8389423076923077 0.7884615384615384 0.8557692307692307 0.7115384615384616 0.8557692307692307
21 0.8774038461538461 0.8413461538461539 0.9567307692307693 0.8413461538461539 0.9567307692307693 0.8533653846153846 0.8774038461538461 0.8533653846153846
7 0.3245192307692308 0.8076923076923077 0.44471153846153844 0.8076923076923077 0.44471153846153844 0.9278846153846154 0.3245192307692308 0.9278846153846154
7 0.0985576923076923 0.7283653846153846 0.17307692307692307 0.7283653846153846 0.17307692307692307 0.8822115384615384 0.0985576923076923 0.8822115384615384
5 0.33653846153846156 0.4855769230769231 0.4879807692307692 0.4855769230769231 0.4879807692307692 0.6201923076923077 0.33653846153846156 0.6201923076923077
15 0.002403846153846154 0.5288461538461539 1 0.5288461538461539 1 0.8822115384615384 0.002403846153846154 0.8822115384615384
11 0.002403846153846154 0.0889423076923077 1 0.0889423076923077 1 0.5 0.002403846153846154 0.5
11 0.002403846153846154 0 1 0 1 0.06009615384615385 0.002403846153846154 0.06009615384615385
12 0.002403846153846154 0.06009615384615385 1 0.06009615384615385 1 0.0889423076923077 0.002403846153846154 0.0889423076923077
12 0.002403846153846154 0.5 1 0.5 1 0.5288461538461539 0.002403846153846154 0.5288461538461539
2 0.002403846153846154 0.002403846153846154 1 0.002403846153846154 1 0.8846153846153846 0.002403846153846154 0.8846153846153846
10 0.002403846153846154 0.002403846153846154 1 0.002403846153846154 1 0.8846153846153846 0.002403846153846154 0.8846153846153846