23 0.10096153846153846 0.20673076923076922 0.20192307692307693 0.20673076923076922 0.20192307692307693 0.6274038461538461 0.10096153846153846 0.6274038461538461
23 0.34615384615384615 0.21153846153846154 0.44711538461538464 0.21153846153846154 0.44711538461538464 0.6274038461538461 0.34615384615384615 0.6274038461538461
23 0.5889423076923077 0.21394230769230768 0.6899038461538461 0.21394230769230768 0.6899038461538461 0.6370192307692307 0.5889423076923077 0.6370192307692307
23 0.8293269230769231 0.21875 0.9254807692307693 0.21875 0.9254807692307693 0.6298076923076923 0.8293269230769231 0.6298076923076923
23 0.10576923076923077 0.8221153846153846 0.19951923076923078 0.8221153846153846 0.19951923076923078 0.9350961538461539 0.10576923076923077 0.9350961538461539
23 0.35096153846153844 0.7980769230769231 0.4423076923076923 0.7980769230769231 0.4423076923076923 0.9326923076923077 0.35096153846153844 0.9326923076923077
23 0.59375 0.8149038461538461 0.6850961538461539 0.8149038461538461 0.6850961538461539 0.9326923076923077 0.59375 0.9326923076923077
23 0.8341346153846154 0.8197115384615384 0.9230769230769231 0.8197115384615384 0.9230769230769231 0.9326923076923077 0.8341346153846154 0.9326923076923077
7 0.5961538461538461 0.9230769230769231 1 0.9230769230769231 1 1 0.5961538461538461 1
7 0 0.9807692307692307 0.07932692307692307 0.9807692307692307 0.07932692307692307 1 0 1
7 0.23076923076923078 0.9807692307692307 0.4639423076923077 0.9807692307692307 0.4639423076923077 1 0.23076923076923078 1
2 0 0 1 0 1 1 0 1
15 0 0.002403846153846154 1 0.002403846153846154 1 0.9975961538461539 0 0.9975961538461539
10 0 0.002403846153846154 1 0.002403846153846154 1 0.9975961538461539 0 0.9975961538461539