23 0.052884615384615384 0.4495192307692308 0.16346153846153846 0.4495192307692308 0.16346153846153846 0.8846153846153846 0.052884615384615384 0.8846153846153846
23 0.32211538461538464 0.44471153846153844 0.43028846153846156 0.44471153846153844 0.43028846153846156 0.8870192307692307 0.32211538461538464 0.8870192307692307
23 0.5889423076923077 0.42788461538461536 0.6947115384615384 0.42788461538461536 0.6947115384615384 0.8846153846153846 0.5889423076923077 0.8846153846153846
23 0.8533653846153846 0.42788461538461536 0.9567307692307693 0.42788461538461536 0.9567307692307693 0.8846153846153846 0.8533653846153846 0.8846153846153846
7 0 0.8701923076923077 0.057692307692307696 0.8701923076923077 0.057692307692307696 0.9975961538461539 0 0.9975961538461539
21 0.31971153846153844 0.8894230769230769 0.43509615384615385 0.8894230769230769 0.43509615384615385 0.9134615384615384 0.31971153846153844 0.9134615384615384
21 0.5889423076923077 0.8846153846153846 0.6971153846153846 0.8846153846153846 0.6971153846153846 0.90625 0.5889423076923077 0.90625
21 0.8533653846153846 0.8846153846153846 0.9567307692307693 0.8846153846153846 0.9567307692307693 0.9014423076923077 0.8533653846153846 0.9014423076923077
21 0.052884615384615384 0.8846153846153846 0.1658653846153846 0.8846153846153846 0.1658653846153846 0.9014423076923077 0.052884615384615384 0.9014423076923077
15 0 0.23798076923076922 1 0.23798076923076922 1 1 0 1
12 0 0.17307692307692307 1 0.17307692307692307 1 0.23557692307692307 0 0.23557692307692307
11 0 0 1 0 1 0.17307692307692307 0 0.17307692307692307
2 0 0.002403846153846154 1 0.002403846153846154 1 0.9975961538461539 0 0.9975961538461539
10 0 0.002403846153846154 1 0.002403846153846154 1 0.9951923076923077 0 0.9951923076923077