23 0.1466346153846154 0.22355769230769232 0.25721153846153844 0.22355769230769232 0.25721153846153844 0.5096153846153846 0.1466346153846154 0.5096153846153846
23 0.3870192307692308 0.22115384615384615 0.4855769230769231 0.22115384615384615 0.4855769230769231 0.5048076923076923 0.3870192307692308 0.5048076923076923
23 0.6105769230769231 0.22115384615384615 0.7115384615384616 0.22115384615384615 0.7115384615384616 0.5024038461538461 0.6105769230769231 0.5024038461538461
23 0.8341346153846154 0.21634615384615385 0.9326923076923077 0.21634615384615385 0.9326923076923077 0.49278846153846156 0.8341346153846154 0.49278846153846156
23 0.0985576923076923 0.7091346153846154 0.20192307692307693 0.7091346153846154 0.20192307692307693 0.9471153846153846 0.0985576923076923 0.9471153846153846
23 0.38461538461538464 0.6971153846153846 0.4855769230769231 0.6971153846153846 0.4855769230769231 0.9302884615384616 0.38461538461538464 0.9302884615384616
23 0.6105769230769231 0.6875 0.7043269230769231 0.6875 0.7043269230769231 0.9230769230769231 0.6105769230769231 0.9230769230769231
23 0.8341346153846154 0.6875 0.9302884615384616 0.6875 0.9302884615384616 0.9158653846153846 0.8341346153846154 0.9158653846153846
12 0.002403846153846154 0.07932692307692307 1 0.07932692307692307 1 0.0985576923076923 0.002403846153846154 0.0985576923076923
12 0.002403846153846154 0.5865384615384616 1 0.5865384615384616 1 0.6081730769230769 0.002403846153846154 0.6081730769230769
15 0.002403846153846154 0.6081730769230769 1 0.6081730769230769 1 0.9831730769230769 0.002403846153846154 0.9831730769230769
11 0.002403846153846154 0.0985576923076923 1 0.0985576923076923 1 0.5889423076923077 0.002403846153846154 0.5889423076923077
7 0.2932692307692308 0.9519230769230769 1 0.9519230769230769 1 0.9975961538461539 0.2932692307692308 0.9975961538461539
2 0 0 1 0 1 0.016826923076923076 0 0.016826923076923076
10 0.002403846153846154 0.002403846153846154 1 0.002403846153846154 1 0.9831730769230769 0.002403846153846154 0.9831730769230769