23 0.8052884615384616 0.6370192307692307 0.9206730769230769 0.6370192307692307 0.9206730769230769 0.8966346153846154 0.8052884615384616 0.8966346153846154
23 0.04807692307692308 0.12980769230769232 0.1658653846153846 0.12980769230769232 0.1658653846153846 0.4230769230769231 0.04807692307692308 0.4230769230769231
23 0.2980769230769231 0.12740384615384615 0.41346153846153844 0.12740384615384615 0.41346153846153844 0.4206730769230769 0.2980769230769231 0.4206730769230769
23 0.5456730769230769 0.12980769230769232 0.6610576923076923 0.12980769230769232 0.6610576923076923 0.4230769230769231 0.5456730769230769 0.4230769230769231
23 0.8052884615384616 0.13701923076923078 0.9206730769230769 0.13701923076923078 0.9206730769230769 0.4326923076923077 0.8052884615384616 0.4326923076923077
23 0.5456730769230769 0.6370192307692307 0.6610576923076923 0.6370192307692307 0.6610576923076923 0.8966346153846154 0.5456730769230769 0.8966346153846154
23 0.2932692307692308 0.6322115384615384 0.40865384615384615 0.6322115384615384 0.40865384615384615 0.8942307692307693 0.2932692307692308 0.8942307692307693
23 0.052884615384615384 0.6370192307692307 0.16826923076923078 0.6370192307692307 0.16826923076923078 0.8966346153846154 0.052884615384615384 0.8966346153846154
1 0.2932692307692308 0.6322115384615384 0.40865384615384615 0.6322115384615384 0.40865384615384615 0.8942307692307693 0.2932692307692308 0.8942307692307693
1 0.052884615384615384 0.6370192307692307 0.16826923076923078 0.6370192307692307 0.16826923076923078 0.8197115384615384 0.052884615384615384 0.8197115384615384
16 0.002403846153846154 0.007211538461538462 1 0.007211538461538462 1 0.07692307692307693 0.002403846153846154 0.07692307692307693
7 0.8100961538461539 0.6514423076923077 0.8990384615384616 0.6514423076923077 0.8990384615384616 0.7596153846153846 0.8100961538461539 0.7596153846153846
11 0 0 1 0 1 0.5360576923076923 0 0.5360576923076923
12 0 0.5360576923076923 1 0.5360576923076923 1 0.5576923076923077 0 0.5576923076923077
15 0 0.5576923076923077 1 0.5576923076923077 1 1 0 1
2 0 0.002403846153846154 1 0.002403846153846154 1 1 0 1
10 0 0.002403846153846154 1 0.002403846153846154 1 1 0 1