23 0.05048076923076923 0.12740384615384615 0.12980769230769232 0.12740384615384615 0.12980769230769232 0.22115384615384615 0.05048076923076923 0.22115384615384615
23 0.25961538461538464 0.12740384615384615 0.34375 0.12740384615384615 0.34375 0.2764423076923077 0.25961538461538464 0.2764423076923077
23 0.4423076923076923 0.125 0.5288461538461539 0.125 0.5288461538461539 0.28125 0.4423076923076923 0.28125
23 0.6346153846153846 0.125 0.7307692307692307 0.125 0.7307692307692307 0.34375 0.6346153846153846 0.34375
23 0.4423076923076923 0.40865384615384615 0.5288461538461539 0.40865384615384615 0.5288461538461539 0.5841346153846154 0.4423076923076923 0.5841346153846154
23 0.6418269230769231 0.4014423076923077 0.7283653846153846 0.4014423076923077 0.7283653846153846 0.5793269230769231 0.6418269230769231 0.5793269230769231
23 0.25961538461538464 0.40865384615384615 0.34615384615384615 0.40865384615384615 0.34615384615384615 0.5865384615384616 0.25961538461538464 0.5865384615384616
23 0.2548076923076923 0.7211538461538461 0.34615384615384615 0.7211538461538461 0.34615384615384615 0.9038461538461539 0.2548076923076923 0.9038461538461539
9 0.8052884615384616 0.7740384615384616 1 0.7740384615384616 1 0.9927884615384616 0.8052884615384616 0.9927884615384616
23 0.8245192307692307 0.4014423076923077 0.90625 0.4014423076923077 0.90625 0.5793269230769231 0.8245192307692307 0.5793269230769231
23 0.8221153846153846 0.12740384615384615 0.90625 0.12740384615384615 0.90625 0.27884615384615385 0.8221153846153846 0.27884615384615385
7 0 0.6778846153846154 0.2932692307692308 0.6778846153846154 0.2932692307692308 1 0 1
7 0.3293269230769231 0.5 0.8052884615384616 0.5 0.8052884615384616 1 0.3293269230769231 1
11 0 0 0.9975961538461539 0 0.9975961538461539 0.34134615384615385 0 0.34134615384615385
12 0 0.34375 1 0.34375 1 0.3605769230769231 0 0.3605769230769231
12 0 0.5889423076923077 1 0.5889423076923077 1 0.6057692307692307 0 0.6057692307692307
15 0 0.6057692307692307 1 0.6057692307692307 1 0.9975961538461539 0 0.9975961538461539
11 0 0.3605769230769231 1 0.3605769230769231 1 0.5889423076923077 0 0.5889423076923077
2 0.002403846153846154 0 1 0 1 1 0.002403846153846154 1
10 0.002403846153846154 0 1 0 1 1 0.002403846153846154 1