23 0.18269230769230768 0.12980769230769232 0.2283653846153846 0.12980769230769232 0.2283653846153846 0.25961538461538464 0.18269230769230768 0.25961538461538464
23 0.10336538461538461 0.12980769230769232 0.14903846153846154 0.12980769230769232 0.14903846153846154 0.25961538461538464 0.10336538461538461 0.25961538461538464
23 0.22596153846153846 0.39663461538461536 0.2764423076923077 0.39663461538461536 0.2764423076923077 0.5408653846153846 0.22596153846153846 0.5408653846153846
23 0.35096153846153844 0.4014423076923077 0.39663461538461536 0.4014423076923077 0.39663461538461536 0.5456730769230769 0.35096153846153844 0.5456730769230769
23 0.36538461538461536 0.65625 0.4014423076923077 0.65625 0.4014423076923077 0.8004807692307693 0.36538461538461536 0.8004807692307693
23 0.3557692307692308 0.8870192307692307 0.39663461538461536 0.8870192307692307 0.39663461538461536 1 0.3557692307692308 1
23 0.7211538461538461 0.38461538461538464 0.7740384615384616 0.38461538461538464 0.7740384615384616 0.5336538461538461 0.7211538461538461 0.5336538461538461
11 0 0.06490384615384616 1 0.06490384615384616 1 0.31009615384615385 0 0.31009615384615385
12 0 0.31009615384615385 1 0.31009615384615385 1 0.3293269230769231 0 0.3293269230769231
12 0 0.5913461538461539 1 0.5913461538461539 1 0.6081730769230769 0 0.6081730769230769
12 0 0.8221153846153846 1 0.8221153846153846 1 0.8413461538461539 0 0.8413461538461539
11 0 0.8413461538461539 1 0.8413461538461539 1 1 0 1
11 0 0.6105769230769231 1 0.6105769230769231 1 0.8221153846153846 0 0.8221153846153846
11 0 0.3269230769230769 1 0.3269230769230769 1 0.5913461538461539 0 0.5913461538461539
2 0 0 1 0 1 0.9975961538461539 0 0.9975961538461539
10 0 0.0673076923076923 1 0.0673076923076923 1 0.9975961538461539 0 0.9975961538461539