23 0.8605769230769231 0.18028846153846154 0.9519230769230769 0.18028846153846154 0.9519230769230769 0.41346153846153844 0.8605769230769231 0.41346153846153844
23 0.07211538461538461 0.17548076923076922 0.16346153846153846 0.17548076923076922 0.16346153846153846 0.41586538461538464 0.07211538461538461 0.41586538461538464
23 0.2692307692307692 0.1778846153846154 0.3629807692307692 0.1778846153846154 0.3629807692307692 0.41346153846153844 0.2692307692307692 0.41346153846153844
23 0.46634615384615385 0.1778846153846154 0.5600961538461539 0.1778846153846154 0.5600961538461539 0.41346153846153844 0.46634615384615385 0.41346153846153844
23 0.6658653846153846 0.1778846153846154 0.7548076923076923 0.1778846153846154 0.7548076923076923 0.41346153846153844 0.6658653846153846 0.41346153846153844
23 0.06971153846153846 0.6298076923076923 0.16346153846153846 0.6298076923076923 0.16346153846153846 0.8966346153846154 0.06971153846153846 0.8966346153846154
23 0.8605769230769231 0.6322115384615384 0.9543269230769231 0.6322115384615384 0.9543269230769231 0.8990384615384616 0.8605769230769231 0.8990384615384616
23 0.6634615384615384 0.6322115384615384 0.7572115384615384 0.6322115384615384 0.7572115384615384 0.8990384615384616 0.6634615384615384 0.8990384615384616
23 0.46634615384615385 0.6322115384615384 0.5600961538461539 0.6322115384615384 0.5600961538461539 0.8990384615384616 0.46634615384615385 0.8990384615384616
23 0.2692307692307692 0.6322115384615384 0.3629807692307692 0.6322115384615384 0.3629807692307692 0.8990384615384616 0.2692307692307692 0.8990384615384616
21 0.04807692307692308 0.41346153846153844 0.1778846153846154 0.41346153846153844 0.1778846153846154 0.4951923076923077 0.04807692307692308 0.4951923076923077
21 0.25 0.41586538461538464 0.37740384615384615 0.41586538461538464 0.37740384615384615 0.49038461538461536 0.25 0.49038461538461536
21 0.4543269230769231 0.4182692307692308 0.5745192307692307 0.4182692307692308 0.5745192307692307 0.4951923076923077 0.4543269230769231 0.4951923076923077
21 0.6466346153846154 0.4230769230769231 0.7740384615384616 0.4230769230769231 0.7740384615384616 0.4951923076923077 0.6466346153846154 0.4951923076923077
21 0.84375 0.4206730769230769 0.9663461538461539 0.4206730769230769 0.9663461538461539 0.49759615384615385 0.84375 0.49759615384615385
4 0.036057692307692304 0.5 0.19230769230769232 0.5 0.19230769230769232 0.6105769230769231 0.036057692307692304 0.6105769230769231
4 0.23798076923076922 0.5 0.3894230769230769 0.5 0.3894230769230769 0.6057692307692307 0.23798076923076922 0.6057692307692307
4 0.4375 0.5 0.5889423076923077 0.5 0.5889423076923077 0.6105769230769231 0.4375 0.6105769230769231
4 0.6322115384615384 0.5024038461538461 0.7860576923076923 0.5024038461538461 0.7860576923076923 0.6105769230769231 0.6322115384615384 0.6105769230769231
4 0.8293269230769231 0.5024038461538461 0.9855769230769231 0.5024038461538461 0.9855769230769231 0.6153846153846154 0.8293269230769231 0.6153846153846154
11 0 0.5240384615384616 1 0.5240384615384616 1 0.9975961538461539 0 0.9975961538461539
11 0 0 1 0 1 0.4951923076923077 0 0.4951923076923077
12 0 0.4951923076923077 1 0.4951923076923077 1 0.5264423076923077 0 0.5264423076923077
2 0 0 1 0 1 1 0 1
10 0 0 1 0 1 1 0 1