23 0.7764423076923077 0.27163461538461536 0.9110576923076923 0.27163461538461536 0.9110576923076923 0.8221153846153846 0.7764423076923077 0.8221153846153846
23 0.10817307692307693 0.2692307692307692 0.24278846153846154 0.2692307692307692 0.24278846153846154 0.8245192307692307 0.10817307692307693 0.8245192307692307
23 0.3293269230769231 0.2644230769230769 0.4639423076923077 0.2644230769230769 0.4639423076923077 0.8197115384615384 0.3293269230769231 0.8197115384615384
23 0.5528846153846154 0.2668269230769231 0.6875 0.2668269230769231 0.6875 0.8197115384615384 0.5528846153846154 0.8197115384615384
23 0 0.32211538461538464 0.016826923076923076 0.32211538461538464 0.016826923076923076 0.3942307692307692 0 0.3942307692307692
8 0 0.4110576923076923 0.016826923076923076 0.4110576923076923 0.016826923076923076 0.9471153846153846 0 0.9471153846153846
15 0 0.15625 1 0.15625 1 0.9495192307692307 0 0.9495192307692307
12 0 0.10576923076923077 1 0.10576923076923077 1 0.15865384615384615 0 0.15865384615384615
10 0 0 1 0 1 0.9447115384615384 0 0.9447115384615384
7 0.5504807692307693 0.002403846153846154 0.5817307692307693 0.002403846153846154 0.5817307692307693 0.09375 0.5504807692307693 0.09375
2 0 0.002403846153846154 1 0.002403846153846154 1 0.9543269230769231 0 0.9543269230769231