23 0.05048076923076923 0.21634615384615385 0.13701923076923078 0.21634615384615385 0.13701923076923078 0.49038461538461536 0.05048076923076923 0.49038461538461536
23 0.057692307692307696 0.6826923076923077 0.13221153846153846 0.6826923076923077 0.13221153846153846 0.9158653846153846 0.057692307692307696 0.9158653846153846
23 0.3317307692307692 0.21153846153846154 0.4182692307692308 0.21153846153846154 0.4182692307692308 0.4855769230769231 0.3317307692307692 0.4855769230769231
23 0.46153846153846156 0.20673076923076922 0.5504807692307693 0.20673076923076922 0.5504807692307693 0.4855769230769231 0.46153846153846156 0.4855769230769231
23 0.5913461538461539 0.20432692307692307 0.6802884615384616 0.20432692307692307 0.6802884615384616 0.4855769230769231 0.5913461538461539 0.4855769230769231
23 0.8725961538461539 0.20432692307692307 0.9615384615384616 0.20432692307692307 0.9615384615384616 0.4879807692307692 0.8725961538461539 0.4879807692307692
23 0.33653846153846156 0.6778846153846154 0.4110576923076923 0.6778846153846154 0.4110576923076923 0.9134615384615384 0.33653846153846156 0.9134615384615384
23 0.46634615384615385 0.6730769230769231 0.5432692307692307 0.6730769230769231 0.5432692307692307 0.9110576923076923 0.46634615384615385 0.9110576923076923
23 0.5985576923076923 0.6754807692307693 0.6730769230769231 0.6754807692307693 0.6730769230769231 0.9158653846153846 0.5985576923076923 0.9158653846153846
23 0.8774038461538461 0.6802884615384616 0.9543269230769231 0.6802884615384616 0.9543269230769231 0.9158653846153846 0.8774038461538461 0.9158653846153846
17 0.19471153846153846 0 0.27884615384615385 0 0.27884615384615385 1 0.19471153846153846 1
17 0.7307692307692307 0 0.8149038461538461 0 0.8149038461538461 1 0.7307692307692307 1
11 0 0.5985576923076923 0.9975961538461539 0.5985576923076923 0.9975961538461539 0.9975961538461539 0 0.9975961538461539
11 0 0 0.9975961538461539 0 0.9975961538461539 0.5649038461538461 0 0.5649038461538461
12 0 0.5649038461538461 0.9975961538461539 0.5649038461538461 0.9975961538461539 0.5961538461538461 0 0.5961538461538461
2 0 0 1 0 1 1 0 1
10 0 0 0.9975961538461539 0 0.9975961538461539 0.9975961538461539 0 0.9975961538461539
21 0.33653846153846156 0.90625 0.41346153846153844 0.90625 0.41346153846153844 0.9254807692307693 0.33653846153846156 0.9254807692307693
21 0.055288461538461536 0.9134615384615384 0.13221153846153846 0.9134615384615384 0.13221153846153846 0.9302884615384616 0.055288461538461536 0.9302884615384616
21 0.4639423076923077 0.9110576923076923 0.5432692307692307 0.9110576923076923 0.5432692307692307 0.9230769230769231 0.4639423076923077 0.9230769230769231
21 0.59375 0.9158653846153846 0.6754807692307693 0.9158653846153846 0.6754807692307693 0.9326923076923077 0.59375 0.9326923076923077
21 0.875 0.9110576923076923 0.9543269230769231 0.9110576923076923 0.9543269230769231 0.9230769230769231 0.875 0.9230769230769231