23 0.9663461538461539 0.19951923076923078 1 0.19951923076923078 1 0.46634615384615385 0.9663461538461539 0.46634615384615385
23 0 0.20432692307692307 0.0673076923076923 0.20432692307692307 0.0673076923076923 0.45913461538461536 0 0.45913461538461536
23 0.16105769230769232 0.20192307692307693 0.24759615384615385 0.20192307692307693 0.24759615384615385 0.46153846153846156 0.16105769230769232 0.46153846153846156
23 0.36538461538461536 0.19951923076923078 0.4543269230769231 0.19951923076923078 0.4543269230769231 0.4639423076923077 0.36538461538461536 0.4639423076923077
23 0.5673076923076923 0.19951923076923078 0.65625 0.19951923076923078 0.65625 0.46634615384615385 0.5673076923076923 0.46634615384615385
23 0.7644230769230769 0.19951923076923078 0.8509615384615384 0.19951923076923078 0.8509615384615384 0.46634615384615385 0.7644230769230769 0.46634615384615385
8 0.15144230769230768 0.6802884615384616 0.25721153846153844 0.6802884615384616 0.25721153846153844 0.9663461538461539 0.15144230769230768 0.9663461538461539
23 0.36538461538461536 0.6730769230769231 0.4519230769230769 0.6730769230769231 0.4519230769230769 0.90625 0.36538461538461536 0.90625
23 0.9663461538461539 0.6634615384615384 1 0.6634615384615384 1 0.8966346153846154 0.9663461538461539 0.8966346153846154
23 0 0.6754807692307693 0.0625 0.6754807692307693 0.0625 0.9134615384615384 0 0.9134615384615384
23 0.5697115384615384 0.6730769230769231 0.6586538461538461 0.6730769230769231 0.6586538461538461 0.90625 0.5697115384615384 0.90625
8 0.7956730769230769 0.6802884615384616 0.8557692307692307 0.6802884615384616 0.8557692307692307 0.9519230769230769 0.7956730769230769 0.9519230769230769
7 0.6802884615384616 0.7043269230769231 1 0.7043269230769231 1 1 0.6802884615384616 1
15 0 0.5889423076923077 1 0.5889423076923077 1 0.96875 0 0.96875
12 0 0.5673076923076923 1 0.5673076923076923 1 0.5865384615384616 0 0.5865384615384616
12 0 0.07692307692307693 1 0.07692307692307693 1 0.0985576923076923 0 0.0985576923076923
11 0 0.0985576923076923 1 0.0985576923076923 1 0.5673076923076923 0 0.5673076923076923
2 0 0 1 0 1 0.96875 0 0.96875
10 0 0 1 0 1 0.96875 0 0.96875