23 0.15144230769230768 0.22355769230769232 0.24278846153846154 0.22355769230769232 0.24278846153846154 0.4519230769230769 0.15144230769230768 0.4519230769230769
23 0.45913461538461536 0.21875 0.5504807692307693 0.21875 0.5504807692307693 0.44711538461538464 0.45913461538461536 0.44711538461538464
23 0.7427884615384616 0.22355769230769232 0.8245192307692307 0.22355769230769232 0.8245192307692307 0.4519230769230769 0.7427884615384616 0.4519230769230769
23 0.4567307692307692 0.6706730769230769 0.5456730769230769 0.6706730769230769 0.5456730769230769 0.9038461538461539 0.4567307692307692 0.9038461538461539
8 0.07211538461538461 0.6610576923076923 0.3245192307692308 0.6610576923076923 0.3245192307692308 1 0.07211538461538461 1
8 0.6586538461538461 0.6442307692307693 0.8870192307692307 0.6442307692307693 0.8870192307692307 1 0.6586538461538461 1
21 0.13942307692307693 0.4519230769230769 0.25240384615384615 0.4519230769230769 0.25240384615384615 0.47596153846153844 0.13942307692307693 0.47596153846153844
21 0.4423076923076923 0.4495192307692308 0.5600961538461539 0.4495192307692308 0.5600961538461539 0.47836538461538464 0.4423076923076923 0.47836538461538464
4 0.4182692307692308 0.5913461538461539 0.5865384615384616 0.5913461538461539 0.5865384615384616 0.6274038461538461 0.4182692307692308 0.6274038461538461
17 0.35096153846153844 0.14423076923076922 0.41346153846153844 0.14423076923076922 0.41346153846153844 0.9975961538461539 0.35096153846153844 0.9975961538461539
17 0 0.14423076923076922 0.036057692307692304 0.14423076923076922 0.036057692307692304 0.9903846153846154 0 0.9903846153846154
17 0.5913461538461539 0.14182692307692307 0.6538461538461539 0.14182692307692307 0.6538461538461539 0.9975961538461539 0.5913461538461539 0.9975961538461539
17 0.9399038461538461 0.13942307692307693 1 0.13942307692307693 1 0.9975961538461539 0.9399038461538461 0.9975961538461539
12 0 0.5216346153846154 1 0.5216346153846154 1 0.5408653846153846 0 0.5408653846153846
11 0 0.09615384615384616 1 0.09615384615384616 1 0.5216346153846154 0 0.5216346153846154
15 0 0.5408653846153846 1 0.5408653846153846 1 1 0 1
10 0 0 1 0 1 0.9975961538461539 0 0.9975961538461539
2 0 0 1 0 1 0.9975961538461539 0 0.9975961538461539