23 0.055288461538461536 0.27403846153846156 0.18269230769230768 0.27403846153846156 0.18269230769230768 0.4326923076923077 0.055288461538461536 0.4326923076923077
23 0.42788461538461536 0.2764423076923077 0.5528846153846154 0.2764423076923077 0.5528846153846154 0.43509615384615385 0.42788461538461536 0.43509615384615385
23 0.8052884615384616 0.27884615384615385 0.9375 0.27884615384615385 0.9375 0.4326923076923077 0.8052884615384616 0.4326923076923077
23 0.057692307692307696 0.6706730769230769 0.18990384615384615 0.6706730769230769 0.18990384615384615 0.8605769230769231 0.057692307692307696 0.8605769230769231
23 0.43028846153846156 0.6706730769230769 0.5625 0.6706730769230769 0.5625 0.8653846153846154 0.43028846153846156 0.8653846153846154
23 0.8076923076923077 0.6730769230769231 0.9423076923076923 0.6730769230769231 0.9423076923076923 0.8677884615384616 0.8076923076923077 0.8677884615384616
16 0 0.009615384615384616 1 0.009615384615384616 1 0.18269230769230768 0 0.18269230769230768
11 0 0.5600961538461539 1 0.5600961538461539 1 0.9663461538461539 0 0.9663461538461539
12 0 0.9639423076923077 0.9975961538461539 0.9639423076923077 0.9975961538461539 0.9879807692307693 0 0.9879807692307693
12 0 0.5408653846153846 0.9975961538461539 0.5408653846153846 0.9975961538461539 0.5576923076923077 0 0.5576923076923077
11 0 0.18028846153846154 1 0.18028846153846154 1 0.5432692307692307 0 0.5432692307692307
12 0 0.15625 1 0.15625 1 0.18028846153846154 0 0.18028846153846154
11 0 0 1 0 1 0.15625 0 0.15625
2 0 0 1 0 1 1 0 1
10 0 0 1 0 1 1 0 1