23 0.02403846153846154 0.12980769230769232 0.15144230769230768 0.12980769230769232 0.15144230769230768 0.3317307692307692 0.02403846153846154 0.3317307692307692
23 0.02403846153846154 0.35336538461538464 0.15144230769230768 0.35336538461538464 0.15144230769230768 0.7451923076923077 0.02403846153846154 0.7451923076923077
23 0.21153846153846154 0.13221153846153846 0.34615384615384615 0.13221153846153846 0.34615384615384615 0.28365384615384615 0.21153846153846154 0.28365384615384615
23 0.5336538461538461 0.3581730769230769 0.6634615384615384 0.3581730769230769 0.6634615384615384 0.7548076923076923 0.5336538461538461 0.7548076923076923
23 0.5336538461538461 0.125 0.6634615384615384 0.125 0.6634615384615384 0.34134615384615385 0.5336538461538461 0.34134615384615385
23 0.20673076923076922 0.31490384615384615 0.34615384615384615 0.31490384615384615 0.34615384615384615 0.7548076923076923 0.20673076923076922 0.7548076923076923
1 0.20673076923076922 0.31490384615384615 0.34615384615384615 0.31490384615384615 0.34615384615384615 0.7548076923076923 0.20673076923076922 0.7548076923076923
7 0.8317307692307693 0 1 0 1 0.9975961538461539 0.8317307692307693 0.9975961538461539
2 0 0.002403846153846154 1 0.002403846153846154 1 0.9975961538461539 0 0.9975961538461539
10 0 0.002403846153846154 1 0.002403846153846154 1 0.9975961538461539 0 0.9975961538461539
15 0 0.002403846153846154 1 0.002403846153846154 1 0.9975961538461539 0 0.9975961538461539