23 0.1658653846153846 0.15865384615384615 0.25961538461538464 0.15865384615384615 0.25961538461538464 0.4014423076923077 0.1658653846153846 0.4014423076923077
23 0.41586538461538464 0.15865384615384615 0.5072115384615384 0.15865384615384615 0.5072115384615384 0.4110576923076923 0.41586538461538464 0.4110576923076923
23 0.5528846153846154 0.16105769230769232 0.6418269230769231 0.16105769230769232 0.6418269230769231 0.39903846153846156 0.5528846153846154 0.39903846153846156
23 0.7980769230769231 0.1658653846153846 0.8942307692307693 0.1658653846153846 0.8942307692307693 0.40384615384615385 0.7980769230769231 0.40384615384615385
23 0.8028846153846154 0.6177884615384616 0.8990384615384616 0.6177884615384616 0.8990384615384616 0.8653846153846154 0.8028846153846154 0.8653846153846154
23 0.5528846153846154 0.6201923076923077 0.6442307692307693 0.6201923076923077 0.6442307692307693 0.8605769230769231 0.5528846153846154 0.8605769230769231
23 0.4182692307692308 0.6201923076923077 0.5096153846153846 0.6201923076923077 0.5096153846153846 0.8605769230769231 0.4182692307692308 0.8605769230769231
23 0.125 0.6081730769230769 0.22115384615384615 0.6081730769230769 0.22115384615384615 0.8605769230769231 0.125 0.8605769230769231
11 0 0.5216346153846154 1 0.5216346153846154 1 1 0 1
12 0 0.49759615384615385 1 0.49759615384615385 1 0.5216346153846154 0 0.5216346153846154
11 0 0 1 0 1 0.49759615384615385 0 0.49759615384615385
21 0.5432692307692307 0.8581730769230769 0.6586538461538461 0.8581730769230769 0.6586538461538461 0.875 0.5432692307692307 0.875
21 0.40625 0.8581730769230769 0.5216346153846154 0.8581730769230769 0.5216346153846154 0.8725961538461539 0.40625 0.8725961538461539
21 0.5432692307692307 0.39903846153846156 0.6586538461538461 0.39903846153846156 0.6586538461538461 0.40865384615384615 0.5432692307692307 0.40865384615384615
21 0.7980769230769231 0.8629807692307693 0.9134615384615384 0.8629807692307693 0.9134615384615384 0.8774038461538461 0.7980769230769231 0.8774038461538461
21 0.7932692307692307 0.40384615384615385 0.9086538461538461 0.40384615384615385 0.9086538461538461 0.41586538461538464 0.7932692307692307 0.41586538461538464
21 0.47115384615384615 0.39663461538461536 0.5240384615384616 0.39663461538461536 0.5240384615384616 0.4110576923076923 0.47115384615384615 0.4110576923076923
2 0 0.002403846153846154 1 0.002403846153846154 1 1 0 1
10 0 0.002403846153846154 1 0.002403846153846154 1 1 0 1