23 0.35096153846153844 0.06971153846153846 0.5600961538461539 0.06971153846153846 0.5600961538461539 0.27163461538461536 0.35096153846153844 0.27163461538461536
24 0.1875 0.06009615384615385 0.5649038461538461 0.06009615384615385 0.5649038461538461 0.27163461538461536 0.1875 0.27163461538461536
23 0.8605769230769231 0.1201923076923077 0.9951923076923077 0.1201923076923077 0.9951923076923077 0.2283653846153846 0.8605769230769231 0.2283653846153846
24 0.8533653846153846 0.06009615384615385 1 0.06009615384615385 1 0.27403846153846156 0.8533653846153846 0.27403846153846156
23 0.6418269230769231 0.37740384615384615 0.8581730769230769 0.37740384615384615 0.8581730769230769 0.5817307692307693 0.6418269230769231 0.5817307692307693
24 0.6370192307692307 0.36538461538461536 1 0.36538461538461536 1 0.5841346153846154 0.6370192307692307 0.5841346153846154
24 0 0.36538461538461536 0.34375 0.36538461538461536 0.34375 0.5817307692307693 0 0.5817307692307693
23 0 0.37259615384615385 0.1875 0.37259615384615385 0.1875 0.5841346153846154 0 0.5841346153846154
23 0.21875 0.40865384615384615 0.3389423076923077 0.40865384615384615 0.3389423076923077 0.5264423076923077 0.21875 0.5264423076923077
23 0.35096153846153844 0.6947115384615384 0.5600961538461539 0.6947115384615384 0.5600961538461539 0.8990384615384616 0.35096153846153844 0.8990384615384616
23 0.22115384615384615 0.7139423076923077 0.35096153846153844 0.7139423076923077 0.35096153846153844 0.8317307692307693 0.22115384615384615 0.8317307692307693
24 0.18509615384615385 0.6826923076923077 0.5697115384615384 0.6826923076923077 0.5697115384615384 0.9038461538461539 0.18509615384615385 0.9038461538461539
23 0.8701923076923077 0.7139423076923077 1 0.7139423076923077 1 0.8293269230769231 0.8701923076923077 0.8293269230769231
24 0.8605769230769231 0.6826923076923077 1 0.6826923076923077 1 0.9038461538461539 0.8605769230769231 0.9038461538461539
11 0 0 1 0 1 0.3245192307692308 0 0.3245192307692308
12 0 0.3245192307692308 1 0.3245192307692308 1 0.3389423076923077 0 0.3389423076923077
12 0 0.6370192307692307 1 0.6370192307692307 1 0.6538461538461539 0 0.6538461538461539
11 0 0.9663461538461539 1 0.9663461538461539 1 1 0 1
11 0 0.6538461538461539 1 0.6538461538461539 1 0.9495192307692307 0 0.9495192307692307
11 0 0.34134615384615385 1 0.34134615384615385 1 0.6370192307692307 0 0.6370192307692307
12 0 0.9519230769230769 1 0.9519230769230769 1 0.9663461538461539 0 0.9663461538461539
2 0 0 1 0 1 1 0 1
10 0 0 1 0 1 1 0 1