14 0.6875 0.47115384615384615 0.7163461538461539 0.47115384615384615 0.7163461538461539 0.6153846153846154 0.6875 0.6153846153846154
14 0.4014423076923077 0.47115384615384615 0.42788461538461536 0.47115384615384615 0.42788461538461536 0.6153846153846154 0.4014423076923077 0.6153846153846154
14 0.45913461538461536 0.47115384615384615 0.4855769230769231 0.47115384615384615 0.4855769230769231 0.6153846153846154 0.45913461538461536 0.6153846153846154
14 0.5168269230769231 0.47115384615384615 0.5432692307692307 0.47115384615384615 0.5432692307692307 0.6153846153846154 0.5168269230769231 0.6153846153846154
14 0.5745192307692307 0.47115384615384615 0.6009615384615384 0.47115384615384615 0.6009615384615384 0.6153846153846154 0.5745192307692307 0.6153846153846154
14 0.6298076923076923 0.47115384615384615 0.6586538461538461 0.47115384615384615 0.6586538461538461 0.6153846153846154 0.6298076923076923 0.6153846153846154
14 0.6875 0.2956730769230769 0.7163461538461539 0.2956730769230769 0.7163461538461539 0.43990384615384615 0.6875 0.43990384615384615
14 0.4014423076923077 0.2956730769230769 0.42788461538461536 0.2956730769230769 0.42788461538461536 0.43990384615384615 0.4014423076923077 0.43990384615384615
14 0.45913461538461536 0.2956730769230769 0.4855769230769231 0.2956730769230769 0.4855769230769231 0.43990384615384615 0.45913461538461536 0.43990384615384615
14 0.5168269230769231 0.2956730769230769 0.5432692307692307 0.2956730769230769 0.5432692307692307 0.43990384615384615 0.5168269230769231 0.43990384615384615
14 0.5745192307692307 0.2956730769230769 0.6009615384615384 0.2956730769230769 0.6009615384615384 0.43990384615384615 0.5745192307692307 0.43990384615384615
14 0.6298076923076923 0.2956730769230769 0.6586538461538461 0.2956730769230769 0.6586538461538461 0.43990384615384615 0.6298076923076923 0.43990384615384615
14 0.6394230769230769 0.6538461538461539 0.7115384615384616 0.6538461538461539 0.7115384615384616 0.7668269230769231 0.6394230769230769 0.7668269230769231
14 0.40625 0.6538461538461539 0.47836538461538464 0.6538461538461539 0.47836538461538464 0.7668269230769231 0.40625 0.7668269230769231
8 0.5240384615384616 0.6538461538461539 0.5961538461538461 0.6538461538461539 0.5961538461538461 0.7692307692307693 0.5240384615384616 0.7692307692307693
20 0.5096153846153846 0.6225961538461539 0.6081730769230769 0.6225961538461539 0.6081730769230769 0.6442307692307693 0.5096153846153846 0.6442307692307693
12 0.3701923076923077 0.36778846153846156 0.7475961538461539 0.36778846153846156 0.7475961538461539 0.3894230769230769 0.3701923076923077 0.3894230769230769
12 0.3701923076923077 0.6225961538461539 0.7475961538461539 0.6225961538461539 0.7475961538461539 0.6442307692307693 0.3701923076923077 0.6442307692307693
12 0.3701923076923077 0.5 0.7475961538461539 0.5 0.7475961538461539 0.5216346153846154 0.3701923076923077 0.5216346153846154
2 0.0985576923076923 0.1201923076923077 0.9783653846153846 0.1201923076923077 0.9783653846153846 0.9399038461538461 0.0985576923076923 0.9399038461538461
20 0.8052884615384616 0.7620192307692307 0.9014423076923077 0.7620192307692307 0.9014423076923077 0.8100961538461539 0.8052884615384616 0.8100961538461539
10 0.0985576923076923 0.11778846153846154 0.9783653846153846 0.11778846153846154 0.9783653846153846 0.9399038461538461 0.0985576923076923 0.9399038461538461