23 0.07932692307692307 0.31971153846153844 0.25 0.31971153846153844 0.25 0.42788461538461536 0.07932692307692307 0.42788461538461536
23 0.07932692307692307 0.5 0.25240384615384615 0.5 0.25240384615384615 0.6009615384615384 0.07932692307692307 0.6009615384615384
23 0.7475961538461539 0.31490384615384615 0.9182692307692307 0.31490384615384615 0.9182692307692307 0.4254807692307692 0.7475961538461539 0.4254807692307692
23 0.7475961538461539 0.5 0.9182692307692307 0.5 0.9182692307692307 0.5985576923076923 0.7475961538461539 0.5985576923076923
23 0.5673076923076923 0.3173076923076923 0.6274038461538461 0.3173076923076923 0.6274038461538461 0.40625 0.5673076923076923 0.40625
23 0.4639423076923077 0.5 0.5336538461538461 0.5 0.5336538461538461 0.5889423076923077 0.4639423076923077 0.5889423076923077
23 0.4639423076923077 0.3173076923076923 0.5336538461538461 0.3173076923076923 0.5336538461538461 0.40625 0.4639423076923077 0.40625
23 0.36778846153846156 0.3173076923076923 0.43028846153846156 0.3173076923076923 0.43028846153846156 0.40625 0.36778846153846156 0.40625
23 0.36778846153846156 0.5 0.43028846153846156 0.5 0.43028846153846156 0.5889423076923077 0.36778846153846156 0.5889423076923077
23 0.5673076923076923 0.5 0.6274038461538461 0.5 0.6274038461538461 0.5889423076923077 0.5673076923076923 0.5889423076923077
23 0.6274038461538461 0.6923076923076923 0.8701923076923077 0.6923076923076923 0.8701923076923077 0.8942307692307693 0.6274038461538461 0.8942307692307693
23 0.4375 0.6923076923076923 0.5552884615384616 0.6923076923076923 0.5552884615384616 0.7524038461538461 0.4375 0.7524038461538461
23 0.12259615384615384 0.6923076923076923 0.36538461538461536 0.6923076923076923 0.36538461538461536 0.8942307692307693 0.12259615384615384 0.8942307692307693
16 0.07451923076923077 0.19230769230769232 0.2980769230769231 0.19230769230769232 0.2980769230769231 0.24759615384615385 0.07451923076923077 0.24759615384615385
16 0.6971153846153846 0.19230769230769232 0.9206730769230769 0.19230769230769232 0.9206730769230769 0.25961538461538464 0.6971153846153846 0.25961538461538464
17 0.2932692307692308 0.11778846153846154 0.36538461538461536 0.11778846153846154 0.36538461538461536 0.6634615384615384 0.2932692307692308 0.6634615384615384
17 0.6322115384615384 0.11298076923076923 0.7019230769230769 0.11298076923076923 0.7019230769230769 0.6634615384615384 0.6322115384615384 0.6634615384615384
17 0.4326923076923077 0.052884615384615384 0.5673076923076923 0.052884615384615384 0.5673076923076923 0.6634615384615384 0.4326923076923077 0.6634615384615384
5 0.5793269230769231 0.5913461538461539 0.6177884615384616 0.5913461538461539 0.6177884615384616 0.6634615384615384 0.5793269230769231 0.6634615384615384
5 0.3798076923076923 0.5913461538461539 0.41586538461538464 0.5913461538461539 0.41586538461538464 0.6634615384615384 0.3798076923076923 0.6634615384615384
5 0.5769230769230769 0.13701923076923078 0.6153846153846154 0.13701923076923078 0.6153846153846154 0.30528846153846156 0.5769230769230769 0.30528846153846156
5 0.5793269230769231 0.40865384615384615 0.6177884615384616 0.40865384615384615 0.6177884615384616 0.49038461538461536 0.5793269230769231 0.49038461538461536
5 0.47836538461538464 0.5913461538461539 0.5192307692307693 0.5913461538461539 0.5192307692307693 0.6634615384615384 0.47836538461538464 0.6634615384615384
5 0.3798076923076923 0.40865384615384615 0.41586538461538464 0.40865384615384615 0.41586538461538464 0.49278846153846156 0.3798076923076923 0.49278846153846156
5 0.3798076923076923 0.13701923076923078 0.41586538461538464 0.13701923076923078 0.41586538461538464 0.30528846153846156 0.3798076923076923 0.30528846153846156
5 0.47836538461538464 0.10576923076923077 0.5192307692307693 0.10576923076923077 0.5192307692307693 0.30528846153846156 0.47836538461538464 0.30528846153846156
5 0.47836538461538464 0.40865384615384615 0.5192307692307693 0.40865384615384615 0.5192307692307693 0.49038461538461536 0.47836538461538464 0.49038461538461536
17 0.7644230769230769 0.6778846153846154 0.78125 0.6778846153846154 0.78125 0.9014423076923077 0.7644230769230769 0.9014423076923077
17 0.21153846153846154 0.6778846153846154 0.2283653846153846 0.6778846153846154 0.2283653846153846 0.9014423076923077 0.21153846153846154 0.9014423076923077
2 0 0.002403846153846154 1 0.002403846153846154 1 0.9326923076923077 0 0.9326923076923077
10 0 0.002403846153846154 1 0.002403846153846154 1 0.9326923076923077 0 0.9326923076923077