8 0.43990384615384615 0.78125 0.5552884615384616 0.78125 0.5552884615384616 0.9399038461538461 0.43990384615384615 0.9399038461538461
23 0.7211538461538461 0.8485576923076923 0.7403846153846154 0.8485576923076923 0.7403846153846154 0.8725961538461539 0.7211538461538461 0.8725961538461539
23 0.7139423076923077 0.6634615384615384 0.7331730769230769 0.6634615384615384 0.7331730769230769 0.6947115384615384 0.7139423076923077 0.6947115384615384
23 0.2548076923076923 0.8509615384615384 0.27403846153846156 0.8509615384615384 0.27403846153846156 0.8725961538461539 0.2548076923076923 0.8725961538461539
23 0.25721153846153844 0.6658653846153846 0.27884615384615385 0.6658653846153846 0.27884615384615385 0.6971153846153846 0.25721153846153844 0.6971153846153846
17 0.32211538461538464 0.7596153846153846 0.35336538461538464 0.7596153846153846 0.35336538461538464 0.8942307692307693 0.32211538461538464 0.8942307692307693
17 0.30528846153846156 0.7596153846153846 0.34375 0.7596153846153846 0.34375 0.8966346153846154 0.30528846153846156 0.8966346153846154
17 0.34615384615384615 0.7596153846153846 0.38461538461538464 0.7596153846153846 0.38461538461538464 0.8966346153846154 0.34615384615384615 0.8966346153846154
17 0.36778846153846156 0.7668269230769231 0.3918269230769231 0.7668269230769231 0.3918269230769231 0.8942307692307693 0.36778846153846156 0.8942307692307693
17 0.4014423076923077 0.7668269230769231 0.43028846153846156 0.7668269230769231 0.43028846153846156 0.8942307692307693 0.4014423076923077 0.8942307692307693
17 0.6009615384615384 0.7668269230769231 0.6274038461538461 0.7668269230769231 0.6274038461538461 0.8942307692307693 0.6009615384615384 0.8942307692307693
17 0.5625 0.7668269230769231 0.5913461538461539 0.7668269230769231 0.5913461538461539 0.8942307692307693 0.5625 0.8942307692307693
17 0.6105769230769231 0.7596153846153846 0.6490384615384616 0.7596153846153846 0.6490384615384616 0.8942307692307693 0.6105769230769231 0.8942307692307693
17 0.6538461538461539 0.7572115384615384 0.6899038461538461 0.7572115384615384 0.6899038461538461 0.8942307692307693 0.6538461538461539 0.8942307692307693
17 0.6370192307692307 0.7644230769230769 0.6706730769230769 0.7644230769230769 0.6706730769230769 0.8942307692307693 0.6370192307692307 0.8942307692307693
17 0.5649038461538461 0.6201923076923077 0.5841346153846154 0.6201923076923077 0.5841346153846154 0.7067307692307693 0.5649038461538461 0.7067307692307693
17 0.6009615384615384 0.6201923076923077 0.6225961538461539 0.6201923076923077 0.6225961538461539 0.7067307692307693 0.6009615384615384 0.7067307692307693
17 0.36778846153846156 0.6225961538461539 0.3870192307692308 0.6225961538461539 0.3870192307692308 0.7067307692307693 0.36778846153846156 0.7067307692307693
17 0.40625 0.6225961538461539 0.4230769230769231 0.6225961538461539 0.4230769230769231 0.7067307692307693 0.40625 0.7067307692307693
17 0.5192307692307693 0.5288461538461539 0.5384615384615384 0.5288461538461539 0.5384615384615384 0.6033653846153846 0.5192307692307693 0.6033653846153846
17 0.4495192307692308 0.5288461538461539 0.46875 0.5288461538461539 0.46875 0.6033653846153846 0.4495192307692308 0.6033653846153846
5 0.5504807692307693 0.5721153846153846 0.59375 0.5721153846153846 0.59375 0.5985576923076923 0.5504807692307693 0.5985576923076923
5 0.3894230769230769 0.5721153846153846 0.43509615384615385 0.5721153846153846 0.43509615384615385 0.6009615384615384 0.3894230769230769 0.6009615384615384
4 0.5552884615384616 0.5985576923076923 0.6274038461538461 0.5985576923076923 0.6274038461538461 0.6105769230769231 0.5552884615384616 0.6105769230769231
4 0.3629807692307692 0.6009615384615384 0.4326923076923077 0.6009615384615384 0.4326923076923077 0.6105769230769231 0.3629807692307692 0.6105769230769231
5 0.4879807692307692 0.5024038461538461 0.5 0.5024038461538461 0.5 0.5144230769230769 0.4879807692307692 0.5144230769230769
5 0.45913461538461536 0.5480769230769231 0.5264423076923077 0.5480769230769231 0.5264423076923077 0.6009615384615384 0.45913461538461536 0.6009615384615384
4 0.2692307692307692 0.7451923076923077 0.7259615384615384 0.7451923076923077 0.7259615384615384 0.7572115384615384 0.2692307692307692 0.7572115384615384
8 0.5024038461538461 0.6370192307692307 0.5552884615384616 0.6370192307692307 0.5552884615384616 0.71875 0.5024038461538461 0.71875
8 0.4326923076923077 0.6370192307692307 0.4855769230769231 0.6370192307692307 0.4855769230769231 0.71875 0.4326923076923077 0.71875
5 0.4735576923076923 0.38461538461538464 0.5096153846153846 0.38461538461538464 0.5096153846153846 0.4230769230769231 0.4735576923076923 0.4230769230769231
5 0.6802884615384616 0.02403846153846154 0.7259615384615384 0.02403846153846154 0.7259615384615384 0.08173076923076923 0.6802884615384616 0.08173076923076923
23 0.6971153846153846 0.25240384615384615 0.7307692307692307 0.25240384615384615 0.7307692307692307 0.2764423076923077 0.6971153846153846 0.2764423076923077
23 0.25240384615384615 0.2548076923076923 0.2860576923076923 0.2548076923076923 0.2860576923076923 0.27884615384615385 0.25240384615384615 0.27884615384615385
0 0.17548076923076922 0.4375 0.19230769230769232 0.4375 0.19230769230769232 0.47115384615384615 0.17548076923076922 0.47115384615384615
0 0.2403846153846154 0.4254807692307692 0.2956730769230769 0.4254807692307692 0.2956730769230769 0.4567307692307692 0.2403846153846154 0.4567307692307692
0 0.3485576923076923 0.4375 0.36778846153846156 0.4375 0.36778846153846156 0.47115384615384615 0.3485576923076923 0.47115384615384615
0 0.6899038461538461 0.4254807692307692 0.7451923076923077 0.4254807692307692 0.7451923076923077 0.45913461538461536 0.6899038461538461 0.45913461538461536
0 0.7932692307692307 0.43509615384615385 0.8100961538461539 0.43509615384615385 0.8100961538461539 0.46634615384615385 0.7932692307692307 0.46634615384615385
0 0.6177884615384616 0.43509615384615385 0.6394230769230769 0.43509615384615385 0.6394230769230769 0.4735576923076923 0.6177884615384616 0.4735576923076923
23 0.21875 0.25961538461538464 0.2403846153846154 0.25961538461538464 0.2403846153846154 0.28365384615384615 0.21875 0.28365384615384615
23 0.3004807692307692 0.25961538461538464 0.32211538461538464 0.25961538461538464 0.32211538461538464 0.28365384615384615 0.3004807692307692 0.28365384615384615
23 0.6586538461538461 0.25961538461538464 0.6802884615384616 0.25961538461538464 0.6802884615384616 0.27884615384615385 0.6586538461538461 0.27884615384615385
23 0.7475961538461539 0.25961538461538464 0.7620192307692307 0.25961538461538464 0.7620192307692307 0.27884615384615385 0.7475961538461539 0.27884615384615385
5 0.25240384615384615 0.028846153846153848 0.2980769230769231 0.028846153846153848 0.2980769230769231 0.08173076923076923 0.25240384615384615 0.08173076923076923
23 0.6923076923076923 0.3629807692307692 0.7427884615384616 0.3629807692307692 0.7427884615384616 0.4567307692307692 0.6923076923076923 0.4567307692307692
23 0.24278846153846154 0.36538461538461536 0.2932692307692308 0.36538461538461536 0.2932692307692308 0.4567307692307692 0.24278846153846154 0.4567307692307692
4 0.15144230769230768 0.5360576923076923 0.37259615384615385 0.5360576923076923 0.37259615384615385 0.5576923076923077 0.15144230769230768 0.5576923076923077
4 0.6201923076923077 0.5336538461538461 0.8389423076923077 0.5336538461538461 0.8389423076923077 0.5504807692307693 0.6201923076923077 0.5504807692307693
23 0.4831730769230769 0.46634615384615385 0.5 0.46634615384615385 0.5 0.4879807692307692 0.4831730769230769 0.4879807692307692
23 0.5096153846153846 0.46634615384615385 0.5168269230769231 0.46634615384615385 0.5168269230769231 0.49038461538461536 0.5096153846153846 0.49038461538461536
23 0.46634615384615385 0.46634615384615385 0.4735576923076923 0.46634615384615385 0.4735576923076923 0.49038461538461536 0.46634615384615385 0.49038461538461536
2 0.15144230769230768 0.02403846153846154 0.8413461538461539 0.02403846153846154 0.8413461538461539 0.9447115384615384 0.15144230769230768 0.9447115384615384
10 0.15144230769230768 0.021634615384615384 0.8413461538461539 0.021634615384615384 0.8413461538461539 0.9447115384615384 0.15144230769230768 0.9447115384615384
17 0.3245192307692308 0.5913461538461539 0.3557692307692308 0.5913461538461539 0.3557692307692308 0.7211538461538461 0.3245192307692308 0.7211538461538461
17 0.6322115384615384 0.5913461538461539 0.6658653846153846 0.5913461538461539 0.6658653846153846 0.7211538461538461 0.6322115384615384 0.7211538461538461