8 0.5625 0.4567307692307692 0.7836538461538461 0.4567307692307692 0.7836538461538461 0.8822115384615384 0.5625 0.8822115384615384
14 0 0.5 0.11057692307692307 0.5 0.11057692307692307 0.5480769230769231 0 0.5480769230769231
14 0.23798076923076922 0.6634615384615384 0.31971153846153844 0.6634615384615384 0.31971153846153844 0.71875 0.23798076923076922 0.71875
14 0.34615384615384615 0.6634615384615384 0.5480769230769231 0.6634615384615384 0.5480769230769231 0.71875 0.34615384615384615 0.71875
14 0.7932692307692307 0.6634615384615384 0.9735576923076923 0.6634615384615384 0.9735576923076923 0.71875 0.7932692307692307 0.71875
14 0.7932692307692307 0.5817307692307693 0.9735576923076923 0.5817307692307693 0.9735576923076923 0.6298076923076923 0.7932692307692307 0.6298076923076923
14 0 0.5817307692307693 0.10096153846153846 0.5817307692307693 0.10096153846153846 0.6298076923076923 0 0.6298076923076923
14 0 0.6610576923076923 0.125 0.6610576923076923 0.125 0.7163461538461539 0 0.7163461538461539
14 0.13221153846153846 0.5817307692307693 0.2091346153846154 0.5817307692307693 0.2091346153846154 0.6298076923076923 0.13221153846153846 0.6298076923076923
14 0.1346153846153846 0.6634615384615384 0.21153846153846154 0.6634615384615384 0.21153846153846154 0.71875 0.1346153846153846 0.71875
14 0.23798076923076922 0.5817307692307693 0.32211538461538464 0.5817307692307693 0.32211538461538464 0.6298076923076923 0.23798076923076922 0.6298076923076923
14 0.35096153846153844 0.5817307692307693 0.5480769230769231 0.5817307692307693 0.5480769230769231 0.6298076923076923 0.35096153846153844 0.6298076923076923
14 0.7932692307692307 0.5024038461538461 0.9735576923076923 0.5024038461538461 0.9735576923076923 0.5504807692307693 0.7932692307692307 0.5504807692307693
14 0.34615384615384615 0.5 0.5408653846153846 0.5 0.5408653846153846 0.5480769230769231 0.34615384615384615 0.5480769230769231
14 0.1346153846153846 0.5 0.3293269230769231 0.5 0.3293269230769231 0.5480769230769231 0.1346153846153846 0.5480769230769231
14 0.23798076923076922 0.5817307692307693 0.32211538461538464 0.5817307692307693 0.32211538461538464 0.6298076923076923 0.23798076923076922 0.6298076923076923
12 0 0.44711538461538464 1 0.44711538461538464 1 0.4567307692307692 0 0.4567307692307692
12 0.7860576923076923 0.5384615384615384 1 0.5384615384615384 1 0.5480769230769231 0.7860576923076923 0.5480769230769231
12 0 0.3557692307692308 1 0.3557692307692308 1 0.36778846153846156 0 0.36778846153846156
12 0 0.6274038461538461 0.5625 0.6274038461538461 0.5625 0.6394230769230769 0 0.6394230769230769
12 0 0.7163461538461539 0.5697115384615384 0.7163461538461539 0.5697115384615384 0.7283653846153846 0 0.7283653846153846
12 0.7788461538461539 0.7163461538461539 1 0.7163461538461539 1 0.7259615384615384 0.7788461538461539 0.7259615384615384
12 0.7836538461538461 0.6274038461538461 1 0.6274038461538461 1 0.6394230769230769 0.7836538461538461 0.6394230769230769
0 0.7908653846153846 0.5024038461538461 0.9975961538461539 0.5024038461538461 0.9975961538461539 0.5384615384615384 0.7908653846153846 0.5384615384615384
0 0 0.5913461538461539 0.5552884615384616 0.5913461538461539 0.5552884615384616 0.6274038461538461 0 0.6274038461538461
0 0 0.5024038461538461 0.5528846153846154 0.5024038461538461 0.5528846153846154 0.5384615384615384 0 0.5384615384615384
0 0 0.4110576923076923 0.9975961538461539 0.4110576923076923 0.9975961538461539 0.44471153846153844 0 0.44471153846153844
12 0 0.5384615384615384 0.5625 0.5384615384615384 0.5625 0.5480769230769231 0 0.5480769230769231
17 0.7836538461538461 0.4567307692307692 0.7980769230769231 0.4567307692307692 0.7980769230769231 0.7163461538461539 0.7836538461538461 0.7163461538461539
17 0.3125 0.4567307692307692 0.3269230769230769 0.4567307692307692 0.3269230769230769 0.7163461538461539 0.3125 0.7163461538461539
17 0.07692307692307693 0.4567307692307692 0.09134615384615384 0.4567307692307692 0.09134615384615384 0.7163461538461539 0.07692307692307693 0.7163461538461539
0 0 0.6850961538461539 0.5552884615384616 0.6850961538461539 0.5552884615384616 0.71875 0 0.71875
0 0.7908653846153846 0.6850961538461539 0.9975961538461539 0.6850961538461539 0.9975961538461539 0.71875 0.7908653846153846 0.71875
0 0.7908653846153846 0.59375 0.9975961538461539 0.59375 0.9975961538461539 0.6274038461538461 0.7908653846153846 0.6274038461538461
14 0.10096153846153846 0.7379807692307693 0.3076923076923077 0.7379807692307693 0.3076923076923077 0.8725961538461539 0.10096153846153846 0.8725961538461539
14 0.33413461538461536 0.7379807692307693 0.5408653846153846 0.7379807692307693 0.5408653846153846 0.8725961538461539 0.33413461538461536 0.8725961538461539
14 0 0.7475961538461539 0.06490384615384616 0.7475961538461539 0.06490384615384616 0.8725961538461539 0 0.8725961538461539
14 0.8076923076923077 0.7379807692307693 1 0.7379807692307693 1 0.875 0.8076923076923077 0.875
19 0.18028846153846154 0.35096153846153844 0.31971153846153844 0.35096153846153844 0.31971153846153844 0.36778846153846156 0.18028846153846154 0.36778846153846156
19 0 0.23557692307692307 1 0.23557692307692307 1 0.30528846153846156 0 0.30528846153846156
19 0.7908653846153846 0.35096153846153844 0.9230769230769231 0.35096153846153844 0.9230769230769231 0.3942307692307692 0.7908653846153846 0.3942307692307692
19 0.6730769230769231 0.35096153846153844 0.8076923076923077 0.35096153846153844 0.8076923076923077 0.36778846153846156 0.6730769230769231 0.36778846153846156
19 0.42788461538461536 0.33653846153846156 0.5552884615384616 0.33653846153846156 0.5552884615384616 0.3557692307692308 0.42788461538461536 0.3557692307692308
19 0.0625 0.35096153846153844 0.19951923076923078 0.35096153846153844 0.19951923076923078 0.3870192307692308 0.0625 0.3870192307692308
19 0.5528846153846154 0.35096153846153844 0.6754807692307693 0.35096153846153844 0.6754807692307693 0.3942307692307692 0.5528846153846154 0.3942307692307692
19 0.9110576923076923 0.5360576923076923 1 0.5360576923076923 1 0.5745192307692307 0.9110576923076923 0.5745192307692307
23 0.7980769230769231 0.4567307692307692 1 0.4567307692307692 1 0.5384615384615384 0.7980769230769231 0.5384615384615384
0 0 0.31971153846153844 1 0.31971153846153844 1 0.3557692307692308 0 0.3557692307692308
23 0 0.27884615384615385 1 0.27884615384615385 1 0.3557692307692308 0 0.3557692307692308
23 0 0.36538461538461536 0.9975961538461539 0.36538461538461536 0.9975961538461539 0.44471153846153844 0 0.44471153846153844
23 0.09134615384615384 0.6370192307692307 0.3125 0.6370192307692307 0.3125 0.71875 0.09134615384615384 0.71875
19 0.31009615384615385 0.35096153846153844 0.43509615384615385 0.35096153846153844 0.43509615384615385 0.3942307692307692 0.31009615384615385 0.3942307692307692
19 0.17307692307692307 0.53125 0.32211538461538464 0.53125 0.32211538461538464 0.5552884615384616 0.17307692307692307 0.5552884615384616
19 0.3004807692307692 0.4423076923076923 0.43509615384615385 0.4423076923076923 0.43509615384615385 0.45913461538461536 0.3004807692307692 0.45913461538461536
19 0.17307692307692307 0.43509615384615385 0.31490384615384615 0.43509615384615385 0.31490384615384615 0.44471153846153844 0.17307692307692307 0.44471153846153844
19 0 0.53125 0.07932692307692307 0.53125 0.07932692307692307 0.5552884615384616 0 0.5552884615384616
19 0.0673076923076923 0.6274038461538461 0.19230769230769232 0.6274038461538461 0.19230769230769232 0.6706730769230769 0.0673076923076923 0.6706730769230769
19 0.3125 0.6298076923076923 0.4375 0.6298076923076923 0.4375 0.6730769230769231 0.3125 0.6730769230769231
19 0.4326923076923077 0.6298076923076923 0.5576923076923077 0.6298076923076923 0.5576923076923077 0.6730769230769231 0.4326923076923077 0.6730769230769231
19 0.7932692307692307 0.5336538461538461 0.9423076923076923 0.5336538461538461 0.9423076923076923 0.5552884615384616 0.7932692307692307 0.5552884615384616
19 0 0.44471153846153844 0.07932692307692307 0.44471153846153844 0.07932692307692307 0.5 0 0.5
19 0.05048076923076923 0.4423076923076923 0.20432692307692307 0.4423076923076923 0.20432692307692307 0.4567307692307692 0.05048076923076923 0.4567307692307692
19 0.42788461538461536 0.4423076923076923 0.5625 0.4423076923076923 0.5625 0.47596153846153844 0.42788461538461536 0.47596153846153844
19 0.7932692307692307 0.4423076923076923 0.9278846153846154 0.4423076923076923 0.9278846153846154 0.4735576923076923 0.7932692307692307 0.4735576923076923
23 0.3269230769230769 0.4567307692307692 0.5480769230769231 0.4567307692307692 0.5480769230769231 0.5384615384615384 0.3269230769230769 0.5384615384615384
23 0.09134615384615384 0.4567307692307692 0.3125 0.4567307692307692 0.3125 0.5384615384615384 0.09134615384615384 0.5384615384615384
23 0.3245192307692308 0.5480769230769231 0.5456730769230769 0.5480769230769231 0.5456730769230769 0.6274038461538461 0.3245192307692308 0.6274038461538461
23 0 0.6394230769230769 0.07692307692307693 0.6394230769230769 0.07692307692307693 0.71875 0 0.71875
23 0.09134615384615384 0.5480769230769231 0.3125 0.5480769230769231 0.3125 0.6274038461538461 0.09134615384615384 0.6274038461538461
23 0 0.5480769230769231 0.07692307692307693 0.5480769230769231 0.07692307692307693 0.6274038461538461 0 0.6274038461538461
23 0.3245192307692308 0.6370192307692307 0.5456730769230769 0.6370192307692307 0.5456730769230769 0.71875 0.3245192307692308 0.71875
23 0.7980769230769231 0.6370192307692307 0.9975961538461539 0.6370192307692307 0.9975961538461539 0.71875 0.7980769230769231 0.71875
23 0.7980769230769231 0.5649038461538461 0.9975961538461539 0.5649038461538461 0.9975961538461539 0.6274038461538461 0.7980769230769231 0.6274038461538461
2 0 0.23557692307692307 1 0.23557692307692307 1 0.8870192307692307 0 0.8870192307692307
10 0 0.23798076923076922 0.9975961538461539 0.23798076923076922 0.9975961538461539 0.8870192307692307 0 0.8870192307692307
17 0.5480769230769231 0.4567307692307692 0.5625 0.4567307692307692 0.5625 0.7163461538461539 0.5480769230769231 0.7163461538461539