14 0.6538461538461539 0.5552884615384616 0.8245192307692307 0.5552884615384616 0.8245192307692307 0.7427884615384616 0.6538461538461539 0.7427884615384616
14 0.19951923076923078 0.5552884615384616 0.36778846153846156 0.5552884615384616 0.36778846153846156 0.7451923076923077 0.19951923076923078 0.7451923076923077
14 0.4254807692307692 0.5552884615384616 0.59375 0.5552884615384616 0.59375 0.7451923076923077 0.4254807692307692 0.7451923076923077
20 0.19471153846153846 0.7620192307692307 0.3629807692307692 0.7620192307692307 0.3629807692307692 0.8557692307692307 0.19471153846153846 0.8557692307692307
20 0.65625 0.7596153846153846 0.8269230769230769 0.7596153846153846 0.8269230769230769 0.8533653846153846 0.65625 0.8533653846153846
23 0.4254807692307692 0.7596153846153846 0.5961538461538461 0.7596153846153846 0.5961538461538461 0.7668269230769231 0.4254807692307692 0.7668269230769231
20 0.46153846153846156 0.7668269230769231 0.5504807692307693 0.7668269230769231 0.5504807692307693 0.7788461538461539 0.46153846153846156 0.7788461538461539
14 0.4254807692307692 0.7836538461538461 0.5913461538461539 0.7836538461538461 0.5913461538461539 0.8629807692307693 0.4254807692307692 0.8629807692307693
23 0.7788461538461539 0.3245192307692308 0.8149038461538461 0.3245192307692308 0.8149038461538461 0.35336538461538464 0.7788461538461539 0.35336538461538464
23 0.2091346153846154 0.3245192307692308 0.24278846153846154 0.3245192307692308 0.24278846153846154 0.35336538461538464 0.2091346153846154 0.35336538461538464
23 0.2692307692307692 0.3245192307692308 0.30288461538461536 0.3245192307692308 0.30288461538461536 0.35336538461538464 0.2692307692307692 0.35336538461538464
23 0.3293269230769231 0.3245192307692308 0.36538461538461536 0.3245192307692308 0.36538461538461536 0.35336538461538464 0.3293269230769231 0.35336538461538464
23 0.43028846153846156 0.3245192307692308 0.46634615384615385 0.3245192307692308 0.46634615384615385 0.35336538461538464 0.43028846153846156 0.35336538461538464
23 0.4951923076923077 0.3245192307692308 0.53125 0.3245192307692308 0.53125 0.35336538461538464 0.4951923076923077 0.35336538461538464
23 0.5528846153846154 0.3245192307692308 0.5889423076923077 0.3245192307692308 0.5889423076923077 0.35336538461538464 0.5528846153846154 0.35336538461538464
23 0.6610576923076923 0.3245192307692308 0.6971153846153846 0.3245192307692308 0.6971153846153846 0.35336538461538464 0.6610576923076923 0.35336538461538464
23 0.71875 0.3245192307692308 0.7548076923076923 0.3245192307692308 0.7548076923076923 0.35336538461538464 0.71875 0.35336538461538464
14 0.7764423076923077 0.40625 0.8173076923076923 0.40625 0.8173076923076923 0.47836538461538464 0.7764423076923077 0.47836538461538464
14 0.3269230769230769 0.40625 0.36538461538461536 0.40625 0.36538461538461536 0.47836538461538464 0.3269230769230769 0.47836538461538464
14 0.20432692307692307 0.40625 0.24278846153846154 0.40625 0.24278846153846154 0.47836538461538464 0.20432692307692307 0.47836538461538464
14 0.2644230769230769 0.40625 0.30288461538461536 0.40625 0.30288461538461536 0.47836538461538464 0.2644230769230769 0.47836538461538464
14 0.5504807692307693 0.40625 0.5913461538461539 0.40625 0.5913461538461539 0.47836538461538464 0.5504807692307693 0.47836538461538464
14 0.43028846153846156 0.40625 0.46875 0.40625 0.46875 0.47836538461538464 0.43028846153846156 0.47836538461538464
14 0.49038461538461536 0.40625 0.53125 0.40625 0.53125 0.47836538461538464 0.49038461538461536 0.47836538461538464
14 0.6538461538461539 0.40625 0.6947115384615384 0.40625 0.6947115384615384 0.47836538461538464 0.6538461538461539 0.47836538461538464
14 0.7163461538461539 0.40625 0.7572115384615384 0.40625 0.7572115384615384 0.47836538461538464 0.7163461538461539 0.47836538461538464
12 0.08653846153846154 0.7451923076923077 0.9326923076923077 0.7451923076923077 0.9326923076923077 0.7596153846153846 0.08653846153846154 0.7596153846153846
12 0.09615384615384616 0.6346153846153846 0.9206730769230769 0.6346153846153846 0.9206730769230769 0.6490384615384616 0.09615384615384616 0.6490384615384616
12 0.10096153846153846 0.36778846153846156 0.9182692307692307 0.36778846153846156 0.9182692307692307 0.38461538461538464 0.10096153846153846 0.38461538461538464
17 0.6081730769230769 0.2980769230769231 0.6442307692307693 0.2980769230769231 0.6442307692307693 0.4951923076923077 0.6081730769230769 0.4951923076923077
17 0.375 0.2980769230769231 0.40865384615384615 0.2980769230769231 0.40865384615384615 0.4951923076923077 0.375 0.4951923076923077
4 0.0625 0.49278846153846156 0.9519230769230769 0.49278846153846156 0.9519230769230769 0.5216346153846154 0.0625 0.5216346153846154
16 0.0985576923076923 0.27163461538461536 0.37740384615384615 0.27163461538461536 0.37740384615384615 0.28846153846153844 0.0985576923076923 0.28846153846153844
16 0.6394230769230769 0.27403846153846156 0.9182692307692307 0.27403846153846156 0.9182692307692307 0.28846153846153844 0.6394230769230769 0.28846153846153844
16 0.07211538461538461 0.23317307692307693 0.9447115384615384 0.23317307692307693 0.9447115384615384 0.25721153846153844 0.07211538461538461 0.25721153846153844
16 0.0889423076923077 0.25721153846153844 0.9278846153846154 0.25721153846153844 0.9278846153846154 0.2692307692307692 0.0889423076923077 0.2692307692307692
5 0.38221153846153844 0.27163461538461536 0.6322115384615384 0.27163461538461536 0.6322115384615384 0.28846153846153844 0.38221153846153844 0.28846153846153844
17 0.36538461538461536 0.5384615384615384 0.41586538461538464 0.5384615384615384 0.41586538461538464 0.8677884615384616 0.36538461538461536 0.8677884615384616
17 0.59375 0.5360576923076923 0.6538461538461539 0.5360576923076923 0.6538461538461539 0.8677884615384616 0.59375 0.8677884615384616
2 0.028846153846153848 0.20432692307692307 0.9807692307692307 0.20432692307692307 0.9807692307692307 0.8653846153846154 0.028846153846153848 0.8653846153846154
10 0.028846153846153848 0.20432692307692307 0.9831730769230769 0.20432692307692307 0.9831730769230769 0.8701923076923077 0.028846153846153848 0.8701923076923077