0 0.07932692307692307 0.44471153846153844 0.27403846153846156 0.44471153846153844 0.27403846153846156 0.46153846153846156 0.07932692307692307 0.46153846153846156
14 0.2764423076923077 0.4206730769230769 0.5889423076923077 0.4206730769230769 0.5889423076923077 0.45913461538461536 0.2764423076923077 0.45913461538461536
8 0.11298076923076923 0.6947115384615384 0.16346153846153846 0.6947115384615384 0.16346153846153846 0.7355769230769231 0.11298076923076923 0.7355769230769231
12 0.0673076923076923 0.46153846153846156 0.59375 0.46153846153846156 0.59375 0.46634615384615385 0.0673076923076923 0.46634615384615385
14 0.10576923076923077 0.49278846153846156 0.19951923076923078 0.49278846153846156 0.19951923076923078 0.7355769230769231 0.10576923076923077 0.7355769230769231
14 0.15865384615384615 0.4951923076923077 0.5841346153846154 0.4951923076923077 0.5841346153846154 0.5288461538461539 0.15865384615384615 0.5288461538461539
0 0.5841346153846154 0.5168269230769231 0.6899038461538461 0.5168269230769231 0.6899038461538461 0.5841346153846154 0.5841346153846154 0.5841346153846154
12 0.15625 0.5288461538461539 0.6923076923076923 0.5288461538461539 0.6923076923076923 0.5889423076923077 0.15625 0.5889423076923077
14 0.19951923076923078 0.5504807692307693 0.5817307692307693 0.5504807692307693 0.5817307692307693 0.5889423076923077 0.19951923076923078 0.5889423076923077
14 0.5865384615384616 0.5769230769230769 0.6322115384615384 0.5769230769230769 0.6322115384615384 0.6009615384615384 0.5865384615384616 0.6009615384615384
14 0.6346153846153846 0.5865384615384616 0.6538461538461539 0.5865384615384616 0.6538461538461539 0.6009615384615384 0.6346153846153846 0.6009615384615384
0 0.6322115384615384 0.5841346153846154 0.7740384615384616 0.5841346153846154 0.7740384615384616 0.6105769230769231 0.6322115384615384 0.6105769230769231
12 0.19951923076923078 0.5889423076923077 0.7788461538461539 0.5889423076923077 0.7788461538461539 0.6153846153846154 0.19951923076923078 0.6153846153846154
14 0.20432692307692307 0.6033653846153846 0.6586538461538461 0.6033653846153846 0.6586538461538461 0.7331730769230769 0.20432692307692307 0.7331730769230769
14 0.5865384615384616 0.6057692307692307 0.5985576923076923 0.6057692307692307 0.5985576923076923 0.6394230769230769 0.5865384615384616 0.6394230769230769
12 0.2692307692307692 0.6370192307692307 0.9278846153846154 0.6370192307692307 0.9278846153846154 0.6442307692307693 0.2692307692307692 0.6442307692307693
14 0.6057692307692307 0.6057692307692307 0.6586538461538461 0.6057692307692307 0.6586538461538461 0.6418269230769231 0.6057692307692307 0.6418269230769231
0 0.6610576923076923 0.6298076923076923 0.7283653846153846 0.6298076923076923 0.7283653846153846 0.6394230769230769 0.6610576923076923 0.6394230769230769
12 0.34134615384615385 0.6923076923076923 0.5649038461538461 0.6923076923076923 0.5649038461538461 0.6947115384615384 0.34134615384615385 0.6947115384615384
2 0.0673076923076923 0.4014423076923077 0.9567307692307693 0.4014423076923077 0.9567307692307693 0.7403846153846154 0.0673076923076923 0.7403846153846154
10 0.0673076923076923 0.40384615384615385 0.9567307692307693 0.40384615384615385 0.9567307692307693 0.7403846153846154 0.0673076923076923 0.7403846153846154