8 0.45913461538461536 0.375 0.5432692307692307 0.375 0.5432692307692307 0.6442307692307693 0.45913461538461536 0.6442307692307693
23 0.5673076923076923 0.3798076923076923 0.6394230769230769 0.3798076923076923 0.6394230769230769 0.5889423076923077 0.5673076923076923 0.5889423076923077
23 0.35096153846153844 0.375 0.43028846153846156 0.375 0.43028846153846156 0.5865384615384616 0.35096153846153844 0.5865384615384616
10 0.07932692307692307 0.27163461538461536 0.8605769230769231 0.27163461538461536 0.8605769230769231 0.84375 0.07932692307692307 0.84375
17 0.08653846153846154 0.3317307692307692 0.10817307692307693 0.3317307692307692 0.10817307692307693 0.6730769230769231 0.08653846153846154 0.6730769230769231
17 0.6802884615384616 0.34375 0.6971153846153846 0.34375 0.6971153846153846 0.6730769230769231 0.6802884615384616 0.6730769230769231
17 0.3293269230769231 0.33413461538461536 0.34615384615384615 0.33413461538461536 0.34615384615384615 0.6778846153846154 0.3293269230769231 0.6778846153846154
17 0.8918269230769231 0.34615384615384615 0.9134615384615384 0.34615384615384615 0.9134615384615384 0.6682692307692307 0.8918269230769231 0.6682692307692307
19 0.05048076923076923 0.1201923076923077 0.9423076923076923 0.1201923076923077 0.9423076923076923 0.34615384615384615 0.05048076923076923 0.34615384615384615
7 0.34375 0.6298076923076923 0.39663461538461536 0.6298076923076923 0.39663461538461536 0.7836538461538461 0.34375 0.7836538461538461
7 0.6225961538461539 0.6057692307692307 0.6971153846153846 0.6057692307692307 0.6971153846153846 0.7764423076923077 0.6225961538461539 0.7764423076923077
7 0.6298076923076923 0.5360576923076923 0.6826923076923077 0.5360576923076923 0.6826923076923077 0.6442307692307693 0.6298076923076923 0.6442307692307693
15 0.07692307692307693 0.31971153846153844 0.8605769230769231 0.31971153846153844 0.8605769230769231 0.6826923076923077 0.07692307692307693 0.6826923076923077
2 0.040865384615384616 0.1201923076923077 0.9495192307692307 0.1201923076923077 0.9495192307692307 0.8557692307692307 0.040865384615384616 0.8557692307692307
23 0.17307692307692307 0.3701923076923077 0.24759615384615385 0.3701923076923077 0.24759615384615385 0.5865384615384616 0.17307692307692307 0.5865384615384616