23 0.8485576923076923 0.8461538461538461 0.9230769230769231 0.8461538461538461 0.9230769230769231 0.9615384615384616 0.8485576923076923 0.9615384615384616
23 0.84375 0.12740384615384615 0.9206730769230769 0.12740384615384615 0.9206730769230769 0.22355769230769232 0.84375 0.22355769230769232
23 0.8461538461538461 0.31490384615384615 0.9206730769230769 0.31490384615384615 0.9206730769230769 0.43028846153846156 0.8461538461538461 0.43028846153846156
23 0.8485576923076923 0.5673076923076923 0.9230769230769231 0.5673076923076923 0.9230769230769231 0.6826923076923077 0.8485576923076923 0.6826923076923077
23 0.07932692307692307 0.12740384615384615 0.15384615384615385 0.12740384615384615 0.15384615384615385 0.22355769230769232 0.07932692307692307 0.22355769230769232
23 0.07932692307692307 0.31490384615384615 0.15384615384615385 0.31490384615384615 0.15384615384615385 0.43028846153846156 0.07932692307692307 0.43028846153846156
23 0.07932692307692307 0.5673076923076923 0.15384615384615385 0.5673076923076923 0.15384615384615385 0.6826923076923077 0.07932692307692307 0.6826923076923077
23 0.07932692307692307 0.8461538461538461 0.15384615384615385 0.8461538461538461 0.15384615384615385 0.9615384615384616 0.07932692307692307 0.9615384615384616
23 0.2764423076923077 0.8461538461538461 0.35336538461538464 0.8461538461538461 0.35336538461538464 0.9615384615384616 0.2764423076923077 0.9615384615384616
23 0.46153846153846156 0.8461538461538461 0.5360576923076923 0.8461538461538461 0.5360576923076923 0.9615384615384616 0.46153846153846156 0.9615384615384616
23 0.6490384615384616 0.8461538461538461 0.7259615384615384 0.8461538461538461 0.7259615384615384 0.9615384615384616 0.6490384615384616 0.9615384615384616
23 0.2764423076923077 0.5673076923076923 0.35336538461538464 0.5673076923076923 0.35336538461538464 0.6826923076923077 0.2764423076923077 0.6826923076923077
23 0.46153846153846156 0.5673076923076923 0.5360576923076923 0.5673076923076923 0.5360576923076923 0.6826923076923077 0.46153846153846156 0.6826923076923077
23 0.6490384615384616 0.5673076923076923 0.7259615384615384 0.5673076923076923 0.7259615384615384 0.6826923076923077 0.6490384615384616 0.6826923076923077
23 0.2764423076923077 0.31490384615384615 0.35336538461538464 0.31490384615384615 0.35336538461538464 0.43028846153846156 0.2764423076923077 0.43028846153846156
23 0.46153846153846156 0.31490384615384615 0.5360576923076923 0.31490384615384615 0.5360576923076923 0.43028846153846156 0.46153846153846156 0.43028846153846156
23 0.6466346153846154 0.31490384615384615 0.7235576923076923 0.31490384615384615 0.7235576923076923 0.43028846153846156 0.6466346153846154 0.43028846153846156
23 0.2764423076923077 0.12740384615384615 0.35336538461538464 0.12740384615384615 0.35336538461538464 0.22355769230769232 0.2764423076923077 0.22355769230769232
23 0.46153846153846156 0.12740384615384615 0.5360576923076923 0.12740384615384615 0.5360576923076923 0.22355769230769232 0.46153846153846156 0.22355769230769232
23 0.6466346153846154 0.12740384615384615 0.7211538461538461 0.12740384615384615 0.7211538461538461 0.22355769230769232 0.6466346153846154 0.22355769230769232
17 0.9302884615384616 0.5600961538461539 1 0.5600961538461539 1 0.9975961538461539 0.9302884615384616 0.9975961538461539
17 0 0 0.07211538461538461 0 0.07211538461538461 0.3076923076923077 0 0.3076923076923077
17 0.3581730769230769 0.22115384615384615 0.4519230769230769 0.22115384615384615 0.4519230769230769 0.5576923076923077 0.3581730769230769 0.5576923076923077
17 0.5456730769230769 0.3076923076923077 0.6394230769230769 0.3076923076923077 0.6394230769230769 0.6875 0.5456730769230769 0.6875
17 0.7307692307692307 0.43509615384615385 0.8413461538461539 0.43509615384615385 0.8413461538461539 0.7620192307692307 0.7307692307692307 0.7620192307692307
17 0.16105769230769232 0.11538461538461539 0.2692307692307692 0.11538461538461539 0.2692307692307692 0.4326923076923077 0.16105769230769232 0.4326923076923077
10 0 0 0.9975961538461539 0 0.9975961538461539 1 0 1
2 0 0 0.9975961538461539 0 0.9975961538461539 0.9951923076923077 0 0.9951923076923077