23 0 0.10096153846153846 0.05048076923076923 0.10096153846153846 0.05048076923076923 0.18269230769230768 0 0.18269230769230768
23 0.12980769230769232 0.2932692307692308 0.24519230769230768 0.2932692307692308 0.24519230769230768 0.40625 0.12980769230769232 0.40625
23 0.06490384615384616 0.10096153846153846 0.11538461538461539 0.10096153846153846 0.11538461538461539 0.18269230769230768 0.06490384615384616 0.18269230769230768
23 0.7644230769230769 0.41346153846153844 1 0.41346153846153844 1 0.49278846153846156 0.7644230769230769 0.49278846153846156
23 0 0.1875 0.11538461538461539 0.1875 0.11538461538461539 0.2860576923076923 0 0.2860576923076923
23 0 0 0.11538461538461539 0 0.11538461538461539 0.09375 0 0.09375
23 0.25721153846153844 0 0.37259615384615385 0 0.37259615384615385 0.0985576923076923 0.25721153846153844 0.0985576923076923
23 0.38461538461538464 0 0.5 0 0.5 0.0985576923076923 0.38461538461538464 0.0985576923076923
23 0.5120192307692307 0 0.6274038461538461 0 0.6274038461538461 0.18509615384615385 0.5120192307692307 0.18509615384615385
23 0.8918269230769231 0.6033653846153846 1 0.6033653846153846 1 0.8004807692307693 0.8918269230769231 0.8004807692307693
23 0.7644230769230769 0 1 0 1 0.1875 0.7644230769230769 0.1875
23 0.7644230769230769 0.19230769230769232 1 0.19230769230769232 1 0.40865384615384615 0.7644230769230769 0.40865384615384615
23 0.6394230769230769 0 0.7548076923076923 0 0.7548076923076923 0.18509615384615385 0.6394230769230769 0.18509615384615385
23 0.8918269230769231 0.49759615384615385 1 0.49759615384615385 1 0.5961538461538461 0.8918269230769231 0.5961538461538461
23 0.7620192307692307 0.5 0.8774038461538461 0.5 0.8774038461538461 0.5961538461538461 0.7620192307692307 0.5961538461538461
23 0.25961538461538464 0.2956730769230769 0.49759615384615385 0.2956730769230769 0.49759615384615385 0.40625 0.25961538461538464 0.40625
23 0.5096153846153846 0.6009615384615384 0.75 0.6009615384615384 0.75 0.8004807692307693 0.5096153846153846 0.8004807692307693
23 0.12980769230769232 0.1875 0.24519230769230768 0.1875 0.24519230769230768 0.2860576923076923 0.12980769230769232 0.2860576923076923
23 0.6394230769230769 0.2956730769230769 0.7548076923076923 0.2956730769230769 0.7548076923076923 0.49278846153846156 0.6394230769230769 0.49278846153846156
23 0.6394230769230769 0.19230769230769232 0.7548076923076923 0.19230769230769232 0.7548076923076923 0.28846153846153844 0.6394230769230769 0.28846153846153844
23 0.5120192307692307 0.19230769230769232 0.6274038461538461 0.19230769230769232 0.6274038461538461 0.28846153846153844 0.5120192307692307 0.28846153846153844
23 0.5120192307692307 0.2956730769230769 0.6274038461538461 0.2956730769230769 0.6274038461538461 0.40865384615384615 0.5120192307692307 0.40865384615384615
23 0.13221153846153846 0.4951923076923077 0.2403846153846154 0.4951923076923077 0.2403846153846154 0.7115384615384616 0.13221153846153846 0.7115384615384616
23 0 0.71875 0.11298076923076923 0.71875 0.11298076923076923 0.7980769230769231 0 0.7980769230769231
23 0.25240384615384615 0.8052884615384616 0.4951923076923077 0.8052884615384616 0.4951923076923077 1 0.25240384615384615 1
23 0.5096153846153846 0.8052884615384616 0.6225961538461539 0.8052884615384616 0.6225961538461539 0.9038461538461539 0.5096153846153846 0.9038461538461539
23 0.12259615384615384 0.9110576923076923 0.23557692307692307 0.9110576923076923 0.23557692307692307 1 0.12259615384615384 1
23 0.7620192307692307 0.6033653846153846 0.8774038461538461 0.6033653846153846 0.8774038461538461 0.7139423076923077 0.7620192307692307 0.7139423076923077
23 0.7692307692307693 0.9158653846153846 0.9975961538461539 0.9158653846153846 0.9975961538461539 1 0.7692307692307693 1
23 0.25721153846153844 0.5985576923076923 0.4951923076923077 0.5985576923076923 0.4951923076923077 0.7115384615384616 0.25721153846153844 0.7115384615384616
23 0.12740384615384615 0.71875 0.23798076923076922 0.71875 0.23798076923076922 0.7980769230769231 0.12740384615384615 0.7980769230769231
23 0.6370192307692307 0.8052884615384616 0.75 0.8052884615384616 0.75 0.9038461538461539 0.6370192307692307 0.9038461538461539
23 0.6370192307692307 0.9110576923076923 0.75 0.9110576923076923 0.75 1 0.6370192307692307 1
11 0 0 1 0 1 0.29086538461538464 0 0.29086538461538464
12 0 0.28846153846153844 1 0.28846153846153844 1 0.30528846153846156 0 0.30528846153846156
12 0 0.5841346153846154 1 0.5841346153846154 1 0.6009615384615384 0 0.6009615384615384
12 0 0.8028846153846154 0.9975961538461539 0.8028846153846154 0.9975961538461539 0.8197115384615384 0 0.8197115384615384
11 0 0.8197115384615384 0.9975961538461539 0.8197115384615384 0.9975961538461539 0.9975961538461539 0 0.9975961538461539
11 0 0.6009615384615384 1 0.6009615384615384 1 0.8052884615384616 0 0.8052884615384616
11 0 0.30528846153846156 1 0.30528846153846156 1 0.5841346153846154 0 0.5841346153846154
2 0 0 1 0 1 1 0 1
10 0 0 1 0 1 1 0 1