23 0.5745192307692307 0.10336538461538461 0.7115384615384616 0.10336538461538461 0.7115384615384616 0.16346153846153846 0.5745192307692307 0.16346153846153846
23 0.5456730769230769 0.35336538461538464 0.7668269230769231 0.35336538461538464 0.7668269230769231 0.5600961538461539 0.5456730769230769 0.5600961538461539
23 0.7956730769230769 0.3629807692307692 0.8317307692307693 0.3629807692307692 0.8317307692307693 0.5673076923076923 0.7956730769230769 0.5673076923076923
23 0.4543269230769231 0.3581730769230769 0.5072115384615384 0.3581730769230769 0.5072115384615384 0.5673076923076923 0.4543269230769231 0.5673076923076923
23 0.16826923076923078 0.4519230769230769 0.24278846153846154 0.4519230769230769 0.24278846153846154 0.5985576923076923 0.16826923076923078 0.5985576923076923
8 0.28846153846153844 0.4014423076923077 0.3942307692307692 0.4014423076923077 0.3942307692307692 0.44711538461538464 0.28846153846153844 0.44711538461538464
8 0.28846153846153844 0.4519230769230769 0.3942307692307692 0.4519230769230769 0.3942307692307692 0.6274038461538461 0.28846153846153844 0.6274038461538461
8 0.5120192307692307 0.6730769230769231 0.8076923076923077 0.6730769230769231 0.8076923076923077 0.8653846153846154 0.5120192307692307 0.8653846153846154
23 0.27403846153846156 0.23798076923076922 0.35096153846153844 0.23798076923076922 0.35096153846153844 0.31009615384615385 0.27403846153846156 0.31009615384615385
16 0.3701923076923077 0.038461538461538464 0.9206730769230769 0.038461538461538464 0.9206730769230769 0.2548076923076923 0.3701923076923077 0.2548076923076923
19 0.4254807692307692 0.23798076923076922 0.8389423076923077 0.23798076923076922 0.8389423076923077 0.3269230769230769 0.4254807692307692 0.3269230769230769
19 0.16105769230769232 0.20673076923076922 0.2692307692307692 0.20673076923076922 0.2692307692307692 0.3293269230769231 0.16105769230769232 0.3293269230769231
4 0.43509615384615385 0.32211538461538464 0.8413461538461539 0.32211538461538464 0.8413461538461539 0.3629807692307692 0.43509615384615385 0.3629807692307692
21 0.4326923076923077 0.5600961538461539 0.8485576923076923 0.5600961538461539 0.8485576923076923 0.5841346153846154 0.4326923076923077 0.5841346153846154
9 0.2620192307692308 0.3293269230769231 0.4110576923076923 0.3293269230769231 0.4110576923076923 0.6274038461538461 0.2620192307692308 0.6274038461538461
19 0.15865384615384615 0.375 0.23076923076923078 0.375 0.23076923076923078 0.44711538461538464 0.15865384615384615 0.44711538461538464
12 0.1466346153846154 0.31490384615384615 0.8605769230769231 0.31490384615384615 0.8605769230769231 0.3269230769230769 0.1466346153846154 0.3269230769230769
15 0.14903846153846154 0.6466346153846154 0.8774038461538461 0.6466346153846154 0.8774038461538461 0.8677884615384616 0.14903846153846154 0.8677884615384616
12 0.1466346153846154 0.6274038461538461 0.8725961538461539 0.6274038461538461 0.8725961538461539 0.6466346153846154 0.1466346153846154 0.6466346153846154
11 0.1466346153846154 0.3269230769230769 0.8605769230769231 0.3269230769230769 0.8605769230769231 0.6274038461538461 0.1466346153846154 0.6274038461538461
22 0.16346153846153846 0.040865384615384616 0.8605769230769231 0.040865384615384616 0.8605769230769231 0.31490384615384615 0.16346153846153846 0.31490384615384615
2 0.13942307692307693 0.004807692307692308 0.9423076923076923 0.004807692307692308 0.9423076923076923 0.9134615384615384 0.13942307692307693 0.9134615384615384
10 0.18990384615384615 0.22355769230769232 0.8629807692307693 0.22355769230769232 0.8629807692307693 0.8677884615384616 0.18990384615384615 0.8677884615384616
7 0.05048076923076923 0.7211538461538461 0.18028846153846154 0.7211538461538461 0.18028846153846154 0.8798076923076923 0.05048076923076923 0.8798076923076923
7 0.4206730769230769 0.7524038461538461 0.5432692307692307 0.7524038461538461 0.5432692307692307 0.8870192307692307 0.4206730769230769 0.8870192307692307
7 0.8197115384615384 0.41346153846153844 0.9975961538461539 0.41346153846153844 0.9975961538461539 0.9278846153846154 0.8197115384615384 0.9278846153846154