14 0.2403846153846154 0.4110576923076923 0.28846153846153844 0.4110576923076923 0.28846153846153844 0.5384615384615384 0.2403846153846154 0.5384615384615384
14 0.3870192307692308 0.2668269230769231 0.45913461538461536 0.2668269230769231 0.45913461538461536 0.40384615384615385 0.3870192307692308 0.40384615384615385
14 0.15865384615384615 0.4110576923076923 0.22355769230769232 0.4110576923076923 0.22355769230769232 0.5384615384615384 0.15865384615384615 0.5384615384615384
0 0.5961538461538461 0.4879807692307692 0.8990384615384616 0.4879807692307692 0.8990384615384616 0.5480769230769231 0.5961538461538461 0.5480769230769231
14 0.2403846153846154 0.5793269230769231 0.28846153846153844 0.5793269230769231 0.28846153846153844 0.7115384615384616 0.2403846153846154 0.7115384615384616
14 0.3918269230769231 0.5721153846153846 0.46153846153846156 0.5721153846153846 0.46153846153846156 0.7115384615384616 0.3918269230769231 0.7115384615384616
14 0.15865384615384615 0.5793269230769231 0.22355769230769232 0.5793269230769231 0.22355769230769232 0.7139423076923077 0.15865384615384615 0.7139423076923077
0 0.10096153846153846 0.6586538461538461 0.38461538461538464 0.6586538461538461 0.38461538461538464 0.7403846153846154 0.10096153846153846 0.7403846153846154
12 0.5961538461538461 0.5480769230769231 0.9014423076923077 0.5480769230769231 0.9014423076923077 0.5576923076923077 0.5961538461538461 0.5576923076923077
14 0.3076923076923077 0.5721153846153846 0.37740384615384615 0.5721153846153846 0.37740384615384615 0.7115384615384616 0.3076923076923077 0.7115384615384616
14 0.28846153846153844 0.7427884615384616 0.3581730769230769 0.7427884615384616 0.3581730769230769 0.8798076923076923 0.28846153846153844 0.8798076923076923
14 0.3918269230769231 0.7379807692307693 0.46153846153846156 0.7379807692307693 0.46153846153846156 0.8774038461538461 0.3918269230769231 0.8774038461538461
14 0.6995192307692307 0.5817307692307693 0.7860576923076923 0.5817307692307693 0.7860576923076923 0.7067307692307693 0.6995192307692307 0.7067307692307693
14 0.3918269230769231 0.4014423076923077 0.46153846153846156 0.4014423076923077 0.46153846153846156 0.5384615384615384 0.3918269230769231 0.5384615384615384
0 0.10096153846153846 0.47836538461538464 0.5048076923076923 0.47836538461538464 0.5048076923076923 0.5408653846153846 0.10096153846153846 0.5408653846153846
12 0.6201923076923077 0.71875 0.8894230769230769 0.71875 0.8894230769230769 0.7307692307692307 0.6201923076923077 0.7307692307692307
14 0.6201923076923077 0.7427884615384616 0.6875 0.7427884615384616 0.6875 0.875 0.6201923076923077 0.875
14 0.6995192307692307 0.4182692307692308 0.7860576923076923 0.4182692307692308 0.7860576923076923 0.5432692307692307 0.6995192307692307 0.5432692307692307
14 0.6201923076923077 0.4182692307692308 0.6875 0.4182692307692308 0.6875 0.5432692307692307 0.6201923076923077 0.5432692307692307
0 0.6923076923076923 0.6610576923076923 0.8894230769230769 0.6610576923076923 0.8894230769230769 0.7379807692307693 0.6923076923076923 0.7379807692307693
12 0.10096153846153846 0.5408653846153846 0.5048076923076923 0.5408653846153846 0.5048076923076923 0.5528846153846154 0.10096153846153846 0.5528846153846154
12 0.10336538461538461 0.7139423076923077 0.5048076923076923 0.7139423076923077 0.5048076923076923 0.7259615384615384 0.10336538461538461 0.7259615384615384
8 0.5144230769230769 0.7427884615384616 0.5552884615384616 0.7427884615384616 0.5552884615384616 0.8774038461538461 0.5144230769230769 0.8774038461538461
23 0.5625 0.5841346153846154 0.5865384615384616 0.5841346153846154 0.5865384615384616 0.7139423076923077 0.5625 0.7139423076923077
23 0.5625 0.42788461538461536 0.5865384615384616 0.42788461538461536 0.5865384615384616 0.5552884615384616 0.5625 0.5552884615384616
14 0.6201923076923077 0.5817307692307693 0.6875 0.5817307692307693 0.6875 0.7139423076923077 0.6201923076923077 0.7139423076923077
14 0.3076923076923077 0.4014423076923077 0.37740384615384615 0.4014423076923077 0.37740384615384615 0.5384615384615384 0.3076923076923077 0.5384615384615384
14 0.3004807692307692 0.2668269230769231 0.37259615384615385 0.2668269230769231 0.37259615384615385 0.40384615384615385 0.3004807692307692 0.40384615384615385
0 0.16826923076923078 0.33653846153846156 0.4879807692307692 0.33653846153846156 0.4879807692307692 0.3894230769230769 0.16826923076923078 0.3894230769230769
12 0.10336538461538461 0.36778846153846156 0.49038461538461536 0.36778846153846156 0.49038461538461536 0.3798076923076923 0.10336538461538461 0.3798076923076923
14 0.5144230769230769 0.38461538461538464 0.5552884615384616 0.38461538461538464 0.5552884615384616 0.6586538461538461 0.5144230769230769 0.6586538461538461
2 0.10096153846153846 0.1875 0.9014423076923077 0.1875 0.9014423076923077 0.8942307692307693 0.10096153846153846 0.8942307692307693
10 0.10336538461538461 0.18509615384615385 0.9014423076923077 0.18509615384615385 0.9014423076923077 0.8942307692307693 0.10336538461538461 0.8942307692307693