14 0.5913461538461539 0.7283653846153846 0.6971153846153846 0.7283653846153846 0.6971153846153846 0.8197115384615384 0.5913461538461539 0.8197115384615384
0 0.25240384615384615 0.6586538461538461 0.59375 0.6586538461538461 0.59375 0.6923076923076923 0.25240384615384615 0.6923076923076923
14 0.2764423076923077 0.6298076923076923 0.5817307692307693 0.6298076923076923 0.5817307692307693 0.6923076923076923 0.2764423076923077 0.6923076923076923
14 0.59375 0.5961538461538461 0.7163461538461539 0.5961538461538461 0.7163461538461539 0.6923076923076923 0.59375 0.6923076923076923
14 0.4519230769230769 0.40865384615384615 0.7283653846153846 0.40865384615384615 0.7283653846153846 0.5697115384615384 0.4519230769230769 0.5697115384615384
0 0.23798076923076922 0.53125 0.4423076923076923 0.53125 0.4423076923076923 0.5673076923076923 0.23798076923076922 0.5673076923076923
23 0.45913461538461536 0.375 0.7067307692307693 0.375 0.7067307692307693 0.40625 0.45913461538461536 0.40625
14 0.27163461538461536 0.23076923076923078 0.5576923076923077 0.23076923076923078 0.5576923076923077 0.34134615384615385 0.27163461538461536 0.34134615384615385
14 0.24759615384615385 0.71875 0.5793269230769231 0.71875 0.5793269230769231 0.9399038461538461 0.24759615384615385 0.9399038461538461
12 0.27884615384615385 0.8173076923076923 0.4807692307692308 0.8173076923076923 0.4807692307692308 0.8293269230769231 0.27884615384615385 0.8293269230769231
12 0.5913461538461539 0.8197115384615384 0.7211538461538461 0.8197115384615384 0.7211538461538461 0.8317307692307693 0.5913461538461539 0.8317307692307693
12 0.23557692307692307 0.6923076923076923 0.7427884615384616 0.6923076923076923 0.7427884615384616 0.7091346153846154 0.23557692307692307 0.7091346153846154
12 0.23557692307692307 0.5697115384615384 0.7427884615384616 0.5697115384615384 0.7427884615384616 0.5889423076923077 0.23557692307692307 0.5889423076923077
12 0.25961538461538464 0.34375 0.43990384615384615 0.34375 0.43990384615384615 0.3557692307692308 0.25961538461538464 0.3557692307692308
5 0.2548076923076923 0.8966346153846154 0.28365384615384615 0.8966346153846154 0.28365384615384615 0.9350961538461539 0.2548076923076923 0.9350961538461539
5 0.6802884615384616 0.8365384615384616 0.7307692307692307 0.8365384615384616 0.7307692307692307 0.9399038461538461 0.6802884615384616 0.9399038461538461
14 0.27403846153846156 0.3918269230769231 0.43990384615384615 0.3918269230769231 0.43990384615384615 0.5673076923076923 0.27403846153846156 0.5673076923076923
23 0.5673076923076923 0.25721153846153844 0.6274038461538461 0.25721153846153844 0.6274038461538461 0.2956730769230769 0.5673076923076923 0.2956730769230769
2 0.23557692307692307 0.21875 0.7451923076923077 0.21875 0.7451923076923077 0.9471153846153846 0.23557692307692307 0.9471153846153846
10 0.23317307692307693 0.21875 0.7451923076923077 0.21875 0.7451923076923077 0.9471153846153846 0.23317307692307693 0.9471153846153846
23 0.4495192307692308 0.30528846153846156 0.7331730769230769 0.30528846153846156 0.7331730769230769 0.40384615384615385 0.4495192307692308 0.40384615384615385
23 0.24759615384615385 0.5913461538461539 0.5913461538461539 0.5913461538461539 0.5913461538461539 0.6923076923076923 0.24759615384615385 0.6923076923076923