2 0.05048076923076923 0.1971153846153846 0.9663461538461539 0.1971153846153846 0.9663461538461539 0.8581730769230769 0.05048076923076923 0.8581730769230769
10 0.08653846153846154 0.30528846153846156 0.9375 0.30528846153846156 0.9375 0.8245192307692307 0.08653846153846154 0.8245192307692307
17 0.6322115384615384 0.41346153846153844 0.6586538461538461 0.41346153846153844 0.6586538461538461 0.7403846153846154 0.6322115384615384 0.7403846153846154
17 0.36538461538461536 0.4110576923076923 0.3894230769230769 0.4110576923076923 0.3894230769230769 0.7403846153846154 0.36538461538461536 0.7403846153846154
7 0.7980769230769231 0.49278846153846156 0.8461538461538461 0.49278846153846156 0.8461538461538461 0.5576923076923077 0.7980769230769231 0.5576923076923077
7 0.6850961538461539 0.49278846153846156 0.7307692307692307 0.49278846153846156 0.7307692307692307 0.5600961538461539 0.6850961538461539 0.5600961538461539
7 0.28846153846153844 0.49278846153846156 0.3317307692307692 0.49278846153846156 0.3317307692307692 0.5600961538461539 0.28846153846153844 0.5600961538461539
7 0.16346153846153846 0.4951923076923077 0.21153846153846154 0.4951923076923077 0.21153846153846154 0.5625 0.16346153846153846 0.5625
8 0.46153846153846156 0.49759615384615385 0.5600961538461539 0.49759615384615385 0.5600961538461539 0.7259615384615384 0.46153846153846156 0.7259615384615384
16 0.12740384615384615 0.3798076923076923 0.8918269230769231 0.3798076923076923 0.8918269230769231 0.44711538461538464 0.12740384615384615 0.44711538461538464
9 0.38461538461538464 0.4855769230769231 0.6346153846153846 0.4855769230769231 0.6346153846153846 0.7524038461538461 0.38461538461538464 0.7524038461538461
19 0.05048076923076923 0.1971153846153846 0.9663461538461539 0.1971153846153846 0.9663461538461539 0.375 0.05048076923076923 0.375
7 0.7596153846153846 0.5504807692307693 0.9927884615384616 0.5504807692307693 0.9927884615384616 0.875 0.7596153846153846 0.875
7 0.8365384615384616 0.3557692307692308 0.9975961538461539 0.3557692307692308 0.9975961538461539 0.49759615384615385 0.8365384615384616 0.49759615384615385
15 0.12259615384615384 0.3798076923076923 0.8990384615384616 0.3798076923076923 0.8990384615384616 0.7524038461538461 0.12259615384615384 0.7524038461538461