19 0.16105769230769232 0.12740384615384615 0.8317307692307693 0.12740384615384615 0.8317307692307693 0.24278846153846154 0.16105769230769232 0.24278846153846154
19 0.04567307692307692 0.32211538461538464 0.9519230769230769 0.32211538461538464 0.9519230769230769 0.4182692307692308 0.04567307692307692 0.4182692307692308
17 0.8774038461538461 0.4807692307692308 0.8942307692307693 0.4807692307692308 0.8942307692307693 0.6658653846153846 0.8774038461538461 0.6658653846153846
17 0.10336538461538461 0.47596153846153844 0.12259615384615384 0.47596153846153844 0.12259615384615384 0.6730769230769231 0.10336538461538461 0.6730769230769231
17 0.22115384615384615 0.4807692307692308 0.23557692307692307 0.4807692307692308 0.23557692307692307 0.6706730769230769 0.22115384615384615 0.6706730769230769
17 0.38461538461538464 0.4807692307692308 0.4014423076923077 0.4807692307692308 0.4014423076923077 0.6706730769230769 0.38461538461538464 0.6706730769230769
17 0.6009615384615384 0.4807692307692308 0.6177884615384616 0.4807692307692308 0.6177884615384616 0.6658653846153846 0.6009615384615384 0.6658653846153846
17 0.7644230769230769 0.4807692307692308 0.7788461538461539 0.4807692307692308 0.7788461538461539 0.6658653846153846 0.7644230769230769 0.6658653846153846
5 0.4543269230769231 0.24519230769230768 0.5408653846153846 0.24519230769230768 0.5408653846153846 0.3605769230769231 0.4543269230769231 0.3605769230769231
8 0.4639423076923077 0.5504807692307693 0.53125 0.5504807692307693 0.53125 0.6658653846153846 0.4639423076923077 0.6658653846153846
7 0.46875 0.59375 0.5480769230769231 0.59375 0.5480769230769231 0.6778846153846154 0.46875 0.6778846153846154
10 0.11778846153846154 0.33653846153846156 0.8846153846153846 0.33653846153846156 0.8846153846153846 0.7211538461538461 0.11778846153846154 0.7211538461538461
12 0.10096153846153846 0.6706730769230769 0.8966346153846154 0.6706730769230769 0.8966346153846154 0.6850961538461539 0.10096153846153846 0.6850961538461539
2 0.04567307692307692 0.06971153846153846 0.9519230769230769 0.06971153846153846 0.9519230769230769 0.7211538461538461 0.04567307692307692 0.7211538461538461
22 0.24759615384615385 0.2403846153846154 0.7451923076923077 0.2403846153846154 0.7451923076923077 0.33653846153846156 0.24759615384615385 0.33653846153846156
15 0.24759615384615385 0.3557692307692308 0.7451923076923077 0.3557692307692308 0.7451923076923077 0.6682692307692307 0.24759615384615385 0.6682692307692307
12 0.24759615384615385 0.3389423076923077 0.7451923076923077 0.3389423076923077 0.7451923076923077 0.3557692307692308 0.24759615384615385 0.3557692307692308