19 0.24278846153846154 0.10096153846153846 0.7764423076923077 0.10096153846153846 0.7764423076923077 0.35096153846153844 0.24278846153846154 0.35096153846153844
19 0.19951923076923078 0.3173076923076923 0.8149038461538461 0.3173076923076923 0.8149038461538461 0.49038461538461536 0.19951923076923078 0.49038461538461536
19 0.09375 0.6153846153846154 0.9206730769230769 0.6153846153846154 0.9206730769230769 0.7451923076923077 0.09375 0.7451923076923077
7 0.46634615384615385 0.8966346153846154 0.5649038461538461 0.8966346153846154 0.5649038461538461 0.9831730769230769 0.46634615384615385 0.9831730769230769
7 0.6394230769230769 0.8918269230769231 0.6682692307692307 0.8918269230769231 0.6682692307692307 0.9807692307692307 0.6394230769230769 0.9807692307692307
7 0.7475961538461539 0.8966346153846154 0.78125 0.8966346153846154 0.78125 0.9783653846153846 0.7475961538461539 0.9783653846153846
7 0.8149038461538461 0.8701923076923077 0.875 0.8701923076923077 0.875 0.9399038461538461 0.8149038461538461 0.9399038461538461
7 0.11057692307692307 0.8677884615384616 0.2091346153846154 0.8677884615384616 0.2091346153846154 0.9783653846153846 0.11057692307692307 0.9783653846153846
7 0.20432692307692307 0.8677884615384616 0.3870192307692308 0.8677884615384616 0.3870192307692308 0.9879807692307693 0.20432692307692307 0.9879807692307693
17 0.5024038461538461 0.4495192307692308 0.5168269230769231 0.4495192307692308 0.5168269230769231 0.9423076923076923 0.5024038461538461 0.9423076923076923
17 0.6850961538461539 0.4519230769230769 0.7067307692307693 0.4519230769230769 0.7067307692307693 0.6610576923076923 0.6850961538461539 0.6610576923076923
17 0.7211538461538461 0.4495192307692308 0.7451923076923077 0.4495192307692308 0.7451923076923077 0.6394230769230769 0.7211538461538461 0.6394230769230769
17 0.7091346153846154 0.7740384615384616 0.7307692307692307 0.7740384615384616 0.7307692307692307 0.9399038461538461 0.7091346153846154 0.9399038461538461
17 0.7932692307692307 0.7692307692307693 0.8173076923076923 0.7692307692307693 0.8173076923076923 0.9326923076923077 0.7932692307692307 0.9326923076923077
17 0.29086538461538464 0.7740384615384616 0.3076923076923077 0.7740384615384616 0.3076923076923077 0.9399038461538461 0.29086538461538464 0.9399038461538461
17 0.20192307692307693 0.7692307692307693 0.22596153846153846 0.7692307692307693 0.22596153846153846 0.9302884615384616 0.20192307692307693 0.9302884615384616
17 0.3125 0.4495192307692308 0.33413461538461536 0.4495192307692308 0.33413461538461536 0.6610576923076923 0.3125 0.6610576923076923
17 0.27403846153846156 0.4495192307692308 0.2956730769230769 0.4495192307692308 0.2956730769230769 0.6586538461538461 0.27403846153846156 0.6586538461538461
7 0.4014423076923077 0.4519230769230769 0.43509615384615385 0.4519230769230769 0.43509615384615385 0.49759615384615385 0.4014423076923077 0.49759615384615385
7 0.5841346153846154 0.4519230769230769 0.6177884615384616 0.4519230769230769 0.6177884615384616 0.5024038461538461 0.5841346153846154 0.5024038461538461
7 0.59375 0.7788461538461539 0.6322115384615384 0.7788461538461539 0.6322115384615384 0.8341346153846154 0.59375 0.8341346153846154
7 0.38461538461538464 0.7764423076923077 0.4230769230769231 0.7764423076923077 0.4230769230769231 0.8341346153846154 0.38461538461538464 0.8341346153846154
7 0.25 0.7932692307692307 0.27884615384615385 0.7932692307692307 0.27884615384615385 0.8389423076923077 0.25 0.8389423076923077
7 0.7403846153846154 0.7956730769230769 0.7716346153846154 0.7956730769230769 0.7716346153846154 0.8365384615384616 0.7403846153846154 0.8365384615384616
10 0.2956730769230769 0.24759615384615385 0.7259615384615384 0.24759615384615385 0.7259615384615384 0.9807692307692307 0.2956730769230769 0.9807692307692307
0 0.2956730769230769 0.5024038461538461 0.7259615384615384 0.5024038461538461 0.7259615384615384 0.5552884615384616 0.2956730769230769 0.5552884615384616
12 0.2956730769230769 0.5649038461538461 0.7259615384615384 0.5649038461538461 0.7259615384615384 0.5865384615384616 0.2956730769230769 0.5865384615384616
22 0.2956730769230769 0.27163461538461536 0.7259615384615384 0.27163461538461536 0.7259615384615384 0.5673076923076923 0.2956730769230769 0.5673076923076923
2 0.09134615384615384 0.04326923076923077 0.9230769230769231 0.04326923076923077 0.9230769230769231 0.9807692307692307 0.09134615384615384 0.9807692307692307
15 0.2956730769230769 0.5865384615384616 0.7259615384615384 0.5865384615384616 0.7259615384615384 0.9423076923076923 0.2956730769230769 0.9423076923076923