19 0.08413461538461539 0.47596153846153844 0.9423076923076923 0.47596153846153844 0.9423076923076923 0.5504807692307693 0.08413461538461539 0.5504807692307693
19 0.18269230769230768 0.2956730769230769 0.8413461538461539 0.2956730769230769 0.8413461538461539 0.46153846153846156 0.18269230769230768 0.46153846153846156
8 0.4831730769230769 0.5576923076923077 0.5384615384615384 0.5576923076923077 0.5384615384615384 0.7163461538461539 0.4831730769230769 0.7163461538461539
17 0.7740384615384616 0.5913461538461539 0.7860576923076923 0.5913461538461539 0.7860576923076923 0.7331730769230769 0.7740384615384616 0.7331730769230769
17 0.8389423076923077 0.5793269230769231 0.8509615384615384 0.5793269230769231 0.8509615384615384 0.7331730769230769 0.8389423076923077 0.7331730769230769
17 0.23557692307692307 0.5889423076923077 0.24759615384615385 0.5889423076923077 0.24759615384615385 0.7307692307692307 0.23557692307692307 0.7307692307692307
17 0.17548076923076922 0.5769230769230769 0.1875 0.5769230769230769 0.1875 0.7331730769230769 0.17548076923076922 0.7331730769230769
17 0.6033653846153846 0.5841346153846154 0.6298076923076923 0.5841346153846154 0.6298076923076923 0.7379807692307693 0.6033653846153846 0.7379807692307693
17 0.3918269230769231 0.5841346153846154 0.4206730769230769 0.5841346153846154 0.4206730769230769 0.7355769230769231 0.3918269230769231 0.7355769230769231
7 0.43990384615384615 0.5649038461538461 0.46634615384615385 0.5649038461538461 0.46634615384615385 0.6105769230769231 0.43990384615384615 0.6105769230769231
7 0.5528846153846154 0.5649038461538461 0.5817307692307693 0.5649038461538461 0.5817307692307693 0.6129807692307693 0.5528846153846154 0.6129807692307693
10 0.2403846153846154 0.3629807692307692 0.78125 0.3629807692307692 0.78125 0.8485576923076923 0.2403846153846154 0.8485576923076923
2 0.07211538461538461 0.19471153846153846 0.9495192307692307 0.19471153846153846 0.9495192307692307 0.8701923076923077 0.07211538461538461 0.8701923076923077
15 0.24278846153846154 0.4230769230769231 0.78125 0.4230769230769231 0.78125 0.7692307692307693 0.24278846153846154 0.7692307692307693