23 0.7548076923076923 0.9879807692307693 0.7788461538461539 0.9879807692307693 0.7788461538461539 1 0.7548076923076923 1
23 0.6802884615384616 0.9879807692307693 0.7043269230769231 0.9879807692307693 0.7043269230769231 1 0.6802884615384616 1
23 0.7163461538461539 0.9879807692307693 0.7427884615384616 0.9879807692307693 0.7427884615384616 1 0.7163461538461539 1
23 0.75 0.8774038461538461 0.7764423076923077 0.8774038461538461 0.7764423076923077 0.8942307692307693 0.75 0.8942307692307693
23 0.6754807692307693 0.8774038461538461 0.7019230769230769 0.8774038461538461 0.7019230769230769 0.8942307692307693 0.6754807692307693 0.8942307692307693
23 0.7139423076923077 0.8774038461538461 0.7379807692307693 0.8774038461538461 0.7379807692307693 0.8942307692307693 0.7139423076923077 0.8942307692307693
23 0.7524038461538461 0.90625 0.7764423076923077 0.90625 0.7764423076923077 0.9230769230769231 0.7524038461538461 0.9230769230769231
23 0.6778846153846154 0.90625 0.7019230769230769 0.90625 0.7019230769230769 0.9230769230769231 0.6778846153846154 0.9230769230769231
23 0.7163461538461539 0.90625 0.7379807692307693 0.90625 0.7379807692307693 0.9230769230769231 0.7163461538461539 0.9230769230769231
23 0.7524038461538461 0.9326923076923077 0.7764423076923077 0.9326923076923077 0.7764423076923077 0.9495192307692307 0.7524038461538461 0.9495192307692307
23 0.6778846153846154 0.9326923076923077 0.7019230769230769 0.9326923076923077 0.7019230769230769 0.9495192307692307 0.6778846153846154 0.9495192307692307
23 0.7163461538461539 0.9326923076923077 0.7403846153846154 0.9326923076923077 0.7403846153846154 0.9495192307692307 0.7163461538461539 0.9495192307692307
23 0.7548076923076923 0.9615384615384616 0.7764423076923077 0.9615384615384616 0.7764423076923077 0.9783653846153846 0.7548076923076923 0.9783653846153846
23 0.6802884615384616 0.9615384615384616 0.7043269230769231 0.9615384615384616 0.7043269230769231 0.9783653846153846 0.6802884615384616 0.9783653846153846
23 0.7163461538461539 0.9615384615384616 0.7403846153846154 0.9615384615384616 0.7403846153846154 0.9783653846153846 0.7163461538461539 0.9783653846153846
23 0.34375 0.8774038461538461 0.3701923076923077 0.8774038461538461 0.3701923076923077 0.8942307692307693 0.34375 0.8942307692307693
23 0.2668269230769231 0.8774038461538461 0.29086538461538464 0.8774038461538461 0.29086538461538464 0.8942307692307693 0.2668269230769231 0.8942307692307693
23 0.30528846153846156 0.8774038461538461 0.3293269230769231 0.8774038461538461 0.3293269230769231 0.8942307692307693 0.30528846153846156 0.8942307692307693
23 0.34375 0.9038461538461539 0.3701923076923077 0.9038461538461539 0.3701923076923077 0.9206730769230769 0.34375 0.9206730769230769
23 0.2668269230769231 0.9038461538461539 0.29086538461538464 0.9038461538461539 0.29086538461538464 0.9206730769230769 0.2668269230769231 0.9206730769230769
23 0.30528846153846156 0.9038461538461539 0.3269230769230769 0.9038461538461539 0.3269230769230769 0.9206730769230769 0.30528846153846156 0.9206730769230769
23 0.34375 0.9326923076923077 0.3701923076923077 0.9326923076923077 0.3701923076923077 0.9495192307692307 0.34375 0.9495192307692307
23 0.2668269230769231 0.9326923076923077 0.29086538461538464 0.9326923076923077 0.29086538461538464 0.9495192307692307 0.2668269230769231 0.9495192307692307
23 0.30528846153846156 0.9326923076923077 0.3293269230769231 0.9326923076923077 0.3293269230769231 0.9495192307692307 0.30528846153846156 0.9495192307692307
23 0.34375 0.9615384615384616 0.3701923076923077 0.9615384615384616 0.3701923076923077 0.9783653846153846 0.34375 0.9783653846153846
23 0.2668269230769231 0.9615384615384616 0.29086538461538464 0.9615384615384616 0.29086538461538464 0.9783653846153846 0.2668269230769231 0.9783653846153846
23 0.30528846153846156 0.9615384615384616 0.3293269230769231 0.9615384615384616 0.3293269230769231 0.9783653846153846 0.30528846153846156 0.9783653846153846
23 0.4014423076923077 0.8173076923076923 0.4254807692307692 0.8173076923076923 0.4254807692307692 0.8317307692307693 0.4014423076923077 0.8317307692307693
23 0.43028846153846156 0.8173076923076923 0.4567307692307692 0.8173076923076923 0.4567307692307692 0.8317307692307693 0.43028846153846156 0.8317307692307693
23 0.5913461538461539 0.8197115384615384 0.6153846153846154 0.8197115384615384 0.6153846153846154 0.8341346153846154 0.5913461538461539 0.8341346153846154
23 0.6201923076923077 0.8197115384615384 0.6466346153846154 0.8197115384615384 0.6466346153846154 0.8341346153846154 0.6201923076923077 0.8341346153846154
23 0.5913461538461539 0.8461538461538461 0.6153846153846154 0.8461538461538461 0.6153846153846154 0.8605769230769231 0.5913461538461539 0.8605769230769231
23 0.6201923076923077 0.8461538461538461 0.6466346153846154 0.8461538461538461 0.6466346153846154 0.8605769230769231 0.6201923076923077 0.8605769230769231
23 0.5913461538461539 0.8774038461538461 0.6153846153846154 0.8774038461538461 0.6153846153846154 0.8942307692307693 0.5913461538461539 0.8942307692307693
23 0.6225961538461539 0.8774038461538461 0.6466346153846154 0.8774038461538461 0.6466346153846154 0.8942307692307693 0.6225961538461539 0.8942307692307693
23 0.5913461538461539 0.90625 0.6153846153846154 0.90625 0.6153846153846154 0.9206730769230769 0.5913461538461539 0.9206730769230769
23 0.6225961538461539 0.90625 0.6466346153846154 0.90625 0.6466346153846154 0.9206730769230769 0.6225961538461539 0.9206730769230769
23 0.59375 0.9326923076923077 0.6177884615384616 0.9326923076923077 0.6177884615384616 0.9495192307692307 0.59375 0.9495192307692307
23 0.6225961538461539 0.9326923076923077 0.6490384615384616 0.9326923076923077 0.6490384615384616 0.9495192307692307 0.6225961538461539 0.9495192307692307
23 0.59375 0.9879807692307693 0.6177884615384616 0.9879807692307693 0.6177884615384616 1 0.59375 1
23 0.625 0.9879807692307693 0.6490384615384616 0.9879807692307693 0.6490384615384616 1 0.625 1
23 0.4326923076923077 0.9903846153846154 0.4567307692307692 0.9903846153846154 0.4567307692307692 1 0.4326923076923077 1
23 0.43028846153846156 0.9615384615384616 0.4567307692307692 0.9615384615384616 0.4567307692307692 0.9783653846153846 0.43028846153846156 0.9783653846153846
23 0.4014423076923077 0.9326923076923077 0.4254807692307692 0.9326923076923077 0.4254807692307692 0.9495192307692307 0.4014423076923077 0.9495192307692307
23 0.43028846153846156 0.9326923076923077 0.4567307692307692 0.9326923076923077 0.4567307692307692 0.9495192307692307 0.43028846153846156 0.9495192307692307
23 0.4014423076923077 0.90625 0.4254807692307692 0.90625 0.4254807692307692 0.9206730769230769 0.4014423076923077 0.9206730769230769
23 0.43028846153846156 0.90625 0.4567307692307692 0.90625 0.4567307692307692 0.9206730769230769 0.43028846153846156 0.9206730769230769
23 0.4014423076923077 0.8774038461538461 0.4254807692307692 0.8774038461538461 0.4254807692307692 0.8942307692307693 0.4014423076923077 0.8942307692307693
23 0.43028846153846156 0.8774038461538461 0.4567307692307692 0.8774038461538461 0.4567307692307692 0.8942307692307693 0.43028846153846156 0.8942307692307693
23 0.4014423076923077 0.8461538461538461 0.4254807692307692 0.8461538461538461 0.4254807692307692 0.8605769230769231 0.4014423076923077 0.8605769230769231
23 0.43028846153846156 0.8461538461538461 0.4567307692307692 0.8461538461538461 0.4567307692307692 0.8605769230769231 0.43028846153846156 0.8605769230769231
23 0.5240384615384616 0.6298076923076923 0.5504807692307693 0.6298076923076923 0.5504807692307693 0.6442307692307693 0.5240384615384616 0.6442307692307693
23 0.49278846153846156 0.6298076923076923 0.5168269230769231 0.6298076923076923 0.5168269230769231 0.6442307692307693 0.49278846153846156 0.6442307692307693
23 0.5240384615384616 0.65625 0.5504807692307693 0.65625 0.5504807692307693 0.6706730769230769 0.5240384615384616 0.6706730769230769
23 0.49278846153846156 0.65625 0.5168269230769231 0.65625 0.5168269230769231 0.6706730769230769 0.49278846153846156 0.6706730769230769
23 0.5240384615384616 0.6826923076923077 0.5504807692307693 0.6826923076923077 0.5504807692307693 0.6971153846153846 0.5240384615384616 0.6971153846153846
23 0.49278846153846156 0.6826923076923077 0.5168269230769231 0.6826923076923077 0.5168269230769231 0.6971153846153846 0.49278846153846156 0.6971153846153846
23 0.5240384615384616 0.7091346153846154 0.5504807692307693 0.7091346153846154 0.5504807692307693 0.7235576923076923 0.5240384615384616 0.7235576923076923
23 0.49278846153846156 0.7091346153846154 0.5168269230769231 0.7091346153846154 0.5168269230769231 0.7235576923076923 0.49278846153846156 0.7235576923076923
23 0.5240384615384616 0.7355769230769231 0.5504807692307693 0.7355769230769231 0.5504807692307693 0.7524038461538461 0.5240384615384616 0.7524038461538461
23 0.4951923076923077 0.7355769230769231 0.5192307692307693 0.7355769230769231 0.5192307692307693 0.7524038461538461 0.4951923076923077 0.7524038461538461
23 0.5264423076923077 0.7620192307692307 0.5504807692307693 0.7620192307692307 0.5504807692307693 0.7788461538461539 0.5264423076923077 0.7788461538461539
23 0.49278846153846156 0.7620192307692307 0.5192307692307693 0.7620192307692307 0.5192307692307693 0.7788461538461539 0.49278846153846156 0.7788461538461539
23 0.5264423076923077 0.7908653846153846 0.5504807692307693 0.7908653846153846 0.5504807692307693 0.8052884615384616 0.5264423076923077 0.8052884615384616
23 0.49278846153846156 0.7908653846153846 0.5192307692307693 0.7908653846153846 0.5192307692307693 0.8052884615384616 0.49278846153846156 0.8052884615384616
23 0.5264423076923077 0.8173076923076923 0.5528846153846154 0.8173076923076923 0.5528846153846154 0.8317307692307693 0.5264423076923077 0.8317307692307693
23 0.4951923076923077 0.8173076923076923 0.5192307692307693 0.8173076923076923 0.5192307692307693 0.8317307692307693 0.4951923076923077 0.8317307692307693
23 0.5264423076923077 0.8461538461538461 0.5528846153846154 0.8461538461538461 0.5528846153846154 0.8605769230769231 0.5264423076923077 0.8605769230769231
23 0.4951923076923077 0.8461538461538461 0.5192307692307693 0.8461538461538461 0.5192307692307693 0.8605769230769231 0.4951923076923077 0.8605769230769231
23 0.5288461538461539 0.8774038461538461 0.5528846153846154 0.8774038461538461 0.5528846153846154 0.8942307692307693 0.5288461538461539 0.8942307692307693
23 0.4951923076923077 0.8774038461538461 0.5192307692307693 0.8774038461538461 0.5192307692307693 0.8942307692307693 0.4951923076923077 0.8942307692307693
23 0.5288461538461539 0.90625 0.5528846153846154 0.90625 0.5528846153846154 0.9206730769230769 0.5288461538461539 0.9206730769230769
23 0.4951923076923077 0.90625 0.5192307692307693 0.90625 0.5192307692307693 0.9206730769230769 0.4951923076923077 0.9206730769230769
23 0.5288461538461539 0.9326923076923077 0.5528846153846154 0.9326923076923077 0.5528846153846154 0.9495192307692307 0.5288461538461539 0.9495192307692307
23 0.4951923076923077 0.9326923076923077 0.5192307692307693 0.9326923076923077 0.5192307692307693 0.9495192307692307 0.4951923076923077 0.9495192307692307
23 0.5264423076923077 0.9879807692307693 0.5528846153846154 0.9879807692307693 0.5528846153846154 1 0.5264423076923077 1
23 0.4951923076923077 0.9879807692307693 0.5192307692307693 0.9879807692307693 0.5192307692307693 1 0.4951923076923077 1
23 0.34375 0.9903846153846154 0.3701923076923077 0.9903846153846154 0.3701923076923077 1 0.34375 1
23 0.2668269230769231 0.9903846153846154 0.29086538461538464 0.9903846153846154 0.29086538461538464 1 0.2668269230769231 1
23 0.30528846153846156 0.9903846153846154 0.3293269230769231 0.9903846153846154 0.3293269230769231 1 0.30528846153846156 1
23 0.7379807692307693 0.8365384615384616 0.7548076923076923 0.8365384615384616 0.7548076923076923 0.8533653846153846 0.7379807692307693 0.8533653846153846
23 0.6850961538461539 0.8365384615384616 0.7019230769230769 0.8365384615384616 0.7019230769230769 0.8533653846153846 0.6850961538461539 0.8533653846153846
23 0.7067307692307693 0.8365384615384616 0.7307692307692307 0.8365384615384616 0.7307692307692307 0.8533653846153846 0.7067307692307693 0.8533653846153846
23 0.2668269230769231 0.8341346153846154 0.28365384615384615 0.8341346153846154 0.28365384615384615 0.8509615384615384 0.2668269230769231 0.8509615384615384
23 0.32211538461538464 0.8341346153846154 0.34134615384615385 0.8341346153846154 0.34134615384615385 0.8509615384615384 0.32211538461538464 0.8509615384615384
23 0.29086538461538464 0.8341346153846154 0.3173076923076923 0.8341346153846154 0.3173076923076923 0.8509615384615384 0.29086538461538464 0.8509615384615384
23 0.5793269230769231 0.6033653846153846 0.6009615384615384 0.6033653846153846 0.6009615384615384 0.6177884615384616 0.5793269230769231 0.6177884615384616
23 0.5408653846153846 0.5745192307692307 0.5600961538461539 0.5745192307692307 0.5600961538461539 0.5865384615384616 0.5408653846153846 0.5865384615384616
23 0.5817307692307693 0.7620192307692307 0.6057692307692307 0.7620192307692307 0.6057692307692307 0.7788461538461539 0.5817307692307693 0.7788461538461539
23 0.43990384615384615 0.7620192307692307 0.46153846153846156 0.7620192307692307 0.46153846153846156 0.7788461538461539 0.43990384615384615 0.7788461538461539
23 0.5817307692307693 0.7355769230769231 0.6057692307692307 0.7355769230769231 0.6057692307692307 0.7524038461538461 0.5817307692307693 0.7524038461538461
23 0.43990384615384615 0.7355769230769231 0.46153846153846156 0.7355769230769231 0.46153846153846156 0.7524038461538461 0.43990384615384615 0.7524038461538461
23 0.5817307692307693 0.7091346153846154 0.6033653846153846 0.7091346153846154 0.6033653846153846 0.7235576923076923 0.5817307692307693 0.7235576923076923
23 0.43990384615384615 0.7067307692307693 0.46153846153846156 0.7067307692307693 0.46153846153846156 0.7235576923076923 0.43990384615384615 0.7235576923076923
23 0.5817307692307693 0.6826923076923077 0.6033653846153846 0.6826923076923077 0.6033653846153846 0.6971153846153846 0.5817307692307693 0.6971153846153846
23 0.43990384615384615 0.6802884615384616 0.46153846153846156 0.6802884615384616 0.46153846153846156 0.6971153846153846 0.43990384615384615 0.6971153846153846
23 0.5793269230769231 0.65625 0.6033653846153846 0.65625 0.6033653846153846 0.6706730769230769 0.5793269230769231 0.6706730769230769
23 0.43990384615384615 0.6538461538461539 0.46153846153846156 0.6538461538461539 0.46153846153846156 0.6682692307692307 0.43990384615384615 0.6682692307692307
23 0.5793269230769231 0.6274038461538461 0.6033653846153846 0.6274038461538461 0.6033653846153846 0.6442307692307693 0.5793269230769231 0.6442307692307693
23 0.43990384615384615 0.6274038461538461 0.46153846153846156 0.6274038461538461 0.46153846153846156 0.6418269230769231 0.43990384615384615 0.6418269230769231
23 0.6490384615384616 0.6442307692307693 0.6682692307692307 0.6442307692307693 0.6682692307692307 0.6610576923076923 0.6490384615384616 0.6610576923076923
23 0.6538461538461539 0.75 0.6706730769230769 0.75 0.6706730769230769 0.7668269230769231 0.6538461538461539 0.7668269230769231
23 0.6514423076923077 0.7235576923076923 0.6706730769230769 0.7235576923076923 0.6706730769230769 0.7403846153846154 0.6514423076923077 0.7403846153846154
23 0.6514423076923077 0.6971153846153846 0.6706730769230769 0.6971153846153846 0.6706730769230769 0.7139423076923077 0.6514423076923077 0.7139423076923077
23 0.6514423076923077 0.6706730769230769 0.6682692307692307 0.6706730769230769 0.6682692307692307 0.6875 0.6514423076923077 0.6875
23 0.3581730769230769 0.7475961538461539 0.375 0.7475961538461539 0.375 0.7644230769230769 0.3581730769230769 0.7644230769230769
23 0.3581730769230769 0.6394230769230769 0.37740384615384615 0.6394230769230769 0.37740384615384615 0.65625 0.3581730769230769 0.65625
23 0.3581730769230769 0.6658653846153846 0.375 0.6658653846153846 0.375 0.6826923076923077 0.3581730769230769 0.6826923076923077
23 0.3581730769230769 0.6947115384615384 0.37740384615384615 0.6947115384615384 0.37740384615384615 0.7115384615384616 0.3581730769230769 0.7115384615384616
23 0.3581730769230769 0.7211538461538461 0.375 0.7211538461538461 0.375 0.7379807692307693 0.3581730769230769 0.7379807692307693
24 0.3942307692307692 0.8004807692307693 0.45913461538461536 0.8004807692307693 0.45913461538461536 1 0.3942307692307692 1
23 0.4014423076923077 0.9615384615384616 0.4254807692307692 0.9615384615384616 0.4254807692307692 0.9783653846153846 0.4014423076923077 0.9783653846153846
23 0.4014423076923077 0.9903846153846154 0.4254807692307692 0.9903846153846154 0.4254807692307692 1 0.4014423076923077 1
23 0.5288461538461539 0.9615384615384616 0.5528846153846154 0.9615384615384616 0.5528846153846154 0.9783653846153846 0.5288461538461539 0.9783653846153846
23 0.4951923076923077 0.9615384615384616 0.5216346153846154 0.9615384615384616 0.5216346153846154 0.9783653846153846 0.4951923076923077 0.9783653846153846
23 0.59375 0.9615384615384616 0.6177884615384616 0.9615384615384616 0.6177884615384616 0.9783653846153846 0.59375 0.9783653846153846
23 0.625 0.9615384615384616 0.6490384615384616 0.9615384615384616 0.6490384615384616 0.9783653846153846 0.625 0.9783653846153846
23 0.49278846153846156 0.5985576923076923 0.5168269230769231 0.5985576923076923 0.5168269230769231 0.6177884615384616 0.49278846153846156 0.6177884615384616
23 0.5240384615384616 0.5985576923076923 0.5480769230769231 0.5985576923076923 0.5480769230769231 0.6201923076923077 0.5240384615384616 0.6201923076923077
24 0.49278846153846156 0.5961538461538461 0.5552884615384616 0.5961538461538461 0.5552884615384616 1 0.49278846153846156 1
24 0.5889423076923077 0.8028846153846154 0.6490384615384616 0.8028846153846154 0.6490384615384616 1 0.5889423076923077 1
23 0.4375 0.6009615384615384 0.46153846153846156 0.6009615384615384 0.46153846153846156 0.6153846153846154 0.4375 0.6153846153846154
23 0.4807692307692308 0.5745192307692307 0.49759615384615385 0.5745192307692307 0.49759615384615385 0.5841346153846154 0.4807692307692308 0.5841346153846154
23 0.36778846153846156 0.5769230769230769 0.40865384615384615 0.5769230769230769 0.40865384615384615 0.5985576923076923 0.36778846153846156 0.5985576923076923
23 0.40865384615384615 0.5456730769230769 0.4543269230769231 0.5456730769230769 0.4543269230769231 0.5745192307692307 0.40865384615384615 0.5745192307692307
23 0.47115384615384615 0.53125 0.5048076923076923 0.53125 0.5048076923076923 0.5625 0.47115384615384615 0.5625
23 0.5216346153846154 0.5336538461538461 0.5552884615384616 0.5336538461538461 0.5552884615384616 0.5625 0.5216346153846154 0.5625
23 0.5745192307692307 0.5504807692307693 0.6153846153846154 0.5504807692307693 0.6153846153846154 0.5769230769230769 0.5745192307692307 0.5769230769230769
23 0.6177884615384616 0.5817307692307693 0.65625 0.5817307692307693 0.65625 0.6009615384615384 0.6177884615384616 0.6009615384615384
23 0.38461538461538464 0.5144230769230769 0.4110576923076923 0.5144230769230769 0.4110576923076923 0.5432692307692307 0.38461538461538464 0.5432692307692307
23 0.42788461538461536 0.4855769230769231 0.4639423076923077 0.4855769230769231 0.4639423076923077 0.5216346153846154 0.42788461538461536 0.5216346153846154
23 0.4855769230769231 0.47596153846153844 0.5336538461538461 0.47596153846153844 0.5336538461538461 0.5120192307692307 0.4855769230769231 0.5120192307692307
23 0.5600961538461539 0.49038461538461536 0.59375 0.49038461538461536 0.59375 0.5240384615384616 0.5600961538461539 0.5240384615384616
23 0.6129807692307693 0.5216346153846154 0.6370192307692307 0.5216346153846154 0.6370192307692307 0.5480769230769231 0.6129807692307693 0.5480769230769231
23 0.39663461538461536 0.45913461538461536 0.4206730769230769 0.45913461538461536 0.4206730769230769 0.4879807692307692 0.39663461538461536 0.4879807692307692
23 0.43509615384615385 0.43509615384615385 0.46875 0.43509615384615385 0.46875 0.46875 0.43509615384615385 0.46875
23 0.4879807692307692 0.4254807692307692 0.5288461538461539 0.4254807692307692 0.5288461538461539 0.46153846153846156 0.4879807692307692 0.46153846153846156
23 0.5480769230769231 0.4375 0.5793269230769231 0.4375 0.5793269230769231 0.47115384615384615 0.5480769230769231 0.47115384615384615
23 0.5961538461538461 0.4639423076923077 0.6177884615384616 0.4639423076923077 0.6177884615384616 0.49278846153846156 0.5961538461538461 0.49278846153846156
23 0.4110576923076923 0.40384615384615385 0.43028846153846156 0.40384615384615385 0.43028846153846156 0.4326923076923077 0.4110576923076923 0.4326923076923077
23 0.4423076923076923 0.38461538461538464 0.47115384615384615 0.38461538461538464 0.47115384615384615 0.4182692307692308 0.4423076923076923 0.4182692307692308
23 0.4855769230769231 0.3798076923076923 0.5192307692307693 0.3798076923076923 0.5192307692307693 0.41346153846153844 0.4855769230769231 0.41346153846153844
23 0.5384615384615384 0.3894230769230769 0.5625 0.3894230769230769 0.5625 0.4230769230769231 0.5384615384615384 0.4230769230769231
10 0.5745192307692307 0.4110576923076923 0.5961538461538461 0.4110576923076923 0.5961538461538461 0.4375 0.5745192307692307 0.4375
23 0.44471153846153844 0.34375 0.4735576923076923 0.34375 0.4735576923076923 0.3701923076923077 0.44471153846153844 0.3701923076923077
23 0.4807692307692308 0.3317307692307692 0.5168269230769231 0.3317307692307692 0.5168269230769231 0.36538461538461536 0.4807692307692308 0.36538461538461536
23 0.5240384615384616 0.34615384615384615 0.5504807692307693 0.34615384615384615 0.5504807692307693 0.375 0.5240384615384616 0.375
23 0.4639423076923077 0.2956730769230769 0.4807692307692308 0.2956730769230769 0.4807692307692308 0.31971153846153844 0.4639423076923077 0.31971153846153844
23 0.4831730769230769 0.2764423076923077 0.5072115384615384 0.2764423076923077 0.5072115384615384 0.3125 0.4831730769230769 0.3125
23 0.5096153846153846 0.3004807692307692 0.5264423076923077 0.3004807692307692 0.5264423076923077 0.32211538461538464 0.5096153846153846 0.32211538461538464
23 0.4831730769230769 0.21153846153846154 0.5024038461538461 0.21153846153846154 0.5024038461538461 0.2548076923076923 0.4831730769230769 0.2548076923076923
11 0.41586538461538464 0.625 0.6274038461538461 0.625 0.6274038461538461 0.6466346153846154 0.41586538461538464 0.6466346153846154
12 0.23076923076923078 0.9519230769230769 0.8100961538461539 0.9519230769230769 0.8100961538461539 0.9567307692307693 0.23076923076923078 0.9567307692307693
12 0.23076923076923078 0.9254807692307693 0.8100961538461539 0.9254807692307693 0.8100961538461539 0.9278846153846154 0.23076923076923078 0.9278846153846154
12 0.23076923076923078 0.8966346153846154 0.8100961538461539 0.8966346153846154 0.8100961538461539 0.8990384615384616 0.23076923076923078 0.8990384615384616
12 0.23076923076923078 0.8653846153846154 0.8100961538461539 0.8653846153846154 0.8100961538461539 0.8677884615384616 0.23076923076923078 0.8677884615384616
12 0.3605769230769231 0.8365384615384616 0.6826923076923077 0.8365384615384616 0.6826923076923077 0.8389423076923077 0.3605769230769231 0.8389423076923077
12 0.3605769230769231 0.8100961538461539 0.6826923076923077 0.8100961538461539 0.6826923076923077 0.8125 0.3605769230769231 0.8125
12 0.3605769230769231 0.78125 0.6826923076923077 0.78125 0.6826923076923077 0.7860576923076923 0.3605769230769231 0.7860576923076923
12 0.41586538461538464 0.7548076923076923 0.6274038461538461 0.7548076923076923 0.6274038461538461 0.7596153846153846 0.41586538461538464 0.7596153846153846
12 0.41586538461538464 0.7283653846153846 0.6274038461538461 0.7283653846153846 0.6274038461538461 0.7307692307692307 0.41586538461538464 0.7307692307692307
12 0.41586538461538464 0.6995192307692307 0.6274038461538461 0.6995192307692307 0.6274038461538461 0.7043269230769231 0.41586538461538464 0.7043269230769231
12 0.41586538461538464 0.6754807692307693 0.6274038461538461 0.6754807692307693 0.6274038461538461 0.6778846153846154 0.41586538461538464 0.6778846153846154
12 0.41586538461538464 0.6466346153846154 0.6274038461538461 0.6466346153846154 0.6274038461538461 0.6514423076923077 0.41586538461538464 0.6514423076923077
12 0.41586538461538464 0.6225961538461539 0.6274038461538461 0.6225961538461539 0.6274038461538461 0.625 0.41586538461538464 0.625
12 0.23076923076923078 0.9807692307692307 0.8100961538461539 0.9807692307692307 0.8100961538461539 0.9855769230769231 0.23076923076923078 0.9855769230769231
11 0.23076923076923078 0.9831730769230769 0.8100961538461539 0.9831730769230769 0.8100961538461539 1 0.23076923076923078 1
11 0.23076923076923078 0.9567307692307693 0.8100961538461539 0.9567307692307693 0.8100961538461539 0.9807692307692307 0.23076923076923078 0.9807692307692307
11 0.23076923076923078 0.9278846153846154 0.8100961538461539 0.9278846153846154 0.8100961538461539 0.9519230769230769 0.23076923076923078 0.9519230769230769
11 0.23076923076923078 0.8990384615384616 0.8100961538461539 0.8990384615384616 0.8100961538461539 0.9254807692307693 0.23076923076923078 0.9254807692307693
11 0.23076923076923078 0.8677884615384616 0.8100961538461539 0.8677884615384616 0.8100961538461539 0.8966346153846154 0.23076923076923078 0.8966346153846154
11 0.22596153846153846 0.8004807692307693 0.3605769230769231 0.8004807692307693 0.3605769230769231 0.8653846153846154 0.22596153846153846 0.8653846153846154
11 0.3605769230769231 0.8125 0.6826923076923077 0.8125 0.6826923076923077 0.8365384615384616 0.3605769230769231 0.8365384615384616
11 0.3605769230769231 0.7860576923076923 0.6826923076923077 0.7860576923076923 0.6826923076923077 0.8100961538461539 0.3605769230769231 0.8100961538461539
11 0.41586538461538464 0.7596153846153846 0.6274038461538461 0.7596153846153846 0.6274038461538461 0.78125 0.41586538461538464 0.78125
11 0.41586538461538464 0.7331730769230769 0.6274038461538461 0.7331730769230769 0.6274038461538461 0.7572115384615384 0.41586538461538464 0.7572115384615384
11 0.41586538461538464 0.7043269230769231 0.6274038461538461 0.7043269230769231 0.6274038461538461 0.7283653846153846 0.41586538461538464 0.7283653846153846
11 0.41586538461538464 0.6778846153846154 0.6274038461538461 0.6778846153846154 0.6274038461538461 0.7019230769230769 0.41586538461538464 0.7019230769230769
11 0.41586538461538464 0.6514423076923077 0.6274038461538461 0.6514423076923077 0.6274038461538461 0.6754807692307693 0.41586538461538464 0.6754807692307693
22 0.41586538461538464 0.5600961538461539 0.6274038461538461 0.5600961538461539 0.6274038461538461 0.6225961538461539 0.41586538461538464 0.6225961538461539
5 0.19230769230769232 0.7884615384615384 0.2668269230769231 0.7884615384615384 0.2668269230769231 0.8149038461538461 0.19230769230769232 0.8149038461538461
5 0.3317307692307692 0.7692307692307693 0.4182692307692308 0.7692307692307693 0.4182692307692308 0.7956730769230769 0.3317307692307692 0.7956730769230769
5 0.6634615384615384 0.7716346153846154 0.71875 0.7716346153846154 0.71875 0.8052884615384616 0.6634615384615384 0.8052884615384616
5 0.7548076923076923 0.7908653846153846 0.8269230769230769 0.7908653846153846 0.8269230769230769 0.8245192307692307 0.7548076923076923 0.8245192307692307
2 0.1658653846153846 0 0.8269230769230769 0 0.8269230769230769 1 0.1658653846153846 1
11 0.3605769230769231 0.8389423076923077 0.6826923076923077 0.8389423076923077 0.6826923076923077 0.8653846153846154 0.3605769230769231 0.8653846153846154
11 0.6826923076923077 0.8052884615384616 0.7932692307692307 0.8052884615384616 0.7932692307692307 0.8653846153846154 0.6826923076923077 0.8653846153846154
10 0.25721153846153844 0.6201923076923077 0.7331730769230769 0.6201923076923077 0.7331730769230769 1 0.25721153846153844 1