23 0.42788461538461536 0.19471153846153846 0.5673076923076923 0.19471153846153846 0.5673076923076923 0.27884615384615385 0.42788461538461536 0.27884615384615385
23 0.36538461538461536 0.23317307692307693 0.40625 0.23317307692307693 0.40625 0.27403846153846156 0.36538461538461536 0.27403846153846156
23 0.5913461538461539 0.23317307692307693 0.6298076923076923 0.23317307692307693 0.6298076923076923 0.27403846153846156 0.5913461538461539 0.27403846153846156
8 0.3918269230769231 0.49759615384615385 0.6177884615384616 0.49759615384615385 0.6177884615384616 0.7572115384615384 0.3918269230769231 0.7572115384615384
4 0.3581730769230769 0.46634615384615385 0.6442307692307693 0.46634615384615385 0.6442307692307693 0.49278846153846156 0.3581730769230769 0.49278846153846156
23 0.8365384615384616 0.49759615384615385 0.9759615384615384 0.49759615384615385 0.9759615384615384 0.6682692307692307 0.8365384615384616 0.6682692307692307
23 0.02403846153846154 0.49759615384615385 0.15144230769230768 0.49759615384615385 0.15144230769230768 0.6706730769230769 0.02403846153846154 0.6706730769230769
25 0.02403846153846154 0.4831730769230769 0.16826923076923078 0.4831730769230769 0.16826923076923078 0.6875 0.02403846153846154 0.6875
25 0.8173076923076923 0.4807692307692308 0.9759615384615384 0.4807692307692308 0.9759615384615384 0.6875 0.8173076923076923 0.6875
5 0.6514423076923077 0.5865384615384616 0.7043269230769231 0.5865384615384616 0.7043269230769231 0.6442307692307693 0.6514423076923077 0.6442307692307693
5 0.6634615384615384 0.5192307692307693 0.6899038461538461 0.5192307692307693 0.6899038461538461 0.5336538461538461 0.6634615384615384 0.5336538461538461
19 0.021634615384615384 0.016826923076923076 0.9759615384615384 0.016826923076923076 0.9759615384615384 0.4567307692307692 0.021634615384615384 0.4567307692307692
15 0.02403846153846154 0.4543269230769231 0.9759615384615384 0.4543269230769231 0.9759615384615384 0.7668269230769231 0.02403846153846154 0.7668269230769231
12 0.02403846153846154 0.43990384615384615 0.9759615384615384 0.43990384615384615 0.9759615384615384 0.4543269230769231 0.02403846153846154 0.4543269230769231
22 0.02403846153846154 0.016826923076923076 0.9759615384615384 0.016826923076923076 0.9759615384615384 0.43990384615384615 0.02403846153846154 0.43990384615384615
1 0.16105769230769232 0.49759615384615385 0.25240384615384615 0.49759615384615385 0.25240384615384615 0.6730769230769231 0.16105769230769232 0.6730769230769231
1 0.7307692307692307 0.49278846153846156 0.8221153846153846 0.49278846153846156 0.8221153846153846 0.6730769230769231 0.7307692307692307 0.6730769230769231
2 0.02403846153846154 0.016826923076923076 0.9759615384615384 0.016826923076923076 0.9759615384615384 0.7668269230769231 0.02403846153846154 0.7668269230769231
10 0.02403846153846154 0.016826923076923076 0.9759615384615384 0.016826923076923076 0.9759615384615384 0.8100961538461539 0.02403846153846154 0.8100961538461539
7 0.02403846153846154 0.28846153846153844 0.39663461538461536 0.28846153846153844 0.39663461538461536 0.8822115384615384 0.02403846153846154 0.8822115384615384
7 0.6009615384615384 0.31490384615384615 0.9759615384615384 0.31490384615384615 0.9759615384615384 0.8966346153846154 0.6009615384615384 0.8966346153846154