23 0.13701923076923078 0.026442307692307692 0.22355769230769232 0.026442307692307692 0.22355769230769232 0.17548076923076922 0.13701923076923078 0.17548076923076922
23 0.46875 0.026442307692307692 0.65625 0.026442307692307692 0.65625 0.18028846153846154 0.46875 0.18028846153846154
23 0.5793269230769231 0.22115384615384615 0.78125 0.22115384615384615 0.78125 0.38221153846153844 0.5793269230769231 0.38221153846153844
23 0.7451923076923077 0.4206730769230769 0.9038461538461539 0.4206730769230769 0.9038461538461539 0.5769230769230769 0.7451923076923077 0.5769230769230769
23 0.49278846153846156 0.6177884615384616 0.7019230769230769 0.6177884615384616 0.7019230769230769 0.7788461538461539 0.49278846153846156 0.7788461538461539
23 0.28125 0.8173076923076923 0.37740384615384615 0.8173076923076923 0.37740384615384615 0.9855769230769231 0.28125 0.9855769230769231
23 0.5192307692307693 0.8173076923076923 0.7235576923076923 0.8173076923076923 0.7235576923076923 0.9831730769230769 0.5192307692307693 0.9831730769230769
24 0.12740384615384615 0.007211538461538462 0.23076923076923078 0.007211538461538462 0.23076923076923078 0.1778846153846154 0.12740384615384615 0.1778846153846154
24 0.46875 0.009615384615384616 0.65625 0.009615384615384616 0.65625 0.18028846153846154 0.46875 0.18028846153846154
24 0.5793269230769231 0.21153846153846154 0.7860576923076923 0.21153846153846154 0.7860576923076923 0.38221153846153844 0.5793269230769231 0.38221153846153844
24 0.7451923076923077 0.4110576923076923 0.9038461538461539 0.4110576923076923 0.9038461538461539 0.5817307692307693 0.7451923076923077 0.5817307692307693
24 0.49278846153846156 0.6105769230769231 0.7019230769230769 0.6105769230769231 0.7019230769230769 0.78125 0.49278846153846156 0.78125
24 0.5192307692307693 0.8125 0.7235576923076923 0.8125 0.7235576923076923 0.9855769230769231 0.5192307692307693 0.9855769230769231
24 0.27884615384615385 0.8100961538461539 0.37740384615384615 0.8100961538461539 0.37740384615384615 0.9855769230769231 0.27884615384615385 0.9855769230769231
12 0 0.1778846153846154 1 0.1778846153846154 1 0.18990384615384615 0 0.18990384615384615
12 0 0.38221153846153844 1 0.38221153846153844 1 0.3918269230769231 0 0.3918269230769231
12 0 0.5817307692307693 1 0.5817307692307693 1 0.5889423076923077 0 0.5889423076923077
12 0 0.78125 1 0.78125 1 0.7908653846153846 0 0.7908653846153846
12 0 0.9831730769230769 1 0.9831730769230769 1 0.9927884615384616 0 0.9927884615384616
11 0 0 1 0 1 0.18028846153846154 0 0.18028846153846154
11 0 0.18509615384615385 1 0.18509615384615385 1 0.38221153846153844 0 0.38221153846153844
11 0 0.3894230769230769 1 0.3894230769230769 1 0.5817307692307693 0 0.5817307692307693
11 0 0.5889423076923077 1 0.5889423076923077 1 0.78125 0 0.78125
11 0 0.7884615384615384 0.9975961538461539 0.7884615384615384 0.9975961538461539 0.9855769230769231 0 0.9855769230769231
2 0 0 1 0 1 1 0 1
10 0 0 1 0 1 1 0 1