23 0 0.22355769230769232 0.05048076923076923 0.22355769230769232 0.05048076923076923 0.4110576923076923 0 0.4110576923076923
23 0.9831730769230769 0.22355769230769232 1 0.22355769230769232 1 0.4110576923076923 0.9831730769230769 0.4110576923076923
23 0.9615384615384616 0.47115384615384615 1 0.47115384615384615 1 0.6634615384615384 0.9615384615384616 0.6634615384615384
23 0.17067307692307693 0.22355769230769232 0.22596153846153846 0.22355769230769232 0.22596153846153846 0.4110576923076923 0.17067307692307693 0.4110576923076923
23 0.28365384615384615 0.22355769230769232 0.3485576923076923 0.22355769230769232 0.3485576923076923 0.4110576923076923 0.28365384615384615 0.4110576923076923
23 0.3942307692307692 0.22355769230769232 0.5 0.22355769230769232 0.5 0.4110576923076923 0.3942307692307692 0.4110576923076923
23 0.5336538461538461 0.22596153846153846 0.5913461538461539 0.22596153846153846 0.5913461538461539 0.41346153846153844 0.5336538461538461 0.41346153846153844
23 0.6177884615384616 0.22596153846153846 0.6730769230769231 0.22596153846153846 0.6730769230769231 0.41346153846153844 0.6177884615384616 0.41346153846153844
23 0.7331730769230769 0.22355769230769232 0.7932692307692307 0.22355769230769232 0.7932692307692307 0.4110576923076923 0.7331730769230769 0.4110576923076923
23 0.8413461538461539 0.22115384615384615 0.9447115384615384 0.22115384615384615 0.9447115384615384 0.41346153846153844 0.8413461538461539 0.41346153846153844
23 0.0889423076923077 0.22355769230769232 0.14423076923076922 0.22355769230769232 0.14423076923076922 0.4110576923076923 0.0889423076923077 0.4110576923076923
23 0.9879807692307693 0.7235576923076923 1 0.7235576923076923 1 0.9110576923076923 0.9879807692307693 0.9110576923076923
23 0.17067307692307693 0.47115384615384615 0.27403846153846156 0.47115384615384615 0.27403846153846156 0.6610576923076923 0.17067307692307693 0.6610576923076923
23 0.3076923076923077 0.47115384615384615 0.36778846153846156 0.47115384615384615 0.36778846153846156 0.6610576923076923 0.3076923076923077 0.6610576923076923
23 0.3942307692307692 0.47115384615384615 0.4495192307692308 0.47115384615384615 0.4495192307692308 0.6610576923076923 0.3942307692307692 0.6610576923076923
23 0.5072115384615384 0.47115384615384615 0.5721153846153846 0.47115384615384615 0.5721153846153846 0.6610576923076923 0.5072115384615384 0.6610576923076923
23 0.6177884615384616 0.47115384615384615 0.7211538461538461 0.47115384615384615 0.7211538461538461 0.6634615384615384 0.6177884615384616 0.6634615384615384
23 0.7596153846153846 0.47115384615384615 0.8149038461538461 0.47115384615384615 0.8149038461538461 0.6634615384615384 0.7596153846153846 0.6634615384615384
23 0.8413461538461539 0.47115384615384615 0.8990384615384616 0.47115384615384615 0.8990384615384616 0.6634615384615384 0.8413461538461539 0.6634615384615384
23 0.057692307692307696 0.47115384615384615 0.1201923076923077 0.47115384615384615 0.1201923076923077 0.6610576923076923 0.057692307692307696 0.6610576923076923
23 0 0.7235576923076923 0.04807692307692308 0.7235576923076923 0.04807692307692308 0.9110576923076923 0 0.9110576923076923
23 0.08413461538461539 0.7235576923076923 0.14182692307692307 0.7235576923076923 0.14182692307692307 0.9110576923076923 0.08413461538461539 0.9110576923076923
23 0.17067307692307693 0.7235576923076923 0.22355769230769232 0.7235576923076923 0.22355769230769232 0.9110576923076923 0.17067307692307693 0.9110576923076923
23 0.28365384615384615 0.7235576923076923 0.34615384615384615 0.7235576923076923 0.34615384615384615 0.9110576923076923 0.28365384615384615 0.9110576923076923
23 0.3942307692307692 0.7235576923076923 0.49759615384615385 0.7235576923076923 0.49759615384615385 0.9110576923076923 0.3942307692307692 0.9110576923076923
23 0.5360576923076923 0.7235576923076923 0.59375 0.7235576923076923 0.59375 0.9110576923076923 0.5360576923076923 0.9110576923076923
23 0.6177884615384616 0.7235576923076923 0.6730769230769231 0.7235576923076923 0.6730769230769231 0.9110576923076923 0.6177884615384616 0.9110576923076923
23 0.7331730769230769 0.7235576923076923 0.7980769230769231 0.7235576923076923 0.7980769230769231 0.9110576923076923 0.7331730769230769 0.9110576923076923
23 0.8461538461538461 0.7235576923076923 0.9495192307692307 0.7235576923076923 0.9495192307692307 0.9110576923076923 0.8461538461538461 0.9110576923076923
2 0 0.10817307692307693 0.9975961538461539 0.10817307692307693 0.9975961538461539 0.9350961538461539 0 0.9350961538461539
10 0 0.10817307692307693 0.9975961538461539 0.10817307692307693 0.9975961538461539 0.9350961538461539 0 0.9350961538461539
12 0.002403846153846154 0.6682692307692307 0.9975961538461539 0.6682692307692307 0.9975961538461539 0.71875 0.002403846153846154 0.71875
12 0.002403846153846154 0.41346153846153844 0.9975961538461539 0.41346153846153844 0.9975961538461539 0.4639423076923077 0.002403846153846154 0.4639423076923077