23 0.22115384615384615 0.3125 0.2692307692307692 0.3125 0.2692307692307692 0.41346153846153844 0.22115384615384615 0.41346153846153844
23 0.4110576923076923 0.3245192307692308 0.5456730769230769 0.3245192307692308 0.5456730769230769 0.41346153846153844 0.4110576923076923 0.41346153846153844
23 0.2283653846153846 0.53125 0.5456730769230769 0.53125 0.5456730769230769 0.5865384615384616 0.2283653846153846 0.5865384615384616
12 0.12259615384615384 0.2764423076923077 0.7259615384615384 0.2764423076923077 0.7259615384615384 0.3125 0.12259615384615384 0.3125
12 0.125 0.6923076923076923 0.78125 0.6923076923076923 0.78125 0.7235576923076923 0.125 0.7235576923076923
16 0.125 0.47596153846153844 0.7283653846153846 0.47596153846153844 0.7283653846153846 0.5096153846153846 0.125 0.5096153846153846
23 0.6033653846153846 0.5168269230769231 0.7259615384615384 0.5168269230769231 0.7259615384615384 0.6033653846153846 0.6033653846153846 0.6033653846153846
14 0.41586538461538464 0.7307692307692307 0.5456730769230769 0.7307692307692307 0.5456730769230769 0.8822115384615384 0.41586538461538464 0.8822115384615384
8 0.6033653846153846 0.7596153846153846 0.7235576923076923 0.7596153846153846 0.7235576923076923 0.9134615384615384 0.6033653846153846 0.9134615384615384
23 0.6033653846153846 0.7283653846153846 0.7235576923076923 0.7283653846153846 0.7235576923076923 0.7596153846153846 0.6033653846153846 0.7596153846153846
23 0.22355769230769232 0.7283653846153846 0.2692307692307692 0.7283653846153846 0.2692307692307692 0.8846153846153846 0.22355769230769232 0.8846153846153846
0 0.11298076923076923 0.2091346153846154 0.78125 0.2091346153846154 0.78125 0.27403846153846156 0.11298076923076923 0.27403846153846156
23 0.23798076923076922 0.18269230769230768 0.40865384615384615 0.18269230769230768 0.40865384615384615 0.2764423076923077 0.23798076923076922 0.2764423076923077
23 0.5384615384615384 0.18509615384615385 0.7067307692307693 0.18509615384615385 0.7067307692307693 0.2764423076923077 0.5384615384615384 0.2764423076923077
0 0.22115384615384615 0.6009615384615384 0.39903846153846156 0.6009615384615384 0.39903846153846156 0.6923076923076923 0.22115384615384615 0.6923076923076923
12 0.125 0.47596153846153844 0.7283653846153846 0.47596153846153844 0.7283653846153846 0.5096153846153846 0.125 0.5096153846153846
23 0.2644230769230769 0.5072115384615384 0.39903846153846156 0.5072115384615384 0.39903846153846156 0.6899038461538461 0.2644230769230769 0.6899038461538461
23 0.22115384615384615 0.5144230769230769 0.2620192307692308 0.5144230769230769 0.2620192307692308 0.6923076923076923 0.22115384615384615 0.6923076923076923
23 0.5961538461538461 0.3173076923076923 0.7259615384615384 0.3173076923076923 0.7259615384615384 0.41346153846153844 0.5961538461538461 0.41346153846153844
19 0.11778846153846154 0.13221153846153846 0.7740384615384616 0.13221153846153846 0.7740384615384616 0.2091346153846154 0.11778846153846154 0.2091346153846154
2 0.11298076923076923 0.13221153846153846 0.7836538461538461 0.13221153846153846 0.7836538461538461 0.9375 0.11298076923076923 0.9375
10 0.11298076923076923 0.13221153846153846 0.7836538461538461 0.13221153846153846 0.7836538461538461 0.9375 0.11298076923076923 0.9375