8 0.5168269230769231 0.6899038461538461 0.6802884615384616 0.6899038461538461 0.6802884615384616 0.8052884615384616 0.5168269230769231 0.8052884615384616
8 0.3293269230769231 0.6899038461538461 0.4951923076923077 0.6899038461538461 0.4951923076923077 0.8052884615384616 0.3293269230769231 0.8052884615384616
8 0.37259615384615385 0.5673076923076923 0.41346153846153844 0.5673076923076923 0.41346153846153844 0.6346153846153846 0.37259615384615385 0.6346153846153846
8 0.4110576923076923 0.4230769230769231 0.46634615384615385 0.4230769230769231 0.46634615384615385 0.5096153846153846 0.4110576923076923 0.5096153846153846
23 0.6514423076923077 0.40625 0.6995192307692307 0.40625 0.6995192307692307 0.4831730769230769 0.6514423076923077 0.4831730769230769
23 0.7283653846153846 0.40625 0.7644230769230769 0.40625 0.7644230769230769 0.4831730769230769 0.7283653846153846 0.4831730769230769
23 0.6538461538461539 0.2644230769230769 0.6995192307692307 0.2644230769230769 0.6995192307692307 0.33413461538461536 0.6538461538461539 0.33413461538461536
23 0.7283653846153846 0.2668269230769231 0.7644230769230769 0.2668269230769231 0.7644230769230769 0.33653846153846156 0.7283653846153846 0.33653846153846156
21 0.6201923076923077 0.3389423076923077 0.7836538461538461 0.3389423076923077 0.7836538461538461 0.35096153846153844 0.6201923076923077 0.35096153846153844
23 0.3173076923076923 0.42788461538461536 0.3701923076923077 0.42788461538461536 0.3701923076923077 0.44471153846153844 0.3173076923076923 0.44471153846153844
23 0.40865384615384615 0.4326923076923077 0.47596153846153844 0.4326923076923077 0.47596153846153844 0.4807692307692308 0.40865384615384615 0.4807692307692308
23 0.5168269230769231 0.4254807692307692 0.5697115384615384 0.4254807692307692 0.5697115384615384 0.44471153846153844 0.5168269230769231 0.44471153846153844
0 0.2932692307692308 0.49038461538461536 0.49759615384615385 0.49038461538461536 0.49759615384615385 0.5288461538461539 0.2932692307692308 0.5288461538461539
0 0.2860576923076923 0.5841346153846154 0.7283653846153846 0.5841346153846154 0.7283653846153846 0.6514423076923077 0.2860576923076923 0.6514423076923077
23 0.5649038461538461 0.5456730769230769 0.6274038461538461 0.5456730769230769 0.6274038461538461 0.5673076923076923 0.5649038461538461 0.5673076923076923
16 0.29086538461538464 0.23317307692307693 0.7836538461538461 0.23317307692307693 0.7836538461538461 0.24519230769230768 0.29086538461538464 0.24519230769230768
16 0.2860576923076923 0.36538461538461536 0.5048076923076923 0.36538461538461536 0.5048076923076923 0.375 0.2860576923076923 0.375
16 0.49759615384615385 0.375 0.78125 0.375 0.78125 0.38461538461538464 0.49759615384615385 0.38461538461538464
16 0.3269230769230769 0.16346153846153846 0.6033653846153846 0.16346153846153846 0.6033653846153846 0.22355769230769232 0.3269230769230769 0.22355769230769232
23 0.30288461538461536 0.2764423076923077 0.41586538461538464 0.2764423076923077 0.41586538461538464 0.3581730769230769 0.30288461538461536 0.3581730769230769
23 0.40865384615384615 0.4014423076923077 0.47596153846153844 0.4014423076923077 0.47596153846153844 0.4182692307692308 0.40865384615384615 0.4182692307692308
23 0.3125 0.39903846153846156 0.3798076923076923 0.39903846153846156 0.3798076923076923 0.4182692307692308 0.3125 0.4182692307692308
19 0.5072115384615384 0.0985576923076923 0.7860576923076923 0.0985576923076923 0.7860576923076923 0.19471153846153846 0.5072115384615384 0.19471153846153846
4 0.6442307692307693 0.25721153846153844 0.7091346153846154 0.25721153846153844 0.7091346153846154 0.34134615384615385 0.6442307692307693 0.34134615384615385
21 0.6177884615384616 0.49038461538461536 0.78125 0.49038461538461536 0.78125 0.4951923076923077 0.6177884615384616 0.4951923076923077
4 0.7235576923076923 0.25961538461538464 0.7716346153846154 0.25961538461538464 0.7716346153846154 0.34375 0.7235576923076923 0.34375
5 0.625 0.39663461538461536 0.6586538461538461 0.39663461538461536 0.6586538461538461 0.4230769230769231 0.625 0.4230769230769231
5 0.6923076923076923 0.39663461538461536 0.7331730769230769 0.39663461538461536 0.7331730769230769 0.4182692307692308 0.6923076923076923 0.4182692307692308
4 0.7211538461538461 0.4014423076923077 0.7692307692307693 0.4014423076923077 0.7692307692307693 0.4879807692307692 0.7211538461538461 0.4879807692307692
5 0.7620192307692307 0.39903846153846156 0.7788461538461539 0.39903846153846156 0.7788461538461539 0.4206730769230769 0.7620192307692307 0.4206730769230769
5 0.625 0.25721153846153844 0.6586538461538461 0.25721153846153844 0.6586538461538461 0.2860576923076923 0.625 0.2860576923076923
5 0.6971153846153846 0.25721153846153844 0.7355769230769231 0.25721153846153844 0.7355769230769231 0.27884615384615385 0.6971153846153846 0.27884615384615385
5 0.7644230769230769 0.25961538461538464 0.78125 0.25961538461538464 0.78125 0.28365384615384615 0.7644230769230769 0.28365384615384615
21 0.49759615384615385 0.4519230769230769 0.5913461538461539 0.4519230769230769 0.5913461538461539 0.46634615384615385 0.49759615384615385 0.46634615384615385
4 0.49759615384615385 0.40865384615384615 0.5913461538461539 0.40865384615384615 0.5913461538461539 0.4182692307692308 0.49759615384615385 0.4182692307692308
5 0.5240384615384616 0.47115384615384615 0.5649038461538461 0.47115384615384615 0.5649038461538461 0.4807692307692308 0.5240384615384616 0.4807692307692308
5 0.4519230769230769 0.6418269230769231 0.5673076923076923 0.6418269230769231 0.5673076923076923 0.6586538461538461 0.4519230769230769 0.6586538461538461
2 0.27403846153846156 0.038461538461538464 0.9278846153846154 0.038461538461538464 0.9278846153846154 0.8317307692307693 0.27403846153846156 0.8317307692307693
4 0.6442307692307693 0.39903846153846156 0.7091346153846154 0.39903846153846156 0.7091346153846154 0.4879807692307692 0.6442307692307693 0.4879807692307692
4 0.6442307692307693 0.39903846153846156 0.7091346153846154 0.39903846153846156 0.7091346153846154 0.4879807692307692 0.6442307692307693 0.4879807692307692
4 0.6442307692307693 0.39903846153846156 0.7091346153846154 0.39903846153846156 0.7091346153846154 0.4879807692307692 0.6442307692307693 0.4879807692307692
4 0.6442307692307693 0.39903846153846156 0.7091346153846154 0.39903846153846156 0.7091346153846154 0.4879807692307692 0.6442307692307693 0.4879807692307692
4 0.6442307692307693 0.39903846153846156 0.7091346153846154 0.39903846153846156 0.7091346153846154 0.4879807692307692 0.6442307692307693 0.4879807692307692
0 0.28125 0.3293269230769231 0.5 0.3293269230769231 0.5 0.3581730769230769 0.28125 0.3581730769230769
8 0.3293269230769231 0.28365384615384615 0.38461538461538464 0.28365384615384615 0.38461538461538464 0.3605769230769231 0.3293269230769231 0.3605769230769231
10 0.27403846153846156 0.036057692307692304 0.9302884615384616 0.036057692307692304 0.9302884615384616 0.8317307692307693 0.27403846153846156 0.8317307692307693
23 0.3125 0.4326923076923077 0.3798076923076923 0.4326923076923077 0.3798076923076923 0.4807692307692308 0.3125 0.4807692307692308