23 0.10576923076923077 0.1971153846153846 0.16105769230769232 0.1971153846153846 0.16105769230769232 0.4326923076923077 0.10576923076923077 0.4326923076923077
23 0.4375 0.5865384615384616 0.5096153846153846 0.5865384615384616 0.5096153846153846 0.7740384615384616 0.4375 0.7740384615384616
23 0.5625 0.5985576923076923 0.625 0.5985576923076923 0.625 0.7692307692307693 0.5625 0.7692307692307693
21 0.10576923076923077 0.4230769230769231 0.16105769230769232 0.4230769230769231 0.16105769230769232 0.44711538461538464 0.10576923076923077 0.44711538461538464
21 0.4375 0.7692307692307693 0.5120192307692307 0.7692307692307693 0.5120192307692307 0.7860576923076923 0.4375 0.7860576923076923
21 0.5625 0.7668269230769231 0.625 0.7668269230769231 0.625 0.7788461538461539 0.5625 0.7788461538461539
23 0.6802884615384616 0.6033653846153846 0.7067307692307693 0.6033653846153846 0.7067307692307693 0.7331730769230769 0.6802884615384616 0.7331730769230769
21 0.6826923076923077 0.7307692307692307 0.7091346153846154 0.7307692307692307 0.7091346153846154 0.7379807692307693 0.6826923076923077 0.7379807692307693
23 0.7475961538461539 0.6081730769230769 0.7980769230769231 0.6081730769230769 0.7980769230769231 0.7620192307692307 0.7475961538461539 0.7620192307692307
21 0.75 0.7596153846153846 0.7980769230769231 0.7596153846153846 0.7980769230769231 0.7692307692307693 0.75 0.7692307692307693
23 0.8173076923076923 0.6057692307692307 0.8629807692307693 0.6057692307692307 0.8629807692307693 0.7548076923076923 0.8173076923076923 0.7548076923076923
21 0.8197115384615384 0.75 0.8653846153846154 0.75 0.8653846153846154 0.7620192307692307 0.8197115384615384 0.7620192307692307
23 0.9254807692307693 0.6105769230769231 0.9471153846153846 0.6105769230769231 0.9471153846153846 0.6947115384615384 0.9254807692307693 0.6947115384615384
21 0.9254807692307693 0.6947115384615384 0.9471153846153846 0.6947115384615384 0.9471153846153846 0.6995192307692307 0.9254807692307693 0.6995192307692307
22 0.026442307692307692 0.10336538461538461 0.9735576923076923 0.10336538461538461 0.9735576923076923 0.5985576923076923 0.026442307692307692 0.5985576923076923
12 0.026442307692307692 0.4831730769230769 0.9735576923076923 0.4831730769230769 0.9735576923076923 0.6057692307692307 0.026442307692307692 0.6057692307692307
10 0.016826923076923076 0.31971153846153844 0.9783653846153846 0.31971153846153844 0.9783653846153846 0.9182692307692307 0.016826923076923076 0.9182692307692307
2 0.016826923076923076 0.09134615384615384 0.9783653846153846 0.09134615384615384 0.9783653846153846 0.9206730769230769 0.016826923076923076 0.9206730769230769
15 0.016826923076923076 0.5096153846153846 0.9783653846153846 0.5096153846153846 0.9783653846153846 0.9206730769230769 0.016826923076923076 0.9206730769230769
7 0 0.3485576923076923 0.4639423076923077 0.3485576923076923 0.4639423076923077 0.9206730769230769 0 0.9206730769230769