14 0.41586538461538464 0.30528846153846156 0.4519230769230769 0.30528846153846156 0.4519230769230769 0.35336538461538464 0.41586538461538464 0.35336538461538464
14 0.31971153846153844 0.37259615384615385 0.36778846153846156 0.37259615384615385 0.36778846153846156 0.4110576923076923 0.31971153846153844 0.4110576923076923
14 0.46634615384615385 0.3076923076923077 0.5072115384615384 0.3076923076923077 0.5072115384615384 0.33413461538461536 0.46634615384615385 0.33413461538461536
23 0.3870192307692308 0.3076923076923077 0.4014423076923077 0.3076923076923077 0.4014423076923077 0.33413461538461536 0.3870192307692308 0.33413461538461536
14 0.38221153846153844 0.37259615384615385 0.4230769230769231 0.37259615384615385 0.4230769230769231 0.39903846153846156 0.38221153846153844 0.39903846153846156
14 0.5192307692307693 0.30528846153846156 0.5384615384615384 0.30528846153846156 0.5384615384615384 0.34375 0.5192307692307693 0.34375
14 0.30288461538461536 0.30528846153846156 0.3557692307692308 0.30528846153846156 0.3557692307692308 0.34375 0.30288461538461536 0.34375
14 0.6394230769230769 0.30528846153846156 0.6586538461538461 0.30528846153846156 0.6586538461538461 0.34134615384615385 0.6394230769230769 0.34134615384615385
14 0.6682692307692307 0.30528846153846156 0.6971153846153846 0.30528846153846156 0.6971153846153846 0.34375 0.6682692307692307 0.34375
14 0.5697115384615384 0.3076923076923077 0.625 0.3076923076923077 0.625 0.34375 0.5697115384615384 0.34375
14 0.47115384615384615 0.37259615384615385 0.5336538461538461 0.37259615384615385 0.5336538461538461 0.4182692307692308 0.47115384615384615 0.4182692307692308
14 0.47115384615384615 0.4254807692307692 0.5048076923076923 0.4254807692307692 0.5048076923076923 0.46634615384615385 0.47115384615384615 0.46634615384615385
14 0.4326923076923077 0.3581730769230769 0.4519230769230769 0.3581730769230769 0.4519230769230769 0.4110576923076923 0.4326923076923077 0.4110576923076923
14 0.5552884615384616 0.37259615384615385 0.6177884615384616 0.37259615384615385 0.6177884615384616 0.4110576923076923 0.5552884615384616 0.4110576923076923
14 0.6466346153846154 0.37259615384615385 0.6995192307692307 0.37259615384615385 0.6995192307692307 0.4110576923076923 0.6466346153846154 0.4110576923076923
14 0.6658653846153846 0.43990384615384615 0.6995192307692307 0.43990384615384615 0.6995192307692307 0.47836538461538464 0.6658653846153846 0.47836538461538464
14 0.5216346153846154 0.43990384615384615 0.5408653846153846 0.43990384615384615 0.5408653846153846 0.47836538461538464 0.5216346153846154 0.47836538461538464
14 0.5456730769230769 0.43990384615384615 0.5649038461538461 0.43990384615384615 0.5649038461538461 0.47836538461538464 0.5456730769230769 0.47836538461538464
14 0.3269230769230769 0.43990384615384615 0.36778846153846156 0.43990384615384615 0.36778846153846156 0.47836538461538464 0.3269230769230769 0.47836538461538464
14 0.3870192307692308 0.43990384615384615 0.44711538461538464 0.43990384615384615 0.44711538461538464 0.47836538461538464 0.3870192307692308 0.47836538461538464
23 0.3076923076923077 0.43990384615384615 0.31490384615384615 0.43990384615384615 0.31490384615384615 0.46634615384615385 0.3076923076923077 0.46634615384615385
14 0.5841346153846154 0.4423076923076923 0.6009615384615384 0.4423076923076923 0.6009615384615384 0.4855769230769231 0.5841346153846154 0.4855769230769231
14 0.6322115384615384 0.5048076923076923 0.6706730769230769 0.5048076923076923 0.6706730769230769 0.5456730769230769 0.6322115384615384 0.5456730769230769
14 0.6899038461538461 0.5048076923076923 0.7019230769230769 0.5048076923076923 0.7019230769230769 0.5456730769230769 0.6899038461538461 0.5456730769230769
14 0.30288461538461536 0.5048076923076923 0.3557692307692308 0.5048076923076923 0.3557692307692308 0.5504807692307693 0.30288461538461536 0.5504807692307693
14 0.30288461538461536 0.5552884615384616 0.3293269230769231 0.5552884615384616 0.3293269230769231 0.5985576923076923 0.30288461538461536 0.5985576923076923
14 0.28846153846153844 0.6394230769230769 0.31009615384615385 0.6394230769230769 0.31009615384615385 0.6826923076923077 0.28846153846153844 0.6826923076923077
14 0.3317307692307692 0.6394230769230769 0.3701923076923077 0.6394230769230769 0.3701923076923077 0.6850961538461539 0.3317307692307692 0.6850961538461539
14 0.3317307692307692 0.6899038461538461 0.3701923076923077 0.6899038461538461 0.3701923076923077 0.7524038461538461 0.3317307692307692 0.7524038461538461
23 0.37740384615384615 0.6899038461538461 0.39663461538461536 0.6899038461538461 0.39663461538461536 0.7307692307692307 0.37740384615384615 0.7307692307692307
14 0.41586538461538464 0.7043269230769231 0.4567307692307692 0.7043269230769231 0.4567307692307692 0.7524038461538461 0.41586538461538464 0.7524038461538461
14 0.4807692307692308 0.7043269230769231 0.5432692307692307 0.7043269230769231 0.5432692307692307 0.7524038461538461 0.4807692307692308 0.7524038461538461
23 0.5456730769230769 0.7043269230769231 0.5649038461538461 0.7043269230769231 0.5649038461538461 0.7524038461538461 0.5456730769230769 0.7524038461538461
14 0.6346153846153846 0.5721153846153846 0.6923076923076923 0.5721153846153846 0.6923076923076923 0.6177884615384616 0.6346153846153846 0.6177884615384616
23 0.6346153846153846 0.6201923076923077 0.6514423076923077 0.6201923076923077 0.6514423076923077 0.6658653846153846 0.6346153846153846 0.6658653846153846
14 0.5480769230769231 0.5721153846153846 0.5889423076923077 0.5721153846153846 0.5889423076923077 0.6129807692307693 0.5480769230769231 0.6129807692307693
14 0.6057692307692307 0.5721153846153846 0.625 0.5721153846153846 0.625 0.6129807692307693 0.6057692307692307 0.6129807692307693
23 0.46875 0.5721153846153846 0.4831730769230769 0.5721153846153846 0.4831730769230769 0.6177884615384616 0.46875 0.6177884615384616
14 0.41586538461538464 0.5048076923076923 0.4543269230769231 0.5048076923076923 0.4543269230769231 0.5456730769230769 0.41586538461538464 0.5456730769230769
23 0.38461538461538464 0.5048076923076923 0.4014423076923077 0.5048076923076923 0.4014423076923077 0.5504807692307693 0.38461538461538464 0.5504807692307693
14 0.4639423076923077 0.5072115384615384 0.5072115384615384 0.5072115384615384 0.5072115384615384 0.5336538461538461 0.4639423076923077 0.5336538461538461
14 0.5168269230769231 0.5048076923076923 0.5384615384615384 0.5048076923076923 0.5384615384615384 0.5456730769230769 0.5168269230769231 0.5456730769230769
14 0.5528846153846154 0.6394230769230769 0.6177884615384616 0.6394230769230769 0.6177884615384616 0.6850961538461539 0.5528846153846154 0.6850961538461539
23 0.5841346153846154 0.6899038461538461 0.6177884615384616 0.6899038461538461 0.6177884615384616 0.7307692307692307 0.5841346153846154 0.7307692307692307
14 0.37740384615384615 0.6394230769230769 0.4375 0.6394230769230769 0.4375 0.6850961538461539 0.37740384615384615 0.6850961538461539
14 0.34375 0.5721153846153846 0.36538461538461536 0.5721153846153846 0.36538461538461536 0.6129807692307693 0.34375 0.6129807692307693
14 0.46875 0.6225961538461539 0.5 0.6225961538461539 0.5 0.6826923076923077 0.46875 0.6826923076923077
14 0.38461538461538464 0.5552884615384616 0.41586538461538464 0.5552884615384616 0.41586538461538464 0.6153846153846154 0.38461538461538464 0.6153846153846154
14 0.5721153846153846 0.49038461538461536 0.6009615384615384 0.49038461538461536 0.6009615384615384 0.5456730769230769 0.5721153846153846 0.5456730769230769
14 0.6490384615384616 0.7043269230769231 0.6995192307692307 0.7043269230769231 0.6995192307692307 0.7524038461538461 0.6490384615384616 0.7524038461538461
14 0.5 0.5721153846153846 0.5408653846153846 0.5721153846153846 0.5408653846153846 0.6129807692307693 0.5 0.6129807692307693
14 0.6658653846153846 0.6201923076923077 0.7019230769230769 0.6201923076923077 0.7019230769230769 0.6826923076923077 0.6658653846153846 0.6826923076923077
0 0.3004807692307692 0.3894230769230769 0.3701923076923077 0.3894230769230769 0.3701923076923077 0.4110576923076923 0.3004807692307692 0.4110576923076923
0 0.3004807692307692 0.3245192307692308 0.3701923076923077 0.3245192307692308 0.3701923076923077 0.34375 0.3004807692307692 0.34375
0 0.42788461538461536 0.3894230769230769 0.4543269230769231 0.3894230769230769 0.4543269230769231 0.4110576923076923 0.42788461538461536 0.4110576923076923
0 0.40384615384615385 0.3245192307692308 0.43028846153846156 0.3245192307692308 0.43028846153846156 0.34375 0.40384615384615385 0.34375
0 0.5168269230769231 0.3245192307692308 0.5408653846153846 0.3245192307692308 0.5408653846153846 0.34375 0.5168269230769231 0.34375
0 0.5480769230769231 0.3245192307692308 0.6274038461538461 0.3245192307692308 0.6274038461538461 0.34375 0.5480769230769231 0.34375
0 0.6346153846153846 0.3245192307692308 0.6610576923076923 0.3245192307692308 0.6610576923076923 0.34375 0.6346153846153846 0.34375
0 0.6658653846153846 0.3245192307692308 0.7019230769230769 0.3245192307692308 0.7019230769230769 0.34375 0.6658653846153846 0.34375
0 0.6322115384615384 0.3894230769230769 0.6995192307692307 0.3894230769230769 0.6995192307692307 0.4110576923076923 0.6322115384615384 0.4110576923076923
0 0.5480769230769231 0.3894230769230769 0.6177884615384616 0.3894230769230769 0.6177884615384616 0.4110576923076923 0.5480769230769231 0.4110576923076923
0 0.5096153846153846 0.3894230769230769 0.5432692307692307 0.3894230769230769 0.5432692307692307 0.4110576923076923 0.5096153846153846 0.4110576923076923
0 0.31971153846153844 0.45913461538461536 0.36778846153846156 0.45913461538461536 0.36778846153846156 0.47836538461538464 0.31971153846153844 0.47836538461538464
0 0.37259615384615385 0.45913461538461536 0.44711538461538464 0.45913461538461536 0.44711538461538464 0.47836538461538464 0.37259615384615385 0.47836538461538464
0 0.5168269230769231 0.45913461538461536 0.5408653846153846 0.45913461538461536 0.5408653846153846 0.47836538461538464 0.5168269230769231 0.47836538461538464
0 0.5456730769230769 0.45913461538461536 0.5721153846153846 0.45913461538461536 0.5721153846153846 0.47836538461538464 0.5456730769230769 0.47836538461538464
0 0.6322115384615384 0.45913461538461536 0.7043269230769231 0.45913461538461536 0.7043269230769231 0.47836538461538464 0.6322115384615384 0.47836538461538464
0 0.6346153846153846 0.5264423076923077 0.6730769230769231 0.5264423076923077 0.6730769230769231 0.5456730769230769 0.6346153846153846 0.5456730769230769
0 0.6899038461538461 0.5264423076923077 0.7091346153846154 0.5264423076923077 0.7091346153846154 0.5456730769230769 0.6899038461538461 0.5456730769230769
0 0.5480769230769231 0.5264423076923077 0.6225961538461539 0.5264423076923077 0.6225961538461539 0.5456730769230769 0.5480769230769231 0.5456730769230769
0 0.5168269230769231 0.5264423076923077 0.5408653846153846 0.5264423076923077 0.5408653846153846 0.5456730769230769 0.5168269230769231 0.5456730769230769
0 0.40384615384615385 0.5264423076923077 0.4543269230769231 0.5264423076923077 0.4543269230769231 0.5456730769230769 0.40384615384615385 0.5456730769230769
0 0.6658653846153846 0.6634615384615384 0.7019230769230769 0.6634615384615384 0.7019230769230769 0.6826923076923077 0.6658653846153846 0.6826923076923077
0 0.34134615384615385 0.59375 0.3701923076923077 0.59375 0.3701923076923077 0.6153846153846154 0.34134615384615385 0.6153846153846154
0 0.2860576923076923 0.6634615384615384 0.3125 0.6634615384615384 0.3125 0.6826923076923077 0.2860576923076923 0.6826923076923077
0 0.37259615384615385 0.59375 0.4543269230769231 0.59375 0.4543269230769231 0.6153846153846154 0.37259615384615385 0.6153846153846154
0 0.49038461538461536 0.59375 0.5408653846153846 0.59375 0.5408653846153846 0.6153846153846154 0.49038461538461536 0.6153846153846154
0 0.5480769230769231 0.59375 0.5961538461538461 0.59375 0.5961538461538461 0.6153846153846154 0.5480769230769231 0.6153846153846154
0 0.6057692307692307 0.59375 0.6274038461538461 0.59375 0.6274038461538461 0.6153846153846154 0.6057692307692307 0.6153846153846154
0 0.6610576923076923 0.59375 0.7019230769230769 0.59375 0.7019230769230769 0.6153846153846154 0.6610576923076923 0.6153846153846154
0 0.6490384615384616 0.7307692307692307 0.6995192307692307 0.7307692307692307 0.6995192307692307 0.7524038461538461 0.6490384615384616 0.7524038461538461
23 0.40384615384615385 0.4807692307692308 0.4567307692307692 0.4807692307692308 0.4567307692307692 0.5456730769230769 0.40384615384615385 0.5456730769230769
23 0.2980769230769231 0.27884615384615385 0.3701923076923077 0.27884615384615385 0.3701923076923077 0.34375 0.2980769230769231 0.34375
23 0.375 0.27884615384615385 0.40384615384615385 0.27884615384615385 0.40384615384615385 0.34375 0.375 0.34375
23 0.46153846153846156 0.27884615384615385 0.5120192307692307 0.27884615384615385 0.5120192307692307 0.34375 0.46153846153846156 0.34375
23 0.5168269230769231 0.27884615384615385 0.5432692307692307 0.27884615384615385 0.5432692307692307 0.34375 0.5168269230769231 0.34375
23 0.5456730769230769 0.27884615384615385 0.6274038461538461 0.27884615384615385 0.6274038461538461 0.34375 0.5456730769230769 0.34375
23 0.6322115384615384 0.27884615384615385 0.6610576923076923 0.27884615384615385 0.6610576923076923 0.34375 0.6322115384615384 0.34375
23 0.6658653846153846 0.27884615384615385 0.7043269230769231 0.27884615384615385 0.7043269230769231 0.34375 0.6658653846153846 0.34375
23 0.6346153846153846 0.34615384615384615 0.7019230769230769 0.34615384615384615 0.7019230769230769 0.4110576923076923 0.6346153846153846 0.4110576923076923
23 0.5480769230769231 0.3485576923076923 0.6274038461538461 0.3485576923076923 0.6274038461538461 0.4110576923076923 0.5480769230769231 0.4110576923076923
23 0.37259615384615385 0.3485576923076923 0.4254807692307692 0.3485576923076923 0.4254807692307692 0.4110576923076923 0.37259615384615385 0.4110576923076923
23 0.3004807692307692 0.34615384615384615 0.3701923076923077 0.34615384615384615 0.3701923076923077 0.4110576923076923 0.3004807692307692 0.4110576923076923
23 0.3173076923076923 0.41586538461538464 0.36778846153846156 0.41586538461538464 0.36778846153846156 0.47836538461538464 0.3173076923076923 0.47836538461538464
23 0.2932692307692308 0.41586538461538464 0.31490384615384615 0.41586538461538464 0.31490384615384615 0.47836538461538464 0.2932692307692308 0.47836538461538464
23 0.37259615384615385 0.41586538461538464 0.4543269230769231 0.41586538461538464 0.4543269230769231 0.47836538461538464 0.37259615384615385 0.47836538461538464
23 0.5168269230769231 0.4807692307692308 0.5432692307692307 0.4807692307692308 0.5432692307692307 0.5456730769230769 0.5168269230769231 0.5456730769230769
23 0.5456730769230769 0.41586538461538464 0.5721153846153846 0.41586538461538464 0.5721153846153846 0.47836538461538464 0.5456730769230769 0.47836538461538464
23 0.6346153846153846 0.41586538461538464 0.7019230769230769 0.41586538461538464 0.7019230769230769 0.47836538461538464 0.6346153846153846 0.47836538461538464
23 0.34134615384615385 0.5504807692307693 0.3701923076923077 0.5504807692307693 0.3701923076923077 0.6129807692307693 0.34134615384615385 0.6129807692307693
23 0.45913461538461536 0.4807692307692308 0.5096153846153846 0.4807692307692308 0.5096153846153846 0.5456730769230769 0.45913461538461536 0.5456730769230769
23 0.6322115384615384 0.4831730769230769 0.6850961538461539 0.4831730769230769 0.6850961538461539 0.5480769230769231 0.6322115384615384 0.5480769230769231
23 0.6875 0.4831730769230769 0.7163461538461539 0.4831730769230769 0.7163461538461539 0.5480769230769231 0.6875 0.5480769230769231
23 0.49038461538461536 0.5504807692307693 0.5432692307692307 0.5504807692307693 0.5432692307692307 0.6129807692307693 0.49038461538461536 0.6129807692307693
23 0.5480769230769231 0.5504807692307693 0.5985576923076923 0.5504807692307693 0.5985576923076923 0.6129807692307693 0.5480769230769231 0.6129807692307693
23 0.6033653846153846 0.5504807692307693 0.6298076923076923 0.5504807692307693 0.6298076923076923 0.6129807692307693 0.6033653846153846 0.6129807692307693
23 0.6658653846153846 0.6177884615384616 0.7043269230769231 0.6177884615384616 0.7043269230769231 0.6826923076923077 0.6658653846153846 0.6826923076923077
23 0.5456730769230769 0.6875 0.5745192307692307 0.6875 0.5745192307692307 0.7524038461538461 0.5456730769230769 0.7524038461538461
23 0.45913461538461536 0.6875 0.5432692307692307 0.6875 0.5432692307692307 0.7524038461538461 0.45913461538461536 0.7524038461538461
23 0.40384615384615385 0.6875 0.4567307692307692 0.6875 0.4567307692307692 0.7524038461538461 0.40384615384615385 0.7524038461538461
23 0.2860576923076923 0.6177884615384616 0.3125 0.6177884615384616 0.3125 0.6826923076923077 0.2860576923076923 0.6826923076923077
23 0.5168269230769231 0.4182692307692308 0.5432692307692307 0.4182692307692308 0.5432692307692307 0.4807692307692308 0.5168269230769231 0.4807692307692308
23 0.45913461538461536 0.34615384615384615 0.5432692307692307 0.34615384615384615 0.5432692307692307 0.47836538461538464 0.45913461538461536 0.47836538461538464
23 0.2980769230769231 0.6177884615384616 0.36778846153846156 0.6177884615384616 0.36778846153846156 0.7524038461538461 0.2980769230769231 0.7524038461538461
23 0.37259615384615385 0.6177884615384616 0.4543269230769231 0.6177884615384616 0.4543269230769231 0.7524038461538461 0.37259615384615385 0.7524038461538461
23 0.45913461538461536 0.5504807692307693 0.5408653846153846 0.5504807692307693 0.5408653846153846 0.6826923076923077 0.45913461538461536 0.6826923076923077
23 0.5456730769230769 0.6177884615384616 0.6274038461538461 0.6177884615384616 0.6274038461538461 0.7524038461538461 0.5456730769230769 0.7524038461538461
23 0.6322115384615384 0.5504807692307693 0.7043269230769231 0.5504807692307693 0.7043269230769231 0.6826923076923077 0.6322115384615384 0.6826923076923077
23 0.37259615384615385 0.4807692307692308 0.4543269230769231 0.4807692307692308 0.4543269230769231 0.6153846153846154 0.37259615384615385 0.6153846153846154
23 0.3004807692307692 0.4807692307692308 0.36778846153846156 0.4807692307692308 0.36778846153846156 0.6153846153846154 0.3004807692307692 0.6153846153846154
23 0.5456730769230769 0.41346153846153844 0.6298076923076923 0.41346153846153844 0.6298076923076923 0.5456730769230769 0.5456730769230769 0.5456730769230769
23 0.40384615384615385 0.27884615384615385 0.4567307692307692 0.27884615384615385 0.4567307692307692 0.4110576923076923 0.40384615384615385 0.4110576923076923
23 0.6346153846153846 0.6875 0.7019230769230769 0.6875 0.7019230769230769 0.7524038461538461 0.6346153846153846 0.7524038461538461
17 0.375 0.7740384615384616 0.37740384615384615 0.7740384615384616 0.37740384615384615 0.8149038461538461 0.375 0.8149038461538461
17 0.625 0.7740384615384616 0.6274038461538461 0.7740384615384616 0.6274038461538461 0.8173076923076923 0.625 0.8173076923076923
17 0.4567307692307692 0.7740384615384616 0.46153846153846156 0.7740384615384616 0.46153846153846156 0.8149038461538461 0.4567307692307692 0.8149038461538461
17 0.47596153846153844 0.7740384615384616 0.4807692307692308 0.7740384615384616 0.4807692307692308 0.8173076923076923 0.47596153846153844 0.8173076923076923
8 0.6274038461538461 0.7740384615384616 0.7091346153846154 0.7740384615384616 0.7091346153846154 0.8365384615384616 0.6274038461538461 0.8365384615384616
2 0.18509615384615385 0.25961538461538464 1 0.25961538461538464 1 0.8653846153846154 0.18509615384615385 0.8653846153846154
10 0.28125 0.25961538461538464 0.7211538461538461 0.25961538461538464 0.7211538461538461 0.8653846153846154 0.28125 0.8653846153846154
0 0.2932692307692308 0.7740384615384616 0.6274038461538461 0.7740384615384616 0.6274038461538461 0.8197115384615384 0.2932692307692308 0.8197115384615384