8 0.17307692307692307 0.3389423076923077 0.36538461538461536 0.3389423076923077 0.36538461538461536 0.5456730769230769 0.17307692307692307 0.5456730769230769
8 0.17307692307692307 0.0625 0.36538461538461536 0.0625 0.36538461538461536 0.2692307692307692 0.17307692307692307 0.2692307692307692
8 0.6225961538461539 0.6490384615384616 0.7788461538461539 0.6490384615384616 0.7788461538461539 0.8557692307692307 0.6225961538461539 0.8557692307692307
8 0.6153846153846154 0.0625 0.8052884615384616 0.0625 0.8052884615384616 0.2692307692307692 0.6153846153846154 0.2692307692307692
8 0.6153846153846154 0.3389423076923077 0.8052884615384616 0.3389423076923077 0.8052884615384616 0.5456730769230769 0.6153846153846154 0.5456730769230769
23 0.17067307692307693 0.6394230769230769 0.47115384615384615 0.6394230769230769 0.47115384615384615 0.8221153846153846 0.17067307692307693 0.8221153846153846
9 0.6153846153846154 0.05048076923076923 0.8149038461538461 0.05048076923076923 0.8149038461538461 0.2692307692307692 0.6153846153846154 0.2692307692307692
9 0.17067307692307693 0.05048076923076923 0.3701923076923077 0.05048076923076923 0.3701923076923077 0.2692307692307692 0.17067307692307693 0.2692307692307692
9 0.6153846153846154 0.3293269230769231 0.8149038461538461 0.3293269230769231 0.8149038461538461 0.5456730769230769 0.6153846153846154 0.5456730769230769
9 0.17067307692307693 0.3317307692307692 0.3701923076923077 0.3317307692307692 0.3701923076923077 0.5456730769230769 0.17067307692307693 0.5456730769230769
9 0.6225961538461539 0.6346153846153846 0.8173076923076923 0.6346153846153846 0.8173076923076923 0.8774038461538461 0.6225961538461539 0.8774038461538461
1 0.17307692307692307 0.0625 0.36538461538461536 0.0625 0.36538461538461536 0.2692307692307692 0.17307692307692307 0.2692307692307692
1 0.6153846153846154 0.06009615384615385 0.8100961538461539 0.06009615384615385 0.8100961538461539 0.0889423076923077 0.6153846153846154 0.0889423076923077
1 0.6153846153846154 0.3389423076923077 0.8485576923076923 0.3389423076923077 0.8485576923076923 0.5240384615384616 0.6153846153846154 0.5240384615384616
1 0.17067307692307693 0.3389423076923077 0.36778846153846156 0.3389423076923077 0.36778846153846156 0.36538461538461536 0.17067307692307693 0.36538461538461536
0 0.14423076923076922 0.12740384615384615 0.36778846153846156 0.12740384615384615 0.36778846153846156 0.28125 0.14423076923076922 0.28125
0 0.6153846153846154 0.12740384615384615 0.84375 0.12740384615384615 0.84375 0.27884615384615385 0.6153846153846154 0.27884615384615385
0 0.6153846153846154 0.4326923076923077 0.84375 0.4326923076923077 0.84375 0.5576923076923077 0.6153846153846154 0.5576923076923077
0 0.14423076923076922 0.43509615384615385 0.36778846153846156 0.43509615384615385 0.36778846153846156 0.5600961538461539 0.14423076923076922 0.5600961538461539
11 0 0.2932692307692308 0.9951923076923077 0.2932692307692308 0.9951923076923077 0.5600961538461539 0 0.5600961538461539
11 0 0 0.9951923076923077 0 0.9951923076923077 0.27884615384615385 0 0.27884615384615385
12 0 0.5600961538461539 0.9951923076923077 0.5600961538461539 0.9951923076923077 0.5745192307692307 0 0.5745192307692307
12 0 0.27884615384615385 0.9951923076923077 0.27884615384615385 0.9951923076923077 0.2932692307692308 0 0.2932692307692308
2 0 0 1 0 1 0.8990384615384616 0 0.8990384615384616
15 0 0.5745192307692307 0.9951923076923077 0.5745192307692307 0.9951923076923077 0.8990384615384616 0 0.8990384615384616
10 0 0 0.9951923076923077 0 0.9951923076923077 0.8677884615384616 0 0.8677884615384616