1 0.8149038461538461 0.8966346153846154 0.8822115384615384 0.8966346153846154 0.8822115384615384 0.9182692307692307 0.8149038461538461 0.9182692307692307
1 0.04567307692307692 0.8942307692307693 0.11298076923076923 0.8942307692307693 0.11298076923076923 0.9399038461538461 0.04567307692307692 0.9399038461538461
1 0.1875 0.8942307692307693 0.25240384615384615 0.8942307692307693 0.25240384615384615 0.9447115384615384 0.1875 0.9447115384615384
1 0.3581730769230769 0.8966346153846154 0.4230769230769231 0.8966346153846154 0.4230769230769231 0.9423076923076923 0.3581730769230769 0.9423076923076923
1 0.5 0.8942307692307693 0.5649038461538461 0.8942307692307693 0.5649038461538461 0.9182692307692307 0.5 0.9182692307692307
1 0.6418269230769231 0.8942307692307693 0.7091346153846154 0.8942307692307693 0.7091346153846154 0.9519230769230769 0.6418269230769231 0.9519230769230769
1 0.8629807692307693 0.20192307692307693 0.9302884615384616 0.20192307692307693 0.9302884615384616 0.2403846153846154 0.8629807692307693 0.2403846153846154
1 0.10576923076923077 0.19951923076923078 0.17307692307692307 0.19951923076923078 0.17307692307692307 0.21875 0.10576923076923077 0.21875
1 0.2764423076923077 0.20192307692307693 0.34375 0.20192307692307693 0.34375 0.25721153846153844 0.2764423076923077 0.25721153846153844
1 0.4182692307692308 0.20192307692307693 0.4831730769230769 0.20192307692307693 0.4831730769230769 0.2091346153846154 0.4182692307692308 0.2091346153846154
1 0.5576923076923077 0.19230769230769232 0.6225961538461539 0.19230769230769232 0.6225961538461539 0.25 0.5576923076923077 0.25
1 0.7235576923076923 0.19951923076923078 0.7908653846153846 0.19951923076923078 0.7908653846153846 0.25721153846153844 0.7235576923076923 0.25721153846153844
1 0.8100961538461539 0.06490384615384616 0.875 0.06490384615384616 0.875 0.07692307692307693 0.8100961538461539 0.07692307692307693
1 0.052884615384615384 0.0673076923076923 0.11778846153846154 0.0673076923076923 0.11778846153846154 0.10817307692307693 0.052884615384615384 0.10817307692307693
1 0.19230769230769232 0.06971153846153846 0.25721153846153844 0.06971153846153846 0.25721153846153844 0.10336538461538461 0.19230769230769232 0.10336538461538461
1 0.3629807692307692 0.06490384615384616 0.43028846153846156 0.06490384615384616 0.43028846153846156 0.11057692307692307 0.3629807692307692 0.11057692307692307
1 0.5024038461538461 0.0673076923076923 0.5697115384615384 0.0673076923076923 0.5697115384615384 0.0889423076923077 0.5024038461538461 0.0889423076923077
1 0.6394230769230769 0.06971153846153846 0.7043269230769231 0.06971153846153846 0.7043269230769231 0.09134615384615384 0.6394230769230769 0.09134615384615384
1 0.8701923076923077 0.4735576923076923 0.9350961538461539 0.4735576923076923 0.9350961538461539 0.4855769230769231 0.8701923076923077 0.4855769230769231
1 0.10576923076923077 0.4735576923076923 0.17067307692307693 0.4735576923076923 0.17067307692307693 0.49759615384615385 0.10576923076923077 0.49759615384615385
1 0.2764423076923077 0.47596153846153844 0.34134615384615385 0.47596153846153844 0.34134615384615385 0.5120192307692307 0.2764423076923077 0.5120192307692307
1 0.4182692307692308 0.47836538461538464 0.4831730769230769 0.47836538461538464 0.4831730769230769 0.5264423076923077 0.4182692307692308 0.5264423076923077
1 0.5576923076923077 0.47596153846153844 0.6225961538461539 0.47596153846153844 0.6225961538461539 0.4855769230769231 0.5576923076923077 0.4855769230769231
1 0.7307692307692307 0.47596153846153844 0.7956730769230769 0.47596153846153844 0.7956730769230769 0.5096153846153846 0.7307692307692307 0.5096153846153846
1 0.8149038461538461 0.33653846153846156 0.8774038461538461 0.33653846153846156 0.8774038461538461 0.3942307692307692 0.8149038461538461 0.3942307692307692
1 0.052884615384615384 0.33653846153846156 0.11778846153846154 0.33653846153846156 0.11778846153846154 0.3629807692307692 0.052884615384615384 0.3629807692307692
1 0.18990384615384615 0.33653846153846156 0.25721153846153844 0.33653846153846156 0.25721153846153844 0.3605769230769231 0.18990384615384615 0.3605769230769231
1 0.3605769230769231 0.33653846153846156 0.42788461538461536 0.33653846153846156 0.42788461538461536 0.3581730769230769 0.3605769230769231 0.3581730769230769
1 0.5024038461538461 0.3389423076923077 0.5697115384615384 0.3389423076923077 0.5697115384615384 0.37740384615384615 0.5024038461538461 0.37740384615384615
1 0.6394230769230769 0.3389423076923077 0.7043269230769231 0.3389423076923077 0.7043269230769231 0.3870192307692308 0.6394230769230769 0.3870192307692308
1 0.8701923076923077 0.7620192307692307 0.9350961538461539 0.7620192307692307 0.9350961538461539 0.7908653846153846 0.8701923076923077 0.7908653846153846
1 0.10096153846153846 0.7524038461538461 0.1658653846153846 0.7524038461538461 0.1658653846153846 0.7740384615384616 0.10096153846153846 0.7740384615384616
1 0.2764423076923077 0.7548076923076923 0.34134615384615385 0.7548076923076923 0.34134615384615385 0.8125 0.2764423076923077 0.8125
1 0.41586538461538464 0.7548076923076923 0.4807692307692308 0.7548076923076923 0.4807692307692308 0.8028846153846154 0.41586538461538464 0.8028846153846154
1 0.5576923076923077 0.7572115384615384 0.6225961538461539 0.7572115384615384 0.6225961538461539 0.8076923076923077 0.5576923076923077 0.8076923076923077
1 0.7307692307692307 0.7548076923076923 0.7956730769230769 0.7548076923076923 0.7956730769230769 0.8028846153846154 0.7307692307692307 0.8028846153846154
1 0.8125 0.6153846153846154 0.8774038461538461 0.6153846153846154 0.8774038461538461 0.6394230769230769 0.8125 0.6394230769230769
1 0.04567307692307692 0.6129807692307693 0.11298076923076923 0.6129807692307693 0.11298076923076923 0.6346153846153846 0.04567307692307692 0.6346153846153846
1 0.1875 0.6129807692307693 0.25240384615384615 0.6129807692307693 0.25240384615384615 0.6442307692307693 0.1875 0.6442307692307693
1 0.3605769230769231 0.6153846153846154 0.42788461538461536 0.6153846153846154 0.42788461538461536 0.6730769230769231 0.3605769230769231 0.6730769230769231
1 0.5 0.6129807692307693 0.5673076923076923 0.6129807692307693 0.5673076923076923 0.625 0.5 0.625
1 0.6418269230769231 0.6153846153846154 0.7091346153846154 0.6153846153846154 0.7091346153846154 0.625 0.6418269230769231 0.625
12 0 0.8557692307692307 0.9975961538461539 0.8557692307692307 0.9975961538461539 0.8701923076923077 0 0.8701923076923077
11 0 0.8701923076923077 0.9975961538461539 0.8701923076923077 0.9975961538461539 0.9975961538461539 0 0.9975961538461539
12 0 0.2980769230769231 0.9975961538461539 0.2980769230769231 0.9975961538461539 0.3125 0 0.3125
12 0 0.43509615384615385 0.9975961538461539 0.43509615384615385 0.9975961538461539 0.4495192307692308 0 0.4495192307692308
12 0 0.5745192307692307 0.9975961538461539 0.5745192307692307 0.9975961538461539 0.5865384615384616 0 0.5865384615384616
12 0 0.71875 0.9975961538461539 0.71875 0.9975961538461539 0.7331730769230769 0 0.7331730769230769
12 0 0.16105769230769232 0.9975961538461539 0.16105769230769232 0.9975961538461539 0.17307692307692307 0 0.17307692307692307
11 0 0.004807692307692308 0.9975961538461539 0.004807692307692308 0.9975961538461539 0.16105769230769232 0 0.16105769230769232
11 0 0.17307692307692307 0.9975961538461539 0.17307692307692307 0.9975961538461539 0.2980769230769231 0 0.2980769230769231
11 0 0.3125 0.9975961538461539 0.3125 0.9975961538461539 0.43509615384615385 0 0.43509615384615385
11 0 0.4495192307692308 0.9975961538461539 0.4495192307692308 0.9975961538461539 0.5745192307692307 0 0.5745192307692307
11 0 0.5865384615384616 0.9975961538461539 0.5865384615384616 0.9975961538461539 0.71875 0 0.71875
11 0 0.7331730769230769 0.9975961538461539 0.7331730769230769 0.9975961538461539 0.8557692307692307 0 0.8557692307692307
23 0.052884615384615384 0.055288461538461536 0.11778846153846154 0.055288461538461536 0.11778846153846154 0.1201923076923077 0.052884615384615384 0.1201923076923077
23 0.19230769230769232 0.055288461538461536 0.25721153846153844 0.055288461538461536 0.25721153846153844 0.1201923076923077 0.19230769230769232 0.1201923076923077
23 0.3629807692307692 0.055288461538461536 0.43028846153846156 0.055288461538461536 0.43028846153846156 0.1201923076923077 0.3629807692307692 0.1201923076923077
23 0.5024038461538461 0.055288461538461536 0.5697115384615384 0.055288461538461536 0.5697115384615384 0.1201923076923077 0.5024038461538461 0.1201923076923077
23 0.6394230769230769 0.055288461538461536 0.7043269230769231 0.055288461538461536 0.7043269230769231 0.1201923076923077 0.6394230769230769 0.1201923076923077
23 0.8100961538461539 0.055288461538461536 0.875 0.055288461538461536 0.875 0.1201923076923077 0.8100961538461539 0.1201923076923077
23 0.10576923076923077 0.19230769230769232 0.17307692307692307 0.19230769230769232 0.17307692307692307 0.25721153846153844 0.10576923076923077 0.25721153846153844
23 0.2764423076923077 0.19230769230769232 0.34375 0.19230769230769232 0.34375 0.25721153846153844 0.2764423076923077 0.25721153846153844
23 0.4182692307692308 0.19230769230769232 0.4831730769230769 0.19230769230769232 0.4831730769230769 0.25721153846153844 0.4182692307692308 0.25721153846153844
23 0.5576923076923077 0.19230769230769232 0.6225961538461539 0.19230769230769232 0.6225961538461539 0.25721153846153844 0.5576923076923077 0.25721153846153844
23 0.7235576923076923 0.19230769230769232 0.7908653846153846 0.19230769230769232 0.7908653846153846 0.25721153846153844 0.7235576923076923 0.25721153846153844
23 0.8629807692307693 0.19230769230769232 0.9302884615384616 0.19230769230769232 0.9302884615384616 0.25721153846153844 0.8629807692307693 0.25721153846153844
23 0.052884615384615384 0.3293269230769231 0.11778846153846154 0.3293269230769231 0.11778846153846154 0.3942307692307692 0.052884615384615384 0.3942307692307692
23 0.18990384615384615 0.3293269230769231 0.25721153846153844 0.3293269230769231 0.25721153846153844 0.3942307692307692 0.18990384615384615 0.3942307692307692
23 0.3605769230769231 0.3293269230769231 0.42788461538461536 0.3293269230769231 0.42788461538461536 0.3942307692307692 0.3605769230769231 0.3942307692307692
23 0.5024038461538461 0.3293269230769231 0.5697115384615384 0.3293269230769231 0.5697115384615384 0.3942307692307692 0.5024038461538461 0.3942307692307692
23 0.6394230769230769 0.3293269230769231 0.7043269230769231 0.3293269230769231 0.7043269230769231 0.3942307692307692 0.6394230769230769 0.3942307692307692
23 0.8149038461538461 0.3293269230769231 0.8774038461538461 0.3293269230769231 0.8774038461538461 0.3942307692307692 0.8149038461538461 0.3942307692307692
23 0.10576923076923077 0.46634615384615385 0.17067307692307693 0.46634615384615385 0.17067307692307693 0.53125 0.10576923076923077 0.53125
23 0.2764423076923077 0.46634615384615385 0.34134615384615385 0.46634615384615385 0.34134615384615385 0.53125 0.2764423076923077 0.53125
23 0.4182692307692308 0.46634615384615385 0.4831730769230769 0.46634615384615385 0.4831730769230769 0.53125 0.4182692307692308 0.53125
23 0.5576923076923077 0.46634615384615385 0.6225961538461539 0.46634615384615385 0.6225961538461539 0.53125 0.5576923076923077 0.53125
23 0.7307692307692307 0.46634615384615385 0.7956730769230769 0.46634615384615385 0.7956730769230769 0.53125 0.7307692307692307 0.53125
23 0.8701923076923077 0.46634615384615385 0.9350961538461539 0.46634615384615385 0.9350961538461539 0.53125 0.8701923076923077 0.53125
23 0.04567307692307692 0.6057692307692307 0.11298076923076923 0.6057692307692307 0.11298076923076923 0.6706730769230769 0.04567307692307692 0.6706730769230769
23 0.1875 0.6081730769230769 0.25240384615384615 0.6081730769230769 0.25240384615384615 0.6730769230769231 0.1875 0.6730769230769231
23 0.3605769230769231 0.6081730769230769 0.42788461538461536 0.6081730769230769 0.42788461538461536 0.6730769230769231 0.3605769230769231 0.6730769230769231
23 0.5 0.6081730769230769 0.5673076923076923 0.6081730769230769 0.5673076923076923 0.6730769230769231 0.5 0.6730769230769231
23 0.6418269230769231 0.6081730769230769 0.7091346153846154 0.6081730769230769 0.7091346153846154 0.6730769230769231 0.6418269230769231 0.6730769230769231
23 0.8125 0.6081730769230769 0.8774038461538461 0.6081730769230769 0.8774038461538461 0.6730769230769231 0.8125 0.6730769230769231
23 0.10096153846153846 0.7451923076923077 0.1658653846153846 0.7451923076923077 0.1658653846153846 0.8100961538461539 0.10096153846153846 0.8100961538461539
23 0.2764423076923077 0.7451923076923077 0.34134615384615385 0.7451923076923077 0.34134615384615385 0.8100961538461539 0.2764423076923077 0.8100961538461539
23 0.41586538461538464 0.7451923076923077 0.4807692307692308 0.7451923076923077 0.4807692307692308 0.8100961538461539 0.41586538461538464 0.8100961538461539
23 0.5576923076923077 0.7475961538461539 0.6225961538461539 0.7475961538461539 0.6225961538461539 0.8125 0.5576923076923077 0.8125
23 0.7307692307692307 0.7451923076923077 0.7956730769230769 0.7451923076923077 0.7956730769230769 0.8100961538461539 0.7307692307692307 0.8100961538461539
23 0.8701923076923077 0.7475961538461539 0.9350961538461539 0.7475961538461539 0.9350961538461539 0.8125 0.8701923076923077 0.8125
23 0.04567307692307692 0.8870192307692307 0.11298076923076923 0.8870192307692307 0.11298076923076923 0.9519230769230769 0.04567307692307692 0.9519230769230769
23 0.1875 0.8870192307692307 0.25240384615384615 0.8870192307692307 0.25240384615384615 0.9519230769230769 0.1875 0.9519230769230769
23 0.3581730769230769 0.8870192307692307 0.4230769230769231 0.8870192307692307 0.4230769230769231 0.9519230769230769 0.3581730769230769 0.9519230769230769
23 0.5 0.8870192307692307 0.5649038461538461 0.8870192307692307 0.5649038461538461 0.9519230769230769 0.5 0.9519230769230769
23 0.6418269230769231 0.8870192307692307 0.7091346153846154 0.8870192307692307 0.7091346153846154 0.9519230769230769 0.6418269230769231 0.9519230769230769
23 0.8149038461538461 0.8894230769230769 0.8822115384615384 0.8894230769230769 0.8822115384615384 0.9543269230769231 0.8149038461538461 0.9543269230769231
10 0 0.002403846153846154 0.9975961538461539 0.002403846153846154 0.9975961538461539 0.9975961538461539 0 0.9975961538461539
2 0 0.002403846153846154 0.9975961538461539 0.002403846153846154 0.9975961538461539 0.9975961538461539 0 0.9975961538461539