8 0.0985576923076923 0.39663461538461536 0.14423076923076922 0.39663461538461536 0.14423076923076922 0.5216346153846154 0.0985576923076923 0.5216346153846154
0 0.0985576923076923 0.4567307692307692 0.14423076923076922 0.4567307692307692 0.14423076923076922 0.5216346153846154 0.0985576923076923 0.5216346153846154
0 0.5504807692307693 0.4567307692307692 0.5961538461538461 0.4567307692307692 0.5961538461538461 0.5216346153846154 0.5504807692307693 0.5216346153846154
8 0.5504807692307693 0.39663461538461536 0.5961538461538461 0.39663461538461536 0.5961538461538461 0.5216346153846154 0.5504807692307693 0.5216346153846154
23 0.052884615384615384 0.3942307692307692 0.07211538461538461 0.3942307692307692 0.07211538461538461 0.4735576923076923 0.052884615384615384 0.4735576923076923
23 0.5384615384615384 0.6081730769230769 0.59375 0.6081730769230769 0.59375 0.6754807692307693 0.5384615384615384 0.6754807692307693
23 0.05048076923076923 0.6081730769230769 0.06971153846153846 0.6081730769230769 0.06971153846153846 0.7331730769230769 0.05048076923076923 0.7331730769230769
8 0.10096153846153846 0.6057692307692307 0.14182692307692307 0.6057692307692307 0.14182692307692307 0.7355769230769231 0.10096153846153846 0.7355769230769231
8 0.8629807692307693 0.39663461538461536 0.9038461538461539 0.39663461538461536 0.9038461538461539 0.5216346153846154 0.8629807692307693 0.5216346153846154
0 0.8629807692307693 0.4567307692307692 0.9086538461538461 0.4567307692307692 0.9086538461538461 0.5216346153846154 0.8629807692307693 0.5216346153846154
23 0.9326923076923077 0.3942307692307692 0.9519230769230769 0.3942307692307692 0.9519230769230769 0.4735576923076923 0.9326923076923077 0.4735576923076923
23 0.9375 0.6081730769230769 0.9519230769230769 0.6081730769230769 0.9519230769230769 0.7331730769230769 0.9375 0.7331730769230769
8 0.8677884615384616 0.6057692307692307 0.8990384615384616 0.6057692307692307 0.8990384615384616 0.7355769230769231 0.8677884615384616 0.7355769230769231
0 0.2283653846153846 0.4567307692307692 0.27403846153846156 0.4567307692307692 0.27403846153846156 0.5216346153846154 0.2283653846153846 0.5216346153846154
8 0.23317307692307693 0.39663461538461536 0.27403846153846156 0.39663461538461536 0.27403846153846156 0.5216346153846154 0.23317307692307693 0.5216346153846154
23 0.21875 0.6057692307692307 0.27163461538461536 0.6057692307692307 0.27163461538461536 0.6754807692307693 0.21875 0.6754807692307693
8 0.4182692307692308 0.39663461538461536 0.4639423076923077 0.39663461538461536 0.4639423076923077 0.5216346153846154 0.4182692307692308 0.5216346153846154
0 0.4182692307692308 0.4567307692307692 0.4639423076923077 0.4567307692307692 0.4639423076923077 0.5216346153846154 0.4182692307692308 0.5216346153846154
23 0.3701923076923077 0.3942307692307692 0.3894230769230769 0.3942307692307692 0.3894230769230769 0.4735576923076923 0.3701923076923077 0.4735576923076923
23 0.3701923076923077 0.6081730769230769 0.3894230769230769 0.6081730769230769 0.3894230769230769 0.7331730769230769 0.3701923076923077 0.7331730769230769
8 0.4206730769230769 0.6057692307692307 0.46153846153846156 0.6057692307692307 0.46153846153846156 0.7355769230769231 0.4206730769230769 0.7355769230769231
8 0.7403846153846154 0.6057692307692307 0.78125 0.6057692307692307 0.78125 0.7355769230769231 0.7403846153846154 0.7355769230769231
23 0.6875 0.6081730769230769 0.7067307692307693 0.6081730769230769 0.7067307692307693 0.7331730769230769 0.6875 0.7331730769230769
8 0.7379807692307693 0.39663461538461536 0.7836538461538461 0.39663461538461536 0.7836538461538461 0.5216346153846154 0.7379807692307693 0.5216346153846154
0 0.7379807692307693 0.4567307692307692 0.7836538461538461 0.4567307692307692 0.7836538461538461 0.5216346153846154 0.7379807692307693 0.5216346153846154
23 0.6899038461538461 0.3942307692307692 0.7091346153846154 0.3942307692307692 0.7091346153846154 0.4735576923076923 0.6899038461538461 0.4735576923076923
2 0 0.24759615384615385 1 0.24759615384615385 1 0.7668269230769231 0 0.7668269230769231
12 0 0.5264423076923077 0.9975961538461539 0.5264423076923077 0.9975961538461539 0.5552884615384616 0 0.5552884615384616