23 0.4110576923076923 0.8870192307692307 0.45913461538461536 0.8870192307692307 0.45913461538461536 0.9423076923076923 0.4110576923076923 0.9423076923076923
23 0.5865384615384616 0.9014423076923077 0.6322115384615384 0.9014423076923077 0.6322115384615384 0.9375 0.5865384615384616 0.9375
23 0.4110576923076923 0.8004807692307693 0.4567307692307692 0.8004807692307693 0.4567307692307692 0.8581730769230769 0.4110576923076923 0.8581730769230769
23 0.6875 0.90625 0.7331730769230769 0.90625 0.7331730769230769 0.9591346153846154 0.6875 0.9591346153846154
23 0.5865384615384616 0.7307692307692307 0.6322115384615384 0.7307692307692307 0.6322115384615384 0.7692307692307693 0.5865384615384616 0.7692307692307693
23 0.5865384615384616 0.8173076923076923 0.6322115384615384 0.8173076923076923 0.6322115384615384 0.8533653846153846 0.5865384615384616 0.8533653846153846
23 0.40865384615384615 0.7163461538461539 0.4567307692307692 0.7163461538461539 0.4567307692307692 0.7716346153846154 0.40865384615384615 0.7716346153846154
23 0.6850961538461539 0.7403846153846154 0.7307692307692307 0.7403846153846154 0.7307692307692307 0.7956730769230769 0.6850961538461539 0.7956730769230769
23 0.6875 0.8245192307692307 0.7331730769230769 0.8245192307692307 0.7331730769230769 0.8774038461538461 0.6875 0.8774038461538461
23 0.5048076923076923 0.5432692307692307 0.5504807692307693 0.5432692307692307 0.5504807692307693 0.5721153846153846 0.5048076923076923 0.5721153846153846
23 0.5048076923076923 0.625 0.5528846153846154 0.625 0.5528846153846154 0.6586538461538461 0.5048076923076923 0.6586538461538461
23 0.5841346153846154 0.6322115384615384 0.6322115384615384 0.6322115384615384 0.6322115384615384 0.6658653846153846 0.5841346153846154 0.6658653846153846
23 0.5841346153846154 0.5480769230769231 0.6322115384615384 0.5480769230769231 0.6322115384615384 0.5817307692307693 0.5841346153846154 0.5817307692307693
23 0.5961538461538461 0.44711538461538464 0.6274038461538461 0.44711538461538464 0.6274038461538461 0.4951923076923077 0.5961538461538461 0.4951923076923077
23 0.5024038461538461 0.43990384615384615 0.53125 0.43990384615384615 0.53125 0.4879807692307692 0.5024038461538461 0.4879807692307692
23 0.5480769230769231 0.44471153846153844 0.5793269230769231 0.44471153846153844 0.5793269230769231 0.49278846153846156 0.5480769230769231 0.49278846153846156
16 0.4567307692307692 0.3605769230769231 0.6730769230769231 0.3605769230769231 0.6730769230769231 0.4182692307692308 0.4567307692307692 0.4182692307692308
16 0.45913461538461536 0.4879807692307692 0.6778846153846154 0.4879807692307692 0.6778846153846154 0.5793269230769231 0.45913461538461536 0.5793269230769231
23 0.4110576923076923 0.9711538461538461 0.45913461538461536 0.9711538461538461 0.45913461538461536 1 0.4110576923076923 1
23 0.5889423076923077 0.9855769230769231 0.6346153846153846 0.9855769230769231 0.6346153846153846 1 0.5889423076923077 1
23 0.6875 0.9903846153846154 0.7331730769230769 0.9903846153846154 0.7331730769230769 1 0.6875 1
5 0.46875 0.1466346153846154 0.5288461538461539 0.1466346153846154 0.5288461538461539 0.3293269230769231 0.46875 0.3293269230769231
12 0.4567307692307692 0.4951923076923077 0.6778846153846154 0.4951923076923077 0.6778846153846154 0.5216346153846154 0.4567307692307692 0.5216346153846154
12 0.3701923076923077 0.9495192307692307 0.7740384615384616 0.9495192307692307 0.7740384615384616 0.9855769230769231 0.3701923076923077 0.9855769230769231
12 0.3701923076923077 0.8629807692307693 0.7740384615384616 0.8629807692307693 0.7740384615384616 0.8990384615384616 0.3701923076923077 0.8990384615384616
11 0.3701923076923077 0.8725961538461539 0.7740384615384616 0.8725961538461539 0.7740384615384616 0.9783653846153846 0.3701923076923077 0.9783653846153846
11 0.36778846153846156 0.6754807692307693 0.7740384615384616 0.6754807692307693 0.7740384615384616 0.8076923076923077 0.36778846153846156 0.8076923076923077
11 0.4639423076923077 0.5985576923076923 0.6778846153846154 0.5985576923076923 0.6778846153846154 0.6875 0.4639423076923077 0.6875
22 0.4639423076923077 0.5072115384615384 0.6778846153846154 0.5072115384615384 0.6778846153846154 0.6033653846153846 0.4639423076923077 0.6033653846153846
22 0.4567307692307692 0.40865384615384615 0.6778846153846154 0.40865384615384615 0.6778846153846154 0.5120192307692307 0.4567307692307692 0.5120192307692307
12 0.4639423076923077 0.5889423076923077 0.6778846153846154 0.5889423076923077 0.6778846153846154 0.6129807692307693 0.4639423076923077 0.6129807692307693
12 0.36778846153846156 0.6658653846153846 0.7716346153846154 0.6658653846153846 0.7716346153846154 0.7019230769230769 0.36778846153846156 0.7019230769230769
12 0.36778846153846156 0.7788461538461539 0.7740384615384616 0.7788461538461539 0.7740384615384616 0.8149038461538461 0.36778846153846156 0.8149038461538461
11 0.36778846153846156 0.7884615384615384 0.7740384615384616 0.7884615384615384 0.7740384615384616 0.8918269230769231 0.36778846153846156 0.8918269230769231
11 0.3701923076923077 0.9591346153846154 0.7740384615384616 0.9591346153846154 0.7740384615384616 1 0.3701923076923077 1
2 0.20673076923076922 0.04326923076923077 0.7740384615384616 0.04326923076923077 0.7740384615384616 1 0.20673076923076922 1
10 0.3293269230769231 0.36778846153846156 0.7427884615384616 0.36778846153846156 0.7427884615384616 1 0.3293269230769231 1
5 0.4735576923076923 0.10096153846153846 0.5192307692307693 0.10096153846153846 0.5192307692307693 0.14182692307692307 0.4735576923076923 0.14182692307692307