12 0.20673076923076922 0.22115384615384615 0.8269230769230769 0.22115384615384615 0.8269230769230769 0.2403846153846154 0.20673076923076922 0.2403846153846154
0 0.20432692307692307 0.5192307692307693 0.8245192307692307 0.5192307692307693 0.8245192307692307 0.5600961538461539 0.20432692307692307 0.5600961538461539
12 0.20673076923076922 0.3918269230769231 0.8269230769230769 0.3918269230769231 0.8269230769230769 0.41586538461538464 0.20673076923076922 0.41586538461538464
8 0.25961538461538464 0.3605769230769231 0.30528846153846156 0.3605769230769231 0.30528846153846156 0.4254807692307692 0.25961538461538464 0.4254807692307692
8 0.7283653846153846 0.6538461538461539 0.7740384615384616 0.6538461538461539 0.7740384615384616 0.7259615384615384 0.7283653846153846 0.7259615384615384
23 0.21634615384615385 0.7980769230769231 0.2764423076923077 0.7980769230769231 0.2764423076923077 0.8293269230769231 0.21634615384615385 0.8293269230769231
23 0.4735576923076923 0.8004807692307693 0.5552884615384616 0.8004807692307693 0.5552884615384616 0.8293269230769231 0.4735576923076923 0.8293269230769231
8 0.25961538461538464 0.6514423076923077 0.30528846153846156 0.6514423076923077 0.30528846153846156 0.7235576923076923 0.25961538461538464 0.7235576923076923
0 0.20673076923076922 0.6850961538461539 0.8269230769230769 0.6850961538461539 0.8269230769230769 0.7283653846153846 0.20673076923076922 0.7283653846153846
12 0.20673076923076922 0.7235576923076923 0.8269230769230769 0.7235576923076923 0.8269230769230769 0.75 0.20673076923076922 0.75
12 0.20432692307692307 0.5576923076923077 0.8245192307692307 0.5576923076923077 0.8245192307692307 0.5793269230769231 0.20432692307692307 0.5793269230769231
0 0.20673076923076922 0.3557692307692308 0.8245192307692307 0.3557692307692308 0.8245192307692307 0.3942307692307692 0.20673076923076922 0.3942307692307692
0 0.20673076923076922 0.18990384615384615 0.8269230769230769 0.18990384615384615 0.8269230769230769 0.22355769230769232 0.20673076923076922 0.22355769230769232
2 0.13942307692307693 0.09615384615384616 0.9134615384615384 0.09615384615384616 0.9134615384615384 0.9278846153846154 0.13942307692307693 0.9278846153846154
10 0.13942307692307693 0.09615384615384616 0.9158653846153846 0.09615384615384616 0.9158653846153846 0.9278846153846154 0.13942307692307693 0.9278846153846154
23 0.25721153846153844 0.28125 0.3317307692307692 0.28125 0.3317307692307692 0.3870192307692308 0.25721153846153844 0.3870192307692308
23 0.3605769230769231 0.28125 0.4375 0.28125 0.4375 0.3870192307692308 0.3605769230769231 0.3870192307692308
23 0.7331730769230769 0.28365384615384615 0.7668269230769231 0.28365384615384615 0.7668269230769231 0.3942307692307692 0.7331730769230769 0.3942307692307692
23 0.5889423076923077 0.28365384615384615 0.6274038461538461 0.28365384615384615 0.6274038461538461 0.3918269230769231 0.5889423076923077 0.3918269230769231
23 0.65625 0.28365384615384615 0.6923076923076923 0.28365384615384615 0.6923076923076923 0.3942307692307692 0.65625 0.3942307692307692
23 0.2764423076923077 0.44471153846153844 0.31490384615384615 0.44471153846153844 0.31490384615384615 0.5576923076923077 0.2764423076923077 0.5576923076923077
23 0.3605769230769231 0.44471153846153844 0.43990384615384615 0.44471153846153844 0.43990384615384615 0.5576923076923077 0.3605769230769231 0.5576923076923077
23 0.5889423076923077 0.4519230769230769 0.625 0.4519230769230769 0.625 0.5576923076923077 0.5889423076923077 0.5576923076923077
23 0.65625 0.4519230769230769 0.6947115384615384 0.4519230769230769 0.6947115384615384 0.5576923076923077 0.65625 0.5576923076923077
23 0.7331730769230769 0.44711538461538464 0.7716346153846154 0.44711538461538464 0.7716346153846154 0.5600961538461539 0.7331730769230769 0.5600961538461539
23 0.2764423076923077 0.6177884615384616 0.3125 0.6177884615384616 0.3125 0.7235576923076923 0.2764423076923077 0.7235576923076923
23 0.3629807692307692 0.6153846153846154 0.43990384615384615 0.6153846153846154 0.43990384615384615 0.7235576923076923 0.3629807692307692 0.7235576923076923
23 0.5889423076923077 0.6177884615384616 0.6923076923076923 0.6177884615384616 0.6923076923076923 0.7259615384615384 0.5889423076923077 0.7259615384615384
23 0.7331730769230769 0.6201923076923077 0.7668269230769231 0.6201923076923077 0.7668269230769231 0.7259615384615384 0.7331730769230769 0.7259615384615384
23 0.25721153846153844 0.7908653846153846 0.3317307692307692 0.7908653846153846 0.3317307692307692 0.9014423076923077 0.25721153846153844 0.9014423076923077
23 0.3629807692307692 0.7908653846153846 0.43990384615384615 0.7908653846153846 0.43990384615384615 0.9038461538461539 0.3629807692307692 0.9038461538461539
23 0.5913461538461539 0.7956730769230769 0.6899038461538461 0.7956730769230769 0.6899038461538461 0.9038461538461539 0.5913461538461539 0.9038461538461539
23 0.7331730769230769 0.7956730769230769 0.7740384615384616 0.7956730769230769 0.7740384615384616 0.90625 0.7331730769230769 0.90625