23 0.8149038461538461 0.7403846153846154 0.8966346153846154 0.7403846153846154 0.8966346153846154 0.8149038461538461 0.8149038461538461 0.8149038461538461
10 0.2403846153846154 0.25721153846153844 0.9254807692307693 0.25721153846153844 0.9254807692307693 0.9567307692307693 0.2403846153846154 0.9567307692307693
23 0.3076923076923077 0.7403846153846154 0.3894230769230769 0.7403846153846154 0.3894230769230769 0.8149038461538461 0.3076923076923077 0.8149038461538461
23 0.40865384615384615 0.7403846153846154 0.49038461538461536 0.7403846153846154 0.49038461538461536 0.8149038461538461 0.40865384615384615 0.8149038461538461
23 0.5096153846153846 0.7403846153846154 0.5913461538461539 0.7403846153846154 0.5913461538461539 0.8149038461538461 0.5096153846153846 0.8149038461538461
23 0.6105769230769231 0.7403846153846154 0.6923076923076923 0.7403846153846154 0.6923076923076923 0.8149038461538461 0.6105769230769231 0.8149038461538461
23 0.7115384615384616 0.7403846153846154 0.7932692307692307 0.7403846153846154 0.7932692307692307 0.8149038461538461 0.7115384615384616 0.8149038461538461
23 0.8149038461538461 0.30288461538461536 0.8966346153846154 0.30288461538461536 0.8966346153846154 0.37740384615384615 0.8149038461538461 0.37740384615384615
23 0.2403846153846154 0.30288461538461536 0.28846153846153844 0.30288461538461536 0.28846153846153844 0.37740384615384615 0.2403846153846154 0.37740384615384615
23 0.3076923076923077 0.30288461538461536 0.3894230769230769 0.30288461538461536 0.3894230769230769 0.37740384615384615 0.3076923076923077 0.37740384615384615
23 0.40865384615384615 0.30288461538461536 0.49038461538461536 0.30288461538461536 0.49038461538461536 0.37740384615384615 0.40865384615384615 0.37740384615384615
23 0.5096153846153846 0.30288461538461536 0.5913461538461539 0.30288461538461536 0.5913461538461539 0.37740384615384615 0.5096153846153846 0.37740384615384615
23 0.6105769230769231 0.30288461538461536 0.6923076923076923 0.30288461538461536 0.6923076923076923 0.37740384615384615 0.6105769230769231 0.37740384615384615
23 0.7115384615384616 0.30288461538461536 0.7932692307692307 0.30288461538461536 0.7932692307692307 0.37740384615384615 0.7115384615384616 0.37740384615384615
23 0.8149038461538461 0.41586538461538464 0.8966346153846154 0.41586538461538464 0.8966346153846154 0.49038461538461536 0.8149038461538461 0.49038461538461536
23 0.2403846153846154 0.41586538461538464 0.28846153846153844 0.41586538461538464 0.28846153846153844 0.49038461538461536 0.2403846153846154 0.49038461538461536
23 0.3076923076923077 0.41586538461538464 0.3894230769230769 0.41586538461538464 0.3894230769230769 0.49038461538461536 0.3076923076923077 0.49038461538461536
23 0.40865384615384615 0.41586538461538464 0.49038461538461536 0.41586538461538464 0.49038461538461536 0.49038461538461536 0.40865384615384615 0.49038461538461536
23 0.5096153846153846 0.41586538461538464 0.5913461538461539 0.41586538461538464 0.5913461538461539 0.49038461538461536 0.5096153846153846 0.49038461538461536
23 0.6105769230769231 0.41586538461538464 0.6923076923076923 0.41586538461538464 0.6923076923076923 0.49038461538461536 0.6105769230769231 0.49038461538461536
23 0.7115384615384616 0.41586538461538464 0.7932692307692307 0.41586538461538464 0.7932692307692307 0.49038461538461536 0.7115384615384616 0.49038461538461536
23 0.8149038461538461 0.5216346153846154 0.8966346153846154 0.5216346153846154 0.8966346153846154 0.5961538461538461 0.8149038461538461 0.5961538461538461
23 0.2403846153846154 0.5216346153846154 0.28846153846153844 0.5216346153846154 0.28846153846153844 0.5961538461538461 0.2403846153846154 0.5961538461538461
23 0.3076923076923077 0.5216346153846154 0.3894230769230769 0.5216346153846154 0.3894230769230769 0.5961538461538461 0.3076923076923077 0.5961538461538461
23 0.40865384615384615 0.5216346153846154 0.49038461538461536 0.5216346153846154 0.49038461538461536 0.5961538461538461 0.40865384615384615 0.5961538461538461
23 0.5096153846153846 0.5216346153846154 0.5913461538461539 0.5216346153846154 0.5913461538461539 0.5961538461538461 0.5096153846153846 0.5961538461538461
23 0.6105769230769231 0.5216346153846154 0.6923076923076923 0.5216346153846154 0.6923076923076923 0.5961538461538461 0.6105769230769231 0.5961538461538461
23 0.7115384615384616 0.5216346153846154 0.7932692307692307 0.5216346153846154 0.7932692307692307 0.5961538461538461 0.7115384615384616 0.5961538461538461
23 0.8149038461538461 0.6322115384615384 0.8966346153846154 0.6322115384615384 0.8966346153846154 0.7067307692307693 0.8149038461538461 0.7067307692307693
23 0.2403846153846154 0.6322115384615384 0.28846153846153844 0.6322115384615384 0.28846153846153844 0.7067307692307693 0.2403846153846154 0.7067307692307693
23 0.3076923076923077 0.6322115384615384 0.3894230769230769 0.6322115384615384 0.3894230769230769 0.7067307692307693 0.3076923076923077 0.7067307692307693
23 0.40865384615384615 0.6322115384615384 0.49038461538461536 0.6322115384615384 0.49038461538461536 0.7067307692307693 0.40865384615384615 0.7067307692307693
23 0.5096153846153846 0.6322115384615384 0.5913461538461539 0.6322115384615384 0.5913461538461539 0.7067307692307693 0.5096153846153846 0.7067307692307693
23 0.6105769230769231 0.6322115384615384 0.6923076923076923 0.6322115384615384 0.6923076923076923 0.7067307692307693 0.6105769230769231 0.7067307692307693
23 0.7115384615384616 0.6322115384615384 0.7932692307692307 0.6322115384615384 0.7932692307692307 0.7067307692307693 0.7115384615384616 0.7067307692307693
23 0.78125 0.8461538461538461 0.8677884615384616 0.8461538461538461 0.8677884615384616 0.9399038461538461 0.78125 0.9399038461538461
23 0.2283653846153846 0.8461538461538461 0.3245192307692308 0.8461538461538461 0.3245192307692308 0.9399038461538461 0.2283653846153846 0.9399038461538461
23 0.375 0.8461538461538461 0.7283653846153846 0.8461538461538461 0.7283653846153846 0.9399038461538461 0.375 0.9399038461538461
8 0.3317307692307692 0.8774038461538461 0.3701923076923077 0.8774038461538461 0.3701923076923077 0.9567307692307693 0.3317307692307692 0.9567307692307693
9 0.3245192307692308 0.84375 0.375 0.84375 0.375 0.9567307692307693 0.3245192307692308 0.9567307692307693
8 0.7331730769230769 0.8798076923076923 0.7716346153846154 0.8798076923076923 0.7716346153846154 0.9567307692307693 0.7331730769230769 0.9567307692307693
9 0.7283653846153846 0.84375 0.7788461538461539 0.84375 0.7788461538461539 0.9567307692307693 0.7283653846153846 0.9567307692307693
23 0.31009615384615385 0.21394230769230768 0.8533653846153846 0.21394230769230768 0.8533653846153846 0.25961538461538464 0.31009615384615385 0.25961538461538464
19 0.21634615384615385 0.15625 0.9134615384615384 0.15625 0.9134615384615384 0.25721153846153844 0.21634615384615385 0.25721153846153844
23 0.2403846153846154 0.7403846153846154 0.28846153846153844 0.7403846153846154 0.28846153846153844 0.8149038461538461 0.2403846153846154 0.8149038461538461
22 0.2956730769230769 0.1971153846153846 0.8581730769230769 0.1971153846153846 0.8581730769230769 0.27163461538461536 0.2956730769230769 0.27163461538461536
12 0.2283653846153846 0.7211538461538461 0.9254807692307693 0.7211538461538461 0.9254807692307693 0.7331730769230769 0.2283653846153846 0.7331730769230769
12 0.2283653846153846 0.6105769230769231 0.9254807692307693 0.6105769230769231 0.9254807692307693 0.6225961538461539 0.2283653846153846 0.6225961538461539
12 0.2283653846153846 0.5 0.9254807692307693 0.5 0.9254807692307693 0.5120192307692307 0.2283653846153846 0.5120192307692307
12 0.2283653846153846 0.3918269230769231 0.9254807692307693 0.3918269230769231 0.9254807692307693 0.40384615384615385 0.2283653846153846 0.40384615384615385
12 0.2283653846153846 0.8245192307692307 0.9254807692307693 0.8245192307692307 0.9254807692307693 0.8365384615384616 0.2283653846153846 0.8365384615384616
15 0.2283653846153846 0.8365384615384616 0.9254807692307693 0.8365384615384616 0.9254807692307693 0.9567307692307693 0.2283653846153846 0.9567307692307693
11 0.2403846153846154 0.7307692307692307 0.9254807692307693 0.7307692307692307 0.9254807692307693 0.8245192307692307 0.2403846153846154 0.8245192307692307
11 0.2403846153846154 0.6225961538461539 0.9254807692307693 0.6225961538461539 0.9254807692307693 0.71875 0.2403846153846154 0.71875
11 0.2403846153846154 0.5120192307692307 0.9254807692307693 0.5120192307692307 0.9254807692307693 0.6105769230769231 0.2403846153846154 0.6105769230769231
11 0.2403846153846154 0.40384615384615385 0.9254807692307693 0.40384615384615385 0.9254807692307693 0.5 0.2403846153846154 0.5
11 0.2403846153846154 0.28125 0.9254807692307693 0.28125 0.9254807692307693 0.3918269230769231 0.2403846153846154 0.3918269230769231
7 0.23557692307692307 0.8990384615384616 0.2692307692307692 0.8990384615384616 0.2692307692307692 0.9783653846153846 0.23557692307692307 0.9783653846153846
7 0.4206730769230769 0.8990384615384616 0.4831730769230769 0.8990384615384616 0.4831730769230769 0.9831730769230769 0.4206730769230769 0.9831730769230769
7 0.7259615384615384 0.9014423076923077 0.7596153846153846 0.9014423076923077 0.7596153846153846 0.9831730769230769 0.7259615384615384 0.9831730769230769
7 0.8076923076923077 0.9038461538461539 0.8317307692307693 0.9038461538461539 0.8317307692307693 0.9711538461538461 0.8076923076923077 0.9711538461538461
7 0.8509615384615384 0.9014423076923077 0.9182692307692307 0.9014423076923077 0.9182692307692307 0.9639423076923077 0.8509615384615384 0.9639423076923077
7 0.21875 0.9014423076923077 0.23076923076923078 0.9014423076923077 0.23076923076923078 0.9567307692307693 0.21875 0.9567307692307693
2 0.21394230769230768 0.15625 0.9254807692307693 0.15625 0.9254807692307693 0.9567307692307693 0.21394230769230768 0.9567307692307693
12 0.22355769230769232 0.27163461538461536 0.9278846153846154 0.27163461538461536 0.9278846153846154 0.28365384615384615 0.22355769230769232 0.28365384615384615