14 0.1658653846153846 0.2620192307692308 0.8509615384615384 0.2620192307692308 0.8509615384615384 0.7788461538461539 0.1658653846153846 0.7788461538461539
23 0.18509615384615385 0.34134615384615385 0.30528846153846156 0.34134615384615385 0.30528846153846156 0.6394230769230769 0.18509615384615385 0.6394230769230769
23 0.22355769230769232 0.3605769230769231 0.2620192307692308 0.3605769230769231 0.2620192307692308 0.6322115384615384 0.22355769230769232 0.6322115384615384
23 0.15625 0.31009615384615385 0.3293269230769231 0.31009615384615385 0.3293269230769231 0.34134615384615385 0.15625 0.34134615384615385
23 0.2644230769230769 0.2620192307692308 0.3605769230769231 0.2620192307692308 0.3605769230769231 0.2980769230769231 0.2644230769230769 0.2980769230769231
23 0.45913461538461536 0.25961538461538464 0.5504807692307693 0.25961538461538464 0.5504807692307693 0.2980769230769231 0.45913461538461536 0.2980769230769231
23 0.40865384615384615 0.3918269230769231 0.5697115384615384 0.3918269230769231 0.5697115384615384 0.4735576923076923 0.40865384615384615 0.4735576923076923
23 0.3894230769230769 0.5192307692307693 0.5697115384615384 0.5192307692307693 0.5697115384615384 0.6057692307692307 0.3894230769230769 0.6057692307692307
23 0.11298076923076923 0.46634615384615385 0.13942307692307693 0.46634615384615385 0.13942307692307693 0.49038461538461536 0.11298076923076923 0.49038461538461536
23 0.11298076923076923 0.3870192307692308 0.13942307692307693 0.3870192307692308 0.13942307692307693 0.40865384615384615 0.11298076923076923 0.40865384615384615
23 0.11298076923076923 0.42788461538461536 0.13942307692307693 0.42788461538461536 0.13942307692307693 0.4495192307692308 0.11298076923076923 0.4495192307692308
23 0.11057692307692307 0.5144230769230769 0.13942307692307693 0.5144230769230769 0.13942307692307693 0.5360576923076923 0.11057692307692307 0.5360576923076923
23 0.11057692307692307 0.5528846153846154 0.14182692307692307 0.5528846153846154 0.14182692307692307 0.5793269230769231 0.11057692307692307 0.5793269230769231
23 0.11057692307692307 0.5961538461538461 0.13942307692307693 0.5961538461538461 0.13942307692307693 0.6177884615384616 0.11057692307692307 0.6177884615384616
23 0.34615384615384615 0.38461538461538464 0.375 0.38461538461538464 0.375 0.40865384615384615 0.34615384615384615 0.40865384615384615
23 0.34615384615384615 0.4254807692307692 0.375 0.4254807692307692 0.375 0.4495192307692308 0.34615384615384615 0.4495192307692308
23 0.34615384615384615 0.46634615384615385 0.37259615384615385 0.46634615384615385 0.37259615384615385 0.4879807692307692 0.34615384615384615 0.4879807692307692
23 0.34615384615384615 0.5120192307692307 0.375 0.5120192307692307 0.375 0.5360576923076923 0.34615384615384615 0.5360576923076923
23 0.34615384615384615 0.5528846153846154 0.375 0.5528846153846154 0.375 0.5745192307692307 0.34615384615384615 0.5745192307692307
23 0.34615384615384615 0.59375 0.375 0.59375 0.375 0.6153846153846154 0.34615384615384615 0.6153846153846154
23 0.6346153846153846 0.12259615384615384 0.7259615384615384 0.12259615384615384 0.7259615384615384 0.19471153846153846 0.6346153846153846 0.19471153846153846
23 0.8293269230769231 0.19471153846153846 0.8774038461538461 0.19471153846153846 0.8774038461538461 0.23798076923076922 0.8293269230769231 0.23798076923076922
23 0.6802884615384616 0.8125 0.84375 0.8125 0.84375 0.8317307692307693 0.6802884615384616 0.8317307692307693
23 0.1778846153846154 0.8149038461538461 0.34375 0.8149038461538461 0.34375 0.8341346153846154 0.1778846153846154 0.8341346153846154
8 0.4735576923076923 0.31490384615384615 0.5360576923076923 0.31490384615384615 0.5360576923076923 0.3629807692307692 0.4735576923076923 0.3629807692307692
23 0.4423076923076923 0.3173076923076923 0.47115384615384615 0.3173076923076923 0.47115384615384615 0.3629807692307692 0.4423076923076923 0.3629807692307692
23 0.5384615384615384 0.3173076923076923 0.5673076923076923 0.3173076923076923 0.5673076923076923 0.3629807692307692 0.5384615384615384 0.3629807692307692
8 0.1778846153846154 0.8485576923076923 0.34615384615384615 0.8485576923076923 0.34615384615384615 0.9639423076923077 0.1778846153846154 0.9639423076923077
8 0.6754807692307693 0.8509615384615384 0.84375 0.8509615384615384 0.84375 0.9663461538461539 0.6754807692307693 0.9663461538461539
8 0.39663461538461536 0.8149038461538461 0.6081730769230769 0.8149038461538461 0.6081730769230769 0.9663461538461539 0.39663461538461536 0.9663461538461539
19 0.20432692307692307 0.2091346153846154 0.5841346153846154 0.2091346153846154 0.5841346153846154 0.2956730769230769 0.20432692307692307 0.2956730769230769
19 0.5576923076923077 0.03365384615384615 0.8028846153846154 0.03365384615384615 0.8028846153846154 0.20673076923076922 0.5576923076923077 0.20673076923076922
2 0.07692307692307693 0.03365384615384615 0.9086538461538461 0.03365384615384615 0.9086538461538461 0.9711538461538461 0.07692307692307693 0.9711538461538461
10 0.07932692307692307 0.03125 0.9110576923076923 0.03125 0.9110576923076923 0.9711538461538461 0.07932692307692307 0.9711538461538461
0 0.3870192307692308 0.3317307692307692 0.5913461538461539 0.3317307692307692 0.5913461538461539 0.375 0.3870192307692308 0.375
21 0.39903846153846156 0.46634615384615385 0.5793269230769231 0.46634615384615385 0.5793269230769231 0.49038461538461536 0.39903846153846156 0.49038461538461536
5 0.8028846153846154 0.7740384615384616 0.8317307692307693 0.7740384615384616 0.8317307692307693 0.7860576923076923 0.8028846153846154 0.7860576923076923
5 0.3581730769230769 0.8798076923076923 0.38221153846153844 0.8798076923076923 0.38221153846153844 0.8942307692307693 0.3581730769230769 0.8942307692307693