23 0.5889423076923077 0.6538461538461539 0.6129807692307693 0.6538461538461539 0.6129807692307693 0.7043269230769231 0.5889423076923077 0.7043269230769231
23 0.40865384615384615 0.46153846153846156 0.4375 0.46153846153846156 0.4375 0.5216346153846154 0.40865384615384615 0.5216346153846154
23 0.5 0.46153846153846156 0.5288461538461539 0.46153846153846156 0.5288461538461539 0.5216346153846154 0.5 0.5216346153846154
23 0.4110576923076923 0.5649038461538461 0.4375 0.5649038461538461 0.4375 0.6177884615384616 0.4110576923076923 0.6177884615384616
14 0.5721153846153846 0.7475961538461539 0.6153846153846154 0.7475961538461539 0.6153846153846154 0.8293269230769231 0.5721153846153846 0.8293269230769231
23 0.5 0.6538461538461539 0.5264423076923077 0.6538461538461539 0.5264423076923077 0.7067307692307693 0.5 0.7067307692307693
23 0.5 0.5649038461538461 0.5264423076923077 0.5649038461538461 0.5264423076923077 0.6177884615384616 0.5 0.6177884615384616
23 0.5865384615384616 0.5625 0.6129807692307693 0.5625 0.6129807692307693 0.6153846153846154 0.5865384615384616 0.6153846153846154
23 0.5865384615384616 0.45913461538461536 0.6129807692307693 0.45913461538461536 0.6129807692307693 0.5192307692307693 0.5865384615384616 0.5192307692307693
23 0.4110576923076923 0.6538461538461539 0.4375 0.6538461538461539 0.4375 0.7067307692307693 0.4110576923076923 0.7067307692307693
14 0.40625 0.7475961538461539 0.4495192307692308 0.7475961538461539 0.4495192307692308 0.8293269230769231 0.40625 0.8293269230769231
14 0.49038461538461536 0.7475961538461539 0.53125 0.7475961538461539 0.53125 0.8293269230769231 0.49038461538461536 0.8293269230769231
23 0.44471153846153844 0.39903846153846156 0.46153846153846156 0.39903846153846156 0.46153846153846156 0.4230769230769231 0.44471153846153844 0.4230769230769231
23 0.5024038461538461 0.39903846153846156 0.5192307692307693 0.39903846153846156 0.5192307692307693 0.4230769230769231 0.5024038461538461 0.4230769230769231
23 0.5576923076923077 0.39903846153846156 0.5769230769230769 0.39903846153846156 0.5769230769230769 0.4230769230769231 0.5576923076923077 0.4230769230769231
19 0.3870192307692308 0.3557692307692308 0.6394230769230769 0.3557692307692308 0.6394230769230769 0.47115384615384615 0.3870192307692308 0.47115384615384615
12 0.38221153846153844 0.7211538461538461 0.6394230769230769 0.7211538461538461 0.6394230769230769 0.7307692307692307 0.38221153846153844 0.7307692307692307
12 0.38221153846153844 0.5360576923076923 0.6394230769230769 0.5360576923076923 0.6394230769230769 0.5480769230769231 0.38221153846153844 0.5480769230769231
12 0.38221153846153844 0.6298076923076923 0.6394230769230769 0.6298076923076923 0.6394230769230769 0.6418269230769231 0.38221153846153844 0.6418269230769231
2 0.3701923076923077 0.3557692307692308 0.6634615384615384 0.3557692307692308 0.6634615384615384 0.8966346153846154 0.3701923076923077 0.8966346153846154
2 0.3701923076923077 0.3557692307692308 0.6658653846153846 0.3557692307692308 0.6658653846153846 0.8942307692307693 0.3701923076923077 0.8942307692307693