0 0.7283653846153846 0.5697115384615384 0.8173076923076923 0.5697115384615384 0.8173076923076923 0.6442307692307693 0.7283653846153846 0.6442307692307693
0 0.7283653846153846 0.7259615384615384 0.7740384615384616 0.7259615384615384 0.7740384615384616 0.8004807692307693 0.7283653846153846 0.8004807692307693
9 0.13701923076923078 0.8076923076923077 0.6274038461538461 0.8076923076923077 0.6274038461538461 0.9134615384615384 0.13701923076923078 0.9134615384615384
0 0.7283653846153846 0.4110576923076923 0.7788461538461539 0.4110576923076923 0.7788461538461539 0.49759615384615385 0.7283653846153846 0.49759615384615385
10 0.13701923076923078 0.07692307692307693 0.8701923076923077 0.07692307692307693 0.8701923076923077 0.9134615384615384 0.13701923076923078 0.9134615384615384
23 0.21394230769230768 0.08173076923076923 0.3918269230769231 0.08173076923076923 0.3918269230769231 0.7932692307692307 0.21394230769230768 0.7932692307692307
23 0.46875 0.08413461538461539 0.6298076923076923 0.08413461538461539 0.6298076923076923 0.7932692307692307 0.46875 0.7932692307692307
23 0.7259615384615384 0.08173076923076923 0.8173076923076923 0.08173076923076923 0.8173076923076923 0.8004807692307693 0.7259615384615384 0.8004807692307693
0 0.7259615384615384 0.25240384615384615 0.8173076923076923 0.25240384615384615 0.8173076923076923 0.3317307692307692 0.7259615384615384 0.3317307692307692
12 0.13701923076923078 0.32211538461538464 0.8701923076923077 0.32211538461538464 0.8701923076923077 0.3317307692307692 0.13701923076923078 0.3317307692307692
12 0.13701923076923078 0.49038461538461536 0.8701923076923077 0.49038461538461536 0.8701923076923077 0.5 0.13701923076923078 0.5
12 0.13701923076923078 0.6346153846153846 0.8701923076923077 0.6346153846153846 0.8701923076923077 0.6442307692307693 0.13701923076923078 0.6442307692307693
12 0.13701923076923078 0.7908653846153846 0.8701923076923077 0.7908653846153846 0.8701923076923077 0.8004807692307693 0.13701923076923078 0.8004807692307693
15 0.13701923076923078 0.8004807692307693 0.8701923076923077 0.8004807692307693 0.8701923076923077 0.9110576923076923 0.13701923076923078 0.9110576923076923
11 0.13701923076923078 0.6442307692307693 0.8701923076923077 0.6442307692307693 0.8701923076923077 0.7908653846153846 0.13701923076923078 0.7908653846153846
11 0.13701923076923078 0.49759615384615385 0.8701923076923077 0.49759615384615385 0.8701923076923077 0.6346153846153846 0.13701923076923078 0.6346153846153846
11 0.13701923076923078 0.3317307692307692 0.8701923076923077 0.3317307692307692 0.8701923076923077 0.4879807692307692 0.13701923076923078 0.4879807692307692
2 0.13221153846153846 0.05048076923076923 0.9134615384615384 0.05048076923076923 0.9134615384615384 0.9110576923076923 0.13221153846153846 0.9110576923076923
17 0.6298076923076923 0.8076923076923077 0.6850961538461539 0.8076923076923077 0.6850961538461539 0.9134615384615384 0.6298076923076923 0.9134615384615384
9 0.6850961538461539 0.8076923076923077 0.8701923076923077 0.8076923076923077 0.8701923076923077 0.9134615384615384 0.6850961538461539 0.9134615384615384
11 0.13701923076923078 0.07451923076923077 0.8701923076923077 0.07451923076923077 0.8701923076923077 0.32211538461538464 0.13701923076923078 0.32211538461538464
7 0 0.42788461538461536 0.3245192307692308 0.42788461538461536 0.3245192307692308 0.9350961538461539 0 0.9350961538461539
7 0.43509615384615385 0.8052884615384616 0.5817307692307693 0.8052884615384616 0.5817307692307693 0.9711538461538461 0.43509615384615385 0.9711538461538461