23 0.3894230769230769 0.23557692307692307 0.4014423076923077 0.23557692307692307 0.4014423076923077 0.3942307692307692 0.3894230769230769 0.3942307692307692
23 0.28365384615384615 0.23557692307692307 0.2932692307692308 0.23557692307692307 0.2932692307692308 0.3942307692307692 0.28365384615384615 0.3942307692307692
23 0.30528846153846156 0.23557692307692307 0.31490384615384615 0.23557692307692307 0.31490384615384615 0.3942307692307692 0.30528846153846156 0.3942307692307692
23 0.3269230769230769 0.23557692307692307 0.3389423076923077 0.23557692307692307 0.3389423076923077 0.3942307692307692 0.3269230769230769 0.3942307692307692
23 0.3485576923076923 0.23557692307692307 0.3605769230769231 0.23557692307692307 0.3605769230769231 0.3942307692307692 0.3485576923076923 0.3942307692307692
23 0.37259615384615385 0.23557692307692307 0.38221153846153844 0.23557692307692307 0.38221153846153844 0.3942307692307692 0.37259615384615385 0.3942307692307692
23 0.07692307692307693 0.4230769230769231 0.09615384615384616 0.4230769230769231 0.09615384615384616 0.49278846153846156 0.07692307692307693 0.49278846153846156
23 0.07692307692307693 0.28125 0.09615384615384616 0.28125 0.09615384615384616 0.35336538461538464 0.07692307692307693 0.35336538461538464
23 0.5024038461538461 0.16105769230769232 0.5625 0.16105769230769232 0.5625 0.22596153846153846 0.5024038461538461 0.22596153846153846
23 0.49038461538461536 0.3245192307692308 0.5072115384615384 0.3245192307692308 0.5072115384615384 0.34375 0.49038461538461536 0.34375
23 0.49038461538461536 0.2668269230769231 0.5072115384615384 0.2668269230769231 0.5072115384615384 0.2860576923076923 0.49038461538461536 0.2860576923076923
23 0.49038461538461536 0.2956730769230769 0.5072115384615384 0.2956730769230769 0.5072115384615384 0.31490384615384615 0.49038461538461536 0.31490384615384615
8 0.40625 0.3125 0.47115384615384615 0.3125 0.47115384615384615 0.3918269230769231 0.40625 0.3918269230769231
0 0.10576923076923077 0.44711538461538464 0.8701923076923077 0.44711538461538464 0.8701923076923077 0.5024038461538461 0.10576923076923077 0.5024038461538461
0 0.3581730769230769 0.3173076923076923 0.4735576923076923 0.3173076923076923 0.4735576923076923 0.3605769230769231 0.3581730769230769 0.3605769230769231
12 0.10576923076923077 0.5048076923076923 0.8701923076923077 0.5048076923076923 0.8701923076923077 0.5216346153846154 0.10576923076923077 0.5216346153846154
12 0.10576923076923077 0.35096153846153844 0.3870192307692308 0.35096153846153844 0.3870192307692308 0.40625 0.10576923076923077 0.40625
0 0.6057692307692307 0.30288461538461536 0.8245192307692307 0.30288461538461536 0.8245192307692307 0.3485576923076923 0.6057692307692307 0.3485576923076923
8 0.2956730769230769 0.46634615384615385 0.33653846153846156 0.46634615384615385 0.33653846153846156 0.5264423076923077 0.2956730769230769 0.5264423076923077
8 0.35096153846153844 0.46634615384615385 0.3918269230769231 0.46634615384615385 0.3918269230769231 0.5264423076923077 0.35096153846153844 0.5264423076923077
0 0.10576923076923077 0.30528846153846156 0.21634615384615385 0.30528846153846156 0.21634615384615385 0.3485576923076923 0.10576923076923077 0.3485576923076923
23 0.5336538461538461 0.4206730769230769 0.5745192307692307 0.4206730769230769 0.5745192307692307 0.4807692307692308 0.5336538461538461 0.4807692307692308
23 0.6370192307692307 0.41346153846153844 0.6778846153846154 0.41346153846153844 0.6778846153846154 0.4735576923076923 0.6370192307692307 0.4735576923076923
23 0.6923076923076923 0.4110576923076923 0.7475961538461539 0.4110576923076923 0.7475961538461539 0.4639423076923077 0.6923076923076923 0.4639423076923077
23 0.7596153846153846 0.4110576923076923 0.8052884615384616 0.4110576923076923 0.8052884615384616 0.47596153846153844 0.7596153846153846 0.47596153846153844
23 0.6370192307692307 0.27403846153846156 0.6514423076923077 0.27403846153846156 0.6514423076923077 0.35336538461538464 0.6370192307692307 0.35336538461538464
23 0.7259615384615384 0.27163461538461536 0.7451923076923077 0.27163461538461536 0.7451923076923077 0.35336538461538464 0.7259615384615384 0.35336538461538464
14 0.41586538461538464 0.5913461538461539 0.5120192307692307 0.5913461538461539 0.5120192307692307 0.7043269230769231 0.41586538461538464 0.7043269230769231
8 0.5360576923076923 0.5961538461538461 0.6490384615384616 0.5961538461538461 0.6490384615384616 0.7043269230769231 0.5360576923076923 0.7043269230769231
14 0.6706730769230769 0.6009615384615384 0.7115384615384616 0.6009615384615384 0.7115384615384616 0.7043269230769231 0.6706730769230769 0.7043269230769231
14 0.75 0.5889423076923077 0.84375 0.5889423076923077 0.84375 0.7019230769230769 0.75 0.7019230769230769
14 0.07932692307692307 0.6057692307692307 0.22115384615384615 0.6057692307692307 0.22115384615384615 0.7067307692307693 0.07932692307692307 0.7067307692307693
14 0.23557692307692307 0.6033653846153846 0.37740384615384615 0.6033653846153846 0.37740384615384615 0.7067307692307693 0.23557692307692307 0.7067307692307693
0 0.49278846153846156 0.055288461538461536 0.7307692307692307 0.055288461538461536 0.7307692307692307 0.09375 0.49278846153846156 0.09375
14 0.13701923076923078 0.27163461538461536 0.2091346153846154 0.27163461538461536 0.2091346153846154 0.36538461538461536 0.13701923076923078 0.36538461538461536
14 0.5889423076923077 0.15384615384615385 0.6850961538461539 0.15384615384615385 0.6850961538461539 0.22596153846153846 0.5889423076923077 0.22596153846153846
12 0.08413461538461539 0.18028846153846154 0.27884615384615385 0.18028846153846154 0.27884615384615385 0.28365384615384615 0.08413461538461539 0.28365384615384615
0 0.11538461538461539 0.15625 0.21153846153846154 0.15625 0.21153846153846154 0.1875 0.11538461538461539 0.1875
0 0.45913461538461536 0.16105769230769232 0.8990384615384616 0.16105769230769232 0.8990384615384616 0.19951923076923078 0.45913461538461536 0.19951923076923078
12 0.35096153846153844 0.18269230769230768 0.9230769230769231 0.18269230769230768 0.9230769230769231 0.21394230769230768 0.35096153846153844 0.21394230769230768
4 0.36538461538461536 0.09375 0.7475961538461539 0.09375 0.7475961538461539 0.17307692307692307 0.36538461538461536 0.17307692307692307
23 0.5336538461538461 0.2668269230769231 0.5913461538461539 0.2668269230769231 0.5913461538461539 0.34134615384615385 0.5336538461538461 0.34134615384615385
8 0.6538461538461539 0.27403846153846156 0.7283653846153846 0.27403846153846156 0.7283653846153846 0.35096153846153844 0.6538461538461539 0.35096153846153844
17 0.19951923076923078 0.24759615384615385 0.22596153846153846 0.24759615384615385 0.22596153846153846 0.5024038461538461 0.19951923076923078 0.5024038461538461
17 0.3894230769230769 0.24519230769230768 0.40625 0.24519230769230768 0.40625 0.5024038461538461 0.3894230769230769 0.5024038461538461
12 0.3629807692307692 0.35096153846153844 0.8269230769230769 0.35096153846153844 0.8269230769230769 0.37259615384615385 0.3629807692307692 0.37259615384615385
4 0.35096153846153844 0.18269230769230768 0.9230769230769231 0.18269230769230768 0.9230769230769231 0.21394230769230768 0.35096153846153844 0.21394230769230768
12 0.4831730769230769 0.09375 0.7475961538461539 0.09375 0.7475961538461539 0.11057692307692307 0.4831730769230769 0.11057692307692307
2 0.026442307692307692 0.055288461538461536 0.9230769230769231 0.055288461538461536 0.9230769230769231 0.7115384615384616 0.026442307692307692 0.7115384615384616
10 0.026442307692307692 0.052884615384615384 0.9230769230769231 0.052884615384615384 0.9230769230769231 0.7115384615384616 0.026442307692307692 0.7115384615384616