23 0.39663461538461536 0.2956730769230769 0.6177884615384616 0.2956730769230769 0.6177884615384616 0.44711538461538464 0.39663461538461536 0.44711538461538464
23 0.39903846153846156 0.5024038461538461 0.6177884615384616 0.5024038461538461 0.6177884615384616 0.65625 0.39903846153846156 0.65625
23 0.39903846153846156 0.7139423076923077 0.6153846153846154 0.7139423076923077 0.6153846153846154 0.8581730769230769 0.39903846153846156 0.8581730769230769
23 0.14903846153846154 0.5264423076923077 0.2932692307692308 0.5264423076923077 0.2932692307692308 0.6850961538461539 0.14903846153846154 0.6850961538461539
23 0.14423076923076922 0.71875 0.2956730769230769 0.71875 0.2956730769230769 0.8677884615384616 0.14423076923076922 0.8677884615384616
23 0.13942307692307693 0.31009615384615385 0.2932692307692308 0.31009615384615385 0.2932692307692308 0.5264423076923077 0.13942307692307693 0.5264423076923077
23 0 0.7139423076923077 0.09375 0.7139423076923077 0.09375 0.8605769230769231 0 0.8605769230769231
23 0 0.5024038461538461 0.09375 0.5024038461538461 0.09375 0.65625 0 0.65625
23 0 0.29086538461538464 0.09134615384615384 0.29086538461538464 0.09134615384615384 0.44471153846153844 0 0.44471153846153844
23 0.34615384615384615 0.5168269230769231 0.3605769230769231 0.5168269230769231 0.3605769230769231 0.6682692307692307 0.34615384615384615 0.6682692307692307
23 0.30528846153846156 0.7644230769230769 0.31971153846153844 0.7644230769230769 0.31971153846153844 0.8509615384615384 0.30528846153846156 0.8509615384615384
23 0.30528846153846156 0.42788461538461536 0.31971153846153844 0.42788461538461536 0.31971153846153844 0.5192307692307693 0.30528846153846156 0.5192307692307693
23 0.6514423076923077 0.31009615384615385 0.6947115384615384 0.31009615384615385 0.6947115384615384 0.5240384615384616 0.6514423076923077 0.5240384615384616
23 0.6514423076923077 0.53125 0.6947115384615384 0.53125 0.6947115384615384 0.6850961538461539 0.6514423076923077 0.6850961538461539
23 0.7091346153846154 0.5817307692307693 0.7403846153846154 0.5817307692307693 0.7403846153846154 0.6923076923076923 0.7091346153846154 0.6923076923076923
23 0.6490384615384616 0.7163461538461539 0.6923076923076923 0.7163461538461539 0.6923076923076923 0.8605769230769231 0.6490384615384616 0.8605769230769231
23 0.7860576923076923 0.3485576923076923 0.9302884615384616 0.3485576923076923 0.9302884615384616 0.5264423076923077 0.7860576923076923 0.5264423076923077
23 0.8389423076923077 0.5168269230769231 0.9567307692307693 0.5168269230769231 0.9567307692307693 0.6802884615384616 0.8389423076923077 0.6802884615384616
23 0.7860576923076923 0.7259615384615384 0.9326923076923077 0.7259615384615384 0.9326923076923077 0.8605769230769231 0.7860576923076923 0.8605769230769231
12 0.002403846153846154 0.44711538461538464 1 0.44711538461538464 1 0.5528846153846154 0.002403846153846154 0.5528846153846154
12 0 0.6538461538461539 1 0.6538461538461539 1 0.7139423076923077 0 0.7139423076923077
12 0 0.21394230769230768 1 0.21394230769230768 1 0.37740384615384615 0 0.37740384615384615
0 0 0.16826923076923078 1 0.16826923076923078 1 0.3605769230769231 0 0.3605769230769231
0 0.4014423076923077 0.5841346153846154 0.5072115384615384 0.5841346153846154 0.5072115384615384 0.6538461538461539 0.4014423076923077 0.6538461538461539
0 0.13942307692307693 0.3918269230769231 0.23317307692307693 0.3918269230769231 0.23317307692307693 0.49038461538461536 0.13942307692307693 0.49038461538461536
0 0.6514423076923077 0.3942307692307692 0.6923076923076923 0.3942307692307692 0.6923076923076923 0.4807692307692308 0.6514423076923077 0.4807692307692308
2 0 0.15144230769230768 1 0.15144230769230768 1 0.8966346153846154 0 0.8966346153846154
10 0 0.17067307692307693 1 0.17067307692307693 1 0.8966346153846154 0 0.8966346153846154