8 0.5480769230769231 0.6802884615384616 0.6514423076923077 0.6802884615384616 0.6514423076923077 0.8990384615384616 0.5480769230769231 0.8990384615384616
23 0.3125 0.4254807692307692 0.3918269230769231 0.4254807692307692 0.3918269230769231 0.5889423076923077 0.3125 0.5889423076923077
0 0.7355769230769231 0.25961538461538464 0.8894230769230769 0.25961538461538464 0.8894230769230769 0.3173076923076923 0.7355769230769231 0.3173076923076923
23 0.5504807692307693 0.4735576923076923 0.5817307692307693 0.4735576923076923 0.5817307692307693 0.6057692307692307 0.5504807692307693 0.6057692307692307
23 0.6153846153846154 0.4735576923076923 0.6490384615384616 0.4735576923076923 0.6490384615384616 0.6057692307692307 0.6153846153846154 0.6057692307692307
23 0.7764423076923077 0.42788461538461536 0.8052884615384616 0.42788461538461536 0.8052884615384616 0.5576923076923077 0.7764423076923077 0.5576923076923077
23 0.7764423076923077 0.7115384615384616 0.8052884615384616 0.7115384615384616 0.8052884615384616 0.8870192307692307 0.7764423076923077 0.8870192307692307
23 0.0673076923076923 0.6995192307692307 0.09375 0.6995192307692307 0.09375 0.8918269230769231 0.0673076923076923 0.8918269230769231
23 0.4254807692307692 0.6995192307692307 0.4567307692307692 0.6995192307692307 0.4567307692307692 0.8894230769230769 0.4254807692307692 0.8894230769230769
23 0.27403846153846156 0.7019230769230769 0.3629807692307692 0.7019230769230769 0.3629807692307692 0.8894230769230769 0.27403846153846156 0.8894230769230769
23 0.15384615384615385 0.7019230769230769 0.24278846153846154 0.7019230769230769 0.24278846153846154 0.8870192307692307 0.15384615384615385 0.8870192307692307
23 0.8677884615384616 0.43509615384615385 0.9447115384615384 0.43509615384615385 0.9447115384615384 0.59375 0.8677884615384616 0.59375
0 0.2403846153846154 0.25240384615384615 0.4831730769230769 0.25240384615384615 0.4831730769230769 0.31490384615384615 0.2403846153846154 0.31490384615384615
0 0.04807692307692308 0.5673076923076923 0.4807692307692308 0.5673076923076923 0.4807692307692308 0.6225961538461539 0.04807692307692308 0.6225961538461539
2 0 0.17067307692307693 0.9615384615384616 0.17067307692307693 0.9615384615384616 0.9663461538461539 0 0.9663461538461539
10 0 0.1658653846153846 0.9615384615384616 0.1658653846153846 0.9615384615384616 0.9663461538461539 0 0.9663461538461539
0 0.5480769230769231 0.47836538461538464 0.6490384615384616 0.47836538461538464 0.6490384615384616 0.9014423076923077 0.5480769230769231 0.9014423076923077