14 0.19951923076923078 0.33653846153846156 0.34134615384615385 0.33653846153846156 0.34134615384615385 0.42788461538461536 0.19951923076923078 0.42788461538461536
14 0.43028846153846156 0.32211538461538464 0.5432692307692307 0.32211538461538464 0.5432692307692307 0.41346153846153844 0.43028846153846156 0.41346153846153844
14 0.20192307692307693 0.47115384615384615 0.53125 0.47115384615384615 0.53125 0.5625 0.20192307692307693 0.5625
14 0.5336538461538461 0.5961538461538461 0.7836538461538461 0.5961538461538461 0.7836538461538461 0.7716346153846154 0.5336538461538461 0.7716346153846154
8 0.6033653846153846 0.6971153846153846 0.6322115384615384 0.6971153846153846 0.6322115384615384 0.7716346153846154 0.6033653846153846 0.7716346153846154
14 0.22355769230769232 0.7019230769230769 0.53125 0.7019230769230769 0.53125 0.7740384615384616 0.22355769230769232 0.7740384615384616
0 0.1346153846153846 0.6875 0.9158653846153846 0.6875 0.9158653846153846 0.7932692307692307 0.1346153846153846 0.7932692307692307
14 0.53125 0.5096153846153846 0.8485576923076923 0.5096153846153846 0.8485576923076923 0.5528846153846154 0.53125 0.5528846153846154
0 0.42788461538461536 0.3269230769230769 0.7548076923076923 0.3269230769230769 0.7548076923076923 0.37740384615384615 0.42788461538461536 0.37740384615384615
0 0.9206730769230769 0.78125 0.9663461538461539 0.78125 0.9663461538461539 0.8221153846153846 0.9206730769230769 0.8221153846153846
2 0.13221153846153846 0.20432692307692307 0.9783653846153846 0.20432692307692307 0.9783653846153846 0.9495192307692307 0.13221153846153846 0.9495192307692307
10 0.13221153846153846 0.20432692307692307 0.9807692307692307 0.20432692307692307 0.9807692307692307 0.9495192307692307 0.13221153846153846 0.9495192307692307
12 0.19471153846153846 0.43028846153846156 0.7524038461538461 0.43028846153846156 0.7524038461538461 0.46634615384615385 0.19471153846153846 0.46634615384615385
12 0.5625 0.6586538461538461 0.7259615384615384 0.6586538461538461 0.7259615384615384 0.6754807692307693 0.5625 0.6754807692307693