0 0.46634615384615385 0.8605769230769231 0.6610576923076923 0.8605769230769231 0.6610576923076923 0.9471153846153846 0.46634615384615385 0.9471153846153846
0 0.45913461538461536 0.7620192307692307 0.6586538461538461 0.7620192307692307 0.6586538461538461 0.84375 0.45913461538461536 0.84375
0 0.34615384615384615 0.6538461538461539 0.6658653846153846 0.6538461538461539 0.6658653846153846 0.7427884615384616 0.34615384615384615 0.7427884615384616
0 0.3004807692307692 0.5504807692307693 0.6634615384615384 0.5504807692307693 0.6634615384615384 0.6370192307692307 0.3004807692307692 0.6370192307692307
0 0.3076923076923077 0.4855769230769231 0.6586538461538461 0.4855769230769231 0.6586538461538461 0.5264423076923077 0.3076923076923077 0.5264423076923077
0 0.3076923076923077 0.37740384615384615 0.6586538461538461 0.37740384615384615 0.6586538461538461 0.4182692307692308 0.3076923076923077 0.4182692307692308
0 0.2932692307692308 0.2644230769230769 0.6658653846153846 0.2644230769230769 0.6658653846153846 0.30528846153846156 0.2932692307692308 0.30528846153846156
0 0.32211538461538464 0.17548076923076922 0.6322115384615384 0.17548076923076922 0.6322115384615384 0.21153846153846154 0.32211538461538464 0.21153846153846154
12 0.3004807692307692 0.19951923076923078 0.4831730769230769 0.19951923076923078 0.4831730769230769 0.21634615384615385 0.3004807692307692 0.21634615384615385
12 0.30288461538461536 0.84375 0.6658653846153846 0.84375 0.6658653846153846 0.8629807692307693 0.30288461538461536 0.8629807692307693
12 0.30288461538461536 0.9543269230769231 0.6658653846153846 0.9543269230769231 0.6658653846153846 0.9711538461538461 0.30288461538461536 0.9711538461538461
12 0.2980769230769231 0.7451923076923077 0.6682692307692307 0.7451923076923077 0.6682692307692307 0.7620192307692307 0.2980769230769231 0.7620192307692307
12 0.2980769230769231 0.6370192307692307 0.6682692307692307 0.6370192307692307 0.6682692307692307 0.6514423076923077 0.2980769230769231 0.6514423076923077
12 0.3004807692307692 0.5264423076923077 0.6658653846153846 0.5264423076923077 0.6658653846153846 0.5432692307692307 0.3004807692307692 0.5432692307692307
12 0.2956730769230769 0.4182692307692308 0.6658653846153846 0.4182692307692308 0.6658653846153846 0.43509615384615385 0.2956730769230769 0.43509615384615385
12 0.40865384615384615 0.3076923076923077 0.6658653846153846 0.3076923076923077 0.6658653846153846 0.3245192307692308 0.40865384615384615 0.3245192307692308
2 0.28125 0.17307692307692307 0.6730769230769231 0.17307692307692307 0.6730769230769231 1 0.28125 1
10 0.28365384615384615 0.17307692307692307 0.6754807692307693 0.17307692307692307 0.6754807692307693 0.75 0.28365384615384615 0.75