8 0.6947115384615384 0.8269230769230769 0.7668269230769231 0.8269230769230769 0.7668269230769231 0.9423076923076923 0.6947115384615384 0.9423076923076923
8 0.3485576923076923 0.8269230769230769 0.5985576923076923 0.8269230769230769 0.5985576923076923 0.9447115384615384 0.3485576923076923 0.9447115384615384
8 0.18509615384615385 0.8293269230769231 0.25240384615384615 0.8293269230769231 0.25240384615384615 0.9423076923076923 0.18509615384615385 0.9423076923076923
23 0.6875 0.7788461538461539 0.8028846153846154 0.7788461538461539 0.8028846153846154 0.8221153846153846 0.6875 0.8221153846153846
23 0.7716346153846154 0.8269230769230769 0.8004807692307693 0.8269230769230769 0.8004807692307693 0.9423076923076923 0.7716346153846154 0.9423076923076923
14 0.3004807692307692 0.6153846153846154 0.5480769230769231 0.6153846153846154 0.5480769230769231 0.75 0.3004807692307692 0.75
23 0.19951923076923078 0.39903846153846156 0.25961538461538464 0.39903846153846156 0.25961538461538464 0.6033653846153846 0.19951923076923078 0.6033653846153846
14 0.7019230769230769 0.47115384615384615 0.7596153846153846 0.47115384615384615 0.7596153846153846 0.7524038461538461 0.7019230769230769 0.7524038461538461
14 0.7836538461538461 0.4735576923076923 0.8052884615384616 0.4735576923076923 0.8052884615384616 0.7548076923076923 0.7836538461538461 0.7548076923076923
14 0.5649038461538461 0.6201923076923077 0.5889423076923077 0.6201923076923077 0.5889423076923077 0.75 0.5649038461538461 0.75
14 0.6105769230769231 0.2932692307692308 0.7644230769230769 0.2932692307692308 0.7644230769230769 0.39663461538461536 0.6105769230769231 0.39663461538461536
14 0.30288461538461536 0.2548076923076923 0.5504807692307693 0.2548076923076923 0.5504807692307693 0.5841346153846154 0.30288461538461536 0.5841346153846154
12 0.15625 0.6033653846153846 0.6995192307692307 0.6033653846153846 0.6995192307692307 0.6177884615384616 0.15625 0.6177884615384616
8 0.18509615384615385 0.8293269230769231 0.25240384615384615 0.8293269230769231 0.25240384615384615 0.9423076923076923 0.18509615384615385 0.9423076923076923
12 0.15384615384615385 0.7524038461538461 0.8461538461538461 0.7524038461538461 0.8461538461538461 0.7692307692307693 0.15384615384615385 0.7692307692307693
2 0.1466346153846154 0.15865384615384615 0.8557692307692307 0.15865384615384615 0.8557692307692307 0.9447115384615384 0.1466346153846154 0.9447115384615384
10 0.1466346153846154 0.15625 0.8581730769230769 0.15625 0.8581730769230769 0.9447115384615384 0.1466346153846154 0.9447115384615384