23 0.5192307692307693 0.6153846153846154 0.5456730769230769 0.6153846153846154 0.5456730769230769 0.6875 0.5192307692307693 0.6875
23 0.8004807692307693 0.6105769230769231 0.8918269230769231 0.6105769230769231 0.8918269230769231 0.7043269230769231 0.8004807692307693 0.7043269230769231
23 0.31009615384615385 0.6346153846153846 0.39903846153846156 0.6346153846153846 0.39903846153846156 0.7307692307692307 0.31009615384615385 0.7307692307692307
23 0.11057692307692307 0.6225961538461539 0.19471153846153846 0.6225961538461539 0.19471153846153846 0.7163461538461539 0.11057692307692307 0.7163461538461539
24 0.5336538461538461 0.34615384615384615 0.5576923076923077 0.34615384615384615 0.5576923076923077 0.40865384615384615 0.5336538461538461 0.40865384615384615
24 0.5985576923076923 0.34615384615384615 0.6225961538461539 0.34615384615384615 0.6225961538461539 0.4110576923076923 0.5985576923076923 0.4110576923076923
24 0.6634615384615384 0.34375 0.6947115384615384 0.34375 0.6947115384615384 0.4110576923076923 0.6634615384615384 0.4110576923076923
25 0.47596153846153844 0.2764423076923077 0.7475961538461539 0.2764423076923077 0.7475961538461539 0.44711538461538464 0.47596153846153844 0.44711538461538464
25 0.49759615384615385 0.5504807692307693 0.5649038461538461 0.5504807692307693 0.5649038461538461 0.7163461538461539 0.49759615384615385 0.7163461538461539
25 0.7788461538461539 0.5336538461538461 0.9254807692307693 0.5336538461538461 0.9254807692307693 0.7475961538461539 0.7788461538461539 0.7475961538461539
25 0.28125 0.5504807692307693 0.4230769230769231 0.5504807692307693 0.4230769230769231 0.7620192307692307 0.28125 0.7620192307692307
25 0.08413461538461539 0.5384615384615384 0.21875 0.5384615384615384 0.21875 0.7572115384615384 0.08413461538461539 0.7572115384615384
8 0.6105769230769231 0.6177884615384616 0.6947115384615384 0.6177884615384616 0.6947115384615384 0.8701923076923077 0.6105769230769231 0.8701923076923077
9 0.6105769230769231 0.6105769230769231 0.7259615384615384 0.6105769230769231 0.7259615384615384 0.8870192307692307 0.6105769230769231 0.8870192307692307
15 0.009615384615384616 0.46153846153846156 1 0.46153846153846156 1 0.8990384615384616 0.009615384615384616 0.8990384615384616
12 0.04807692307692308 0.44471153846153844 1 0.44471153846153844 1 0.4639423076923077 0.04807692307692308 0.4639423076923077
22 0.05048076923076923 0.28125 1 0.28125 1 0.4519230769230769 0.05048076923076923 0.4519230769230769
2 0.009615384615384616 0.19230769230769232 1 0.19230769230769232 1 0.8990384615384616 0.009615384615384616 0.8990384615384616
10 0.06971153846153846 0.2932692307692308 1 0.2932692307692308 1 0.8822115384615384 0.06971153846153846 0.8822115384615384