23 0.21153846153846154 0.2644230769230769 0.35336538461538464 0.2644230769230769 0.35336538461538464 0.37740384615384615 0.21153846153846154 0.37740384615384615
23 0.40865384615384615 0.2620192307692308 0.5576923076923077 0.2620192307692308 0.5576923076923077 0.37259615384615385 0.40865384615384615 0.37259615384615385
23 0.6177884615384616 0.2692307692307692 0.7644230769230769 0.2692307692307692 0.7644230769230769 0.38221153846153844 0.6177884615384616 0.38221153846153844
23 0.8293269230769231 0.28125 0.9615384615384616 0.28125 0.9615384615384616 0.3942307692307692 0.8293269230769231 0.3942307692307692
23 0.02403846153846154 0.2620192307692308 0.15865384615384615 0.2620192307692308 0.15865384615384615 0.375 0.02403846153846154 0.375
23 0.41346153846153844 0.40625 0.5576923076923077 0.40625 0.5576923076923077 0.5048076923076923 0.41346153846153844 0.5048076923076923
23 0.2091346153846154 0.40625 0.35336538461538464 0.40625 0.35336538461538464 0.5048076923076923 0.2091346153846154 0.5048076923076923
23 0.016826923076923076 0.40625 0.14903846153846154 0.40625 0.14903846153846154 0.5024038461538461 0.016826923076923076 0.5024038461538461
23 0.6201923076923077 0.41586538461538464 0.7644230769230769 0.41586538461538464 0.7644230769230769 0.5120192307692307 0.6201923076923077 0.5120192307692307
23 0.8197115384615384 0.4230769230769231 0.9639423076923077 0.4230769230769231 0.9639423076923077 0.5192307692307693 0.8197115384615384 0.5192307692307693
23 0.5 0.5456730769230769 0.5576923076923077 0.5456730769230769 0.5576923076923077 0.6418269230769231 0.5 0.6418269230769231
23 0.2956730769230769 0.5456730769230769 0.35336538461538464 0.5456730769230769 0.35336538461538464 0.6418269230769231 0.2956730769230769 0.6418269230769231
23 0.10096153846153846 0.5456730769230769 0.16105769230769232 0.5456730769230769 0.16105769230769232 0.6418269230769231 0.10096153846153846 0.6418269230769231
23 0.7067307692307693 0.5552884615384616 0.7668269230769231 0.5552884615384616 0.7668269230769231 0.6490384615384616 0.7067307692307693 0.6490384615384616
23 0.9038461538461539 0.5600961538461539 0.9615384615384616 0.5600961538461539 0.9615384615384616 0.6538461538461539 0.9038461538461539 0.6538461538461539
8 0.4110576923076923 0.5432692307692307 0.4639423076923077 0.5432692307692307 0.4639423076923077 0.7451923076923077 0.4110576923076923 0.7451923076923077
8 0.21153846153846154 0.5432692307692307 0.25961538461538464 0.5432692307692307 0.25961538461538464 0.7403846153846154 0.21153846153846154 0.7403846153846154
8 0.021634615384615384 0.5432692307692307 0.06971153846153846 0.5432692307692307 0.06971153846153846 0.7331730769230769 0.021634615384615384 0.7331730769230769
8 0.6201923076923077 0.5528846153846154 0.6730769230769231 0.5528846153846154 0.6730769230769231 0.7379807692307693 0.6201923076923077 0.7379807692307693
8 0.8269230769230769 0.5649038461538461 0.8701923076923077 0.5649038461538461 0.8701923076923077 0.7355769230769231 0.8269230769230769 0.7355769230769231
15 0 0.2956730769230769 1 0.2956730769230769 1 0.7548076923076923 0 0.7548076923076923
10 0 0.2956730769230769 1 0.2956730769230769 1 0.7548076923076923 0 0.7548076923076923
9 0.3870192307692308 0.1875 0.5841346153846154 0.1875 0.5841346153846154 0.7548076923076923 0.3870192307692308 0.7548076923076923
9 0.16346153846153846 0.19230769230769232 0.35096153846153844 0.19230769230769232 0.35096153846153844 0.7548076923076923 0.16346153846153846 0.7548076923076923
9 0.6201923076923077 0.19471153846153846 0.8149038461538461 0.19471153846153846 0.8149038461538461 0.7548076923076923 0.6201923076923077 0.7548076923076923
9 0.8461538461538461 0.1971153846153846 1 0.1971153846153846 1 0.75 0.8461538461538461 0.75
9 0 0.19471153846153846 0.12740384615384615 0.19471153846153846 0.12740384615384615 0.7548076923076923 0 0.7548076923076923
2 0 0.17307692307692307 1 0.17307692307692307 1 0.7548076923076923 0 0.7548076923076923