23 0.46153846153846156 0.4855769230769231 0.5048076923076923 0.4855769230769231 0.5048076923076923 0.6971153846153846 0.46153846153846156 0.6971153846153846
23 0.375 0.5336538461538461 0.40625 0.5336538461538461 0.40625 0.6971153846153846 0.375 0.6971153846153846
23 0.20432692307692307 0.6081730769230769 0.21875 0.6081730769230769 0.21875 0.7139423076923077 0.20432692307692307 0.7139423076923077
23 0.23557692307692307 0.5961538461538461 0.2548076923076923 0.5961538461538461 0.2548076923076923 0.7091346153846154 0.23557692307692307 0.7091346153846154
9 0.28125 0.6201923076923077 0.3317307692307692 0.6201923076923077 0.3317307692307692 0.9206730769230769 0.28125 0.9206730769230769
9 0.15865384615384615 0.6586538461538461 0.18509615384615385 0.6586538461538461 0.18509615384615385 0.8389423076923077 0.15865384615384615 0.8389423076923077
9 0.13221153846153846 0.6682692307692307 0.15144230769230768 0.6682692307692307 0.15144230769230768 0.8365384615384616 0.13221153846153846 0.8365384615384616
9 0.11057692307692307 0.6706730769230769 0.12740384615384615 0.6706730769230769 0.12740384615384615 0.8245192307692307 0.11057692307692307 0.8245192307692307
24 0.5961538461538461 0.5576923076923077 0.78125 0.5576923076923077 0.78125 0.8870192307692307 0.5961538461538461 0.8870192307692307
23 0.28365384615384615 0.25721153846153844 0.34375 0.25721153846153844 0.34375 0.46634615384615385 0.28365384615384615 0.46634615384615385
15 0.11057692307692307 0.16105769230769232 1 0.16105769230769232 1 1 0.11057692307692307 1
12 0.19230769230769232 0.2548076923076923 0.5865384615384616 0.2548076923076923 0.5865384615384616 0.5504807692307693 0.19230769230769232 0.5504807692307693
22 0.27403846153846156 0.21394230769230768 0.3581730769230769 0.21394230769230768 0.3581730769230769 0.46875 0.27403846153846156 0.46875
2 0.11057692307692307 0.05048076923076923 1 0.05048076923076923 1 1 0.11057692307692307 1
10 0.11057692307692307 0.15865384615384615 0.9975961538461539 0.15865384615384615 0.9975961538461539 0.9975961538461539 0.11057692307692307 0.9975961538461539