23 0.38461538461538464 0.3557692307692308 0.6105769230769231 0.3557692307692308 0.6105769230769231 0.4182692307692308 0.38461538461538464 0.4182692307692308
23 0.28125 0.47115384615384615 0.4495192307692308 0.47115384615384615 0.4495192307692308 0.5721153846153846 0.28125 0.5721153846153846
23 0.5528846153846154 0.4735576923076923 0.7139423076923077 0.4735576923076923 0.7139423076923077 0.5721153846153846 0.5528846153846154 0.5721153846153846
20 0.5793269230769231 0.8004807692307693 0.7572115384615384 0.8004807692307693 0.7572115384615384 0.8990384615384616 0.5793269230769231 0.8990384615384616
20 0.3173076923076923 0.8004807692307693 0.4326923076923077 0.8004807692307693 0.4326923076923077 0.8990384615384616 0.3173076923076923 0.8990384615384616
23 0.5841346153846154 0.7067307692307693 0.6802884615384616 0.7067307692307693 0.6802884615384616 0.7764423076923077 0.5841346153846154 0.7764423076923077
23 0.27403846153846156 0.7067307692307693 0.3581730769230769 0.7067307692307693 0.3581730769230769 0.7764423076923077 0.27403846153846156 0.7764423076923077
23 0.3701923076923077 0.7067307692307693 0.4543269230769231 0.7067307692307693 0.4543269230769231 0.7764423076923077 0.3701923076923077 0.7764423076923077
9 0.2091346153846154 0.6538461538461539 0.7740384615384616 0.6538461538461539 0.7740384615384616 0.9302884615384616 0.2091346153846154 0.9302884615384616
8 0.4639423076923077 0.8221153846153846 0.5480769230769231 0.8221153846153846 0.5480769230769231 0.9326923076923077 0.4639423076923077 0.9326923076923077
16 0.28365384615384615 0.78125 0.8197115384615384 0.78125 0.8197115384615384 0.7884615384615384 0.28365384615384615 0.7884615384615384
17 0.5504807692307693 0.65625 0.5697115384615384 0.65625 0.5697115384615384 0.7740384615384616 0.5504807692307693 0.7740384615384616
17 0.43509615384615385 0.65625 0.4519230769230769 0.65625 0.4519230769230769 0.7740384615384616 0.43509615384615385 0.7740384615384616
16 0.13701923076923078 0.09375 0.4879807692307692 0.09375 0.4879807692307692 0.2980769230769231 0.13701923076923078 0.2980769230769231
16 0.5024038461538461 0.09375 0.8581730769230769 0.09375 0.8581730769230769 0.2956730769230769 0.5024038461538461 0.2956730769230769
5 0.2091346153846154 0.5865384615384616 0.7956730769230769 0.5865384615384616 0.7956730769230769 0.6322115384615384 0.2091346153846154 0.6322115384615384
12 0.19230769230769232 0.4543269230769231 0.8173076923076923 0.4543269230769231 0.8173076923076923 0.46153846153846156 0.19230769230769232 0.46153846153846156
12 0.28365384615384615 0.78125 0.8197115384615384 0.78125 0.8197115384615384 0.7884615384615384 0.28365384615384615 0.7884615384615384
12 0.19230769230769232 0.6322115384615384 0.8173076923076923 0.6322115384615384 0.8173076923076923 0.6394230769230769 0.19230769230769232 0.6394230769230769
5 0.46153846153846156 0.46875 0.5432692307692307 0.46875 0.5432692307692307 0.5673076923076923 0.46153846153846156 0.5673076923076923
15 0.28846153846153844 0.7884615384615384 0.8197115384615384 0.7884615384615384 0.8197115384615384 0.9302884615384616 0.28846153846153844 0.9302884615384616
22 0.19230769230769232 0.28846153846153844 0.8149038461538461 0.28846153846153844 0.8149038461538461 0.4543269230769231 0.19230769230769232 0.4543269230769231
11 0.19230769230769232 0.46153846153846156 0.8076923076923077 0.46153846153846156 0.8076923076923077 0.6322115384615384 0.19230769230769232 0.6322115384615384
11 0.19230769230769232 0.6394230769230769 0.8076923076923077 0.6394230769230769 0.8076923076923077 0.78125 0.19230769230769232 0.78125
19 0.1346153846153846 0.038461538461538464 0.8629807692307693 0.038461538461538464 0.8629807692307693 0.29086538461538464 0.1346153846153846 0.29086538461538464
2 0.125 0.038461538461538464 0.8725961538461539 0.038461538461538464 0.8725961538461539 0.9302884615384616 0.125 0.9302884615384616
10 0.19230769230769232 0.28846153846153844 0.8125 0.28846153846153844 0.8125 0.9302884615384616 0.19230769230769232 0.9302884615384616
7 0.5480769230769231 0.8341346153846154 1 0.8341346153846154 1 0.9903846153846154 0.5480769230769231 0.9903846153846154
7 0.2956730769230769 0.8389423076923077 0.44711538461538464 0.8389423076923077 0.44711538461538464 0.9423076923076923 0.2956730769230769 0.9423076923076923