23 0.18990384615384615 0.36778846153846156 0.20432692307692307 0.36778846153846156 0.20432692307692307 0.4206730769230769 0.18990384615384615 0.4206730769230769
23 0.14903846153846154 0.36778846153846156 0.16346153846153846 0.36778846153846156 0.16346153846153846 0.4206730769230769 0.14903846153846154 0.4206730769230769
23 0.17067307692307693 0.36778846153846156 0.18269230769230768 0.36778846153846156 0.18269230769230768 0.4206730769230769 0.17067307692307693 0.4206730769230769
23 0.1201923076923077 0.7451923076923077 0.13701923076923078 0.7451923076923077 0.13701923076923078 0.7860576923076923 0.1201923076923077 0.7860576923076923
23 0.1971153846153846 0.5504807692307693 0.21153846153846154 0.5504807692307693 0.21153846153846154 0.6370192307692307 0.1971153846153846 0.6370192307692307
23 0.17548076923076922 0.5504807692307693 0.18990384615384615 0.5504807692307693 0.18990384615384615 0.6370192307692307 0.17548076923076922 0.6370192307692307
23 0.15865384615384615 0.5504807692307693 0.17307692307692307 0.5504807692307693 0.17307692307692307 0.6370192307692307 0.15865384615384615 0.6370192307692307
23 0.13701923076923078 0.5504807692307693 0.15144230769230768 0.5504807692307693 0.15144230769230768 0.6370192307692307 0.13701923076923078 0.6370192307692307
23 0.21153846153846154 0.7451923076923077 0.23076923076923078 0.7451923076923077 0.23076923076923078 0.7884615384615384 0.21153846153846154 0.7884615384615384
23 0.14423076923076922 0.7451923076923077 0.16105769230769232 0.7451923076923077 0.16105769230769232 0.7860576923076923 0.14423076923076922 0.7860576923076923
23 0.1658653846153846 0.7451923076923077 0.18269230769230768 0.7451923076923077 0.18269230769230768 0.7884615384615384 0.1658653846153846 0.7884615384615384
23 0.11778846153846154 0.7956730769230769 0.13701923076923078 0.7956730769230769 0.13701923076923078 0.8485576923076923 0.11778846153846154 0.8485576923076923
23 0.18990384615384615 0.7451923076923077 0.20673076923076922 0.7451923076923077 0.20673076923076922 0.7884615384615384 0.18990384615384615 0.7884615384615384
23 0.18990384615384615 0.7980769230769231 0.20673076923076922 0.7980769230769231 0.20673076923076922 0.8509615384615384 0.18990384615384615 0.8509615384615384
23 0.21394230769230768 0.7980769230769231 0.23076923076923078 0.7980769230769231 0.23076923076923078 0.8509615384615384 0.21394230769230768 0.8509615384615384
23 0.1658653846153846 0.7980769230769231 0.18269230769230768 0.7980769230769231 0.18269230769230768 0.8485576923076923 0.1658653846153846 0.8485576923076923
23 0.14182692307692307 0.7956730769230769 0.15865384615384615 0.7956730769230769 0.15865384615384615 0.8485576923076923 0.14182692307692307 0.8485576923076923
23 0.4423076923076923 0.5841346153846154 0.4543269230769231 0.5841346153846154 0.4543269230769231 0.6610576923076923 0.4423076923076923 0.6610576923076923
23 0.37259615384615385 0.5841346153846154 0.38461538461538464 0.5841346153846154 0.38461538461538464 0.6610576923076923 0.37259615384615385 0.6610576923076923
23 0.3894230769230769 0.5841346153846154 0.4014423076923077 0.5841346153846154 0.4014423076923077 0.6610576923076923 0.3894230769230769 0.6610576923076923
23 0.40625 0.5841346153846154 0.4182692307692308 0.5841346153846154 0.4182692307692308 0.6610576923076923 0.40625 0.6610576923076923
23 0.4230769230769231 0.5841346153846154 0.43509615384615385 0.5841346153846154 0.43509615384615385 0.6610576923076923 0.4230769230769231 0.6610576923076923
23 0.44471153846153844 0.7572115384615384 0.46153846153846156 0.7572115384615384 0.46153846153846156 0.8173076923076923 0.44471153846153844 0.8173076923076923
23 0.3605769230769231 0.7572115384615384 0.37740384615384615 0.7572115384615384 0.37740384615384615 0.8173076923076923 0.3605769230769231 0.8173076923076923
23 0.38221153846153844 0.7572115384615384 0.39903846153846156 0.7572115384615384 0.39903846153846156 0.8173076923076923 0.38221153846153844 0.8173076923076923
23 0.40384615384615385 0.7572115384615384 0.4182692307692308 0.7572115384615384 0.4182692307692308 0.8173076923076923 0.40384615384615385 0.8173076923076923
23 0.4254807692307692 0.7572115384615384 0.43990384615384615 0.7572115384615384 0.43990384615384615 0.8173076923076923 0.4254807692307692 0.8173076923076923
23 0.5504807692307693 0.5841346153846154 0.5625 0.5841346153846154 0.5625 0.6442307692307693 0.5504807692307693 0.6442307692307693
23 0.5168269230769231 0.5841346153846154 0.5288461538461539 0.5841346153846154 0.5288461538461539 0.6442307692307693 0.5168269230769231 0.6442307692307693
23 0.5336538461538461 0.5841346153846154 0.5456730769230769 0.5841346153846154 0.5456730769230769 0.6442307692307693 0.5336538461538461 0.6442307692307693
23 0.5432692307692307 0.3870192307692308 0.5552884615384616 0.3870192307692308 0.5552884615384616 0.43509615384615385 0.5432692307692307 0.43509615384615385
23 0.5240384615384616 0.3870192307692308 0.5360576923076923 0.3870192307692308 0.5360576923076923 0.43509615384615385 0.5240384615384616 0.43509615384615385
23 0.6971153846153846 0.5841346153846154 0.7091346153846154 0.5841346153846154 0.7091346153846154 0.6610576923076923 0.6971153846153846 0.6610576923076923
23 0.6418269230769231 0.5841346153846154 0.6538461538461539 0.5841346153846154 0.6538461538461539 0.6610576923076923 0.6418269230769231 0.6610576923076923
23 0.6586538461538461 0.5841346153846154 0.6706730769230769 0.5841346153846154 0.6706730769230769 0.6610576923076923 0.6586538461538461 0.6610576923076923
23 0.6778846153846154 0.5841346153846154 0.6899038461538461 0.5841346153846154 0.6899038461538461 0.6610576923076923 0.6778846153846154 0.6610576923076923
23 0.7091346153846154 0.7596153846153846 0.7283653846153846 0.7596153846153846 0.7283653846153846 0.8485576923076923 0.7091346153846154 0.8485576923076923
23 0.6225961538461539 0.7596153846153846 0.6394230769230769 0.7596153846153846 0.6394230769230769 0.8485576923076923 0.6225961538461539 0.8485576923076923
23 0.6442307692307693 0.7596153846153846 0.6610576923076923 0.7596153846153846 0.6610576923076923 0.8485576923076923 0.6442307692307693 0.8485576923076923
23 0.6682692307692307 0.7596153846153846 0.6826923076923077 0.7596153846153846 0.6826923076923077 0.8485576923076923 0.6682692307692307 0.8485576923076923
23 0.6875 0.7596153846153846 0.7043269230769231 0.7596153846153846 0.7043269230769231 0.8485576923076923 0.6875 0.8485576923076923
23 0.8461538461538461 0.6442307692307693 0.8581730769230769 0.6442307692307693 0.8581730769230769 0.7067307692307693 0.8461538461538461 0.7067307692307693
23 0.8028846153846154 0.6442307692307693 0.8125 0.6442307692307693 0.8125 0.7067307692307693 0.8028846153846154 0.7067307692307693
23 0.8173076923076923 0.6442307692307693 0.8269230769230769 0.6442307692307693 0.8269230769230769 0.7067307692307693 0.8173076923076923 0.7067307692307693
23 0.8317307692307693 0.6442307692307693 0.84375 0.6442307692307693 0.84375 0.7067307692307693 0.8317307692307693 0.7067307692307693
23 0.8461538461538461 0.7908653846153846 0.8557692307692307 0.7908653846153846 0.8557692307692307 0.8413461538461539 0.8461538461538461 0.8413461538461539
23 0.8052884615384616 0.7908653846153846 0.8149038461538461 0.7908653846153846 0.8149038461538461 0.8413461538461539 0.8052884615384616 0.8413461538461539
23 0.8197115384615384 0.7908653846153846 0.8269230769230769 0.7908653846153846 0.8269230769230769 0.8413461538461539 0.8197115384615384 0.8413461538461539
23 0.8317307692307693 0.7908653846153846 0.8413461538461539 0.7908653846153846 0.8413461538461539 0.8413461538461539 0.8317307692307693 0.8413461538461539
4 0.13942307692307693 0.34375 0.2091346153846154 0.34375 0.2091346153846154 0.35336538461538464 0.13942307692307693 0.35336538461538464
4 0.12980769230769232 0.5288461538461539 0.21634615384615385 0.5288461538461539 0.21634615384615385 0.5384615384615384 0.12980769230769232 0.5384615384615384
4 0.10096153846153846 0.71875 0.23798076923076922 0.71875 0.23798076923076922 0.7283653846153846 0.10096153846153846 0.7283653846153846
4 0.35096153846153844 0.7403846153846154 0.47115384615384615 0.7403846153846154 0.47115384615384615 0.75 0.35096153846153844 0.75
4 0.3605769230769231 0.5625 0.46153846153846156 0.5625 0.46153846153846156 0.5721153846153846 0.3605769230769231 0.5721153846153846
4 0.6322115384615384 0.5625 0.71875 0.5625 0.71875 0.5721153846153846 0.6322115384615384 0.5721153846153846
4 0.6105769230769231 0.7379807692307693 0.7427884615384616 0.7379807692307693 0.7427884615384616 0.7475961538461539 0.6105769230769231 0.7475961538461539
4 0.7932692307692307 0.6322115384615384 0.8701923076923077 0.6322115384615384 0.8701923076923077 0.6418269230769231 0.7932692307692307 0.6418269230769231
4 0.8028846153846154 0.7740384615384616 0.8605769230769231 0.7740384615384616 0.8605769230769231 0.7836538461538461 0.8028846153846154 0.7836538461538461
4 0.5024038461538461 0.5625 0.5745192307692307 0.5625 0.5745192307692307 0.5721153846153846 0.5024038461538461 0.5721153846153846
4 0.5192307692307693 0.3629807692307692 0.5600961538461539 0.3629807692307692 0.5600961538461539 0.37259615384615385 0.5192307692307693 0.37259615384615385
19 0.2548076923076923 0.2980769230769231 0.9278846153846154 0.2980769230769231 0.9278846153846154 0.5673076923076923 0.2548076923076923 0.5673076923076923
9 0.5168269230769231 0.7860576923076923 0.5576923076923077 0.7860576923076923 0.5576923076923077 0.9399038461538461 0.5168269230769231 0.9399038461538461
27 0.5240384615384616 0.8076923076923077 0.5504807692307693 0.8076923076923077 0.5504807692307693 0.9278846153846154 0.5240384615384616 0.9278846153846154
11 0.040865384615384616 0.49759615384615385 0.9158653846153846 0.49759615384615385 0.9158653846153846 0.71875 0.040865384615384616 0.71875
12 0.040865384615384616 0.4831730769230769 0.7836538461538461 0.4831730769230769 0.7836538461538461 0.5 0.040865384615384616 0.5
12 0.040865384615384616 0.71875 0.9158653846153846 0.71875 0.9158653846153846 0.7331730769230769 0.040865384615384616 0.7331730769230769
15 0.040865384615384616 0.7331730769230769 0.9158653846153846 0.7331730769230769 0.9158653846153846 0.9302884615384616 0.040865384615384616 0.9302884615384616
22 0.040865384615384616 0.2980769230769231 0.7836538461538461 0.2980769230769231 0.7836538461538461 0.4831730769230769 0.040865384615384616 0.4831730769230769
2 0.03365384615384615 0.09615384615384616 0.9278846153846154 0.09615384615384616 0.9278846153846154 0.9423076923076923 0.03365384615384615 0.9423076923076923
10 0.040865384615384616 0.4855769230769231 0.9086538461538461 0.4855769230769231 0.9086538461538461 0.9399038461538461 0.040865384615384616 0.9399038461538461
7 0.2980769230769231 0.8341346153846154 0.5216346153846154 0.8341346153846154 0.5216346153846154 0.9495192307692307 0.2980769230769231 0.9495192307692307