23 0.0889423076923077 0.5721153846153846 0.3245192307692308 0.5721153846153846 0.3245192307692308 0.8389423076923077 0.0889423076923077 0.8389423076923077
23 0.20432692307692307 0.41586538461538464 0.3581730769230769 0.41586538461538464 0.3581730769230769 0.4951923076923077 0.20432692307692307 0.4951923076923077
23 0.6466346153846154 0.3557692307692308 0.8894230769230769 0.3557692307692308 0.8894230769230769 0.46153846153846156 0.6466346153846154 0.46153846153846156
23 0.7043269230769231 0.6754807692307693 0.8870192307692307 0.6754807692307693 0.8870192307692307 0.8365384615384616 0.7043269230769231 0.8365384615384616
8 0.5745192307692307 0.6706730769230769 0.6875 0.6706730769230769 0.6875 0.9447115384615384 0.5745192307692307 0.9447115384615384
8 0.4206730769230769 0.6033653846153846 0.5192307692307693 0.6033653846153846 0.5192307692307693 0.9182692307692307 0.4206730769230769 0.9182692307692307
8 0.3894230769230769 0.5625 0.5168269230769231 0.5625 0.5168269230769231 0.6057692307692307 0.3894230769230769 0.6057692307692307
19 0.0673076923076923 0.002403846153846154 0.9975961538461539 0.002403846153846154 0.9975961538461539 0.36778846153846156 0.0673076923076923 0.36778846153846156
19 0.01201923076923077 0.4951923076923077 0.5288461538461539 0.4951923076923077 0.5288461538461539 0.5504807692307693 0.01201923076923077 0.5504807692307693
22 0.07451923076923077 0.3629807692307692 0.5264423076923077 0.3629807692307692 0.5264423076923077 0.5048076923076923 0.07451923076923077 0.5048076923076923
12 0.07451923076923077 0.5048076923076923 0.5264423076923077 0.5048076923076923 0.5264423076923077 0.5216346153846154 0.07451923076923077 0.5216346153846154
15 0.5264423076923077 0.6490384615384616 0.9783653846153846 0.6490384615384616 0.9783653846153846 0.9471153846153846 0.5264423076923077 0.9471153846153846
12 0.5264423076923077 0.6298076923076923 0.9783653846153846 0.6298076923076923 0.9783653846153846 0.6490384615384616 0.5264423076923077 0.6490384615384616
22 0.5264423076923077 0.33413461538461536 0.9783653846153846 0.33413461538461536 0.9783653846153846 0.6298076923076923 0.5264423076923077 0.6298076923076923
15 0.016826923076923076 0.5216346153846154 0.5240384615384616 0.5216346153846154 0.5240384615384616 0.9134615384615384 0.016826923076923076 0.9134615384615384
10 0.004807692307692308 0.002403846153846154 0.9975961538461539 0.002403846153846154 0.9975961538461539 0.9471153846153846 0.004807692307692308 0.9471153846153846
10 0.07451923076923077 0.35336538461538464 0.9783653846153846 0.35336538461538464 0.9783653846153846 0.9399038461538461 0.07451923076923077 0.9399038461538461