19 0 0.24759615384615385 1 0.24759615384615385 1 0.3557692307692308 0 0.3557692307692308
23 0.8870192307692307 0.3870192307692308 0.9447115384615384 0.3870192307692308 0.9447115384615384 0.47836538461538464 0.8870192307692307 0.47836538461538464
23 0.052884615384615384 0.38461538461538464 0.11057692307692307 0.38461538461538464 0.11057692307692307 0.47596153846153844 0.052884615384615384 0.47596153846153844
23 0.21394230769230768 0.38461538461538464 0.27163461538461536 0.38461538461538464 0.27163461538461536 0.47596153846153844 0.21394230769230768 0.47596153846153844
23 0.3942307692307692 0.38461538461538464 0.4519230769230769 0.38461538461538464 0.4519230769230769 0.47836538461538464 0.3942307692307692 0.47836538461538464
23 0.5528846153846154 0.38461538461538464 0.6105769230769231 0.38461538461538464 0.6105769230769231 0.47836538461538464 0.5528846153846154 0.47836538461538464
23 0.7331730769230769 0.3870192307692308 0.7908653846153846 0.3870192307692308 0.7908653846153846 0.47836538461538464 0.7331730769230769 0.47836538461538464
23 0.7331730769230769 0.5697115384615384 0.7908653846153846 0.5697115384615384 0.7908653846153846 0.6730769230769231 0.7331730769230769 0.6730769230769231
23 0.39663461538461536 0.5721153846153846 0.4543269230769231 0.5721153846153846 0.4543269230769231 0.6754807692307693 0.39663461538461536 0.6754807692307693
23 0.05048076923076923 0.5697115384615384 0.10817307692307693 0.5697115384615384 0.10817307692307693 0.6730769230769231 0.05048076923076923 0.6730769230769231
23 0.20192307692307693 0.5697115384615384 0.27884615384615385 0.5697115384615384 0.27884615384615385 0.7259615384615384 0.20192307692307693 0.7259615384615384
23 0.5456730769230769 0.5697115384615384 0.6225961538461539 0.5697115384615384 0.6225961538461539 0.7259615384615384 0.5456730769230769 0.7259615384615384
23 0.8846153846153846 0.5673076923076923 0.9615384615384616 0.5673076923076923 0.9615384615384616 0.7235576923076923 0.8846153846153846 0.7235576923076923
21 0.20673076923076922 0.47596153846153844 0.28125 0.47596153846153844 0.28125 0.4879807692307692 0.20673076923076922 0.4879807692307692
21 0.040865384615384616 0.47596153846153844 0.11538461538461539 0.47596153846153844 0.11538461538461539 0.4879807692307692 0.040865384615384616 0.4879807692307692
21 0.04567307692307692 0.6706730769230769 0.11538461538461539 0.6706730769230769 0.11538461538461539 0.6850961538461539 0.04567307692307692 0.6850961538461539
21 0.3894230769230769 0.6730769230769231 0.45913461538461536 0.6730769230769231 0.45913461538461536 0.6875 0.3894230769230769 0.6875
21 0.3894230769230769 0.47836538461538464 0.45913461538461536 0.47836538461538464 0.45913461538461536 0.49038461538461536 0.3894230769230769 0.49038461538461536
21 0.5480769230769231 0.47836538461538464 0.6177884615384616 0.47836538461538464 0.6177884615384616 0.49038461538461536 0.5480769230769231 0.49038461538461536
21 0.7283653846153846 0.47836538461538464 0.7980769230769231 0.47836538461538464 0.7980769230769231 0.49038461538461536 0.7283653846153846 0.49038461538461536
21 0.8822115384615384 0.47836538461538464 0.9519230769230769 0.47836538461538464 0.9519230769230769 0.49038461538461536 0.8822115384615384 0.49038461538461536
21 0.7283653846153846 0.6730769230769231 0.7980769230769231 0.6730769230769231 0.7980769230769231 0.6850961538461539 0.7283653846153846 0.6850961538461539
4 0.04567307692307692 0.375 0.11538461538461539 0.375 0.11538461538461539 0.38461538461538464 0.04567307692307692 0.38461538461538464
4 0.20673076923076922 0.375 0.2764423076923077 0.375 0.2764423076923077 0.38461538461538464 0.20673076923076922 0.38461538461538464
4 0.3894230769230769 0.375 0.45913461538461536 0.375 0.45913461538461536 0.38461538461538464 0.3894230769230769 0.38461538461538464
4 0.5456730769230769 0.375 0.6153846153846154 0.375 0.6153846153846154 0.38461538461538464 0.5456730769230769 0.38461538461538464
4 0.7283653846153846 0.37740384615384615 0.7980769230769231 0.37740384615384615 0.7980769230769231 0.3870192307692308 0.7283653846153846 0.3870192307692308
4 0.8822115384615384 0.37740384615384615 0.9519230769230769 0.37740384615384615 0.9519230769230769 0.3870192307692308 0.8822115384615384 0.3870192307692308
4 0.04567307692307692 0.5600961538461539 0.11538461538461539 0.5600961538461539 0.11538461538461539 0.5697115384615384 0.04567307692307692 0.5697115384615384
4 0.1971153846153846 0.5600961538461539 0.2860576923076923 0.5600961538461539 0.2860576923076923 0.5697115384615384 0.1971153846153846 0.5697115384615384
4 0.3870192307692308 0.5600961538461539 0.4567307692307692 0.5600961538461539 0.4567307692307692 0.5721153846153846 0.3870192307692308 0.5721153846153846
4 0.5408653846153846 0.5600961538461539 0.6298076923076923 0.5600961538461539 0.6298076923076923 0.5721153846153846 0.5408653846153846 0.5721153846153846
4 0.7283653846153846 0.5576923076923077 0.8004807692307693 0.5576923076923077 0.8004807692307693 0.5697115384615384 0.7283653846153846 0.5697115384615384
4 0.8798076923076923 0.5576923076923077 0.96875 0.5576923076923077 0.96875 0.5697115384615384 0.8798076923076923 0.5697115384615384
4 0.49759615384615385 0.7548076923076923 0.6634615384615384 0.7548076923076923 0.6634615384615384 0.7764423076923077 0.49759615384615385 0.7764423076923077
4 0.15144230769230768 0.7548076923076923 0.31971153846153844 0.7548076923076923 0.31971153846153844 0.7764423076923077 0.15144230769230768 0.7764423076923077
4 0.8341346153846154 0.7524038461538461 1 0.7524038461538461 1 0.7740384615384616 0.8341346153846154 0.7740384615384616
4 0.007211538461538462 0.7307692307692307 0.13942307692307693 0.7307692307692307 0.13942307692307693 0.7524038461538461 0.007211538461538462 0.7524038461538461
4 0.35336538461538464 0.7283653846153846 0.4855769230769231 0.7283653846153846 0.4855769230769231 0.75 0.35336538461538464 0.75
4 0.6971153846153846 0.7307692307692307 0.8293269230769231 0.7307692307692307 0.8293269230769231 0.75 0.6971153846153846 0.75
8 0.04807692307692308 0.7836538461538461 0.10096153846153846 0.7836538461538461 0.10096153846153846 0.9350961538461539 0.04807692307692308 0.9350961538461539
23 0.3942307692307692 0.7668269230769231 0.44471153846153844 0.7668269230769231 0.44471153846153844 0.7788461538461539 0.3942307692307692 0.7788461538461539
23 0.7355769230769231 0.7644230769230769 0.7884615384615384 0.7644230769230769 0.7884615384615384 0.7764423076923077 0.7355769230769231 0.7764423076923077
23 0.05048076923076923 0.7668269230769231 0.10096153846153846 0.7668269230769231 0.10096153846153846 0.7788461538461539 0.05048076923076923 0.7788461538461539
8 0.1658653846153846 0.7884615384615384 0.30528846153846156 0.7884615384615384 0.30528846153846156 0.9543269230769231 0.1658653846153846 0.9543269230769231
8 0.3942307692307692 0.7836538461538461 0.44711538461538464 0.7836538461538461 0.44711538461538464 0.9350961538461539 0.3942307692307692 0.9350961538461539
8 0.7355769230769231 0.7836538461538461 0.7884615384615384 0.7836538461538461 0.7884615384615384 0.9326923076923077 0.7355769230769231 0.9326923076923077
8 0.5072115384615384 0.7908653846153846 0.6466346153846154 0.7908653846153846 0.6466346153846154 0.9567307692307693 0.5072115384615384 0.9567307692307693
8 0.8509615384615384 0.7884615384615384 0.9879807692307693 0.7884615384615384 0.9879807692307693 0.9543269230769231 0.8509615384615384 0.9543269230769231
15 0 0.7451923076923077 0.9975961538461539 0.7451923076923077 0.9975961538461539 0.9543269230769231 0 0.9543269230769231
27 0 0.5192307692307693 0.9975961538461539 0.5192307692307693 0.9975961538461539 0.5360576923076923 0 0.5360576923076923
27 0 0.7283653846153846 0.9975961538461539 0.7283653846153846 0.9975961538461539 0.7451923076923077 0 0.7451923076923077
22 0 0.35336538461538464 0.9975961538461539 0.35336538461538464 0.9975961538461539 0.5192307692307693 0 0.5192307692307693
15 0 0.5360576923076923 0.9975961538461539 0.5360576923076923 0.9975961538461539 0.7283653846153846 0 0.7283653846153846
10 0 0.35336538461538464 0.9975961538461539 0.35336538461538464 0.9975961538461539 0.9543269230769231 0 0.9543269230769231
7 0.2692307692307692 0.9014423076923077 0.3918269230769231 0.9014423076923077 0.3918269230769231 1 0.2692307692307692 1
7 0.6850961538461539 0.9038461538461539 0.8461538461538461 0.9038461538461539 0.8461538461538461 1 0.6850961538461539 1