23 0.5384615384615384 0.6586538461538461 0.6105769230769231 0.6586538461538461 0.6105769230769231 0.7259615384615384 0.5384615384615384 0.7259615384615384
23 0.20192307692307693 0.5817307692307693 0.3173076923076923 0.5817307692307693 0.3173076923076923 0.6875 0.20192307692307693 0.6875
23 0.5504807692307693 0.2860576923076923 0.7668269230769231 0.2860576923076923 0.7668269230769231 0.4326923076923077 0.5504807692307693 0.4326923076923077
23 0.1875 0.25961538461538464 0.4326923076923077 0.25961538461538464 0.4326923076923077 0.40625 0.1875 0.40625
1 0.18990384615384615 0.16826923076923078 0.43509615384615385 0.16826923076923078 0.43509615384615385 0.40625 0.18990384615384615 0.40625
1 0.5649038461538461 0.21153846153846154 0.78125 0.21153846153846154 0.78125 0.4326923076923077 0.5649038461538461 0.4326923076923077
1 0.14903846153846154 0.5216346153846154 0.3605769230769231 0.5216346153846154 0.3605769230769231 0.5600961538461539 0.14903846153846154 0.5600961538461539
1 0.3798076923076923 0.5721153846153846 0.53125 0.5721153846153846 0.53125 0.59375 0.3798076923076923 0.59375
1 0.5264423076923077 0.5865384615384616 0.6754807692307693 0.5865384615384616 0.6754807692307693 0.6105769230769231 0.5264423076923077 0.6105769230769231
1 0.6850961538461539 0.5721153846153846 0.8701923076923077 0.5721153846153846 0.8701923076923077 0.6057692307692307 0.6850961538461539 0.6057692307692307
8 0.40384615384615385 0.6490384615384616 0.5216346153846154 0.6490384615384616 0.5216346153846154 0.8677884615384616 0.40384615384615385 0.8677884615384616
23 0.7379807692307693 0.625 0.8076923076923077 0.625 0.8076923076923077 0.7115384615384616 0.7379807692307693 0.7115384615384616
23 0.8774038461538461 0.6057692307692307 0.9302884615384616 0.6057692307692307 0.9302884615384616 0.6730769230769231 0.8774038461538461 0.6730769230769231
19 0 0.3894230769230769 1 0.3894230769230769 1 0.5240384615384616 0 0.5240384615384616
19 0.03125 0.052884615384615384 0.8701923076923077 0.052884615384615384 0.8701923076923077 0.15865384615384615 0.03125 0.15865384615384615
19 0.06009615384615385 0.18990384615384615 0.19230769230769232 0.18990384615384615 0.19230769230769232 0.25240384615384615 0.06009615384615385 0.25240384615384615
19 0.7860576923076923 0.23076923076923078 0.9423076923076923 0.23076923076923078 0.9423076923076923 0.25721153846153844 0.7860576923076923 0.25721153846153844
22 0.12980769230769232 0.15144230769230768 0.8605769230769231 0.15144230769230768 0.8605769230769231 0.46634615384615385 0.12980769230769232 0.46634615384615385
12 0.12980769230769232 0.46875 0.8605769230769231 0.46875 0.8605769230769231 0.4879807692307692 0.12980769230769232 0.4879807692307692
15 0.02403846153846154 0.4855769230769231 0.9759615384615384 0.4855769230769231 0.9759615384615384 0.8846153846153846 0.02403846153846154 0.8846153846153846
10 0.13701923076923078 0.15384615384615385 0.7860576923076923 0.15384615384615385 0.7860576923076923 0.8822115384615384 0.13701923076923078 0.8822115384615384
2 0 0.052884615384615384 1 0.052884615384615384 1 0.9086538461538461 0 0.9086538461538461
25 0.19230769230769232 0.5600961538461539 0.3293269230769231 0.5600961538461539 0.3293269230769231 0.7283653846153846 0.19230769230769232 0.7283653846153846
25 0.71875 0.6009615384615384 0.8293269230769231 0.6009615384615384 0.8293269230769231 0.7596153846153846 0.71875 0.7596153846153846
7 0.75 0.5913461538461539 0.96875 0.5913461538461539 0.96875 0.9182692307692307 0.75 0.9182692307692307
1 0.20192307692307693 0.5985576923076923 0.3173076923076923 0.5985576923076923 0.3173076923076923 0.6899038461538461 0.20192307692307693 0.6899038461538461
1 0.5384615384615384 0.6754807692307693 0.6105769230769231 0.6754807692307693 0.6105769230769231 0.7379807692307693 0.5384615384615384 0.7379807692307693