23 0.3557692307692308 0.2283653846153846 0.37740384615384615 0.2283653846153846 0.37740384615384615 0.24759615384615385 0.3557692307692308 0.24759615384615385
23 0.08413461538461539 0.2283653846153846 0.10336538461538461 0.2283653846153846 0.10336538461538461 0.24759615384615385 0.08413461538461539 0.24759615384615385
23 0.11778846153846154 0.2283653846153846 0.13701923076923078 0.2283653846153846 0.13701923076923078 0.24759615384615385 0.11778846153846154 0.24759615384615385
23 0.16346153846153846 0.2283653846153846 0.18269230769230768 0.2283653846153846 0.18269230769230768 0.24759615384615385 0.16346153846153846 0.24759615384615385
23 0.1971153846153846 0.2283653846153846 0.21634615384615385 0.2283653846153846 0.21634615384615385 0.24759615384615385 0.1971153846153846 0.24759615384615385
23 0.24278846153846154 0.2283653846153846 0.2620192307692308 0.2283653846153846 0.2620192307692308 0.24759615384615385 0.24278846153846154 0.24759615384615385
23 0.27403846153846156 0.2283653846153846 0.2956730769230769 0.2283653846153846 0.2956730769230769 0.24759615384615385 0.27403846153846156 0.24759615384615385
23 0.32211538461538464 0.2283653846153846 0.34375 0.2283653846153846 0.34375 0.24759615384615385 0.32211538461538464 0.24759615384615385
24 0.3485576923076923 0.21875 0.375 0.21875 0.375 0.24759615384615385 0.3485576923076923 0.24759615384615385
24 0.07932692307692307 0.21875 0.10576923076923077 0.21875 0.10576923076923077 0.24759615384615385 0.07932692307692307 0.24759615384615385
24 0.11057692307692307 0.21875 0.13701923076923078 0.21875 0.13701923076923078 0.24759615384615385 0.11057692307692307 0.24759615384615385
24 0.15625 0.21875 0.18269230769230768 0.21875 0.18269230769230768 0.24759615384615385 0.15625 0.24759615384615385
24 0.18990384615384615 0.21875 0.21634615384615385 0.21875 0.21634615384615385 0.24759615384615385 0.18990384615384615 0.24759615384615385
24 0.23557692307692307 0.21875 0.2620192307692308 0.21875 0.2620192307692308 0.24759615384615385 0.23557692307692307 0.24759615384615385
24 0.2692307692307692 0.21875 0.2956730769230769 0.21875 0.2956730769230769 0.24759615384615385 0.2692307692307692 0.24759615384615385
24 0.3173076923076923 0.21875 0.34375 0.21875 0.34375 0.24759615384615385 0.3173076923076923 0.24759615384615385
23 0.5408653846153846 0.21634615384615385 0.5625 0.21634615384615385 0.5625 0.23317307692307693 0.5408653846153846 0.23317307692307693
23 0.43990384615384615 0.21634615384615385 0.46153846153846156 0.21634615384615385 0.46153846153846156 0.23317307692307693 0.43990384615384615 0.23317307692307693
23 0.4735576923076923 0.21634615384615385 0.4951923076923077 0.21634615384615385 0.4951923076923077 0.23317307692307693 0.4735576923076923 0.23317307692307693
23 0.5072115384615384 0.21634615384615385 0.5288461538461539 0.21634615384615385 0.5288461538461539 0.23317307692307693 0.5072115384615384 0.23317307692307693
24 0.5384615384615384 0.20192307692307693 0.5649038461538461 0.20192307692307693 0.5649038461538461 0.23317307692307693 0.5384615384615384 0.23317307692307693
24 0.43509615384615385 0.20192307692307693 0.46153846153846156 0.20192307692307693 0.46153846153846156 0.23317307692307693 0.43509615384615385 0.23317307692307693
24 0.47115384615384615 0.20192307692307693 0.49759615384615385 0.20192307692307693 0.49759615384615385 0.23317307692307693 0.47115384615384615 0.23317307692307693
24 0.5048076923076923 0.20192307692307693 0.53125 0.20192307692307693 0.53125 0.23317307692307693 0.5048076923076923 0.23317307692307693
23 0.8990384615384616 0.23076923076923078 0.9158653846153846 0.23076923076923078 0.9158653846153846 0.24759615384615385 0.8990384615384616 0.24759615384615385
23 0.6225961538461539 0.23076923076923078 0.6442307692307693 0.23076923076923078 0.6442307692307693 0.24759615384615385 0.6225961538461539 0.24759615384615385
23 0.65625 0.23076923076923078 0.6778846153846154 0.23076923076923078 0.6778846153846154 0.24759615384615385 0.65625 0.24759615384615385
23 0.7043269230769231 0.23076923076923078 0.7259615384615384 0.23076923076923078 0.7259615384615384 0.24759615384615385 0.7043269230769231 0.24759615384615385
23 0.7379807692307693 0.23076923076923078 0.7572115384615384 0.23076923076923078 0.7572115384615384 0.24759615384615385 0.7379807692307693 0.24759615384615385
23 0.7860576923076923 0.23076923076923078 0.8052884615384616 0.23076923076923078 0.8052884615384616 0.24759615384615385 0.7860576923076923 0.24759615384615385
23 0.8173076923076923 0.23076923076923078 0.8365384615384616 0.23076923076923078 0.8365384615384616 0.24759615384615385 0.8173076923076923 0.24759615384615385
23 0.8653846153846154 0.23076923076923078 0.8822115384615384 0.23076923076923078 0.8822115384615384 0.24759615384615385 0.8653846153846154 0.24759615384615385
24 0.8990384615384616 0.21875 0.9230769230769231 0.21875 0.9230769230769231 0.24759615384615385 0.8990384615384616 0.24759615384615385
23 0.8653846153846154 0.23076923076923078 0.8822115384615384 0.23076923076923078 0.8822115384615384 0.24759615384615385 0.8653846153846154 0.24759615384615385
24 0.6225961538461539 0.21875 0.6490384615384616 0.21875 0.6490384615384616 0.24759615384615385 0.6225961538461539 0.24759615384615385
24 0.65625 0.21875 0.6826923076923077 0.21875 0.6826923076923077 0.24759615384615385 0.65625 0.24759615384615385
24 0.7043269230769231 0.21875 0.7307692307692307 0.21875 0.7307692307692307 0.24759615384615385 0.7043269230769231 0.24759615384615385
24 0.7379807692307693 0.21875 0.7620192307692307 0.21875 0.7620192307692307 0.24759615384615385 0.7379807692307693 0.24759615384615385
24 0.7836538461538461 0.21875 0.8100961538461539 0.21875 0.8100961538461539 0.24759615384615385 0.7836538461538461 0.24759615384615385
24 0.8173076923076923 0.21875 0.84375 0.21875 0.84375 0.24759615384615385 0.8173076923076923 0.24759615384615385
24 0.8653846153846154 0.21875 0.8894230769230769 0.21875 0.8894230769230769 0.24759615384615385 0.8653846153846154 0.24759615384615385
23 0.3269230769230769 0.7043269230769231 0.375 0.7043269230769231 0.375 0.7379807692307693 0.3269230769230769 0.7379807692307693
23 0.09134615384615384 0.7043269230769231 0.13701923076923078 0.7043269230769231 0.13701923076923078 0.7379807692307693 0.09134615384615384 0.7379807692307693
23 0.17067307692307693 0.7043269230769231 0.21634615384615385 0.7043269230769231 0.21634615384615385 0.7379807692307693 0.17067307692307693 0.7379807692307693
23 0.24759615384615385 0.7043269230769231 0.2956730769230769 0.7043269230769231 0.2956730769230769 0.7379807692307693 0.24759615384615385 0.7379807692307693
24 0.08413461538461539 0.6995192307692307 0.13701923076923078 0.6995192307692307 0.13701923076923078 0.7403846153846154 0.08413461538461539 0.7403846153846154
24 0.32211538461538464 0.6995192307692307 0.375 0.6995192307692307 0.375 0.7403846153846154 0.32211538461538464 0.7403846153846154
24 0.24519230769230768 0.6995192307692307 0.2980769230769231 0.6995192307692307 0.2980769230769231 0.7403846153846154 0.24519230769230768 0.7403846153846154
24 0.16346153846153846 0.6995192307692307 0.21634615384615385 0.6995192307692307 0.21634615384615385 0.7403846153846154 0.16346153846153846 0.7403846153846154
23 0.3245192307692308 0.7644230769230769 0.375 0.7644230769230769 0.375 0.7980769230769231 0.3245192307692308 0.7980769230769231
23 0.09134615384615384 0.7644230769230769 0.13701923076923078 0.7644230769230769 0.13701923076923078 0.7980769230769231 0.09134615384615384 0.7980769230769231
23 0.17067307692307693 0.7644230769230769 0.21634615384615385 0.7644230769230769 0.21634615384615385 0.7980769230769231 0.17067307692307693 0.7980769230769231
23 0.24759615384615385 0.7644230769230769 0.2956730769230769 0.7644230769230769 0.2956730769230769 0.7980769230769231 0.24759615384615385 0.7980769230769231
23 0.8653846153846154 0.7043269230769231 0.9134615384615384 0.7043269230769231 0.9134615384615384 0.7403846153846154 0.8653846153846154 0.7403846153846154
24 0.8653846153846154 0.6995192307692307 0.9158653846153846 0.6995192307692307 0.9158653846153846 0.7403846153846154 0.8653846153846154 0.7403846153846154
23 0.7043269230769231 0.7043269230769231 0.7548076923076923 0.7043269230769231 0.7548076923076923 0.7403846153846154 0.7043269230769231 0.7403846153846154
23 0.7836538461538461 0.7043269230769231 0.8341346153846154 0.7043269230769231 0.8341346153846154 0.7403846153846154 0.7836538461538461 0.7403846153846154
23 0.625 0.7043269230769231 0.6754807692307693 0.7043269230769231 0.6754807692307693 0.7403846153846154 0.625 0.7403846153846154
24 0.625 0.6995192307692307 0.6778846153846154 0.6995192307692307 0.6778846153846154 0.7403846153846154 0.625 0.7403846153846154
24 0.7043269230769231 0.6995192307692307 0.7572115384615384 0.6995192307692307 0.7572115384615384 0.7403846153846154 0.7043269230769231 0.7403846153846154
24 0.7836538461538461 0.6995192307692307 0.8365384615384616 0.6995192307692307 0.8365384615384616 0.7403846153846154 0.7836538461538461 0.7403846153846154
23 0.8653846153846154 0.7644230769230769 0.9134615384615384 0.7644230769230769 0.9134615384615384 0.7980769230769231 0.8653846153846154 0.7980769230769231
23 0.625 0.7644230769230769 0.6754807692307693 0.7644230769230769 0.6754807692307693 0.7980769230769231 0.625 0.7980769230769231
23 0.7043269230769231 0.7644230769230769 0.7524038461538461 0.7644230769230769 0.7524038461538461 0.7980769230769231 0.7043269230769231 0.7980769230769231
23 0.7860576923076923 0.7644230769230769 0.8341346153846154 0.7644230769230769 0.8341346153846154 0.7980769230769231 0.7860576923076923 0.7980769230769231
23 0.8653846153846154 0.38221153846153844 0.9158653846153846 0.38221153846153844 0.9158653846153846 0.41586538461538464 0.8653846153846154 0.41586538461538464
24 0.8653846153846154 0.37740384615384615 0.9182692307692307 0.37740384615384615 0.9182692307692307 0.41586538461538464 0.8653846153846154 0.41586538461538464
23 0.7043269230769231 0.38221153846153844 0.7548076923076923 0.38221153846153844 0.7548076923076923 0.41586538461538464 0.7043269230769231 0.41586538461538464
23 0.7860576923076923 0.38221153846153844 0.8365384615384616 0.38221153846153844 0.8365384615384616 0.41586538461538464 0.7860576923076923 0.41586538461538464
23 0.625 0.38221153846153844 0.6754807692307693 0.38221153846153844 0.6754807692307693 0.41586538461538464 0.625 0.41586538461538464
24 0.625 0.37740384615384615 0.6778846153846154 0.37740384615384615 0.6778846153846154 0.41586538461538464 0.625 0.41586538461538464
24 0.7043269230769231 0.37740384615384615 0.7572115384615384 0.37740384615384615 0.7572115384615384 0.41586538461538464 0.7043269230769231 0.41586538461538464
24 0.7860576923076923 0.37740384615384615 0.8389423076923077 0.37740384615384615 0.8389423076923077 0.41586538461538464 0.7860576923076923 0.41586538461538464
23 0.8653846153846154 0.4423076923076923 0.9158653846153846 0.4423076923076923 0.9158653846153846 0.47115384615384615 0.8653846153846154 0.47115384615384615
23 0.625 0.4423076923076923 0.6754807692307693 0.4423076923076923 0.6754807692307693 0.47115384615384615 0.625 0.47115384615384615
23 0.7043269230769231 0.4423076923076923 0.7548076923076923 0.4423076923076923 0.7548076923076923 0.47115384615384615 0.7043269230769231 0.47115384615384615
23 0.7836538461538461 0.4423076923076923 0.8341346153846154 0.4423076923076923 0.8341346153846154 0.47115384615384615 0.7836538461538461 0.47115384615384615
23 0.3269230769230769 0.38221153846153844 0.375 0.38221153846153844 0.375 0.41586538461538464 0.3269230769230769 0.41586538461538464
23 0.09134615384615384 0.38221153846153844 0.13701923076923078 0.38221153846153844 0.13701923076923078 0.41586538461538464 0.09134615384615384 0.41586538461538464
23 0.17067307692307693 0.38221153846153844 0.21634615384615385 0.38221153846153844 0.21634615384615385 0.41586538461538464 0.17067307692307693 0.41586538461538464
23 0.24759615384615385 0.38221153846153844 0.2956730769230769 0.38221153846153844 0.2956730769230769 0.41586538461538464 0.24759615384615385 0.41586538461538464
24 0.08413461538461539 0.37740384615384615 0.13701923076923078 0.37740384615384615 0.13701923076923078 0.4182692307692308 0.08413461538461539 0.4182692307692308
24 0.32211538461538464 0.37740384615384615 0.375 0.37740384615384615 0.375 0.4182692307692308 0.32211538461538464 0.4182692307692308
24 0.24519230769230768 0.37740384615384615 0.2980769230769231 0.37740384615384615 0.2980769230769231 0.4182692307692308 0.24519230769230768 0.4182692307692308
24 0.16346153846153846 0.37740384615384615 0.21634615384615385 0.37740384615384615 0.21634615384615385 0.4182692307692308 0.16346153846153846 0.4182692307692308
23 0.3245192307692308 0.4423076923076923 0.375 0.4423076923076923 0.375 0.47115384615384615 0.3245192307692308 0.47115384615384615
23 0.09134615384615384 0.4423076923076923 0.13701923076923078 0.4423076923076923 0.13701923076923078 0.47115384615384615 0.09134615384615384 0.47115384615384615
23 0.17067307692307693 0.4423076923076923 0.21634615384615385 0.4423076923076923 0.21634615384615385 0.47115384615384615 0.17067307692307693 0.47115384615384615
23 0.24759615384615385 0.4423076923076923 0.2956730769230769 0.4423076923076923 0.2956730769230769 0.47115384615384615 0.24759615384615385 0.47115384615384615
23 0.3269230769230769 0.5721153846153846 0.375 0.5721153846153846 0.375 0.6081730769230769 0.3269230769230769 0.6081730769230769
23 0.09134615384615384 0.5721153846153846 0.13701923076923078 0.5721153846153846 0.13701923076923078 0.6081730769230769 0.09134615384615384 0.6081730769230769
23 0.17067307692307693 0.5721153846153846 0.21634615384615385 0.5721153846153846 0.21634615384615385 0.6081730769230769 0.17067307692307693 0.6081730769230769
23 0.24759615384615385 0.5721153846153846 0.2956730769230769 0.5721153846153846 0.2956730769230769 0.6081730769230769 0.24759615384615385 0.6081730769230769
24 0.08413461538461539 0.5673076923076923 0.13701923076923078 0.5673076923076923 0.13701923076923078 0.6081730769230769 0.08413461538461539 0.6081730769230769
24 0.32211538461538464 0.5673076923076923 0.375 0.5673076923076923 0.375 0.6081730769230769 0.32211538461538464 0.6081730769230769
24 0.24519230769230768 0.5673076923076923 0.2980769230769231 0.5673076923076923 0.2980769230769231 0.6081730769230769 0.24519230769230768 0.6081730769230769
24 0.16346153846153846 0.5673076923076923 0.21634615384615385 0.5673076923076923 0.21634615384615385 0.6081730769230769 0.16346153846153846 0.6081730769230769
23 0.3245192307692308 0.6322115384615384 0.375 0.6322115384615384 0.375 0.6634615384615384 0.3245192307692308 0.6634615384615384
23 0.09134615384615384 0.6322115384615384 0.13701923076923078 0.6322115384615384 0.13701923076923078 0.6634615384615384 0.09134615384615384 0.6634615384615384
23 0.17067307692307693 0.6322115384615384 0.21634615384615385 0.6322115384615384 0.21634615384615385 0.6634615384615384 0.17067307692307693 0.6634615384615384
23 0.24759615384615385 0.6322115384615384 0.2956730769230769 0.6322115384615384 0.2956730769230769 0.6634615384615384 0.24759615384615385 0.6634615384615384
23 0.8653846153846154 0.5697115384615384 0.9134615384615384 0.5697115384615384 0.9134615384615384 0.6057692307692307 0.8653846153846154 0.6057692307692307
24 0.8653846153846154 0.5649038461538461 0.9158653846153846 0.5649038461538461 0.9158653846153846 0.6057692307692307 0.8653846153846154 0.6057692307692307
23 0.7043269230769231 0.5697115384615384 0.7548076923076923 0.5697115384615384 0.7548076923076923 0.6057692307692307 0.7043269230769231 0.6057692307692307
23 0.7836538461538461 0.5697115384615384 0.8341346153846154 0.5697115384615384 0.8341346153846154 0.6057692307692307 0.7836538461538461 0.6057692307692307
23 0.625 0.5697115384615384 0.6754807692307693 0.5697115384615384 0.6754807692307693 0.6057692307692307 0.625 0.6057692307692307
24 0.625 0.5649038461538461 0.6778846153846154 0.5649038461538461 0.6778846153846154 0.6057692307692307 0.625 0.6057692307692307
24 0.7043269230769231 0.5649038461538461 0.7572115384615384 0.5649038461538461 0.7572115384615384 0.6057692307692307 0.7043269230769231 0.6057692307692307
24 0.7836538461538461 0.5649038461538461 0.8365384615384616 0.5649038461538461 0.8365384615384616 0.6057692307692307 0.7836538461538461 0.6057692307692307
23 0.8653846153846154 0.6322115384615384 0.9134615384615384 0.6322115384615384 0.9134615384615384 0.6634615384615384 0.8653846153846154 0.6634615384615384
23 0.625 0.6322115384615384 0.6754807692307693 0.6322115384615384 0.6754807692307693 0.6634615384615384 0.625 0.6634615384615384
23 0.7019230769230769 0.6322115384615384 0.7524038461538461 0.6322115384615384 0.7524038461538461 0.6634615384615384 0.7019230769230769 0.6634615384615384
23 0.7836538461538461 0.6322115384615384 0.8341346153846154 0.6322115384615384 0.8341346153846154 0.6634615384615384 0.7836538461538461 0.6634615384615384
8 0.4639423076923077 0.9182692307692307 0.5360576923076923 0.9182692307692307 0.5360576923076923 0.9543269230769231 0.4639423076923077 0.9543269230769231
8 0.8798076923076923 0.9158653846153846 0.9086538461538461 0.9158653846153846 0.9086538461538461 0.9543269230769231 0.8798076923076923 0.9543269230769231
14 0.8004807692307693 0.9182692307692307 0.8100961538461539 0.9182692307692307 0.8100961538461539 0.9471153846153846 0.8004807692307693 0.9471153846153846
8 0.7980769230769231 0.9158653846153846 0.8269230769230769 0.9158653846153846 0.8269230769230769 0.9543269230769231 0.7980769230769231 0.9543269230769231
14 0.8149038461538461 0.9182692307692307 0.8245192307692307 0.9182692307692307 0.8245192307692307 0.9471153846153846 0.8149038461538461 0.9471153846153846
14 0.8966346153846154 0.9182692307692307 0.90625 0.9182692307692307 0.90625 0.9471153846153846 0.8966346153846154 0.9471153846153846
14 0.8822115384615384 0.9182692307692307 0.8918269230769231 0.9182692307692307 0.8918269230769231 0.9471153846153846 0.8822115384615384 0.9471153846153846
14 0.7163461538461539 0.9158653846153846 0.7451923076923077 0.9158653846153846 0.7451923076923077 0.9471153846153846 0.7163461538461539 0.9471153846153846
14 0.6995192307692307 0.9158653846153846 0.7139423076923077 0.9158653846153846 0.7139423076923077 0.9471153846153846 0.6995192307692307 0.9471153846153846
14 0.75 0.9158653846153846 0.7548076923076923 0.9158653846153846 0.7548076923076923 0.9471153846153846 0.75 0.9471153846153846
14 0.7788461538461539 0.9158653846153846 0.7956730769230769 0.9158653846153846 0.7956730769230769 0.9471153846153846 0.7788461538461539 0.9471153846153846
14 0.8605769230769231 0.9158653846153846 0.875 0.9158653846153846 0.875 0.9471153846153846 0.8605769230769231 0.9471153846153846
20 0.6201923076923077 0.90625 0.6754807692307693 0.90625 0.6754807692307693 0.9134615384615384 0.6201923076923077 0.9134615384615384
20 0.6995192307692307 0.90625 0.7524038461538461 0.90625 0.7524038461538461 0.9134615384615384 0.6995192307692307 0.9134615384615384
14 0.6730769230769231 0.9158653846153846 0.6754807692307693 0.9158653846153846 0.6754807692307693 0.9447115384615384 0.6730769230769231 0.9447115384615384
23 0.5048076923076923 0.7596153846153846 0.5264423076923077 0.7596153846153846 0.5264423076923077 0.7956730769230769 0.5048076923076923 0.7956730769230769
23 0.5384615384615384 0.7596153846153846 0.5576923076923077 0.7596153846153846 0.5576923076923077 0.7932692307692307 0.5384615384615384 0.7932692307692307
23 0.5048076923076923 0.6995192307692307 0.5288461538461539 0.6995192307692307 0.5288461538461539 0.7307692307692307 0.5048076923076923 0.7307692307692307
23 0.4423076923076923 0.7596153846153846 0.46153846153846156 0.7596153846153846 0.46153846153846156 0.7932692307692307 0.4423076923076923 0.7932692307692307
23 0.5048076923076923 0.6201923076923077 0.5264423076923077 0.6201923076923077 0.5264423076923077 0.65625 0.5048076923076923 0.65625
23 0.5384615384615384 0.6225961538461539 0.5576923076923077 0.6225961538461539 0.5576923076923077 0.65625 0.5384615384615384 0.65625
23 0.4735576923076923 0.6201923076923077 0.49278846153846156 0.6201923076923077 0.49278846153846156 0.65625 0.4735576923076923 0.65625
23 0.4423076923076923 0.6225961538461539 0.46153846153846156 0.6225961538461539 0.46153846153846156 0.65625 0.4423076923076923 0.65625
0 0.40865384615384615 0.4206730769230769 0.59375 0.4206730769230769 0.59375 0.47115384615384615 0.40865384615384615 0.47115384615384615
23 0.4735576923076923 0.375 0.49759615384615385 0.375 0.49759615384615385 0.40384615384615385 0.4735576923076923 0.40384615384615385
23 0.47596153846153844 0.3317307692307692 0.49759615384615385 0.3317307692307692 0.49759615384615385 0.34134615384615385 0.47596153846153844 0.34134615384615385
23 0.5048076923076923 0.3317307692307692 0.5264423076923077 0.3317307692307692 0.5264423076923077 0.34134615384615385 0.5048076923076923 0.34134615384615385
23 0.5048076923076923 0.375 0.5264423076923077 0.375 0.5264423076923077 0.40384615384615385 0.5048076923076923 0.40384615384615385
23 0.53125 0.375 0.5552884615384616 0.375 0.5552884615384616 0.40384615384615385 0.53125 0.40384615384615385
23 0.44711538461538464 0.375 0.46875 0.375 0.46875 0.40384615384615385 0.44711538461538464 0.40384615384615385
23 0.8894230769230769 0.3389423076923077 0.9086538461538461 0.3389423076923077 0.9086538461538461 0.35096153846153844 0.8894230769230769 0.35096153846153844
23 0.8100961538461539 0.3389423076923077 0.8317307692307693 0.3389423076923077 0.8317307692307693 0.35096153846153844 0.8100961538461539 0.35096153846153844
23 0.6538461538461539 0.3389423076923077 0.6754807692307693 0.3389423076923077 0.6754807692307693 0.35096153846153844 0.6538461538461539 0.35096153846153844
23 0.7331730769230769 0.3389423076923077 0.7548076923076923 0.3389423076923077 0.7548076923076923 0.35096153846153844 0.7331730769230769 0.35096153846153844
23 0.6274038461538461 0.3389423076923077 0.6466346153846154 0.3389423076923077 0.6466346153846154 0.35096153846153844 0.6274038461538461 0.35096153846153844
23 0.7067307692307693 0.3389423076923077 0.7259615384615384 0.3389423076923077 0.7259615384615384 0.35096153846153844 0.7067307692307693 0.35096153846153844
23 0.7860576923076923 0.3389423076923077 0.8028846153846154 0.3389423076923077 0.8028846153846154 0.35096153846153844 0.7860576923076923 0.35096153846153844
23 0.8653846153846154 0.3389423076923077 0.8798076923076923 0.3389423076923077 0.8798076923076923 0.35096153846153844 0.8653846153846154 0.35096153846153844
23 0.09134615384615384 0.34134615384615385 0.11298076923076923 0.34134615384615385 0.11298076923076923 0.35336538461538464 0.09134615384615384 0.35336538461538464
23 0.1201923076923077 0.34134615384615385 0.1346153846153846 0.34134615384615385 0.1346153846153846 0.35336538461538464 0.1201923076923077 0.35336538461538464
23 0.17067307692307693 0.34134615384615385 0.19230769230769232 0.34134615384615385 0.19230769230769232 0.35336538461538464 0.17067307692307693 0.35336538461538464
23 0.19951923076923078 0.34134615384615385 0.21634615384615385 0.34134615384615385 0.21634615384615385 0.35336538461538464 0.19951923076923078 0.35336538461538464
23 0.24759615384615385 0.34134615384615385 0.2692307692307692 0.34134615384615385 0.2692307692307692 0.35336538461538464 0.24759615384615385 0.35336538461538464
23 0.3557692307692308 0.34134615384615385 0.375 0.34134615384615385 0.375 0.35336538461538464 0.3557692307692308 0.35336538461538464
23 0.2764423076923077 0.34134615384615385 0.2956730769230769 0.34134615384615385 0.2956730769230769 0.35336538461538464 0.2764423076923077 0.35336538461538464
23 0.3269230769230769 0.34134615384615385 0.34615384615384615 0.34134615384615385 0.34615384615384615 0.35336538461538464 0.3269230769230769 0.35336538461538464
23 0.35336538461538464 0.5264423076923077 0.375 0.5264423076923077 0.375 0.5432692307692307 0.35336538461538464 0.5432692307692307
23 0.09134615384615384 0.5264423076923077 0.11298076923076923 0.5264423076923077 0.11298076923076923 0.5432692307692307 0.09134615384615384 0.5432692307692307
23 0.1201923076923077 0.5264423076923077 0.13701923076923078 0.5264423076923077 0.13701923076923078 0.5432692307692307 0.1201923076923077 0.5432692307692307
23 0.17067307692307693 0.5264423076923077 0.19230769230769232 0.5264423076923077 0.19230769230769232 0.5432692307692307 0.17067307692307693 0.5432692307692307
23 0.1971153846153846 0.5264423076923077 0.21634615384615385 0.5264423076923077 0.21634615384615385 0.5432692307692307 0.1971153846153846 0.5432692307692307
23 0.24759615384615385 0.5264423076923077 0.2692307692307692 0.5264423076923077 0.2692307692307692 0.5432692307692307 0.24759615384615385 0.5432692307692307
23 0.2764423076923077 0.5264423076923077 0.2980769230769231 0.5264423076923077 0.2980769230769231 0.5432692307692307 0.2764423076923077 0.5432692307692307
23 0.3269230769230769 0.5264423076923077 0.3485576923076923 0.5264423076923077 0.3485576923076923 0.5432692307692307 0.3269230769230769 0.5432692307692307
23 0.8894230769230769 0.5264423076923077 0.9110576923076923 0.5264423076923077 0.9110576923076923 0.5432692307692307 0.8894230769230769 0.5432692307692307
23 0.5048076923076923 0.5552884615384616 0.5264423076923077 0.5552884615384616 0.5264423076923077 0.5913461538461539 0.5048076923076923 0.5913461538461539
23 0.6514423076923077 0.5264423076923077 0.6730769230769231 0.5264423076923077 0.6730769230769231 0.5432692307692307 0.6514423076923077 0.5432692307692307
23 0.7043269230769231 0.5264423076923077 0.7235576923076923 0.5264423076923077 0.7235576923076923 0.5432692307692307 0.7043269230769231 0.5432692307692307
23 0.7307692307692307 0.5264423076923077 0.7524038461538461 0.5264423076923077 0.7524038461538461 0.5432692307692307 0.7307692307692307 0.5432692307692307
23 0.7860576923076923 0.5264423076923077 0.8052884615384616 0.5264423076923077 0.8052884615384616 0.5432692307692307 0.7860576923076923 0.5432692307692307
23 0.8125 0.5264423076923077 0.8317307692307693 0.5264423076923077 0.8317307692307693 0.5432692307692307 0.8125 0.5432692307692307
23 0.8653846153846154 0.5264423076923077 0.8822115384615384 0.5264423076923077 0.8822115384615384 0.5432692307692307 0.8653846153846154 0.5432692307692307
8 0.6370192307692307 0.9158653846153846 0.6658653846153846 0.9158653846153846 0.6658653846153846 0.9543269230769231 0.6370192307692307 0.9543269230769231
14 0.1778846153846154 0.9158653846153846 0.1875 0.9158653846153846 0.1875 0.9447115384615384 0.1778846153846154 0.9447115384615384
14 0.12740384615384615 0.9134615384615384 0.14182692307692307 0.9134615384615384 0.14182692307692307 0.9447115384615384 0.12740384615384615 0.9447115384615384
8 0.1778846153846154 0.9134615384615384 0.20432692307692307 0.9134615384615384 0.20432692307692307 0.9519230769230769 0.1778846153846154 0.9519230769230769
14 0.19230769230769232 0.9158653846153846 0.19951923076923078 0.9158653846153846 0.19951923076923078 0.9447115384615384 0.19230769230769232 0.9447115384615384
14 0.36538461538461536 0.9134615384615384 0.3798076923076923 0.9134615384615384 0.3798076923076923 0.9447115384615384 0.36538461538461536 0.9447115384615384
14 0.17307692307692307 0.9158653846153846 0.17548076923076922 0.9158653846153846 0.17548076923076922 0.9447115384615384 0.17307692307692307 0.9447115384615384
14 0.20673076923076922 0.9158653846153846 0.22115384615384615 0.9158653846153846 0.22115384615384615 0.9447115384615384 0.20673076923076922 0.9447115384615384
14 0.25721153846153844 0.9134615384615384 0.28365384615384615 0.9134615384615384 0.28365384615384615 0.9447115384615384 0.25721153846153844 0.9447115384615384
14 0.24759615384615385 0.9134615384615384 0.25240384615384615 0.9134615384615384 0.25240384615384615 0.9447115384615384 0.24759615384615385 0.9447115384615384
14 0.28846153846153844 0.9134615384615384 0.30288461538461536 0.9134615384615384 0.30288461538461536 0.9447115384615384 0.28846153846153844 0.9447115384615384
14 0.3269230769230769 0.9134615384615384 0.33413461538461536 0.9134615384615384 0.33413461538461536 0.9447115384615384 0.3269230769230769 0.9447115384615384
14 0.33413461538461536 0.9134615384615384 0.3629807692307692 0.9134615384615384 0.3629807692307692 0.9447115384615384 0.33413461538461536 0.9447115384615384
14 0.12980769230769232 0.8509615384615384 0.14423076923076922 0.8509615384615384 0.14423076923076922 0.8822115384615384 0.12980769230769232 0.8822115384615384
14 0.33413461538461536 0.8509615384615384 0.3629807692307692 0.8509615384615384 0.3629807692307692 0.8822115384615384 0.33413461538461536 0.8822115384615384
14 0.36538461538461536 0.8509615384615384 0.3798076923076923 0.8509615384615384 0.3798076923076923 0.8822115384615384 0.36538461538461536 0.8822115384615384
14 0.3245192307692308 0.8509615384615384 0.3317307692307692 0.8509615384615384 0.3317307692307692 0.8822115384615384 0.3245192307692308 0.8822115384615384
14 0.2548076923076923 0.8509615384615384 0.28365384615384615 0.8509615384615384 0.28365384615384615 0.8822115384615384 0.2548076923076923 0.8822115384615384
14 0.2860576923076923 0.8509615384615384 0.3004807692307692 0.8509615384615384 0.3004807692307692 0.8822115384615384 0.2860576923076923 0.8822115384615384
14 0.24759615384615385 0.8509615384615384 0.25240384615384615 0.8509615384615384 0.25240384615384615 0.8822115384615384 0.24759615384615385 0.8822115384615384
14 0.17548076923076922 0.8509615384615384 0.20432692307692307 0.8509615384615384 0.20432692307692307 0.8822115384615384 0.17548076923076922 0.8822115384615384
14 0.2091346153846154 0.8509615384615384 0.22355769230769232 0.8509615384615384 0.22355769230769232 0.8822115384615384 0.2091346153846154 0.8822115384615384
14 0.17067307692307693 0.8509615384615384 0.17548076923076922 0.8509615384615384 0.17548076923076922 0.8822115384615384 0.17067307692307693 0.8822115384615384
14 0.09615384615384616 0.8509615384615384 0.125 0.8509615384615384 0.125 0.8822115384615384 0.09615384615384616 0.8822115384615384
14 0.09615384615384616 0.9134615384615384 0.125 0.9134615384615384 0.125 0.9447115384615384 0.09615384615384616 0.9447115384615384
20 0.8774038461538461 0.8293269230769231 0.90625 0.8293269230769231 0.90625 0.8461538461538461 0.8774038461538461 0.8461538461538461
20 0.6370192307692307 0.8317307692307693 0.6658653846153846 0.8317307692307693 0.6658653846153846 0.8461538461538461 0.6370192307692307 0.8461538461538461
20 0.7980769230769231 0.8317307692307693 0.8245192307692307 0.8317307692307693 0.8245192307692307 0.8461538461538461 0.7980769230769231 0.8461538461538461
20 0.71875 0.8317307692307693 0.7451923076923077 0.8317307692307693 0.7451923076923077 0.8461538461538461 0.71875 0.8461538461538461
14 0.8293269230769231 0.9158653846153846 0.8317307692307693 0.9158653846153846 0.8317307692307693 0.9471153846153846 0.8293269230769231 0.9471153846153846
20 0.17548076923076922 0.8293269230769231 0.20432692307692307 0.8293269230769231 0.20432692307692307 0.84375 0.17548076923076922 0.84375
20 0.25721153846153844 0.8293269230769231 0.28365384615384615 0.8293269230769231 0.28365384615384615 0.84375 0.25721153846153844 0.84375
20 0.33653846153846156 0.8293269230769231 0.3629807692307692 0.8293269230769231 0.3629807692307692 0.8461538461538461 0.33653846153846156 0.8461538461538461
20 0.0985576923076923 0.8293269230769231 0.125 0.8293269230769231 0.125 0.84375 0.0985576923076923 0.84375
20 0.17067307692307693 0.90625 0.22115384615384615 0.90625 0.22115384615384615 0.9110576923076923 0.17067307692307693 0.9110576923076923
20 0.24759615384615385 0.90625 0.3004807692307692 0.90625 0.3004807692307692 0.9110576923076923 0.24759615384615385 0.9110576923076923
23 0.3293269230769231 0.31971153846153844 0.34615384615384615 0.31971153846153844 0.34615384615384615 0.3317307692307692 0.3293269230769231 0.3317307692307692
23 0.35336538461538464 0.31971153846153844 0.3701923076923077 0.31971153846153844 0.3701923076923077 0.33413461538461536 0.35336538461538464 0.33413461538461536
24 0.31971153846153844 0.3004807692307692 0.37740384615384615 0.3004807692307692 0.37740384615384615 0.3557692307692308 0.31971153846153844 0.3557692307692308
23 0.09375 0.31971153846153844 0.11298076923076923 0.31971153846153844 0.11298076923076923 0.33413461538461536 0.09375 0.33413461538461536
23 0.1201923076923077 0.31971153846153844 0.1346153846153846 0.31971153846153844 0.1346153846153846 0.33413461538461536 0.1201923076923077 0.33413461538461536
24 0.23798076923076922 0.3004807692307692 0.2956730769230769 0.3004807692307692 0.2956730769230769 0.3557692307692308 0.23798076923076922 0.3557692307692308
24 0.15865384615384615 0.3004807692307692 0.21634615384615385 0.3004807692307692 0.21634615384615385 0.3557692307692308 0.15865384615384615 0.3557692307692308
24 0.07932692307692307 0.3004807692307692 0.13701923076923078 0.3004807692307692 0.13701923076923078 0.3557692307692308 0.07932692307692307 0.3557692307692308
23 0.3269230769230769 0.5072115384615384 0.34615384615384615 0.5072115384615384 0.34615384615384615 0.5216346153846154 0.3269230769230769 0.5216346153846154
23 0.1971153846153846 0.31971153846153844 0.21394230769230768 0.31971153846153844 0.21394230769230768 0.33413461538461536 0.1971153846153846 0.33413461538461536
23 0.25 0.31971153846153844 0.2692307692307692 0.31971153846153844 0.2692307692307692 0.33413461538461536 0.25 0.33413461538461536
23 0.35336538461538464 0.5072115384615384 0.3701923076923077 0.5072115384615384 0.3701923076923077 0.5216346153846154 0.35336538461538464 0.5216346153846154
24 0.8653846153846154 0.3004807692307692 0.9206730769230769 0.3004807692307692 0.9206730769230769 0.3557692307692308 0.8653846153846154 0.3557692307692308
23 0.8653846153846154 0.31971153846153844 0.8822115384615384 0.31971153846153844 0.8822115384615384 0.33413461538461536 0.8653846153846154 0.33413461538461536
23 0.8870192307692307 0.31971153846153844 0.90625 0.31971153846153844 0.90625 0.3317307692307692 0.8870192307692307 0.3317307692307692
24 0.8653846153846154 0.4951923076923077 0.9206730769230769 0.4951923076923077 0.9206730769230769 0.5480769230769231 0.8653846153846154 0.5480769230769231
24 0.7043269230769231 0.3004807692307692 0.7620192307692307 0.3004807692307692 0.7620192307692307 0.3557692307692308 0.7043269230769231 0.3557692307692308
24 0.7836538461538461 0.3004807692307692 0.8413461538461539 0.3004807692307692 0.8413461538461539 0.3557692307692308 0.7836538461538461 0.3557692307692308
23 0.8653846153846154 0.5072115384615384 0.8822115384615384 0.5072115384615384 0.8822115384615384 0.5216346153846154 0.8653846153846154 0.5216346153846154
23 0.8918269230769231 0.5072115384615384 0.9110576923076923 0.5072115384615384 0.9110576923076923 0.5216346153846154 0.8918269230769231 0.5216346153846154
23 0.7067307692307693 0.31971153846153844 0.7235576923076923 0.31971153846153844 0.7235576923076923 0.3317307692307692 0.7067307692307693 0.3317307692307692
23 0.7307692307692307 0.31971153846153844 0.75 0.31971153846153844 0.75 0.3317307692307692 0.7307692307692307 0.3317307692307692
23 0.7860576923076923 0.31971153846153844 0.8028846153846154 0.31971153846153844 0.8028846153846154 0.3317307692307692 0.7860576923076923 0.3317307692307692
23 0.8100961538461539 0.31971153846153844 0.8293269230769231 0.31971153846153844 0.8293269230769231 0.3317307692307692 0.8100961538461539 0.3317307692307692
24 0.08173076923076923 0.4951923076923077 0.13701923076923078 0.4951923076923077 0.13701923076923078 0.5480769230769231 0.08173076923076923 0.5480769230769231
24 0.16105769230769232 0.4951923076923077 0.21634615384615385 0.4951923076923077 0.21634615384615385 0.5480769230769231 0.16105769230769232 0.5480769230769231
24 0.2403846153846154 0.4951923076923077 0.2956730769230769 0.4951923076923077 0.2956730769230769 0.5480769230769231 0.2403846153846154 0.5480769230769231
23 0.17307692307692307 0.31971153846153844 0.19230769230769232 0.31971153846153844 0.19230769230769232 0.33413461538461536 0.17307692307692307 0.33413461538461536
23 0.2764423076923077 0.31971153846153844 0.29086538461538464 0.31971153846153844 0.29086538461538464 0.33413461538461536 0.2764423076923077 0.33413461538461536
23 0.09134615384615384 0.5096153846153846 0.11057692307692307 0.5096153846153846 0.11057692307692307 0.5216346153846154 0.09134615384615384 0.5216346153846154
23 0.11778846153846154 0.5096153846153846 0.1346153846153846 0.5096153846153846 0.1346153846153846 0.5216346153846154 0.11778846153846154 0.5216346153846154
23 0.17067307692307693 0.5072115384615384 0.18990384615384615 0.5072115384615384 0.18990384615384615 0.5216346153846154 0.17067307692307693 0.5216346153846154
23 0.1971153846153846 0.5072115384615384 0.21394230769230768 0.5072115384615384 0.21394230769230768 0.5216346153846154 0.1971153846153846 0.5216346153846154
23 0.25 0.5072115384615384 0.2668269230769231 0.5072115384615384 0.2668269230769231 0.5216346153846154 0.25 0.5216346153846154
23 0.2764423076923077 0.5072115384615384 0.29086538461538464 0.5072115384615384 0.29086538461538464 0.5216346153846154 0.2764423076923077 0.5216346153846154
24 0.31971153846153844 0.4951923076923077 0.37740384615384615 0.4951923076923077 0.37740384615384615 0.5480769230769231 0.31971153846153844 0.5480769230769231
24 0.625 0.3004807692307692 0.6802884615384616 0.3004807692307692 0.6802884615384616 0.3557692307692308 0.625 0.3557692307692308
23 0.6298076923076923 0.31971153846153844 0.6466346153846154 0.31971153846153844 0.6466346153846154 0.3317307692307692 0.6298076923076923 0.3317307692307692
23 0.6538461538461539 0.31971153846153844 0.6730769230769231 0.31971153846153844 0.6730769230769231 0.3317307692307692 0.6538461538461539 0.3317307692307692
24 0.6225961538461539 0.4951923076923077 0.6802884615384616 0.4951923076923077 0.6802884615384616 0.5480769230769231 0.6225961538461539 0.5480769230769231
24 0.7043269230769231 0.4951923076923077 0.7596153846153846 0.4951923076923077 0.7596153846153846 0.5480769230769231 0.7043269230769231 0.5480769230769231
24 0.7836538461538461 0.4951923076923077 0.8413461538461539 0.4951923076923077 0.8413461538461539 0.5480769230769231 0.7836538461538461 0.5480769230769231
23 0.6274038461538461 0.5072115384615384 0.6442307692307693 0.5072115384615384 0.6442307692307693 0.5216346153846154 0.6274038461538461 0.5216346153846154
23 0.6538461538461539 0.5072115384615384 0.6730769230769231 0.5072115384615384 0.6730769230769231 0.5216346153846154 0.6538461538461539 0.5216346153846154
23 0.7043269230769231 0.5072115384615384 0.7235576923076923 0.5072115384615384 0.7235576923076923 0.5216346153846154 0.7043269230769231 0.5216346153846154
23 0.7307692307692307 0.5072115384615384 0.75 0.5072115384615384 0.75 0.5216346153846154 0.7307692307692307 0.5216346153846154
23 0.7836538461538461 0.5072115384615384 0.8028846153846154 0.5072115384615384 0.8028846153846154 0.5216346153846154 0.7836538461538461 0.5216346153846154
23 0.8100961538461539 0.5072115384615384 0.8293269230769231 0.5072115384615384 0.8293269230769231 0.5216346153846154 0.8100961538461539 0.5216346153846154
23 0.4423076923076923 0.5552884615384616 0.46153846153846156 0.5552884615384616 0.46153846153846156 0.5961538461538461 0.4423076923076923 0.5961538461538461
23 0.4423076923076923 0.5 0.46153846153846156 0.5 0.46153846153846156 0.5336538461538461 0.4423076923076923 0.5336538461538461
23 0.625 0.5264423076923077 0.6466346153846154 0.5264423076923077 0.6466346153846154 0.5432692307692307 0.625 0.5432692307692307
23 0.4735576923076923 0.5552884615384616 0.4951923076923077 0.5552884615384616 0.4951923076923077 0.5913461538461539 0.4735576923076923 0.5913461538461539
23 0.5360576923076923 0.5576923076923077 0.5576923076923077 0.5576923076923077 0.5576923076923077 0.5961538461538461 0.5360576923076923 0.5961538461538461
23 0.5360576923076923 0.5 0.5576923076923077 0.5 0.5576923076923077 0.5336538461538461 0.5360576923076923 0.5336538461538461
23 0.5048076923076923 0.5 0.5264423076923077 0.5 0.5264423076923077 0.5288461538461539 0.5048076923076923 0.5288461538461539
23 0.4735576923076923 0.5 0.4951923076923077 0.5 0.4951923076923077 0.5288461538461539 0.4735576923076923 0.5288461538461539
23 0.4423076923076923 0.6995192307692307 0.4639423076923077 0.6995192307692307 0.4639423076923077 0.7331730769230769 0.4423076923076923 0.7331730769230769
23 0.4735576923076923 0.7596153846153846 0.49278846153846156 0.7596153846153846 0.49278846153846156 0.7956730769230769 0.4735576923076923 0.7956730769230769
23 0.47115384615384615 0.6995192307692307 0.4951923076923077 0.6995192307692307 0.4951923076923077 0.7307692307692307 0.47115384615384615 0.7307692307692307
23 0.5360576923076923 0.6995192307692307 0.5576923076923077 0.6995192307692307 0.5576923076923077 0.7331730769230769 0.5360576923076923 0.7331730769230769
23 0.4423076923076923 0.49038461538461536 0.46153846153846156 0.49038461538461536 0.46153846153846156 0.49759615384615385 0.4423076923076923 0.49759615384615385
23 0.4735576923076923 0.4879807692307692 0.4951923076923077 0.4879807692307692 0.4951923076923077 0.49278846153846156 0.4735576923076923 0.49278846153846156
23 0.5048076923076923 0.4879807692307692 0.5264423076923077 0.4879807692307692 0.5264423076923077 0.49278846153846156 0.5048076923076923 0.49278846153846156
23 0.4423076923076923 0.6899038461538461 0.46153846153846156 0.6899038461538461 0.46153846153846156 0.6971153846153846 0.4423076923076923 0.6971153846153846
23 0.4735576923076923 0.6875 0.4951923076923077 0.6875 0.4951923076923077 0.6947115384615384 0.4735576923076923 0.6947115384615384
23 0.5048076923076923 0.6899038461538461 0.5264423076923077 0.6899038461538461 0.5264423076923077 0.6947115384615384 0.5048076923076923 0.6947115384615384
23 0.5384615384615384 0.6923076923076923 0.5576923076923077 0.6923076923076923 0.5576923076923077 0.6971153846153846 0.5384615384615384 0.6971153846153846
23 0.5360576923076923 0.49278846153846156 0.5576923076923077 0.49278846153846156 0.5576923076923077 0.49759615384615385 0.5360576923076923 0.49759615384615385
14 0.6201923076923077 0.9158653846153846 0.6346153846153846 0.9158653846153846 0.6346153846153846 0.9447115384615384 0.6201923076923077 0.9447115384615384
14 0.6394230769230769 0.8509615384615384 0.6658653846153846 0.8509615384615384 0.6658653846153846 0.8822115384615384 0.6394230769230769 0.8822115384615384
14 0.6201923076923077 0.8509615384615384 0.6346153846153846 0.8509615384615384 0.6346153846153846 0.8822115384615384 0.6201923076923077 0.8822115384615384
14 0.6682692307692307 0.8509615384615384 0.6754807692307693 0.8509615384615384 0.6754807692307693 0.8822115384615384 0.6682692307692307 0.8822115384615384
14 0.7019230769230769 0.8509615384615384 0.7163461538461539 0.8509615384615384 0.7163461538461539 0.8822115384615384 0.7019230769230769 0.8822115384615384
14 0.71875 0.8509615384615384 0.7451923076923077 0.8509615384615384 0.7451923076923077 0.8822115384615384 0.71875 0.8822115384615384
14 0.75 0.8509615384615384 0.7548076923076923 0.8509615384615384 0.7548076923076923 0.8822115384615384 0.75 0.8822115384615384
14 0.7788461538461539 0.8509615384615384 0.7932692307692307 0.8509615384615384 0.7932692307692307 0.8822115384615384 0.7788461538461539 0.8822115384615384
14 0.7980769230769231 0.8509615384615384 0.8245192307692307 0.8509615384615384 0.8245192307692307 0.8822115384615384 0.7980769230769231 0.8822115384615384
14 0.9086538461538461 0.8509615384615384 0.9110576923076923 0.8509615384615384 0.9110576923076923 0.8822115384615384 0.9086538461538461 0.8822115384615384
14 0.8293269230769231 0.8509615384615384 0.8341346153846154 0.8509615384615384 0.8341346153846154 0.8822115384615384 0.8293269230769231 0.8822115384615384
14 0.8605769230769231 0.8509615384615384 0.875 0.8509615384615384 0.875 0.8822115384615384 0.8605769230769231 0.8822115384615384
14 0.8798076923076923 0.8509615384615384 0.9038461538461539 0.8509615384615384 0.9038461538461539 0.8822115384615384 0.8798076923076923 0.8822115384615384
16 0.038461538461538464 0.24759615384615385 0.9663461538461539 0.24759615384615385 0.9663461538461539 0.29086538461538464 0.038461538461538464 0.29086538461538464
16 0.06009615384615385 0.19471153846153846 0.38461538461538464 0.19471153846153846 0.38461538461538464 0.2091346153846154 0.06009615384615385 0.2091346153846154
16 0.40625 0.18028846153846154 0.59375 0.18028846153846154 0.59375 0.19230769230769232 0.40625 0.19230769230769232
16 0.6153846153846154 0.19471153846153846 0.9447115384615384 0.19471153846153846 0.9447115384615384 0.2091346153846154 0.6153846153846154 0.2091346153846154
14 0.4495192307692308 0.8605769230769231 0.4807692307692308 0.8605769230769231 0.4807692307692308 0.90625 0.4495192307692308 0.90625
14 0.4831730769230769 0.8557692307692307 0.5168269230769231 0.8557692307692307 0.5168269230769231 0.90625 0.4831730769230769 0.90625
14 0.5192307692307693 0.8605769230769231 0.5480769230769231 0.8605769230769231 0.5480769230769231 0.90625 0.5192307692307693 0.90625
17 0.6754807692307693 0.8269230769230769 0.7115384615384616 0.8269230769230769 0.7115384615384616 0.9543269230769231 0.6754807692307693 0.9543269230769231
17 0.8341346153846154 0.8269230769230769 0.8701923076923077 0.8269230769230769 0.8701923076923077 0.9543269230769231 0.8341346153846154 0.9543269230769231
17 0.7524038461538461 0.8269230769230769 0.7908653846153846 0.8269230769230769 0.7908653846153846 0.9543269230769231 0.7524038461538461 0.9543269230769231
17 0.2932692307692308 0.8245192307692307 0.3245192307692308 0.8245192307692307 0.3245192307692308 0.9519230769230769 0.2932692307692308 0.9519230769230769
17 0.21153846153846154 0.8245192307692307 0.24519230769230768 0.8245192307692307 0.24519230769230768 0.9519230769230769 0.21153846153846154 0.9519230769230769
17 0.13221153846153846 0.8245192307692307 0.16826923076923078 0.8245192307692307 0.16826923076923078 0.9519230769230769 0.13221153846153846 0.9519230769230769
7 0.06490384615384616 0.8125 0.10096153846153846 0.8125 0.10096153846153846 0.9591346153846154 0.06490384615384616 0.9591346153846154
7 0.026442307692307692 0.9423076923076923 0.05048076923076923 0.9423076923076923 0.05048076923076923 0.9591346153846154 0.026442307692307692 0.9591346153846154
7 0.2283653846153846 0.9350961538461539 0.24519230769230768 0.9350961538461539 0.24519230769230768 0.9591346153846154 0.2283653846153846 0.9591346153846154
7 0.2956730769230769 0.9375 0.31971153846153844 0.9375 0.31971153846153844 0.9615384615384616 0.2956730769230769 0.9615384615384616
7 0.3293269230769231 0.8125 0.3485576923076923 0.8125 0.3485576923076923 0.9591346153846154 0.3293269230769231 0.9591346153846154
7 0.6586538461538461 0.8125 0.6802884615384616 0.8125 0.6802884615384616 0.9615384615384616 0.6586538461538461 0.9615384615384616
7 0.7788461538461539 0.9423076923076923 0.8076923076923077 0.9423076923076923 0.8076923076923077 0.9615384615384616 0.7788461538461539 0.9615384615384616
7 0.8990384615384616 0.8149038461538461 0.9399038461538461 0.8149038461538461 0.9399038461538461 0.9615384615384616 0.8990384615384616 0.9615384615384616
16 0.4206730769230769 0.7932692307692307 0.5793269230769231 0.7932692307692307 0.5793269230769231 0.8149038461538461 0.4206730769230769 0.8149038461538461
12 0.040865384615384616 0.25721153846153844 0.9639423076923077 0.25721153846153844 0.9639423076923077 0.2644230769230769 0.040865384615384616 0.2644230769230769
10 0.040865384615384616 0.15144230769230768 0.9639423076923077 0.15144230769230768 0.9639423076923077 0.9543269230769231 0.040865384615384616 0.9543269230769231
12 0.040865384615384616 0.8076923076923077 0.9639423076923077 0.8076923076923077 0.9639423076923077 0.8149038461538461 0.040865384615384616 0.8149038461538461
12 0.040865384615384616 0.7427884615384616 0.9639423076923077 0.7427884615384616 0.9639423076923077 0.75 0.040865384615384616 0.75
12 0.040865384615384616 0.6754807692307693 0.9639423076923077 0.6754807692307693 0.9639423076923077 0.6826923076923077 0.040865384615384616 0.6826923076923077
12 0.040865384615384616 0.6129807692307693 0.9639423076923077 0.6129807692307693 0.9639423076923077 0.6201923076923077 0.040865384615384616 0.6201923076923077
12 0.040865384615384616 0.47115384615384615 0.9639423076923077 0.47115384615384615 0.9639423076923077 0.47836538461538464 0.040865384615384616 0.47836538461538464
12 0.040865384615384616 0.3629807692307692 0.9639423076923077 0.3629807692307692 0.9639423076923077 0.3701923076923077 0.040865384615384616 0.3701923076923077
12 0.040865384615384616 0.90625 0.9639423076923077 0.90625 0.9639423076923077 0.9134615384615384 0.040865384615384616 0.9134615384615384
15 0.040865384615384616 0.9134615384615384 0.9639423076923077 0.9134615384615384 0.9639423076923077 0.9543269230769231 0.040865384615384616 0.9543269230769231
11 0.040865384615384616 0.8149038461538461 0.9639423076923077 0.8149038461538461 0.9639423076923077 0.90625 0.040865384615384616 0.90625
11 0.040865384615384616 0.75 0.9639423076923077 0.75 0.9639423076923077 0.8076923076923077 0.040865384615384616 0.8076923076923077
11 0.040865384615384616 0.6826923076923077 0.9639423076923077 0.6826923076923077 0.9639423076923077 0.7427884615384616 0.040865384615384616 0.7427884615384616
11 0.040865384615384616 0.6177884615384616 0.9639423076923077 0.6177884615384616 0.9639423076923077 0.6754807692307693 0.040865384615384616 0.6754807692307693
11 0.040865384615384616 0.47836538461538464 0.9639423076923077 0.47836538461538464 0.9639423076923077 0.6129807692307693 0.040865384615384616 0.6129807692307693
11 0.040865384615384616 0.3701923076923077 0.9639423076923077 0.3701923076923077 0.9639423076923077 0.4735576923076923 0.040865384615384616 0.4735576923076923
11 0.040865384615384616 0.2644230769230769 0.9639423076923077 0.2644230769230769 0.9639423076923077 0.3629807692307692 0.040865384615384616 0.3629807692307692
2 0.026442307692307692 0.04326923076923077 0.9783653846153846 0.04326923076923077 0.9783653846153846 0.9543269230769231 0.026442307692307692 0.9543269230769231
11 0.040865384615384616 0.18028846153846154 0.9639423076923077 0.18028846153846154 0.9639423076923077 0.25721153846153844 0.040865384615384616 0.25721153846153844
23 0.4495192307692308 0.3173076923076923 0.46634615384615385 0.3173076923076923 0.46634615384615385 0.3269230769230769 0.4495192307692308 0.3269230769230769
23 0.4735576923076923 0.31009615384615385 0.4951923076923077 0.31009615384615385 0.4951923076923077 0.3269230769230769 0.4735576923076923 0.3269230769230769
23 0.5024038461538461 0.31009615384615385 0.5264423076923077 0.31009615384615385 0.5264423076923077 0.3269230769230769 0.5024038461538461 0.3269230769230769
23 0.53125 0.3173076923076923 0.5480769230769231 0.3173076923076923 0.5480769230769231 0.3269230769230769 0.53125 0.3269230769230769
23 0.53125 0.3317307692307692 0.5528846153846154 0.3317307692307692 0.5528846153846154 0.34134615384615385 0.53125 0.34134615384615385
23 0.44711538461538464 0.3317307692307692 0.46634615384615385 0.3317307692307692 0.46634615384615385 0.34134615384615385 0.44711538461538464 0.34134615384615385
24 0.44471153846153844 0.2956730769230769 0.5576923076923077 0.2956730769230769 0.5576923076923077 0.34375 0.44471153846153844 0.34375