14 0.4423076923076923 0.03125 0.5649038461538461 0.03125 0.5649038461538461 0.06490384615384616 0.4423076923076923 0.06490384615384616
14 0.44471153846153844 0.7836538461538461 0.5649038461538461 0.7836538461538461 0.5649038461538461 0.8581730769230769 0.44471153846153844 0.8581730769230769
14 0.4423076923076923 0.07692307692307693 0.5649038461538461 0.07692307692307693 0.5649038461538461 0.15384615384615385 0.4423076923076923 0.15384615384615385
14 0.4423076923076923 0.1658653846153846 0.5649038461538461 0.1658653846153846 0.5649038461538461 0.24278846153846154 0.4423076923076923 0.24278846153846154
14 0.4423076923076923 0.2548076923076923 0.5649038461538461 0.2548076923076923 0.5649038461538461 0.3317307692307692 0.4423076923076923 0.3317307692307692
14 0.4423076923076923 0.34134615384615385 0.5649038461538461 0.34134615384615385 0.5649038461538461 0.4182692307692308 0.4423076923076923 0.4182692307692308
14 0.4423076923076923 0.5192307692307693 0.5649038461538461 0.5192307692307693 0.5649038461538461 0.5961538461538461 0.4423076923076923 0.5961538461538461
14 0.4423076923076923 0.6081730769230769 0.5649038461538461 0.6081730769230769 0.5649038461538461 0.6826923076923077 0.4423076923076923 0.6826923076923077
14 0.4423076923076923 0.6947115384615384 0.5649038461538461 0.6947115384615384 0.5649038461538461 0.7716346153846154 0.4423076923076923 0.7716346153846154
12 0.44711538461538464 0.14903846153846154 0.5625 0.14903846153846154 0.5625 0.1778846153846154 0.44711538461538464 0.1778846153846154
12 0.44711538461538464 0.2403846153846154 0.5625 0.2403846153846154 0.5625 0.2644230769230769 0.44711538461538464 0.2644230769230769
12 0.44711538461538464 0.3269230769230769 0.5625 0.3269230769230769 0.5625 0.3485576923076923 0.44711538461538464 0.3485576923076923
12 0.44711538461538464 0.41586538461538464 0.5625 0.41586538461538464 0.5625 0.43509615384615385 0.44711538461538464 0.43509615384615385
12 0.44711538461538464 0.5072115384615384 0.5625 0.5072115384615384 0.5625 0.5216346153846154 0.44711538461538464 0.5216346153846154
12 0.44711538461538464 0.5961538461538461 0.5625 0.5961538461538461 0.5625 0.6081730769230769 0.44711538461538464 0.6081730769230769
12 0.44711538461538464 0.6850961538461539 0.5625 0.6850961538461539 0.5625 0.6947115384615384 0.44711538461538464 0.6947115384615384
12 0.44711538461538464 0.7331730769230769 0.5625 0.7331730769230769 0.5625 0.7379807692307693 0.44711538461538464 0.7379807692307693
12 0.44711538461538464 0.8197115384615384 0.5625 0.8197115384615384 0.5625 0.8245192307692307 0.44711538461538464 0.8245192307692307
12 0.44711538461538464 0.7764423076923077 0.5625 0.7764423076923077 0.5625 0.78125 0.44711538461538464 0.78125
12 0.44711538461538464 0.6442307692307693 0.5625 0.6442307692307693 0.5625 0.6538461538461539 0.44711538461538464 0.6538461538461539
12 0.44711538461538464 0.5576923076923077 0.5625 0.5576923076923077 0.5625 0.5697115384615384 0.44711538461538464 0.5697115384615384
14 0.4423076923076923 0.43028846153846156 0.5649038461538461 0.43028846153846156 0.5649038461538461 0.5072115384615384 0.4423076923076923 0.5072115384615384
12 0.44711538461538464 0.46875 0.5625 0.46875 0.5625 0.4855769230769231 0.44711538461538464 0.4855769230769231
12 0.44711538461538464 0.38221153846153844 0.5625 0.38221153846153844 0.5625 0.4014423076923077 0.44711538461538464 0.4014423076923077
12 0.44711538461538464 0.2932692307692308 0.5625 0.2932692307692308 0.5625 0.31490384615384615 0.44711538461538464 0.31490384615384615
12 0.44711538461538464 0.20673076923076922 0.5625 0.20673076923076922 0.5625 0.23076923076923078 0.44711538461538464 0.23076923076923078
12 0.44711538461538464 0.057692307692307696 0.5625 0.057692307692307696 0.5625 0.08653846153846154 0.44711538461538464 0.08653846153846154
12 0.44711538461538464 0.11778846153846154 0.5625 0.11778846153846154 0.5625 0.1466346153846154 0.44711538461538464 0.1466346153846154
11 0.44711538461538464 0.7379807692307693 0.5625 0.7379807692307693 0.5625 0.7764423076923077 0.44711538461538464 0.7764423076923077
11 0.44711538461538464 0.8245192307692307 0.5625 0.8245192307692307 0.5625 0.8677884615384616 0.44711538461538464 0.8677884615384616
11 0.44711538461538464 0.6899038461538461 0.5625 0.6899038461538461 0.5625 0.7355769230769231 0.44711538461538464 0.7355769230769231
11 0.44711538461538464 0.6490384615384616 0.5625 0.6490384615384616 0.5625 0.6899038461538461 0.44711538461538464 0.6899038461538461
11 0.44711538461538464 0.6009615384615384 0.5625 0.6009615384615384 0.5625 0.6514423076923077 0.44711538461538464 0.6514423076923077
11 0.44711538461538464 0.5625 0.5625 0.5625 0.5625 0.6033653846153846 0.44711538461538464 0.6033653846153846
22 0.44711538461538464 0.03125 0.5625 0.03125 0.5625 0.08173076923076923 0.44711538461538464 0.08173076923076923
11 0.44711538461538464 0.5096153846153846 0.5625 0.5096153846153846 0.5625 0.5649038461538461 0.44711538461538464 0.5649038461538461
11 0.44711538461538464 0.4735576923076923 0.5625 0.4735576923076923 0.5625 0.5168269230769231 0.44711538461538464 0.5168269230769231
11 0.44711538461538464 0.4206730769230769 0.5625 0.4206730769230769 0.5625 0.4807692307692308 0.44711538461538464 0.4807692307692308
11 0.44711538461538464 0.3870192307692308 0.5625 0.3870192307692308 0.5625 0.43028846153846156 0.44711538461538464 0.43028846153846156
11 0.44711538461538464 0.3317307692307692 0.5625 0.3317307692307692 0.5625 0.39663461538461536 0.44711538461538464 0.39663461538461536
11 0.44711538461538464 0.2980769230769231 0.5625 0.2980769230769231 0.5625 0.34615384615384615 0.44711538461538464 0.34615384615384615
11 0.44711538461538464 0.24519230769230768 0.5625 0.24519230769230768 0.5625 0.3125 0.44711538461538464 0.3125
11 0.44711538461538464 0.21153846153846154 0.5625 0.21153846153846154 0.5625 0.25961538461538464 0.44711538461538464 0.25961538461538464
11 0.44711538461538464 0.15384615384615385 0.5625 0.15384615384615385 0.5625 0.2283653846153846 0.44711538461538464 0.2283653846153846
11 0.44711538461538464 0.12259615384615384 0.5625 0.12259615384615384 0.5625 0.17307692307692307 0.44711538461538464 0.17307692307692307
11 0.44711538461538464 0.0625 0.5625 0.0625 0.5625 0.14182692307692307 0.44711538461538464 0.14182692307692307
11 0.44711538461538464 0.7788461538461539 0.5625 0.7788461538461539 0.5625 0.8197115384615384 0.44711538461538464 0.8197115384615384
2 0.39663461538461536 0.026442307692307692 0.7764423076923077 0.026442307692307692 0.7764423076923077 0.8653846153846154 0.39663461538461536 0.8653846153846154
10 0.42788461538461536 0.026442307692307692 0.5817307692307693 0.026442307692307692 0.5817307692307693 0.8677884615384616 0.42788461538461536 0.8677884615384616
7 0.17307692307692307 0.7836538461538461 0.6730769230769231 0.7836538461538461 0.6730769230769231 0.8918269230769231 0.17307692307692307 0.8918269230769231
7 0.7475961538461539 0.6826923076923077 1 0.6826923076923077 1 0.9014423076923077 0.7475961538461539 0.9014423076923077
7 0.7019230769230769 0.8461538461538461 0.7259615384615384 0.8461538461538461 0.7259615384615384 0.8822115384615384 0.7019230769230769 0.8822115384615384
7 0.6706730769230769 0.8533653846153846 0.7091346153846154 0.8533653846153846 0.7091346153846154 0.8629807692307693 0.6706730769230769 0.8629807692307693