14 0.6057692307692307 0.6177884615384616 0.7211538461538461 0.6177884615384616 0.7211538461538461 0.8269230769230769 0.6057692307692307 0.8269230769230769
14 0.7259615384615384 0.6153846153846154 0.8341346153846154 0.6153846153846154 0.8341346153846154 0.8221153846153846 0.7259615384615384 0.8221153846153846
14 0.49038461538461536 0.6177884615384616 0.6009615384615384 0.6177884615384616 0.6009615384615384 0.8245192307692307 0.49038461538461536 0.8245192307692307
14 0.21394230769230768 0.40384615384615385 0.4567307692307692 0.40384615384615385 0.4567307692307692 0.4951923076923077 0.21394230769230768 0.4951923076923077
14 0.4879807692307692 0.24278846153846154 0.8317307692307693 0.24278846153846154 0.8317307692307693 0.36778846153846156 0.4879807692307692 0.36778846153846156
14 0.4831730769230769 0.37259615384615385 0.6009615384615384 0.37259615384615385 0.6009615384615384 0.5504807692307693 0.4831730769230769 0.5504807692307693
14 0.7163461538461539 0.37259615384615385 0.8317307692307693 0.37259615384615385 0.8317307692307693 0.5504807692307693 0.7163461538461539 0.5504807692307693
8 0.6057692307692307 0.375 0.7139423076923077 0.375 0.7139423076923077 0.5504807692307693 0.6057692307692307 0.5504807692307693
12 0.4831730769230769 0.5504807692307693 0.8725961538461539 0.5504807692307693 0.8725961538461539 0.5697115384615384 0.4831730769230769 0.5697115384615384
0 0.4855769230769231 0.4639423076923077 0.8701923076923077 0.4639423076923077 0.8701923076923077 0.5480769230769231 0.4855769230769231 0.5480769230769231
12 0.10576923076923077 0.5769230769230769 0.4567307692307692 0.5769230769230769 0.4567307692307692 0.5961538461538461 0.10576923076923077 0.5961538461538461
0 0.10576923076923077 0.4951923076923077 0.4567307692307692 0.4951923076923077 0.4567307692307692 0.5769230769230769 0.10576923076923077 0.5769230769230769
23 0.18509615384615385 0.6466346153846154 0.3894230769230769 0.6466346153846154 0.3894230769230769 0.7596153846153846 0.18509615384615385 0.7596153846153846
8 0.35096153846153844 0.5 0.3942307692307692 0.5 0.3942307692307692 0.5769230769230769 0.35096153846153844 0.5769230769230769
8 0.29086538461538464 0.5 0.33413461538461536 0.5 0.33413461538461536 0.5769230769230769 0.29086538461538464 0.5769230769230769
14 0.21394230769230768 0.5 0.29086538461538464 0.5 0.29086538461538464 0.5817307692307693 0.21394230769230768 0.5817307692307693
14 0.39663461538461536 0.5 0.4567307692307692 0.5 0.4567307692307692 0.5793269230769231 0.39663461538461536 0.5793269230769231
23 0.33413461538461536 0.5 0.35096153846153844 0.5 0.35096153846153844 0.5793269230769231 0.33413461538461536 0.5793269230769231
19 0.14903846153846154 0.10817307692307693 0.9567307692307693 0.10817307692307693 0.9567307692307693 0.5144230769230769 0.14903846153846154 0.5144230769230769
2 0.0889423076923077 0.10817307692307693 0.9567307692307693 0.10817307692307693 0.9567307692307693 0.8341346153846154 0.0889423076923077 0.8341346153846154
10 0.08653846153846154 0.10817307692307693 0.9567307692307693 0.10817307692307693 0.9567307692307693 0.8365384615384616 0.08653846153846154 0.8365384615384616
23 0.4831730769230769 0.1778846153846154 0.8774038461538461 0.1778846153846154 0.8774038461538461 0.5528846153846154 0.4831730769230769 0.5528846153846154