23 0.41346153846153844 0.6153846153846154 0.42788461538461536 0.6153846153846154 0.42788461538461536 0.7115384615384616 0.41346153846153844 0.7115384615384616
23 0.4110576923076923 0.3125 0.43028846153846156 0.3125 0.43028846153846156 0.40625 0.4110576923076923 0.40625
23 0.4375 0.30288461538461536 0.49759615384615385 0.30288461538461536 0.49759615384615385 0.39903846153846156 0.4375 0.39903846153846156
23 0.36538461538461536 0.6153846153846154 0.4014423076923077 0.6153846153846154 0.4014423076923077 0.7211538461538461 0.36538461538461536 0.7211538461538461
23 0.2548076923076923 0.6129807692307693 0.29086538461538464 0.6129807692307693 0.29086538461538464 0.71875 0.2548076923076923 0.71875
23 0.2980769230769231 0.6153846153846154 0.31009615384615385 0.6153846153846154 0.31009615384615385 0.7115384615384616 0.2980769230769231 0.7115384615384616
23 0.20192307692307693 0.4567307692307692 0.21394230769230768 0.4567307692307692 0.21394230769230768 0.5528846153846154 0.20192307692307693 0.5528846153846154
23 0.15625 0.45913461538461536 0.19230769230769232 0.45913461538461536 0.19230769230769232 0.5600961538461539 0.15625 0.5600961538461539
23 0.15625 0.6129807692307693 0.19230769230769232 0.6129807692307693 0.19230769230769232 0.71875 0.15625 0.71875
23 0.20192307692307693 0.6153846153846154 0.21394230769230768 0.6153846153846154 0.21394230769230768 0.7115384615384616 0.20192307692307693 0.7115384615384616
23 0.2980769230769231 0.4567307692307692 0.31009615384615385 0.4567307692307692 0.31009615384615385 0.5528846153846154 0.2980769230769231 0.5528846153846154
23 0.25240384615384615 0.45913461538461536 0.29086538461538464 0.45913461538461536 0.29086538461538464 0.5600961538461539 0.25240384615384615 0.5600961538461539
23 0.53125 0.4567307692307692 0.5432692307692307 0.4567307692307692 0.5432692307692307 0.5504807692307693 0.53125 0.5504807692307693
23 0.47836538461538464 0.45913461538461536 0.5192307692307693 0.45913461538461536 0.5192307692307693 0.5600961538461539 0.47836538461538464 0.5600961538461539
23 0.53125 0.6153846153846154 0.5432692307692307 0.6153846153846154 0.5432692307692307 0.7115384615384616 0.53125 0.7115384615384616
23 0.4807692307692308 0.6153846153846154 0.5192307692307693 0.6153846153846154 0.5192307692307693 0.7211538461538461 0.4807692307692308 0.7211538461538461
23 0.3701923076923077 0.4567307692307692 0.38221153846153844 0.4567307692307692 0.38221153846153844 0.5528846153846154 0.3701923076923077 0.5528846153846154
23 0.3918269230769231 0.45913461538461536 0.43028846153846156 0.45913461538461536 0.43028846153846156 0.5625 0.3918269230769231 0.5625
23 0.59375 0.45913461538461536 0.6322115384615384 0.45913461538461536 0.6322115384615384 0.5600961538461539 0.59375 0.5600961538461539
23 0.6490384615384616 0.4567307692307692 0.6610576923076923 0.4567307692307692 0.6610576923076923 0.5528846153846154 0.6490384615384616 0.5528846153846154
23 0.7091346153846154 0.5 0.7283653846153846 0.5 0.7283653846153846 0.6057692307692307 0.7091346153846154 0.6057692307692307
23 0.7091346153846154 0.3004807692307692 0.7283653846153846 0.3004807692307692 0.7283653846153846 0.4495192307692308 0.7091346153846154 0.4495192307692308
23 0.6225961538461539 0.6129807692307693 0.6586538461538461 0.6129807692307693 0.6586538461538461 0.71875 0.6225961538461539 0.71875
23 0.6009615384615384 0.6153846153846154 0.6129807692307693 0.6153846153846154 0.6129807692307693 0.7115384615384616 0.6009615384615384 0.7115384615384616
23 0.2283653846153846 0.30288461538461536 0.29086538461538464 0.30288461538461536 0.29086538461538464 0.40384615384615385 0.2283653846153846 0.40384615384615385
23 0.20192307692307693 0.2956730769230769 0.21394230769230768 0.2956730769230769 0.21394230769230768 0.3894230769230769 0.20192307692307693 0.3894230769230769
14 0.43509615384615385 0.7788461538461539 0.5504807692307693 0.7788461538461539 0.5504807692307693 0.9423076923076923 0.43509615384615385 0.9423076923076923
8 0.7331730769230769 0.8341346153846154 0.7884615384615384 0.8341346153846154 0.7884615384615384 0.9519230769230769 0.7331730769230769 0.9519230769230769
14 0.15625 0.7740384615384616 0.22355769230769232 0.7740384615384616 0.22355769230769232 0.9399038461538461 0.15625 0.9399038461538461
2 0.125 0.016826923076923076 0.8004807692307693 0.016826923076923076 0.8004807692307693 0.9519230769230769 0.125 0.9519230769230769
10 0.125 0.014423076923076924 0.8028846153846154 0.014423076923076924 0.8028846153846154 0.9543269230769231 0.125 0.9543269230769231