23 0.3629807692307692 0.04807692307692308 0.4519230769230769 0.04807692307692308 0.4519230769230769 0.13221153846153846 0.3629807692307692 0.13221153846153846
24 0.35096153846153844 0.038461538461538464 0.45913461538461536 0.038461538461538464 0.45913461538461536 0.13942307692307693 0.35096153846153844 0.13942307692307693
23 0.6177884615384616 0.7620192307692307 0.7067307692307693 0.7620192307692307 0.7067307692307693 0.875 0.6177884615384616 0.875
23 0.3629807692307692 0.7644230769230769 0.4519230769230769 0.7644230769230769 0.4519230769230769 0.8677884615384616 0.3629807692307692 0.8677884615384616
23 0.4879807692307692 0.7620192307692307 0.5769230769230769 0.7620192307692307 0.5769230769230769 0.875 0.4879807692307692 0.875
24 0.6033653846153846 0.7524038461538461 0.7163461538461539 0.7524038461538461 0.7163461538461539 0.8846153846153846 0.6033653846153846 0.8846153846153846
24 0.34615384615384615 0.7524038461538461 0.45913461538461536 0.7524038461538461 0.45913461538461536 0.8846153846153846 0.34615384615384615 0.8846153846153846
24 0.4735576923076923 0.7524038461538461 0.5889423076923077 0.7524038461538461 0.5889423076923077 0.8870192307692307 0.4735576923076923 0.8870192307692307
23 0.3629807692307692 0.27403846153846156 0.4519230769230769 0.27403846153846156 0.4519230769230769 0.375 0.3629807692307692 0.375
23 0.23557692307692307 0.5144230769230769 0.3245192307692308 0.5144230769230769 0.3245192307692308 0.6177884615384616 0.23557692307692307 0.6177884615384616
23 0.3605769230769231 0.5144230769230769 0.4495192307692308 0.5144230769230769 0.4495192307692308 0.6177884615384616 0.3605769230769231 0.6177884615384616
24 0.3485576923076923 0.25961538461538464 0.4567307692307692 0.25961538461538464 0.4567307692307692 0.38461538461538464 0.3485576923076923 0.38461538461538464
24 0.22115384615384615 0.5024038461538461 0.3317307692307692 0.5024038461538461 0.3317307692307692 0.6274038461538461 0.22115384615384615 0.6274038461538461
24 0.34615384615384615 0.5024038461538461 0.4567307692307692 0.5024038461538461 0.4567307692307692 0.6274038461538461 0.34615384615384615 0.6274038461538461
23 0.4855769230769231 0.038461538461538464 0.5745192307692307 0.038461538461538464 0.5745192307692307 0.1346153846153846 0.4855769230769231 0.1346153846153846
23 0.23798076923076922 0.038461538461538464 0.3269230769230769 0.038461538461538464 0.3269230769230769 0.1346153846153846 0.23798076923076922 0.1346153846153846
24 0.4735576923076923 0.019230769230769232 0.5841346153846154 0.019230769230769232 0.5841346153846154 0.14182692307692307 0.4735576923076923 0.14182692307692307
24 0.22355769230769232 0.019230769230769232 0.33413461538461536 0.019230769230769232 0.33413461538461536 0.14182692307692307 0.22355769230769232 0.14182692307692307
11 0 0 1 0 1 0.24519230769230768 0 0.24519230769230768
12 0 0.24759615384615385 1 0.24759615384615385 1 0.25961538461538464 0 0.25961538461538464
12 0 0.49038461538461536 1 0.49038461538461536 1 0.5024038461538461 0 0.5024038461538461
12 0 0.7403846153846154 1 0.7403846153846154 1 0.7524038461538461 0 0.7524038461538461
11 0 0.75 1 0.75 1 1 0 1
11 0 0.5024038461538461 1 0.5024038461538461 1 0.7403846153846154 0 0.7403846153846154
11 0 0.25961538461538464 1 0.25961538461538464 1 0.4879807692307692 0 0.4879807692307692
25 0.3293269230769231 0.7379807692307693 0.7331730769230769 0.7379807692307693 0.7331730769230769 1 0.3293269230769231 1
25 0.3317307692307692 0.24759615384615385 0.7307692307692307 0.24759615384615385 0.7307692307692307 0.5024038461538461 0.3317307692307692 0.5024038461538461
25 0.20432692307692307 0.49038461538461536 0.6033653846153846 0.49038461538461536 0.6033653846153846 0.7524038461538461 0.20432692307692307 0.7524038461538461
25 0.2091346153846154 0.007211538461538462 0.6009615384615384 0.007211538461538462 0.6009615384615384 0.24519230769230768 0.2091346153846154 0.24519230769230768
10 0 0 1 0 1 1 0 1
2 0 0 1 0 1 1 0 1
23 0.4879807692307692 0.5144230769230769 0.5769230769230769 0.5144230769230769 0.5769230769230769 0.6177884615384616 0.4879807692307692 0.6177884615384616
23 0.6153846153846154 0.27403846153846156 0.7043269230769231 0.27403846153846156 0.7043269230769231 0.375 0.6153846153846154 0.375
23 0.4879807692307692 0.27403846153846156 0.5769230769230769 0.27403846153846156 0.5769230769230769 0.375 0.4879807692307692 0.375
24 0.47596153846153844 0.5024038461538461 0.5841346153846154 0.5024038461538461 0.5841346153846154 0.6274038461538461 0.47596153846153844 0.6274038461538461
24 0.6009615384615384 0.25961538461538464 0.7115384615384616 0.25961538461538464 0.7115384615384616 0.38461538461538464 0.6009615384615384 0.38461538461538464
24 0.47596153846153844 0.25961538461538464 0.5841346153846154 0.25961538461538464 0.5841346153846154 0.38461538461538464 0.47596153846153844 0.38461538461538464