14 0.22355769230769232 0.6754807692307693 0.29086538461538464 0.6754807692307693 0.29086538461538464 0.75 0.22355769230769232 0.75
14 0.7043269230769231 0.5889423076923077 0.8100961538461539 0.5889423076923077 0.8100961538461539 0.6634615384615384 0.7043269230769231 0.6634615384615384
14 0.7043269230769231 0.40865384615384615 0.8100961538461539 0.40865384615384615 0.8100961538461539 0.47836538461538464 0.7043269230769231 0.47836538461538464
14 0.23076923076923078 0.5889423076923077 0.2980769230769231 0.5889423076923077 0.2980769230769231 0.6610576923076923 0.23076923076923078 0.6610576923076923
14 0.7043269230769231 0.6778846153846154 0.8125 0.6778846153846154 0.8125 0.7451923076923077 0.7043269230769231 0.7451923076923077
12 0.18028846153846154 0.6682692307692307 0.8173076923076923 0.6682692307692307 0.8173076923076923 0.6730769230769231 0.18028846153846154 0.6730769230769231
12 0.18028846153846154 0.4735576923076923 0.8173076923076923 0.4735576923076923 0.8173076923076923 0.4807692307692308 0.18028846153846154 0.4807692307692308
12 0.18028846153846154 0.5697115384615384 0.8173076923076923 0.5697115384615384 0.8173076923076923 0.5769230769230769 0.18028846153846154 0.5769230769230769
14 0.7043269230769231 0.5 0.8100961538461539 0.5 0.8100961538461539 0.5697115384615384 0.7043269230769231 0.5697115384615384
14 0.44711538461538464 0.7620192307692307 0.5625 0.7620192307692307 0.5625 0.8413461538461539 0.44711538461538464 0.8413461538461539
14 0.43990384615384615 0.6802884615384616 0.5576923076923077 0.6802884615384616 0.5576923076923077 0.75 0.43990384615384615 0.75
14 0.5721153846153846 0.6778846153846154 0.6923076923076923 0.6778846153846154 0.6923076923076923 0.7451923076923077 0.5721153846153846 0.7451923076923077
14 0.3125 0.5889423076923077 0.4254807692307692 0.5889423076923077 0.4254807692307692 0.6634615384615384 0.3125 0.6634615384615384
14 0.4423076923076923 0.5889423076923077 0.5576923076923077 0.5889423076923077 0.5576923076923077 0.6634615384615384 0.4423076923076923 0.6634615384615384
14 0.5745192307692307 0.5889423076923077 0.6923076923076923 0.5889423076923077 0.6923076923076923 0.6634615384615384 0.5745192307692307 0.6634615384615384
14 0.3125 0.5 0.4254807692307692 0.5 0.4254807692307692 0.5697115384615384 0.3125 0.5697115384615384
14 0.43990384615384615 0.5 0.5576923076923077 0.5 0.5576923076923077 0.5697115384615384 0.43990384615384615 0.5697115384615384
14 0.5769230769230769 0.5 0.6947115384615384 0.5 0.6947115384615384 0.5697115384615384 0.5769230769230769 0.5697115384615384
14 0.22355769230769232 0.5 0.29086538461538464 0.5 0.29086538461538464 0.5697115384615384 0.22355769230769232 0.5697115384615384
14 0.22355769230769232 0.40865384615384615 0.29086538461538464 0.40865384615384615 0.29086538461538464 0.47836538461538464 0.22355769230769232 0.47836538461538464
14 0.31971153846153844 0.40865384615384615 0.42788461538461536 0.40865384615384615 0.42788461538461536 0.47836538461538464 0.31971153846153844 0.47836538461538464
14 0.43990384615384615 0.40865384615384615 0.5576923076923077 0.40865384615384615 0.5576923076923077 0.47836538461538464 0.43990384615384615 0.47836538461538464
14 0.5697115384615384 0.40865384615384615 0.6923076923076923 0.40865384615384615 0.6923076923076923 0.47836538461538464 0.5697115384615384 0.47836538461538464
23 0.6971153846153846 0.3389423076923077 0.8197115384615384 0.3389423076923077 0.8197115384615384 0.46634615384615385 0.6971153846153846 0.46634615384615385
23 0.18028846153846154 0.6225961538461539 0.3004807692307692 0.6225961538461539 0.3004807692307692 0.75 0.18028846153846154 0.75
23 0.5721153846153846 0.4182692307692308 0.6971153846153846 0.4182692307692308 0.6971153846153846 0.6514423076923077 0.5721153846153846 0.6514423076923077
23 0.3004807692307692 0.5120192307692307 0.4254807692307692 0.5120192307692307 0.4254807692307692 0.7451923076923077 0.3004807692307692 0.7451923076923077
23 0.4375 0.3173076923076923 0.5625 0.3173076923076923 0.5625 0.5504807692307693 0.4375 0.5504807692307693
23 0.6995192307692307 0.6225961538461539 0.8197115384615384 0.6225961538461539 0.8197115384615384 0.75 0.6995192307692307 0.75
23 0.43990384615384615 0.6225961538461539 0.5600961538461539 0.6225961538461539 0.5600961538461539 0.75 0.43990384615384615 0.75
23 0.1658653846153846 0.4182692307692308 0.29086538461538464 0.4182692307692308 0.29086538461538464 0.5504807692307693 0.1658653846153846 0.5504807692307693
23 0.3076923076923077 0.3389423076923077 0.4326923076923077 0.3389423076923077 0.4326923076923077 0.46634615384615385 0.3076923076923077 0.46634615384615385
0 0.5817307692307693 0.7115384615384616 0.7307692307692307 0.7115384615384616 0.7307692307692307 0.8701923076923077 0.5817307692307693 0.8701923076923077
14 0.3125 0.6778846153846154 0.4254807692307692 0.6778846153846154 0.4254807692307692 0.7451923076923077 0.3125 0.7451923076923077
14 0.32211538461538464 0.7620192307692307 0.4375 0.7620192307692307 0.4375 0.8413461538461539 0.32211538461538464 0.8413461538461539
2 0.12259615384615384 0.3125 0.8677884615384616 0.3125 0.8677884615384616 0.875 0.12259615384615384 0.875
10 0.1201923076923077 0.3125 0.8725961538461539 0.3125 0.8725961538461539 0.8774038461538461 0.1201923076923077 0.8774038461538461
8 0.6490384615384616 0.7235576923076923 0.7115384615384616 0.7235576923076923 0.7115384615384616 0.8629807692307693 0.6490384615384616 0.8629807692307693