23 0.6057692307692307 0.6322115384615384 0.7043269230769231 0.6322115384615384 0.7043269230769231 0.7403846153846154 0.6057692307692307 0.7403846153846154
23 0.6009615384615384 0.3701923076923077 0.7115384615384616 0.3701923076923077 0.7115384615384616 0.4807692307692308 0.6009615384615384 0.4807692307692308
23 0.30288461538461536 0.6370192307692307 0.39903846153846156 0.6370192307692307 0.39903846153846156 0.7475961538461539 0.30288461538461536 0.7475961538461539
23 0.2764423076923077 0.3557692307692308 0.37259615384615385 0.3557692307692308 0.37259615384615385 0.46634615384615385 0.2764423076923077 0.46634615384615385
8 0.46634615384615385 0.6346153846153846 0.5168269230769231 0.6346153846153846 0.5168269230769231 0.7908653846153846 0.46634615384615385 0.7908653846153846
23 0.4543269230769231 0.3701923076923077 0.4735576923076923 0.3701923076923077 0.4735576923076923 0.5120192307692307 0.4543269230769231 0.5120192307692307
8 0.47596153846153844 0.3701923076923077 0.5264423076923077 0.3701923076923077 0.5264423076923077 0.5120192307692307 0.47596153846153844 0.5120192307692307
0 0.3870192307692308 0.3894230769230769 0.8004807692307693 0.3894230769230769 0.8004807692307693 0.49759615384615385 0.3870192307692308 0.49759615384615385
12 0.21394230769230768 0.5144230769230769 0.8461538461538461 0.5144230769230769 0.8461538461538461 0.5480769230769231 0.21394230769230768 0.5480769230769231
2 0 0.13942307692307693 0.9086538461538461 0.13942307692307693 0.9086538461538461 0.9182692307692307 0 0.9182692307692307
10 0.18028846153846154 0.13942307692307693 0.9086538461538461 0.13942307692307693 0.9086538461538461 0.9182692307692307 0.18028846153846154 0.9182692307692307