14 0.8245192307692307 0.7932692307692307 0.9110576923076923 0.7932692307692307 0.9110576923076923 0.9230769230769231 0.8245192307692307 0.9230769230769231
14 0.5649038461538461 0.7932692307692307 0.6514423076923077 0.7932692307692307 0.6514423076923077 0.9230769230769231 0.5649038461538461 0.9230769230769231
14 0.6538461538461539 0.7932692307692307 0.7403846153846154 0.7932692307692307 0.7403846153846154 0.9230769230769231 0.6538461538461539 0.9230769230769231
23 0.7427884615384616 0.7932692307692307 0.8197115384615384 0.7932692307692307 0.8197115384615384 0.8221153846153846 0.7427884615384616 0.8221153846153846
14 0.2548076923076923 0.6610576923076923 0.33413461538461536 0.6610576923076923 0.33413461538461536 0.9158653846153846 0.2548076923076923 0.9158653846153846
14 0.33653846153846156 0.6610576923076923 0.41346153846153844 0.6610576923076923 0.41346153846153844 0.8173076923076923 0.33653846153846156 0.8173076923076923
23 0.7908653846153846 0.6586538461538461 0.8485576923076923 0.6586538461538461 0.8485576923076923 0.7403846153846154 0.7908653846153846 0.7403846153846154
23 0.7740384615384616 0.27884615384615385 0.8293269230769231 0.27884615384615385 0.8293269230769231 0.3605769230769231 0.7740384615384616 0.3605769230769231
23 0.27403846153846156 0.5336538461538461 0.33413461538461536 0.5336538461538461 0.33413461538461536 0.6129807692307693 0.27403846153846156 0.6129807692307693
23 0.47836538461538464 0.5336538461538461 0.5384615384615384 0.5336538461538461 0.5384615384615384 0.6129807692307693 0.47836538461538464 0.6129807692307693
23 0.6177884615384616 0.5336538461538461 0.6730769230769231 0.5336538461538461 0.6730769230769231 0.6129807692307693 0.6177884615384616 0.6129807692307693
23 0.6177884615384616 0.6610576923076923 0.6730769230769231 0.6610576923076923 0.6730769230769231 0.7403846153846154 0.6177884615384616 0.7403846153846154
23 0.5 0.6634615384615384 0.5600961538461539 0.6634615384615384 0.5600961538461539 0.7427884615384616 0.5 0.7427884615384616
0 0.7524038461538461 0.5625 0.9014423076923077 0.5625 0.9014423076923077 0.6033653846153846 0.7524038461538461 0.6033653846153846
0 0.7524038461538461 0.44471153846153844 0.9158653846153846 0.44471153846153844 0.9158653846153846 0.49278846153846156 0.7524038461538461 0.49278846153846156
12 0.19951923076923078 0.6201923076923077 0.9375 0.6201923076923077 0.9375 0.6394230769230769 0.19951923076923078 0.6394230769230769
12 0.19951923076923078 0.49278846153846156 0.9134615384615384 0.49278846153846156 0.9134615384615384 0.5120192307692307 0.19951923076923078 0.5120192307692307
23 0.2764423076923077 0.40625 0.33413461538461536 0.40625 0.33413461538461536 0.4879807692307692 0.2764423076923077 0.4879807692307692
23 0.4807692307692308 0.40625 0.5360576923076923 0.40625 0.5360576923076923 0.4879807692307692 0.4807692307692308 0.4879807692307692
23 0.5216346153846154 0.15144230769230768 0.5769230769230769 0.15144230769230768 0.5769230769230769 0.23317307692307693 0.5216346153846154 0.23317307692307693
23 0.625 0.27884615384615385 0.6826923076923077 0.27884615384615385 0.6826923076923077 0.3605769230769231 0.625 0.3605769230769231
8 0.34615384615384615 0.8269230769230769 0.40625 0.8269230769230769 0.40625 0.9182692307692307 0.34615384615384615 0.9182692307692307
8 0.7524038461538461 0.8317307692307693 0.8125 0.8317307692307693 0.8125 0.9254807692307693 0.7524038461538461 0.9254807692307693
2 0.1971153846153846 0.07451923076923077 0.9447115384615384 0.07451923076923077 0.9447115384615384 0.9278846153846154 0.1971153846153846 0.9278846153846154
10 0.1971153846153846 0.07451923076923077 0.9447115384615384 0.07451923076923077 0.9447115384615384 0.9278846153846154 0.1971153846153846 0.9278846153846154
23 0.75 0.3918269230769231 0.9423076923076923 0.3918269230769231 0.9423076923076923 0.6033653846153846 0.75 0.6033653846153846