23 0.78125 0.5913461538461539 0.8461538461538461 0.5913461538461539 0.8461538461538461 0.6995192307692307 0.78125 0.6995192307692307
23 0.5096153846153846 0.5913461538461539 0.5769230769230769 0.5913461538461539 0.5769230769230769 0.6995192307692307 0.5096153846153846 0.6995192307692307
23 0.6466346153846154 0.5913461538461539 0.7139423076923077 0.5913461538461539 0.7139423076923077 0.6995192307692307 0.6466346153846154 0.6995192307692307
23 0.78125 0.43990384615384615 0.8461538461538461 0.43990384615384615 0.8461538461538461 0.5456730769230769 0.78125 0.5456730769230769
23 0.5096153846153846 0.4375 0.5769230769230769 0.4375 0.5769230769230769 0.5456730769230769 0.5096153846153846 0.5456730769230769
23 0.6466346153846154 0.43990384615384615 0.7139423076923077 0.43990384615384615 0.7139423076923077 0.5456730769230769 0.6466346153846154 0.5456730769230769
14 0.46875 0.7451923076923077 0.6346153846153846 0.7451923076923077 0.6346153846153846 0.8557692307692307 0.46875 0.8557692307692307
14 0.7355769230769231 0.7475961538461539 0.90625 0.7475961538461539 0.90625 0.8581730769230769 0.7355769230769231 0.8581730769230769
8 0.6514423076923077 0.7451923076923077 0.7163461538461539 0.7451923076923077 0.7163461538461539 0.8774038461538461 0.6514423076923077 0.8774038461538461
23 0.8653846153846154 0.5697115384615384 0.9086538461538461 0.5697115384615384 0.9086538461538461 0.7019230769230769 0.8653846153846154 0.7019230769230769
23 0.46634615384615385 0.5697115384615384 0.5769230769230769 0.5697115384615384 0.5769230769230769 0.7019230769230769 0.46634615384615385 0.7019230769230769
23 0.46634615384615385 0.41346153846153844 0.5769230769230769 0.41346153846153844 0.5769230769230769 0.5456730769230769 0.46634615384615385 0.5456730769230769
23 0.7403846153846154 0.5697115384615384 0.8509615384615384 0.5697115384615384 0.8509615384615384 0.7019230769230769 0.7403846153846154 0.7019230769230769
23 0.6033653846153846 0.41346153846153844 0.7115384615384616 0.41346153846153844 0.7115384615384616 0.5456730769230769 0.6033653846153846 0.5456730769230769
23 0.6033653846153846 0.5697115384615384 0.7115384615384616 0.5697115384615384 0.7115384615384616 0.7019230769230769 0.6033653846153846 0.7019230769230769
23 0.7403846153846154 0.41346153846153844 0.8509615384615384 0.41346153846153844 0.8509615384615384 0.5456730769230769 0.7403846153846154 0.5456730769230769
23 0.8653846153846154 0.41586538461538464 0.9086538461538461 0.41586538461538464 0.9086538461538461 0.5480769230769231 0.8653846153846154 0.5480769230769231
14 0.36778846153846156 0.71875 0.41586538461538464 0.71875 0.41586538461538464 0.875 0.36778846153846156 0.875
14 0.22355769230769232 0.71875 0.27403846153846156 0.71875 0.27403846153846156 0.875 0.22355769230769232 0.875
14 0.2980769230769231 0.71875 0.34615384615384615 0.71875 0.34615384615384615 0.875 0.2980769230769231 0.875
14 0.36538461538461536 0.4230769230769231 0.41586538461538464 0.4230769230769231 0.41586538461538464 0.5552884615384616 0.36538461538461536 0.5552884615384616
14 0.22115384615384615 0.4230769230769231 0.2764423076923077 0.4230769230769231 0.2764423076923077 0.5552884615384616 0.22115384615384615 0.5552884615384616
14 0.2932692307692308 0.4230769230769231 0.3485576923076923 0.4230769230769231 0.3485576923076923 0.5552884615384616 0.2932692307692308 0.5552884615384616
14 0.36778846153846156 0.5697115384615384 0.4182692307692308 0.5697115384615384 0.4182692307692308 0.7067307692307693 0.36778846153846156 0.7067307692307693
14 0.22115384615384615 0.5697115384615384 0.2764423076923077 0.5697115384615384 0.2764423076923077 0.7067307692307693 0.22115384615384615 0.7067307692307693
14 0.2932692307692308 0.5697115384615384 0.3485576923076923 0.5697115384615384 0.3485576923076923 0.7067307692307693 0.2932692307692308 0.7067307692307693
14 0.39903846153846156 0.23557692307692307 0.43990384615384615 0.23557692307692307 0.43990384615384615 0.3701923076923077 0.39903846153846156 0.3701923076923077
14 0.2932692307692308 0.23557692307692307 0.3293269230769231 0.23557692307692307 0.3293269230769231 0.3701923076923077 0.2932692307692308 0.3701923076923077
14 0.3485576923076923 0.23557692307692307 0.38461538461538464 0.23557692307692307 0.38461538461538464 0.3701923076923077 0.3485576923076923 0.3701923076923077
23 0.7860576923076923 0.25 0.8245192307692307 0.25 0.8245192307692307 0.38221153846153844 0.7860576923076923 0.38221153846153844
23 0.47596153846153844 0.25 0.5168269230769231 0.25 0.5168269230769231 0.38221153846153844 0.47596153846153844 0.38221153846153844
23 0.5288461538461539 0.25 0.5697115384615384 0.25 0.5697115384615384 0.38221153846153844 0.5288461538461539 0.38221153846153844
23 0.5793269230769231 0.25 0.6201923076923077 0.25 0.6201923076923077 0.38221153846153844 0.5793269230769231 0.38221153846153844
23 0.6322115384615384 0.25 0.6706730769230769 0.25 0.6706730769230769 0.38221153846153844 0.6322115384615384 0.38221153846153844
23 0.6826923076923077 0.25 0.7211538461538461 0.25 0.7211538461538461 0.38221153846153844 0.6826923076923077 0.38221153846153844
23 0.7355769230769231 0.25 0.7740384615384616 0.25 0.7740384615384616 0.38221153846153844 0.7355769230769231 0.38221153846153844
23 0.7860576923076923 0.22115384615384615 0.8317307692307693 0.22115384615384615 0.8317307692307693 0.3918269230769231 0.7860576923076923 0.3918269230769231
23 0.4735576923076923 0.21875 0.5168269230769231 0.21875 0.5168269230769231 0.3942307692307692 0.4735576923076923 0.3942307692307692
23 0.5264423076923077 0.22115384615384615 0.5697115384615384 0.22115384615384615 0.5697115384615384 0.3918269230769231 0.5264423076923077 0.3918269230769231
23 0.5769230769230769 0.22115384615384615 0.6225961538461539 0.22115384615384615 0.6225961538461539 0.3918269230769231 0.5769230769230769 0.3918269230769231
23 0.6322115384615384 0.22115384615384615 0.6754807692307693 0.22115384615384615 0.6754807692307693 0.3918269230769231 0.6322115384615384 0.3918269230769231
23 0.6826923076923077 0.22115384615384615 0.7259615384615384 0.22115384615384615 0.7259615384615384 0.3918269230769231 0.6826923076923077 0.3918269230769231
23 0.7331730769230769 0.22115384615384615 0.7764423076923077 0.22115384615384615 0.7764423076923077 0.3918269230769231 0.7331730769230769 0.3918269230769231
5 0.6033653846153846 0.7259615384615384 0.7355769230769231 0.7259615384615384 0.7355769230769231 0.7355769230769231 0.6033653846153846 0.7355769230769231
12 0.4423076923076923 0.5480769230769231 0.9350961538461539 0.5480769230769231 0.9350961538461539 0.5649038461538461 0.4423076923076923 0.5649038461538461
12 0.4423076923076923 0.7019230769230769 0.9350961538461539 0.7019230769230769 0.9350961538461539 0.71875 0.4423076923076923 0.71875
2 0.19951923076923078 0.19471153846153846 0.9350961538461539 0.19471153846153846 0.9350961538461539 0.8798076923076923 0.19951923076923078 0.8798076923076923
10 0.19951923076923078 0.19471153846153846 0.9350961538461539 0.19471153846153846 0.9350961538461539 0.8798076923076923 0.19951923076923078 0.8798076923076923
23 0.21153846153846154 0.7139423076923077 0.27403846153846156 0.7139423076923077 0.27403846153846156 0.8798076923076923 0.21153846153846154 0.8798076923076923
23 0.2860576923076923 0.20432692307692307 0.3317307692307692 0.20432692307692307 0.3317307692307692 0.3701923076923077 0.2860576923076923 0.3701923076923077
23 0.34134615384615385 0.20432692307692307 0.3870192307692308 0.20432692307692307 0.3870192307692308 0.3701923076923077 0.34134615384615385 0.3701923076923077
23 0.3942307692307692 0.20432692307692307 0.43990384615384615 0.20432692307692307 0.43990384615384615 0.3701923076923077 0.3942307692307692 0.3701923076923077
23 0.3629807692307692 0.7163461538461539 0.4182692307692308 0.7163461538461539 0.4182692307692308 0.8798076923076923 0.3629807692307692 0.8798076923076923
23 0.28846153846153844 0.7163461538461539 0.3485576923076923 0.7163461538461539 0.3485576923076923 0.8798076923076923 0.28846153846153844 0.8798076923076923
23 0.21153846153846154 0.40865384615384615 0.27403846153846156 0.40865384615384615 0.27403846153846156 0.5552884615384616 0.21153846153846154 0.5552884615384616
23 0.21153846153846154 0.5625 0.27403846153846156 0.5625 0.27403846153846156 0.7091346153846154 0.21153846153846154 0.7091346153846154
23 0.28846153846153844 0.40865384615384615 0.3485576923076923 0.40865384615384615 0.3485576923076923 0.5552884615384616 0.28846153846153844 0.5552884615384616
23 0.28846153846153844 0.5625 0.3485576923076923 0.5625 0.3485576923076923 0.7067307692307693 0.28846153846153844 0.7067307692307693
23 0.3629807692307692 0.40865384615384615 0.4182692307692308 0.40865384615384615 0.4182692307692308 0.5552884615384616 0.3629807692307692 0.5552884615384616
23 0.3629807692307692 0.5625 0.4182692307692308 0.5625 0.4182692307692308 0.7067307692307693 0.3629807692307692 0.7067307692307693