23 0.12740384615384615 0.3004807692307692 0.4831730769230769 0.3004807692307692 0.4831730769230769 0.37259615384615385 0.12740384615384615 0.37259615384615385
23 0 0.39903846153846156 0.12740384615384615 0.39903846153846156 0.12740384615384615 0.46875 0 0.46875
23 0.31009615384615385 0.25721153846153844 0.5072115384615384 0.25721153846153844 0.5072115384615384 0.27884615384615385 0.31009615384615385 0.27884615384615385
23 0.6754807692307693 0.5889423076923077 0.8485576923076923 0.5889423076923077 0.8485576923076923 0.65625 0.6754807692307693 0.65625
23 0.4855769230769231 0.4951923076923077 0.6730769230769231 0.4951923076923077 0.6730769230769231 0.5625 0.4855769230769231 0.5625
8 0.28365384615384615 0.7836538461538461 0.34375 0.7836538461538461 0.34375 0.8557692307692307 0.28365384615384615 0.8557692307692307
0 0.6706730769230769 0.5384615384615384 1 0.5384615384615384 1 0.5649038461538461 0.6706730769230769 0.5649038461538461
23 0.6754807692307693 0.5240384615384616 0.8125 0.5240384615384616 0.8125 0.5649038461538461 0.6754807692307693 0.5649038461538461
23 0.84375 0.4855769230769231 0.9110576923076923 0.4855769230769231 0.9110576923076923 0.5024038461538461 0.84375 0.5024038461538461
23 0.8052884615384616 0.47115384615384615 0.9110576923076923 0.47115384615384615 0.9110576923076923 0.4855769230769231 0.8052884615384616 0.4855769230769231
23 0.9302884615384616 0.45913461538461536 0.9735576923076923 0.45913461538461536 0.9735576923076923 0.5024038461538461 0.9302884615384616 0.5024038461538461
23 0.31009615384615385 0.39903846153846156 0.4831730769230769 0.39903846153846156 0.4831730769230769 0.46875 0.31009615384615385 0.46875
0 0.4831730769230769 0.44471153846153844 0.6658653846153846 0.44471153846153844 0.6658653846153846 0.47115384615384615 0.4831730769230769 0.47115384615384615
23 0.5096153846153846 0.3870192307692308 0.6514423076923077 0.3870192307692308 0.6514423076923077 0.41586538461538464 0.5096153846153846 0.41586538461538464
0 0.5120192307692307 0.34375 0.6490384615384616 0.34375 0.6490384615384616 0.36538461538461536 0.5120192307692307 0.36538461538461536
0 0.31009615384615385 0.25961538461538464 0.5072115384615384 0.25961538461538464 0.5072115384615384 0.27884615384615385 0.31009615384615385 0.27884615384615385
23 0.12980769230769232 0.5817307692307693 0.30288461538461536 0.5817307692307693 0.30288461538461536 0.65625 0.12980769230769232 0.65625
14 0.125 0.6971153846153846 0.9855769230769231 0.6971153846153846 0.9855769230769231 0.8557692307692307 0.125 0.8557692307692307
7 0 0.8389423076923077 0.09375 0.8389423076923077 0.09375 0.8798076923076923 0 0.8798076923076923
7 0.15144230769230768 0.8365384615384616 0.6538461538461539 0.8365384615384616 0.6538461538461539 0.9567307692307693 0.15144230769230768 0.9567307692307693
7 0.3894230769230769 0.5625 1 0.5625 1 0.8942307692307693 0.3894230769230769 0.8942307692307693
11 0 0.4831730769230769 0.6754807692307693 0.4831730769230769 0.6754807692307693 0.5649038461538461 0 0.5649038461538461
12 0 0.6682692307692307 1 0.6682692307692307 1 0.6778846153846154 0 0.6778846153846154
15 0 0.6802884615384616 1 0.6802884615384616 1 0.8581730769230769 0 0.8581730769230769
11 0.7908653846153846 0.43990384615384615 1 0.43990384615384615 1 0.5024038461538461 0.7908653846153846 0.5024038461538461
12 0 0.4735576923076923 0.6754807692307693 0.4735576923076923 0.6754807692307693 0.4831730769230769 0 0.4831730769230769
12 0 0.37259615384615385 0.6658653846153846 0.37259615384615385 0.6658653846153846 0.38221153846153844 0 0.38221153846153844
12 0 0.28125 0.5072115384615384 0.28125 0.5072115384615384 0.29086538461538464 0 0.29086538461538464
22 0 0.23076923076923078 0.5072115384615384 0.23076923076923078 0.5072115384615384 0.27884615384615385 0 0.27884615384615385
11 0 0.28846153846153844 0.5072115384615384 0.28846153846153844 0.5072115384615384 0.37259615384615385 0 0.37259615384615385
11 0 0.38221153846153844 0.6658653846153846 0.38221153846153844 0.6658653846153846 0.4735576923076923 0 0.4735576923076923
11 0.6754807692307693 0.5144230769230769 1 0.5144230769230769 1 0.5673076923076923 0.6754807692307693 0.5673076923076923
12 0.6754807692307693 0.5048076923076923 1 0.5048076923076923 1 0.5144230769230769 0.6754807692307693 0.5144230769230769
12 0 0.5673076923076923 1 0.5673076923076923 1 0.5769230769230769 0 0.5769230769230769
11 0 0.5769230769230769 1 0.5769230769230769 1 0.6682692307692307 0 0.6682692307692307
2 0 0.17307692307692307 1 0.17307692307692307 1 0.8557692307692307 0 0.8557692307692307
10 0 0.5024038461538461 1 0.5024038461538461 1 0.8557692307692307 0 0.8557692307692307
23 0.4831730769230769 0.43509615384615385 0.6514423076923077 0.43509615384615385 0.6514423076923077 0.47115384615384615 0.4831730769230769 0.47115384615384615