23 0.9158653846153846 0.7235576923076923 0.9399038461538461 0.7235576923076923 0.9399038461538461 0.7716346153846154 0.9158653846153846 0.7716346153846154
23 0.057692307692307696 0.7235576923076923 0.07692307692307693 0.7235576923076923 0.07692307692307693 0.7692307692307693 0.057692307692307696 0.7692307692307693
17 0.6899038461538461 0.8221153846153846 0.7067307692307693 0.8221153846153846 0.7067307692307693 0.9182692307692307 0.6899038461538461 0.9182692307692307
17 0.036057692307692304 0.8197115384615384 0.057692307692307696 0.8197115384615384 0.057692307692307696 0.9182692307692307 0.036057692307692304 0.9182692307692307
17 0.11778846153846154 0.8197115384615384 0.13942307692307693 0.8197115384615384 0.13942307692307693 0.9182692307692307 0.11778846153846154 0.9182692307692307
17 0.15865384615384615 0.8197115384615384 0.1778846153846154 0.8197115384615384 0.1778846153846154 0.9182692307692307 0.15865384615384615 0.9182692307692307
17 0.19951923076923078 0.8197115384615384 0.21875 0.8197115384615384 0.21875 0.9182692307692307 0.19951923076923078 0.9182692307692307
17 0.2403846153846154 0.8197115384615384 0.25961538461538464 0.8197115384615384 0.25961538461538464 0.9182692307692307 0.2403846153846154 0.9182692307692307
17 0.28125 0.8197115384615384 0.3004807692307692 0.8197115384615384 0.3004807692307692 0.9182692307692307 0.28125 0.9182692307692307
17 0.32211538461538464 0.8197115384615384 0.34134615384615385 0.8197115384615384 0.34134615384615385 0.9182692307692307 0.32211538461538464 0.9182692307692307
17 0.3605769230769231 0.8197115384615384 0.38221153846153844 0.8197115384615384 0.38221153846153844 0.9182692307692307 0.3605769230769231 0.9182692307692307
17 0.4014423076923077 0.8221153846153846 0.4230769230769231 0.8221153846153846 0.4230769230769231 0.9182692307692307 0.4014423076923077 0.9182692307692307
17 0.4423076923076923 0.8221153846153846 0.4639423076923077 0.8221153846153846 0.4639423076923077 0.9182692307692307 0.4423076923076923 0.9182692307692307
17 0.4831730769230769 0.8221153846153846 0.5024038461538461 0.8221153846153846 0.5024038461538461 0.9182692307692307 0.4831730769230769 0.9182692307692307
17 0.5264423076923077 0.8221153846153846 0.5432692307692307 0.8221153846153846 0.5432692307692307 0.9182692307692307 0.5264423076923077 0.9182692307692307
17 0.5673076923076923 0.8221153846153846 0.5841346153846154 0.8221153846153846 0.5841346153846154 0.9182692307692307 0.5673076923076923 0.9182692307692307
17 0.9399038461538461 0.8245192307692307 0.9567307692307693 0.8245192307692307 0.9567307692307693 0.9182692307692307 0.9399038461538461 0.9182692307692307
17 0.8966346153846154 0.8245192307692307 0.9158653846153846 0.8245192307692307 0.9158653846153846 0.9182692307692307 0.8966346153846154 0.9182692307692307
17 0.8149038461538461 0.8245192307692307 0.8317307692307693 0.8245192307692307 0.8317307692307693 0.9182692307692307 0.8149038461538461 0.9182692307692307
17 0.7740384615384616 0.8245192307692307 0.7908653846153846 0.8245192307692307 0.7908653846153846 0.9182692307692307 0.7740384615384616 0.9182692307692307
17 0.6081730769230769 0.8221153846153846 0.625 0.8221153846153846 0.625 0.9182692307692307 0.6081730769230769 0.9182692307692307
17 0.7331730769230769 0.8245192307692307 0.7475961538461539 0.8245192307692307 0.7475961538461539 0.9182692307692307 0.7331730769230769 0.9182692307692307
17 0.6490384615384616 0.8221153846153846 0.6658653846153846 0.8221153846153846 0.6658653846153846 0.9182692307692307 0.6490384615384616 0.9182692307692307
17 0.07692307692307693 0.8197115384615384 0.0985576923076923 0.8197115384615384 0.0985576923076923 0.9182692307692307 0.07692307692307693 0.9182692307692307
23 0.0985576923076923 0.7235576923076923 0.11778846153846154 0.7235576923076923 0.11778846153846154 0.7692307692307693 0.0985576923076923 0.7692307692307693
23 0.13701923076923078 0.7235576923076923 0.15865384615384615 0.7235576923076923 0.15865384615384615 0.7692307692307693 0.13701923076923078 0.7692307692307693
23 0.1778846153846154 0.7235576923076923 0.19951923076923078 0.7235576923076923 0.19951923076923078 0.7692307692307693 0.1778846153846154 0.7692307692307693
23 0.9158653846153846 0.6971153846153846 0.9375 0.6971153846153846 0.9375 0.71875 0.9158653846153846 0.71875
23 0.7908653846153846 0.7235576923076923 0.8149038461538461 0.7235576923076923 0.8149038461538461 0.7716346153846154 0.7908653846153846 0.7716346153846154
23 0.8317307692307693 0.7235576923076923 0.8557692307692307 0.7235576923076923 0.8557692307692307 0.7716346153846154 0.8317307692307693 0.7716346153846154
23 0.875 0.7235576923076923 0.8966346153846154 0.7235576923076923 0.8966346153846154 0.7716346153846154 0.875 0.7716346153846154
23 0.75 0.7235576923076923 0.7740384615384616 0.7235576923076923 0.7740384615384616 0.7716346153846154 0.75 0.7716346153846154
23 0.9158653846153846 0.7980769230769231 0.9399038461538461 0.7980769230769231 0.9399038461538461 0.8149038461538461 0.9158653846153846 0.8149038461538461
23 0.7908653846153846 0.6971153846153846 0.8149038461538461 0.6971153846153846 0.8149038461538461 0.71875 0.7908653846153846 0.71875
23 0.8341346153846154 0.6971153846153846 0.8557692307692307 0.6971153846153846 0.8557692307692307 0.71875 0.8341346153846154 0.71875
23 0.875 0.6971153846153846 0.8966346153846154 0.6971153846153846 0.8966346153846154 0.71875 0.875 0.71875
23 0.75 0.6971153846153846 0.7740384615384616 0.6971153846153846 0.7740384615384616 0.71875 0.75 0.71875
23 0.1778846153846154 0.6971153846153846 0.19951923076923078 0.6971153846153846 0.19951923076923078 0.71875 0.1778846153846154 0.71875
23 0.13942307692307693 0.6971153846153846 0.15865384615384615 0.6971153846153846 0.15865384615384615 0.71875 0.13942307692307693 0.71875
23 0.0985576923076923 0.6971153846153846 0.11778846153846154 0.6971153846153846 0.11778846153846154 0.71875 0.0985576923076923 0.71875
23 0.057692307692307696 0.6971153846153846 0.07932692307692307 0.6971153846153846 0.07932692307692307 0.71875 0.057692307692307696 0.71875
23 0.057692307692307696 0.7956730769230769 0.07692307692307693 0.7956730769230769 0.07692307692307693 0.8149038461538461 0.057692307692307696 0.8149038461538461
23 0.0985576923076923 0.7956730769230769 0.11778846153846154 0.7956730769230769 0.11778846153846154 0.8149038461538461 0.0985576923076923 0.8149038461538461
23 0.13942307692307693 0.7956730769230769 0.15865384615384615 0.7956730769230769 0.15865384615384615 0.8149038461538461 0.13942307692307693 0.8149038461538461
23 0.1778846153846154 0.7956730769230769 0.19951923076923078 0.7956730769230769 0.19951923076923078 0.8149038461538461 0.1778846153846154 0.8149038461538461
23 0.21875 0.7956730769230769 0.2403846153846154 0.7956730769230769 0.2403846153846154 0.8149038461538461 0.21875 0.8149038461538461
23 0.25961538461538464 0.7956730769230769 0.28125 0.7956730769230769 0.28125 0.8149038461538461 0.25961538461538464 0.8149038461538461
23 0.3004807692307692 0.7956730769230769 0.32211538461538464 0.7956730769230769 0.32211538461538464 0.8149038461538461 0.3004807692307692 0.8149038461538461
23 0.34134615384615385 0.7956730769230769 0.3605769230769231 0.7956730769230769 0.3605769230769231 0.8149038461538461 0.34134615384615385 0.8149038461538461
23 0.38221153846153844 0.7956730769230769 0.4014423076923077 0.7956730769230769 0.4014423076923077 0.8149038461538461 0.38221153846153844 0.8149038461538461
23 0.4230769230769231 0.7956730769230769 0.4423076923076923 0.7956730769230769 0.4423076923076923 0.8149038461538461 0.4230769230769231 0.8149038461538461
23 0.4639423076923077 0.7956730769230769 0.4831730769230769 0.7956730769230769 0.4831730769230769 0.8149038461538461 0.4639423076923077 0.8149038461538461
14 0.9014423076923077 0.8341346153846154 0.9230769230769231 0.8341346153846154 0.9230769230769231 0.8990384615384616 0.9014423076923077 0.8990384615384616
23 0.5432692307692307 0.7956730769230769 0.5673076923076923 0.7956730769230769 0.5673076923076923 0.8149038461538461 0.5432692307692307 0.8149038461538461
23 0.5841346153846154 0.7956730769230769 0.6081730769230769 0.7956730769230769 0.6081730769230769 0.8149038461538461 0.5841346153846154 0.8149038461538461
23 0.625 0.7956730769230769 0.6490384615384616 0.7956730769230769 0.6490384615384616 0.8149038461538461 0.625 0.8149038461538461
23 0.6658653846153846 0.7956730769230769 0.6923076923076923 0.7956730769230769 0.6923076923076923 0.8149038461538461 0.6658653846153846 0.8149038461538461
23 0.7067307692307693 0.7956730769230769 0.7331730769230769 0.7956730769230769 0.7331730769230769 0.8149038461538461 0.7067307692307693 0.8149038461538461
23 0.7475961538461539 0.7956730769230769 0.7740384615384616 0.7956730769230769 0.7740384615384616 0.8149038461538461 0.7475961538461539 0.8149038461538461
23 0.7908653846153846 0.7956730769230769 0.8149038461538461 0.7956730769230769 0.8149038461538461 0.8149038461538461 0.7908653846153846 0.8149038461538461
23 0.8341346153846154 0.7980769230769231 0.8557692307692307 0.7980769230769231 0.8557692307692307 0.8149038461538461 0.8341346153846154 0.8149038461538461
23 0.875 0.7980769230769231 0.8966346153846154 0.7980769230769231 0.8966346153846154 0.8149038461538461 0.875 0.8149038461538461
23 0.5024038461538461 0.7956730769230769 0.5240384615384616 0.7956730769230769 0.5240384615384616 0.8149038461538461 0.5024038461538461 0.8149038461538461
14 0.19951923076923078 0.8317307692307693 0.21875 0.8317307692307693 0.21875 0.8966346153846154 0.19951923076923078 0.8966346153846154
14 0.5432692307692307 0.8317307692307693 0.5649038461538461 0.8317307692307693 0.5649038461538461 0.8990384615384616 0.5432692307692307 0.8990384615384616
14 0.5841346153846154 0.8341346153846154 0.6057692307692307 0.8341346153846154 0.6057692307692307 0.8990384615384616 0.5841346153846154 0.8990384615384616
14 0.625 0.8341346153846154 0.6442307692307693 0.8341346153846154 0.6442307692307693 0.8990384615384616 0.625 0.8990384615384616
14 0.6658653846153846 0.8341346153846154 0.6850961538461539 0.8341346153846154 0.6850961538461539 0.8990384615384616 0.6658653846153846 0.8990384615384616
14 0.7067307692307693 0.8341346153846154 0.7259615384615384 0.8341346153846154 0.7259615384615384 0.8990384615384616 0.7067307692307693 0.8990384615384616
23 0.7067307692307693 0.8341346153846154 0.7259615384615384 0.8341346153846154 0.7259615384615384 0.8990384615384616 0.7067307692307693 0.8990384615384616
14 0.7451923076923077 0.8341346153846154 0.7644230769230769 0.8341346153846154 0.7644230769230769 0.8990384615384616 0.7451923076923077 0.8990384615384616
14 0.7836538461538461 0.8341346153846154 0.8028846153846154 0.8341346153846154 0.8028846153846154 0.8990384615384616 0.7836538461538461 0.8990384615384616
14 0.8245192307692307 0.8341346153846154 0.84375 0.8341346153846154 0.84375 0.8990384615384616 0.8245192307692307 0.8990384615384616
17 0.8557692307692307 0.8245192307692307 0.875 0.8245192307692307 0.875 0.9182692307692307 0.8557692307692307 0.9182692307692307
14 0.8629807692307693 0.8341346153846154 0.8822115384615384 0.8341346153846154 0.8822115384615384 0.8990384615384616 0.8629807692307693 0.8990384615384616
14 0.5048076923076923 0.8317307692307693 0.5240384615384616 0.8317307692307693 0.5240384615384616 0.8990384615384616 0.5048076923076923 0.8990384615384616
14 0.46875 0.8317307692307693 0.4879807692307692 0.8317307692307693 0.4879807692307692 0.8966346153846154 0.46875 0.8966346153846154
14 0.42788461538461536 0.8317307692307693 0.4495192307692308 0.8317307692307693 0.4495192307692308 0.8966346153846154 0.42788461538461536 0.8966346153846154
14 0.3557692307692308 0.8317307692307693 0.375 0.8317307692307693 0.375 0.8966346153846154 0.3557692307692308 0.8966346153846154
14 0.3942307692307692 0.8317307692307693 0.41346153846153844 0.8317307692307693 0.41346153846153844 0.8966346153846154 0.3942307692307692 0.8966346153846154
14 0.3173076923076923 0.8317307692307693 0.33653846153846156 0.8317307692307693 0.33653846153846156 0.8966346153846154 0.3173076923076923 0.8966346153846154
14 0.27884615384615385 0.8317307692307693 0.2980769230769231 0.8317307692307693 0.2980769230769231 0.8966346153846154 0.27884615384615385 0.8966346153846154
14 0.07692307692307693 0.8317307692307693 0.0985576923076923 0.8317307692307693 0.0985576923076923 0.8966346153846154 0.07692307692307693 0.8966346153846154
14 0.23798076923076922 0.8317307692307693 0.25721153846153844 0.8317307692307693 0.25721153846153844 0.8966346153846154 0.23798076923076922 0.8966346153846154
14 0.15865384615384615 0.8317307692307693 0.1778846153846154 0.8317307692307693 0.1778846153846154 0.8966346153846154 0.15865384615384615 0.8966346153846154
14 0.11778846153846154 0.8317307692307693 0.13701923076923078 0.8317307692307693 0.13701923076923078 0.8966346153846154 0.11778846153846154 0.8966346153846154
23 0.21875 0.6971153846153846 0.2403846153846154 0.6971153846153846 0.2403846153846154 0.71875 0.21875 0.71875
23 0.3605769230769231 0.7475961538461539 0.3629807692307692 0.7475961538461539 0.3629807692307692 0.7644230769230769 0.3605769230769231 0.7644230769230769
23 0.4254807692307692 0.75 0.4423076923076923 0.75 0.4423076923076923 0.7668269230769231 0.4254807692307692 0.7668269230769231
23 0.4639423076923077 0.75 0.4855769230769231 0.75 0.4855769230769231 0.7668269230769231 0.4639423076923077 0.7668269230769231
23 0.5504807692307693 0.75 0.5721153846153846 0.75 0.5721153846153846 0.7668269230769231 0.5504807692307693 0.7668269230769231
23 0.5072115384615384 0.75 0.53125 0.75 0.53125 0.7692307692307693 0.5072115384615384 0.7692307692307693
23 0.6418269230769231 0.75 0.6442307692307693 0.75 0.6442307692307693 0.7668269230769231 0.6418269230769231 0.7668269230769231
23 0.6225961538461539 0.7475961538461539 0.6322115384615384 0.7475961538461539 0.6322115384615384 0.7668269230769231 0.6225961538461539 0.7668269230769231
23 0.37259615384615385 0.7475961538461539 0.3798076923076923 0.7475961538461539 0.3798076923076923 0.7644230769230769 0.37259615384615385 0.7644230769230769
23 0.5096153846153846 0.6009615384615384 0.53125 0.6009615384615384 0.53125 0.6201923076923077 0.5096153846153846 0.6201923076923077
23 0.5528846153846154 0.6009615384615384 0.5721153846153846 0.6009615384615384 0.5721153846153846 0.6201923076923077 0.5528846153846154 0.6201923076923077
23 0.5913461538461539 0.75 0.6057692307692307 0.75 0.6057692307692307 0.7692307692307693 0.5913461538461539 0.7692307692307693
23 0.6201923076923077 0.6081730769230769 0.6322115384615384 0.6081730769230769 0.6322115384615384 0.6274038461538461 0.6201923076923077 0.6274038461538461
23 0.6418269230769231 0.6153846153846154 0.6442307692307693 0.6153846153846154 0.6442307692307693 0.6322115384615384 0.6418269230769231 0.6322115384615384
23 0.4254807692307692 0.6490384615384616 0.4423076923076923 0.6490384615384616 0.4423076923076923 0.6682692307692307 0.4254807692307692 0.6682692307692307
23 0.4254807692307692 0.6995192307692307 0.4423076923076923 0.6995192307692307 0.4423076923076923 0.71875 0.4254807692307692 0.71875
23 0.37259615384615385 0.6081730769230769 0.3798076923076923 0.6081730769230769 0.3798076923076923 0.6298076923076923 0.37259615384615385 0.6298076923076923
23 0.3605769230769231 0.6153846153846154 0.3629807692307692 0.6153846153846154 0.3629807692307692 0.6298076923076923 0.3605769230769231 0.6298076923076923
23 0.3317307692307692 0.7475961538461539 0.34134615384615385 0.7475961538461539 0.34134615384615385 0.7644230769230769 0.3317307692307692 0.7644230769230769
23 0.6730769230769231 0.75 0.6802884615384616 0.75 0.6802884615384616 0.7644230769230769 0.6730769230769231 0.7644230769230769
23 0.3317307692307692 0.7067307692307693 0.34134615384615385 0.7067307692307693 0.34134615384615385 0.7211538461538461 0.3317307692307692 0.7211538461538461
23 0.34615384615384615 0.6730769230769231 0.3605769230769231 0.6730769230769231 0.3605769230769231 0.6850961538461539 0.34615384615384615 0.6850961538461539
23 0.6730769230769231 0.7091346153846154 0.6802884615384616 0.7091346153846154 0.6802884615384616 0.7235576923076923 0.6730769230769231 0.7235576923076923
23 0.7692307692307693 0.6298076923076923 0.78125 0.6298076923076923 0.78125 0.6466346153846154 0.7692307692307693 0.6466346153846154
23 0.6658653846153846 0.6346153846153846 0.6826923076923077 0.6346153846153846 0.6826923076923077 0.6490384615384616 0.6658653846153846 0.6490384615384616
23 0.6658653846153846 0.6730769230769231 0.6826923076923077 0.6730769230769231 0.6826923076923077 0.6875 0.6658653846153846 0.6875
23 0.6658653846153846 0.5985576923076923 0.6826923076923077 0.5985576923076923 0.6826923076923077 0.6129807692307693 0.6658653846153846 0.6129807692307693
23 0.24278846153846154 0.6298076923076923 0.25240384615384615 0.6298076923076923 0.25240384615384615 0.6466346153846154 0.24278846153846154 0.6466346153846154
23 0.4639423076923077 0.6995192307692307 0.4855769230769231 0.6995192307692307 0.4855769230769231 0.71875 0.4639423076923077 0.71875
23 0.5072115384615384 0.6995192307692307 0.53125 0.6995192307692307 0.53125 0.71875 0.5072115384615384 0.71875
23 0.5504807692307693 0.6995192307692307 0.5721153846153846 0.6995192307692307 0.5721153846153846 0.71875 0.5504807692307693 0.71875
23 0.4639423076923077 0.6009615384615384 0.4855769230769231 0.6009615384615384 0.4855769230769231 0.6201923076923077 0.4639423076923077 0.6201923076923077
23 0.3942307692307692 0.6057692307692307 0.40625 0.6057692307692307 0.40625 0.625 0.3942307692307692 0.625
23 0.37259615384615385 0.7043269230769231 0.3798076923076923 0.7043269230769231 0.3798076923076923 0.7211538461538461 0.37259615384615385 0.7211538461538461
23 0.3605769230769231 0.7043269230769231 0.3605769230769231 0.7043269230769231 0.3605769230769231 0.7211538461538461 0.3605769230769231 0.7211538461538461
23 0.6418269230769231 0.7043269230769231 0.6442307692307693 0.7043269230769231 0.6442307692307693 0.7211538461538461 0.6418269230769231 0.7211538461538461
23 0.6225961538461539 0.7019230769230769 0.6322115384615384 0.7019230769230769 0.6322115384615384 0.7211538461538461 0.6225961538461539 0.7211538461538461
23 0.4639423076923077 0.6490384615384616 0.4855769230769231 0.6490384615384616 0.4855769230769231 0.6682692307692307 0.4639423076923077 0.6682692307692307
23 0.5072115384615384 0.6490384615384616 0.53125 0.6490384615384616 0.53125 0.6682692307692307 0.5072115384615384 0.6682692307692307
23 0.5528846153846154 0.6514423076923077 0.5721153846153846 0.6514423076923077 0.5721153846153846 0.6682692307692307 0.5528846153846154 0.6682692307692307
23 0.5913461538461539 0.6057692307692307 0.6057692307692307 0.6057692307692307 0.6057692307692307 0.625 0.5913461538461539 0.625
23 0.5913461538461539 0.6538461538461539 0.6057692307692307 0.6538461538461539 0.6057692307692307 0.6730769230769231 0.5913461538461539 0.6730769230769231
23 0.5913461538461539 0.7019230769230769 0.6057692307692307 0.7019230769230769 0.6057692307692307 0.7211538461538461 0.5913461538461539 0.7211538461538461
23 0.4254807692307692 0.6009615384615384 0.4423076923076923 0.6009615384615384 0.4423076923076923 0.6201923076923077 0.4254807692307692 0.6201923076923077
23 0.6201923076923077 0.65625 0.6322115384615384 0.65625 0.6322115384615384 0.6730769230769231 0.6201923076923077 0.6730769230769231
23 0.6418269230769231 0.6610576923076923 0.6442307692307693 0.6610576923076923 0.6442307692307693 0.6754807692307693 0.6418269230769231 0.6754807692307693
23 0.3605769230769231 0.6586538461538461 0.3629807692307692 0.6586538461538461 0.3629807692307692 0.6730769230769231 0.3605769230769231 0.6730769230769231
23 0.37259615384615385 0.65625 0.3798076923076923 0.65625 0.3798076923076923 0.6730769230769231 0.37259615384615385 0.6730769230769231
23 0.39663461538461536 0.7475961538461539 0.40865384615384615 0.7475961538461539 0.40865384615384615 0.7668269230769231 0.39663461538461536 0.7668269230769231
23 0.3942307692307692 0.6538461538461539 0.40865384615384615 0.6538461538461539 0.40865384615384615 0.6730769230769231 0.3942307692307692 0.6730769230769231
23 0.3942307692307692 0.6995192307692307 0.40865384615384615 0.6995192307692307 0.40865384615384615 0.71875 0.3942307692307692 0.71875
23 0.21875 0.7235576923076923 0.2403846153846154 0.7235576923076923 0.2403846153846154 0.7692307692307693 0.21875 0.7692307692307693
17 0.3269230769230769 0.47596153846153844 0.4423076923076923 0.47596153846153844 0.4423076923076923 0.5745192307692307 0.3269230769230769 0.5745192307692307
17 0.4423076923076923 0.47596153846153844 0.5528846153846154 0.47596153846153844 0.5528846153846154 0.5673076923076923 0.4423076923076923 0.5673076923076923
17 0.5528846153846154 0.47596153846153844 0.6658653846153846 0.47596153846153844 0.6658653846153846 0.5769230769230769 0.5528846153846154 0.5769230769230769
23 0.59375 0.49038461538461536 0.5985576923076923 0.49038461538461536 0.5985576923076923 0.5072115384615384 0.59375 0.5072115384615384
23 0.59375 0.5144230769230769 0.5985576923076923 0.5144230769230769 0.5985576923076923 0.53125 0.59375 0.53125
23 0.59375 0.5625 0.5985576923076923 0.5625 0.5985576923076923 0.5793269230769231 0.59375 0.5793269230769231
23 0.40625 0.49038461538461536 0.4110576923076923 0.49038461538461536 0.4110576923076923 0.5072115384615384 0.40625 0.5072115384615384
23 0.40625 0.5144230769230769 0.4110576923076923 0.5144230769230769 0.4110576923076923 0.53125 0.40625 0.53125
23 0.40625 0.5625 0.4110576923076923 0.5625 0.4110576923076923 0.5793269230769231 0.40625 0.5793269230769231
23 0.41586538461538464 0.49038461538461536 0.4206730769230769 0.49038461538461536 0.4206730769230769 0.5072115384615384 0.41586538461538464 0.5072115384615384
23 0.41586538461538464 0.5144230769230769 0.4206730769230769 0.5144230769230769 0.4206730769230769 0.53125 0.41586538461538464 0.53125
23 0.41586538461538464 0.5625 0.4206730769230769 0.5625 0.4206730769230769 0.5793269230769231 0.41586538461538464 0.5793269230769231
23 0.5697115384615384 0.49038461538461536 0.5745192307692307 0.49038461538461536 0.5745192307692307 0.5072115384615384 0.5697115384615384 0.5072115384615384
23 0.5697115384615384 0.5144230769230769 0.5745192307692307 0.5144230769230769 0.5745192307692307 0.53125 0.5697115384615384 0.53125
23 0.5697115384615384 0.5625 0.5745192307692307 0.5625 0.5745192307692307 0.5793269230769231 0.5697115384615384 0.5793269230769231
23 0.5817307692307693 0.49038461538461536 0.5865384615384616 0.49038461538461536 0.5865384615384616 0.5072115384615384 0.5817307692307693 0.5072115384615384
23 0.5817307692307693 0.5144230769230769 0.5865384615384616 0.5144230769230769 0.5865384615384616 0.53125 0.5817307692307693 0.53125
23 0.5817307692307693 0.5625 0.5865384615384616 0.5625 0.5865384615384616 0.5793269230769231 0.5817307692307693 0.5793269230769231
23 0.5360576923076923 0.49038461538461536 0.5408653846153846 0.49038461538461536 0.5408653846153846 0.5072115384615384 0.5360576923076923 0.5072115384615384
23 0.5360576923076923 0.5144230769230769 0.5408653846153846 0.5144230769230769 0.5408653846153846 0.53125 0.5360576923076923 0.53125
23 0.5360576923076923 0.5625 0.5408653846153846 0.5625 0.5408653846153846 0.5793269230769231 0.5360576923076923 0.5793269230769231
23 0.5480769230769231 0.49038461538461536 0.5528846153846154 0.49038461538461536 0.5528846153846154 0.5072115384615384 0.5480769230769231 0.5072115384615384
23 0.5480769230769231 0.5144230769230769 0.5528846153846154 0.5144230769230769 0.5528846153846154 0.53125 0.5480769230769231 0.53125
23 0.5480769230769231 0.5384615384615384 0.5528846153846154 0.5384615384615384 0.5528846153846154 0.5552884615384616 0.5480769230769231 0.5552884615384616
23 0.5600961538461539 0.49038461538461536 0.5649038461538461 0.49038461538461536 0.5649038461538461 0.5072115384615384 0.5600961538461539 0.5072115384615384
23 0.5600961538461539 0.5144230769230769 0.5649038461538461 0.5144230769230769 0.5649038461538461 0.53125 0.5600961538461539 0.53125
23 0.5600961538461539 0.5384615384615384 0.5649038461538461 0.5384615384615384 0.5649038461538461 0.5552884615384616 0.5600961538461539 0.5552884615384616
23 0.5 0.49038461538461536 0.5048076923076923 0.49038461538461536 0.5048076923076923 0.5072115384615384 0.5 0.5072115384615384
23 0.5 0.5144230769230769 0.5048076923076923 0.5144230769230769 0.5048076923076923 0.53125 0.5 0.53125
23 0.5 0.5625 0.5048076923076923 0.5625 0.5048076923076923 0.5793269230769231 0.5 0.5793269230769231
23 0.5144230769230769 0.49038461538461536 0.5192307692307693 0.49038461538461536 0.5192307692307693 0.5072115384615384 0.5144230769230769 0.5072115384615384
23 0.5144230769230769 0.5144230769230769 0.5192307692307693 0.5144230769230769 0.5192307692307693 0.53125 0.5144230769230769 0.53125
23 0.5144230769230769 0.5625 0.5192307692307693 0.5625 0.5192307692307693 0.5793269230769231 0.5144230769230769 0.5793269230769231
23 0.5240384615384616 0.49038461538461536 0.5288461538461539 0.49038461538461536 0.5288461538461539 0.5072115384615384 0.5240384615384616 0.5072115384615384
23 0.5240384615384616 0.5144230769230769 0.5288461538461539 0.5144230769230769 0.5288461538461539 0.53125 0.5240384615384616 0.53125
23 0.5240384615384616 0.5625 0.5288461538461539 0.5625 0.5288461538461539 0.5793269230769231 0.5240384615384616 0.5793269230769231
23 0.46153846153846156 0.49038461538461536 0.46634615384615385 0.49038461538461536 0.46634615384615385 0.5072115384615384 0.46153846153846156 0.5072115384615384
23 0.46153846153846156 0.5144230769230769 0.46634615384615385 0.5144230769230769 0.46634615384615385 0.53125 0.46153846153846156 0.53125
23 0.46153846153846156 0.5625 0.46634615384615385 0.5625 0.46634615384615385 0.5793269230769231 0.46153846153846156 0.5793269230769231
23 0.4735576923076923 0.49038461538461536 0.47836538461538464 0.49038461538461536 0.47836538461538464 0.5072115384615384 0.4735576923076923 0.5072115384615384
23 0.4735576923076923 0.5144230769230769 0.47836538461538464 0.5144230769230769 0.47836538461538464 0.53125 0.4735576923076923 0.53125
23 0.4735576923076923 0.5625 0.47836538461538464 0.5625 0.47836538461538464 0.5793269230769231 0.4735576923076923 0.5793269230769231
23 0.4855769230769231 0.49038461538461536 0.49038461538461536 0.49038461538461536 0.49038461538461536 0.5072115384615384 0.4855769230769231 0.5072115384615384
23 0.4855769230769231 0.5144230769230769 0.49038461538461536 0.5144230769230769 0.49038461538461536 0.53125 0.4855769230769231 0.53125
23 0.4855769230769231 0.5625 0.49038461538461536 0.5625 0.49038461538461536 0.5793269230769231 0.4855769230769231 0.5793269230769231
23 0.4254807692307692 0.49038461538461536 0.43028846153846156 0.49038461538461536 0.43028846153846156 0.5072115384615384 0.4254807692307692 0.5072115384615384
23 0.4254807692307692 0.5144230769230769 0.43028846153846156 0.5144230769230769 0.43028846153846156 0.53125 0.4254807692307692 0.53125
23 0.4254807692307692 0.5625 0.43028846153846156 0.5625 0.43028846153846156 0.5793269230769231 0.4254807692307692 0.5793269230769231
23 0.43990384615384615 0.49038461538461536 0.44471153846153844 0.49038461538461536 0.44471153846153844 0.5072115384615384 0.43990384615384615 0.5072115384615384
23 0.43990384615384615 0.5144230769230769 0.44471153846153844 0.5144230769230769 0.44471153846153844 0.53125 0.43990384615384615 0.53125
23 0.5480769230769231 0.5625 0.5625 0.5625 0.5625 0.5793269230769231 0.5480769230769231 0.5793269230769231
23 0.4495192307692308 0.49038461538461536 0.4543269230769231 0.49038461538461536 0.4543269230769231 0.5072115384615384 0.4495192307692308 0.5072115384615384
23 0.4495192307692308 0.5144230769230769 0.4543269230769231 0.5144230769230769 0.4543269230769231 0.53125 0.4495192307692308 0.53125
23 0.4495192307692308 0.5384615384615384 0.4543269230769231 0.5384615384615384 0.4543269230769231 0.5552884615384616 0.4495192307692308 0.5552884615384616
23 0.40625 0.5384615384615384 0.4110576923076923 0.5384615384615384 0.4110576923076923 0.5552884615384616 0.40625 0.5552884615384616
23 0.41586538461538464 0.5384615384615384 0.4206730769230769 0.5384615384615384 0.4206730769230769 0.5552884615384616 0.41586538461538464 0.5552884615384616
23 0.4254807692307692 0.5384615384615384 0.43028846153846156 0.5384615384615384 0.43028846153846156 0.5552884615384616 0.4254807692307692 0.5552884615384616
23 0.59375 0.5384615384615384 0.5985576923076923 0.5384615384615384 0.5985576923076923 0.5552884615384616 0.59375 0.5552884615384616
23 0.5697115384615384 0.5384615384615384 0.5745192307692307 0.5384615384615384 0.5745192307692307 0.5552884615384616 0.5697115384615384 0.5552884615384616
23 0.5817307692307693 0.5384615384615384 0.5865384615384616 0.5384615384615384 0.5865384615384616 0.5552884615384616 0.5817307692307693 0.5552884615384616
23 0.5360576923076923 0.5384615384615384 0.5408653846153846 0.5384615384615384 0.5408653846153846 0.5552884615384616 0.5360576923076923 0.5552884615384616
23 0.5144230769230769 0.5384615384615384 0.5192307692307693 0.5384615384615384 0.5192307692307693 0.5552884615384616 0.5144230769230769 0.5552884615384616
23 0.5240384615384616 0.5384615384615384 0.5288461538461539 0.5384615384615384 0.5288461538461539 0.5552884615384616 0.5240384615384616 0.5552884615384616
23 0.46153846153846156 0.5384615384615384 0.46634615384615385 0.5384615384615384 0.46634615384615385 0.5552884615384616 0.46153846153846156 0.5552884615384616
23 0.4735576923076923 0.5384615384615384 0.47836538461538464 0.5384615384615384 0.47836538461538464 0.5552884615384616 0.4735576923076923 0.5552884615384616
23 0.4855769230769231 0.5384615384615384 0.49038461538461536 0.5384615384615384 0.49038461538461536 0.5552884615384616 0.4855769230769231 0.5552884615384616
23 0.5 0.5384615384615384 0.5048076923076923 0.5384615384615384 0.5048076923076923 0.5552884615384616 0.5 0.5552884615384616
23 0.43990384615384615 0.5384615384615384 0.44471153846153844 0.5384615384615384 0.44471153846153844 0.5552884615384616 0.43990384615384615 0.5552884615384616
23 0.4375 0.5625 0.4543269230769231 0.5625 0.4543269230769231 0.5793269230769231 0.4375 0.5793269230769231
2 0.03365384615384615 0.4543269230769231 0.9567307692307693 0.4543269230769231 0.9567307692307693 0.9206730769230769 0.03365384615384615 0.9206730769230769
10 0.03365384615384615 0.4567307692307692 0.9567307692307693 0.4567307692307692 0.9567307692307693 0.9206730769230769 0.03365384615384615 0.9206730769230769
23 0.34375 0.6346153846153846 0.3605769230769231 0.6346153846153846 0.3605769230769231 0.6490384615384616 0.34375 0.6490384615384616
23 0.34134615384615385 0.5985576923076923 0.3557692307692308 0.5985576923076923 0.3557692307692308 0.6129807692307693 0.34134615384615385 0.6129807692307693