14 0.5384615384615384 0.3269230769230769 0.5576923076923077 0.3269230769230769 0.5576923076923077 0.7427884615384616 0.5384615384615384 0.7427884615384616
14 0.4495192307692308 0.3293269230769231 0.46875 0.3293269230769231 0.46875 0.7403846153846154 0.4495192307692308 0.7403846153846154
14 0.37740384615384615 0.34615384615384615 0.3894230769230769 0.34615384615384615 0.3894230769230769 0.7451923076923077 0.37740384615384615 0.7451923076923077
14 0.6201923076923077 0.34615384615384615 0.6322115384615384 0.34615384615384615 0.6322115384615384 0.7451923076923077 0.6201923076923077 0.7451923076923077
17 0.32211538461538464 0.18990384615384615 0.3798076923076923 0.18990384615384615 0.3798076923076923 0.8125 0.32211538461538464 0.8125
17 0.3870192307692308 0.15144230769230768 0.4519230769230769 0.15144230769230768 0.4519230769230769 0.8100961538461539 0.3870192307692308 0.8100961538461539
17 0.46875 0.13942307692307693 0.5408653846153846 0.13942307692307693 0.5408653846153846 0.8076923076923077 0.46875 0.8076923076923077
17 0.5576923076923077 0.15144230769230768 0.6225961538461539 0.15144230769230768 0.6225961538461539 0.8125 0.5576923076923077 0.8125
17 0.6298076923076923 0.1875 0.6923076923076923 0.1875 0.6923076923076923 0.8149038461538461 0.6298076923076923 0.8149038461538461
17 0.6850961538461539 0.2403846153846154 0.7283653846153846 0.2403846153846154 0.7283653846153846 0.8197115384615384 0.6850961538461539 0.8197115384615384
17 0.28365384615384615 0.24278846153846154 0.3269230769230769 0.24278846153846154 0.3269230769230769 0.8173076923076923 0.28365384615384615 0.8173076923076923
2 0.28365384615384615 0.007211538461538462 0.7283653846153846 0.007211538461538462 0.7283653846153846 0.8293269230769231 0.28365384615384615 0.8293269230769231
10 0.28365384615384615 0.007211538461538462 0.7259615384615384 0.007211538461538462 0.7259615384615384 0.8293269230769231 0.28365384615384615 0.8293269230769231