23 0.4110576923076923 0.5240384615384616 0.47836538461538464 0.5240384615384616 0.47836538461538464 0.59375 0.4110576923076923 0.59375
23 0.5192307692307693 0.5240384615384616 0.5865384615384616 0.5240384615384616 0.5865384615384616 0.59375 0.5192307692307693 0.59375
23 0.6298076923076923 0.6923076923076923 0.6995192307692307 0.6923076923076923 0.6995192307692307 0.7620192307692307 0.6298076923076923 0.7620192307692307
23 0.3004807692307692 0.6923076923076923 0.3701923076923077 0.6923076923076923 0.3701923076923077 0.7620192307692307 0.3004807692307692 0.7620192307692307
23 0.6298076923076923 0.6081730769230769 0.6995192307692307 0.6081730769230769 0.6995192307692307 0.6778846153846154 0.6298076923076923 0.6778846153846154
23 0.3004807692307692 0.6081730769230769 0.3701923076923077 0.6081730769230769 0.3701923076923077 0.6778846153846154 0.3004807692307692 0.6778846153846154
23 0.6298076923076923 0.5240384615384616 0.6995192307692307 0.5240384615384616 0.6995192307692307 0.59375 0.6298076923076923 0.59375
23 0.6298076923076923 0.4206730769230769 0.6995192307692307 0.4206730769230769 0.6995192307692307 0.5072115384615384 0.6298076923076923 0.5072115384615384
23 0.4110576923076923 0.7764423076923077 0.47836538461538464 0.7764423076923077 0.47836538461538464 0.8461538461538461 0.4110576923076923 0.8461538461538461
23 0.5192307692307693 0.7764423076923077 0.5865384615384616 0.7764423076923077 0.5865384615384616 0.8461538461538461 0.5192307692307693 0.8461538461538461
23 0.6298076923076923 0.7764423076923077 0.6995192307692307 0.7764423076923077 0.6995192307692307 0.8461538461538461 0.6298076923076923 0.8461538461538461
23 0.3004807692307692 0.7764423076923077 0.3701923076923077 0.7764423076923077 0.3701923076923077 0.8461538461538461 0.3004807692307692 0.8461538461538461
23 0.3004807692307692 0.5240384615384616 0.3701923076923077 0.5240384615384616 0.3701923076923077 0.59375 0.3004807692307692 0.59375
23 0.41346153846153844 0.4206730769230769 0.4807692307692308 0.4206730769230769 0.4807692307692308 0.5072115384615384 0.41346153846153844 0.5072115384615384
23 0.5192307692307693 0.4206730769230769 0.5865384615384616 0.4206730769230769 0.5865384615384616 0.5072115384615384 0.5192307692307693 0.5072115384615384
23 0.3004807692307692 0.4206730769230769 0.3701923076923077 0.4206730769230769 0.3701923076923077 0.5072115384615384 0.3004807692307692 0.5072115384615384
23 0.6153846153846154 0.31971153846153844 0.7019230769230769 0.31971153846153844 0.7019230769230769 0.37740384615384615 0.6153846153846154 0.37740384615384615
23 0.4230769230769231 0.31971153846153844 0.5769230769230769 0.31971153846153844 0.5769230769230769 0.37740384615384615 0.4230769230769231 0.37740384615384615
23 0.2980769230769231 0.1658653846153846 0.38461538461538464 0.1658653846153846 0.38461538461538464 0.23076923076923078 0.2980769230769231 0.23076923076923078
23 0.2980769230769231 0.31971153846153844 0.38461538461538464 0.31971153846153844 0.38461538461538464 0.37740384615384615 0.2980769230769231 0.37740384615384615
23 0.2980769230769231 0.24519230769230768 0.38461538461538464 0.24519230769230768 0.38461538461538464 0.30288461538461536 0.2980769230769231 0.30288461538461536
23 0.6153846153846154 0.1658653846153846 0.7019230769230769 0.1658653846153846 0.7019230769230769 0.23076923076923078 0.6153846153846154 0.23076923076923078
23 0.4230769230769231 0.1658653846153846 0.5769230769230769 0.1658653846153846 0.5769230769230769 0.23076923076923078 0.4230769230769231 0.23076923076923078
23 0.6153846153846154 0.24519230769230768 0.7019230769230769 0.24519230769230768 0.7019230769230769 0.30288461538461536 0.6153846153846154 0.30288461538461536
23 0.4230769230769231 0.24519230769230768 0.5769230769230769 0.24519230769230768 0.5769230769230769 0.30288461538461536 0.4230769230769231 0.30288461538461536
0 0.5216346153846154 0.7403846153846154 0.5865384615384616 0.7403846153846154 0.5865384615384616 0.7620192307692307 0.5216346153846154 0.7620192307692307
0 0.5240384615384616 0.6586538461538461 0.5889423076923077 0.6586538461538461 0.5889423076923077 0.6778846153846154 0.5240384615384616 0.6778846153846154
0 0.41346153846153844 0.7403846153846154 0.47836538461538464 0.7403846153846154 0.47836538461538464 0.7620192307692307 0.41346153846153844 0.7620192307692307
0 0.41346153846153844 0.6586538461538461 0.47836538461538464 0.6586538461538461 0.47836538461538464 0.6778846153846154 0.41346153846153844 0.6778846153846154
8 0.3076923076923077 0.8942307692307693 0.3701923076923077 0.8942307692307693 0.3701923076923077 0.9663461538461539 0.3076923076923077 0.9663461538461539
8 0.6298076923076923 0.8942307692307693 0.6947115384615384 0.8942307692307693 0.6947115384615384 0.9663461538461539 0.6298076923076923 0.9663461538461539
8 0.5192307692307693 0.8942307692307693 0.5865384615384616 0.8942307692307693 0.5865384615384616 0.9663461538461539 0.5192307692307693 0.9663461538461539
8 0.41586538461538464 0.8942307692307693 0.47596153846153844 0.8942307692307693 0.47596153846153844 0.9663461538461539 0.41586538461538464 0.9663461538461539
23 0.5865384615384616 0.07692307692307693 0.7019230769230769 0.07692307692307693 0.7019230769230769 0.14182692307692307 0.5865384615384616 0.14182692307692307
12 0.2980769230769231 0.14903846153846154 0.7019230769230769 0.14903846153846154 0.7019230769230769 0.15625 0.2980769230769231 0.15625
11 0.2620192307692308 0.4014423076923077 0.7379807692307693 0.4014423076923077 0.7379807692307693 0.5120192307692307 0.2620192307692308 0.5120192307692307
12 0.2620192307692308 0.7620192307692307 0.7379807692307693 0.7620192307692307 0.7379807692307693 0.7716346153846154 0.2620192307692308 0.7716346153846154
12 0.2620192307692308 0.6754807692307693 0.7379807692307693 0.6754807692307693 0.7379807692307693 0.6850961538461539 0.2620192307692308 0.6850961538461539
12 0.2620192307692308 0.5961538461538461 0.7379807692307693 0.5961538461538461 0.7379807692307693 0.6033653846153846 0.2620192307692308 0.6033653846153846
12 0.2620192307692308 0.5120192307692307 0.7379807692307693 0.5120192307692307 0.7379807692307693 0.5192307692307693 0.2620192307692308 0.5192307692307693
22 0.5865384615384616 0.052884615384615384 0.7019230769230769 0.052884615384615384 0.7019230769230769 0.14903846153846154 0.5865384615384616 0.14903846153846154
12 0.2980769230769231 0.3076923076923077 0.7019230769230769 0.3076923076923077 0.7019230769230769 0.31490384615384615 0.2980769230769231 0.31490384615384615
12 0.2980769230769231 0.23317307692307693 0.7019230769230769 0.23317307692307693 0.7019230769230769 0.2403846153846154 0.2980769230769231 0.2403846153846154
12 0.2620192307692308 0.8605769230769231 0.7379807692307693 0.8605769230769231 0.7379807692307693 0.8677884615384616 0.2620192307692308 0.8677884615384616
15 0.2620192307692308 0.8677884615384616 0.7379807692307693 0.8677884615384616 0.7379807692307693 0.9663461538461539 0.2620192307692308 0.9663461538461539
11 0.2620192307692308 0.7716346153846154 0.7379807692307693 0.7716346153846154 0.7379807692307693 0.8605769230769231 0.2620192307692308 0.8605769230769231
11 0.2620192307692308 0.6850961538461539 0.7379807692307693 0.6850961538461539 0.7379807692307693 0.7620192307692307 0.2620192307692308 0.7620192307692307
11 0.2620192307692308 0.6057692307692307 0.7379807692307693 0.6057692307692307 0.7379807692307693 0.6778846153846154 0.2620192307692308 0.6778846153846154
11 0.2620192307692308 0.5192307692307693 0.7379807692307693 0.5192307692307693 0.7379807692307693 0.5961538461538461 0.2620192307692308 0.5961538461538461
10 0.2620192307692308 0.4014423076923077 0.7379807692307693 0.4014423076923077 0.7379807692307693 0.9663461538461539 0.2620192307692308 0.9663461538461539
11 0.2980769230769231 0.31490384615384615 0.7019230769230769 0.31490384615384615 0.7019230769230769 0.3918269230769231 0.2980769230769231 0.3918269230769231
11 0.2980769230769231 0.2403846153846154 0.7019230769230769 0.2403846153846154 0.7019230769230769 0.3076923076923077 0.2980769230769231 0.3076923076923077
11 0.2980769230769231 0.15625 0.7019230769230769 0.15625 0.7019230769230769 0.23317307692307693 0.2980769230769231 0.23317307692307693
2 0.2620192307692308 0.038461538461538464 0.7355769230769231 0.038461538461538464 0.7355769230769231 0.9663461538461539 0.2620192307692308 0.9663461538461539
7 0.6850961538461539 0.8894230769230769 0.7355769230769231 0.8894230769230769 0.7355769230769231 0.9783653846153846 0.6850961538461539 0.9783653846153846
7 0.4230769230769231 0.9182692307692307 0.4855769230769231 0.9182692307692307 0.4855769230769231 0.9735576923076923 0.4230769230769231 0.9735576923076923
12 0.2668269230769231 0.3918269230769231 0.7379807692307693 0.3918269230769231 0.7379807692307693 0.4014423076923077 0.2668269230769231 0.4014423076923077
9 0.5216346153846154 0.6923076923076923 0.5865384615384616 0.6923076923076923 0.5865384615384616 0.7620192307692307 0.5216346153846154 0.7620192307692307
9 0.5216346153846154 0.6081730769230769 0.5865384615384616 0.6081730769230769 0.5865384615384616 0.6778846153846154 0.5216346153846154 0.6778846153846154
9 0.41346153846153844 0.6081730769230769 0.47836538461538464 0.6081730769230769 0.47836538461538464 0.6778846153846154 0.41346153846153844 0.6778846153846154
9 0.41346153846153844 0.6923076923076923 0.47836538461538464 0.6923076923076923 0.47836538461538464 0.7620192307692307 0.41346153846153844 0.7620192307692307