23 0.31490384615384615 0.3173076923076923 0.375 0.3173076923076923 0.375 0.49038461538461536 0.31490384615384615 0.49038461538461536
14 0.44471153846153844 0.5552884615384616 0.5600961538461539 0.5552884615384616 0.5600961538461539 0.7596153846153846 0.44471153846153844 0.7596153846153846
23 0.5793269230769231 0.0889423076923077 0.6538461538461539 0.0889423076923077 0.6538461538461539 0.125 0.5793269230769231 0.125
23 0.6706730769230769 0.16105769230769232 0.7043269230769231 0.16105769230769232 0.7043269230769231 0.18990384615384615 0.6706730769230769 0.18990384615384615
14 0.5216346153846154 0.21394230769230768 0.7139423076923077 0.21394230769230768 0.7139423076923077 0.5024038461538461 0.5216346153846154 0.5024038461538461
23 0.44711538461538464 0.44711538461538464 0.4831730769230769 0.44711538461538464 0.4831730769230769 0.5024038461538461 0.44711538461538464 0.5024038461538461
23 0.40625 0.3173076923076923 0.4831730769230769 0.3173076923076923 0.4831730769230769 0.40625 0.40625 0.40625
23 0.5216346153846154 0.3173076923076923 0.6033653846153846 0.3173076923076923 0.6033653846153846 0.38221153846153844 0.5216346153846154 0.38221153846153844
14 0.28365384615384615 0.5432692307692307 0.3701923076923077 0.5432692307692307 0.3701923076923077 0.7403846153846154 0.28365384615384615 0.7403846153846154
14 0.6298076923076923 0.5432692307692307 0.7139423076923077 0.5432692307692307 0.7139423076923077 0.7379807692307693 0.6298076923076923 0.7379807692307693
23 0.30288461538461536 0.7836538461538461 0.3942307692307692 0.7836538461538461 0.3942307692307692 0.8004807692307693 0.30288461538461536 0.8004807692307693
23 0.6225961538461539 0.7860576923076923 0.6850961538461539 0.7860576923076923 0.6850961538461539 0.8028846153846154 0.6225961538461539 0.8028846153846154
23 0.4519230769230769 0.23798076923076922 0.4879807692307692 0.23798076923076922 0.4879807692307692 0.27403846153846156 0.4519230769230769 0.27403846153846156
8 0.5480769230769231 0.24519230769230768 0.5961538461538461 0.24519230769230768 0.5961538461538461 0.3076923076923077 0.5480769230769231 0.3076923076923077
23 0.5528846153846154 0.15144230769230768 0.5769230769230769 0.15144230769230768 0.5769230769230769 0.18269230769230768 0.5528846153846154 0.18269230769230768
8 0.625 0.15144230769230768 0.6850961538461539 0.15144230769230768 0.6850961538461539 0.1971153846153846 0.625 0.1971153846153846
8 0.30288461538461536 0.8125 0.3485576923076923 0.8125 0.3485576923076923 0.9110576923076923 0.30288461538461536 0.9110576923076923
8 0.3629807692307692 0.8125 0.3918269230769231 0.8125 0.3918269230769231 0.9110576923076923 0.3629807692307692 0.9110576923076923
8 0.44711538461538464 0.7860576923076923 0.5528846153846154 0.7860576923076923 0.5528846153846154 0.9158653846153846 0.44711538461538464 0.9158653846153846
8 0.6225961538461539 0.8125 0.6826923076923077 0.8125 0.6826923076923077 0.9158653846153846 0.6225961538461539 0.9158653846153846
20 0.4543269230769231 0.7139423076923077 0.5432692307692307 0.7139423076923077 0.5432692307692307 0.7596153846153846 0.4543269230769231 0.7596153846153846
19 0.39663461538461536 0.04326923076923077 0.7163461538461539 0.04326923076923077 0.7163461538461539 0.22355769230769232 0.39663461538461536 0.22355769230769232
0 0.40625 0.25961538461538464 0.6033653846153846 0.25961538461538464 0.6033653846153846 0.3076923076923077 0.40625 0.3076923076923077
0 0.5360576923076923 0.14182692307692307 0.7163461538461539 0.14182692307692307 0.7163461538461539 0.20432692307692307 0.5360576923076923 0.20432692307692307
17 0.40865384615384615 0.5336538461538461 0.43509615384615385 0.5336538461538461 0.43509615384615385 0.7548076923076923 0.40865384615384615 0.7548076923076923
17 0.5673076923076923 0.5336538461538461 0.5913461538461539 0.5336538461538461 0.5913461538461539 0.7548076923076923 0.5673076923076923 0.7548076923076923
17 0.4110576923076923 0.7764423076923077 0.4326923076923077 0.7764423076923077 0.4326923076923077 0.9182692307692307 0.4110576923076923 0.9182692307692307
17 0.5673076923076923 0.7764423076923077 0.5913461538461539 0.7764423076923077 0.5913461538461539 0.9182692307692307 0.5673076923076923 0.9182692307692307
2 0.28125 0.04326923076923077 0.71875 0.04326923076923077 0.71875 0.9182692307692307 0.28125 0.9182692307692307
10 0.28365384615384615 0.04326923076923077 0.7163461538461539 0.04326923076923077 0.7163461538461539 0.9182692307692307 0.28365384615384615 0.9182692307692307