14 0.3798076923076923 0.5649038461538461 0.6177884615384616 0.5649038461538461 0.6177884615384616 0.6586538461538461 0.3798076923076923 0.6586538461538461
23 0.38221153846153844 0.6754807692307693 0.40625 0.6754807692307693 0.40625 0.7572115384615384 0.38221153846153844 0.7572115384615384
23 0.4110576923076923 0.6754807692307693 0.44471153846153844 0.6754807692307693 0.44471153846153844 0.7572115384615384 0.4110576923076923 0.7572115384615384
23 0.44711538461538464 0.6754807692307693 0.47115384615384615 0.6754807692307693 0.47115384615384615 0.7548076923076923 0.44711538461538464 0.7548076923076923
23 0.47596153846153844 0.6754807692307693 0.4951923076923077 0.6754807692307693 0.4951923076923077 0.7596153846153846 0.47596153846153844 0.7596153846153846
23 0.5 0.6754807692307693 0.5216346153846154 0.6754807692307693 0.5216346153846154 0.7644230769230769 0.5 0.7644230769230769
23 0.5264423076923077 0.6754807692307693 0.5480769230769231 0.6754807692307693 0.5480769230769231 0.7548076923076923 0.5264423076923077 0.7548076923076923
23 0.5528846153846154 0.6754807692307693 0.5865384615384616 0.6754807692307693 0.5865384615384616 0.7572115384615384 0.5528846153846154 0.7572115384615384
23 0.5913461538461539 0.6778846153846154 0.6153846153846154 0.6778846153846154 0.6153846153846154 0.7572115384615384 0.5913461538461539 0.7572115384615384
23 0.38221153846153844 0.4254807692307692 0.4326923076923077 0.4254807692307692 0.4326923076923077 0.49278846153846156 0.38221153846153844 0.49278846153846156
23 0.44711538461538464 0.4254807692307692 0.47836538461538464 0.4254807692307692 0.47836538461538464 0.49278846153846156 0.44711538461538464 0.49278846153846156
23 0.38221153846153844 0.30528846153846156 0.4326923076923077 0.30528846153846156 0.4326923076923077 0.37259615384615385 0.38221153846153844 0.37259615384615385
23 0.38461538461538464 0.18269230769230768 0.4326923076923077 0.18269230769230768 0.4326923076923077 0.27403846153846156 0.38461538461538464 0.27403846153846156
23 0.4519230769230769 0.18269230769230768 0.49278846153846156 0.18269230769230768 0.49278846153846156 0.25961538461538464 0.4519230769230769 0.25961538461538464
23 0.5072115384615384 0.18269230769230768 0.5480769230769231 0.18269230769230768 0.5480769230769231 0.25961538461538464 0.5072115384615384 0.25961538461538464
23 0.4495192307692308 0.30528846153846156 0.4831730769230769 0.30528846153846156 0.4831730769230769 0.38221153846153844 0.4495192307692308 0.38221153846153844
23 0.5168269230769231 0.30528846153846156 0.5504807692307693 0.30528846153846156 0.5504807692307693 0.38221153846153844 0.5168269230769231 0.38221153846153844
23 0.5192307692307693 0.4230769230769231 0.5504807692307693 0.4230769230769231 0.5504807692307693 0.49278846153846156 0.5192307692307693 0.49278846153846156
23 0.5673076923076923 0.18269230769230768 0.6129807692307693 0.18269230769230768 0.6129807692307693 0.27403846153846156 0.5673076923076923 0.27403846153846156
23 0.5649038461538461 0.4254807692307692 0.6153846153846154 0.4254807692307692 0.6153846153846154 0.49278846153846156 0.5649038461538461 0.49278846153846156
23 0.5649038461538461 0.30288461538461536 0.6153846153846154 0.30288461538461536 0.6153846153846154 0.375 0.5649038461538461 0.375
23 0.3798076923076923 0.8197115384615384 0.4254807692307692 0.8197115384615384 0.4254807692307692 0.8341346153846154 0.3798076923076923 0.8341346153846154
23 0.5336538461538461 0.8197115384615384 0.5793269230769231 0.8197115384615384 0.5793269230769231 0.8317307692307693 0.5336538461538461 0.8317307692307693
23 0.4014423076923077 0.09615384615384616 0.4423076923076923 0.09615384615384616 0.4423076923076923 0.14423076923076922 0.4014423076923077 0.14423076923076922
23 0.47596153846153844 0.10576923076923077 0.5264423076923077 0.10576923076923077 0.5264423076923077 0.1466346153846154 0.47596153846153844 0.1466346153846154
23 0.5600961538461539 0.11538461538461539 0.5889423076923077 0.11538461538461539 0.5889423076923077 0.15144230769230768 0.5600961538461539 0.15144230769230768
17 0.4230769230769231 0.5889423076923077 0.42788461538461536 0.5889423076923077 0.42788461538461536 0.7860576923076923 0.4230769230769231 0.7860576923076923
17 0.4807692307692308 0.5865384615384616 0.4855769230769231 0.5865384615384616 0.4855769230769231 0.7836538461538461 0.4807692307692308 0.7836538461538461
17 0.5120192307692307 0.5865384615384616 0.5168269230769231 0.5865384615384616 0.5168269230769231 0.7836538461538461 0.5120192307692307 0.7836538461538461
17 0.5697115384615384 0.5841346153846154 0.5745192307692307 0.5841346153846154 0.5745192307692307 0.7836538461538461 0.5697115384615384 0.7836538461538461
8 0.4519230769230769 0.8197115384615384 0.5192307692307693 0.8197115384615384 0.5192307692307693 0.9567307692307693 0.4519230769230769 0.9567307692307693
8 0.5336538461538461 0.8461538461538461 0.5793269230769231 0.8461538461538461 0.5793269230769231 0.9591346153846154 0.5336538461538461 0.9591346153846154
8 0.5913461538461539 0.8461538461538461 0.6177884615384616 0.8461538461538461 0.6177884615384616 0.9519230769230769 0.5913461538461539 0.9519230769230769
20 0.36778846153846156 0.8461538461538461 0.4375 0.8461538461538461 0.4375 0.9591346153846154 0.36778846153846156 0.9591346153846154
23 0.5889423076923077 0.8197115384615384 0.6177884615384616 0.8197115384615384 0.6177884615384616 0.8317307692307693 0.5889423076923077 0.8317307692307693
19 0.3870192307692308 0.057692307692307696 0.5793269230769231 0.057692307692307696 0.5793269230769231 0.09134615384615384 0.3870192307692308 0.09134615384615384
2 0.36778846153846156 0.055288461538461536 0.6298076923076923 0.055288461538461536 0.6298076923076923 0.9615384615384616 0.36778846153846156 0.9615384615384616
10 0.36538461538461536 0.055288461538461536 0.6298076923076923 0.055288461538461536 0.6298076923076923 0.9615384615384616 0.36538461538461536 0.9615384615384616
21 0.5120192307692307 0.24759615384615385 0.5528846153846154 0.24759615384615385 0.5528846153846154 0.27163461538461536 0.5120192307692307 0.27163461538461536
21 0.3798076923076923 0.3581730769230769 0.4326923076923077 0.3581730769230769 0.4326923076923077 0.3894230769230769 0.3798076923076923 0.3894230769230769
21 0.44711538461538464 0.24759615384615385 0.4879807692307692 0.24759615384615385 0.4879807692307692 0.27163461538461536 0.44711538461538464 0.27163461538461536
21 0.44711538461538464 0.36778846153846156 0.4831730769230769 0.36778846153846156 0.4831730769230769 0.3918269230769231 0.44711538461538464 0.3918269230769231
21 0.5168269230769231 0.36778846153846156 0.5528846153846154 0.36778846153846156 0.5528846153846154 0.3942307692307692 0.5168269230769231 0.3942307692307692
21 0.3798076923076923 0.47836538461538464 0.4326923076923077 0.47836538461538464 0.4326923076923077 0.5072115384615384 0.3798076923076923 0.5072115384615384
21 0.5649038461538461 0.3557692307692308 0.6177884615384616 0.3557692307692308 0.6177884615384616 0.3894230769230769 0.5649038461538461 0.3894230769230769
21 0.5649038461538461 0.47836538461538464 0.6177884615384616 0.47836538461538464 0.6177884615384616 0.5072115384615384 0.5649038461538461 0.5072115384615384
21 0.39903846153846156 0.14423076923076922 0.44471153846153844 0.14423076923076922 0.44471153846153844 0.15144230769230768 0.39903846153846156 0.15144230769230768
20 0.6177884615384616 0.23557692307692307 0.6274038461538461 0.23557692307692307 0.6274038461538461 0.46153846153846156 0.6177884615384616 0.46153846153846156