23 0.3125 0.5072115384615384 0.3918269230769231 0.5072115384615384 0.3918269230769231 0.5841346153846154 0.3125 0.5841346153846154
23 0.21153846153846154 0.5072115384615384 0.29086538461538464 0.5072115384615384 0.29086538461538464 0.5841346153846154 0.21153846153846154 0.5841346153846154
23 0.7115384615384616 0.5048076923076923 0.7932692307692307 0.5048076923076923 0.7932692307692307 0.5817307692307693 0.7115384615384616 0.5817307692307693
23 0.6033653846153846 0.5048076923076923 0.6850961538461539 0.5048076923076923 0.6850961538461539 0.5817307692307693 0.6033653846153846 0.5817307692307693
23 0.3125 0.7043269230769231 0.3894230769230769 0.7043269230769231 0.3894230769230769 0.7932692307692307 0.3125 0.7932692307692307
23 0.20192307692307693 0.7043269230769231 0.28125 0.7043269230769231 0.28125 0.7932692307692307 0.20192307692307693 0.7932692307692307
23 0.71875 0.7043269230769231 0.8004807692307693 0.7043269230769231 0.8004807692307693 0.7932692307692307 0.71875 0.7932692307692307
23 0.6129807692307693 0.7043269230769231 0.6947115384615384 0.7043269230769231 0.6947115384615384 0.7932692307692307 0.6129807692307693 0.7932692307692307
23 0.5024038461538461 0.3389423076923077 0.5528846153846154 0.3389423076923077 0.5528846153846154 0.38461538461538464 0.5024038461538461 0.38461538461538464
23 0.43028846153846156 0.3389423076923077 0.4831730769230769 0.3389423076923077 0.4831730769230769 0.38461538461538464 0.43028846153846156 0.38461538461538464
23 0.4951923076923077 0.19230769230769232 0.5336538461538461 0.19230769230769232 0.5336538461538461 0.22596153846153846 0.4951923076923077 0.22596153846153846
23 0.4423076923076923 0.19230769230769232 0.4807692307692308 0.19230769230769232 0.4807692307692308 0.22596153846153846 0.4423076923076923 0.22596153846153846
15 0.036057692307692304 0.6923076923076923 0.9591346153846154 0.6923076923076923 0.9591346153846154 0.9086538461538461 0.036057692307692304 0.9086538461538461
11 0.055288461538461536 0.47596153846153844 0.9447115384615384 0.47596153846153844 0.9447115384615384 0.6875 0.055288461538461536 0.6875
12 0.07211538461538461 0.46153846153846156 0.9182692307692307 0.46153846153846156 0.9182692307692307 0.4831730769230769 0.07211538461538461 0.4831730769230769
12 0.055288461538461536 0.6802884615384616 0.9447115384615384 0.6802884615384616 0.9447115384615384 0.6995192307692307 0.055288461538461536 0.6995192307692307
22 0.07211538461538461 0.16105769230769232 0.9158653846153846 0.16105769230769232 0.9158653846153846 0.46875 0.07211538461538461 0.46875
2 0.002403846153846154 0.12980769230769232 0.9759615384615384 0.12980769230769232 0.9759615384615384 0.9086538461538461 0.002403846153846154 0.9086538461538461
10 0.07211538461538461 0.43028846153846156 0.9134615384615384 0.43028846153846156 0.9134615384615384 0.9086538461538461 0.07211538461538461 0.9086538461538461
7 0.17548076923076922 0.75 0.41586538461538464 0.75 0.41586538461538464 0.8076923076923077 0.17548076923076922 0.8076923076923077
7 0 0.4567307692307692 0.9711538461538461 0.4567307692307692 0.9711538461538461 0.7379807692307693 0 0.7379807692307693
7 0.4230769230769231 0.3629807692307692 0.5841346153846154 0.3629807692307692 0.5841346153846154 0.4206730769230769 0.4230769230769231 0.4206730769230769
7 0.4254807692307692 0.20673076923076922 0.5552884615384616 0.20673076923076922 0.5552884615384616 0.25 0.4254807692307692 0.25
25 0.43028846153846156 0.18269230769230768 0.5456730769230769 0.18269230769230768 0.5456730769230769 0.23317307692307693 0.43028846153846156 0.23317307692307693
25 0.4230769230769231 0.33413461538461536 0.5697115384615384 0.33413461538461536 0.5697115384615384 0.3894230769230769 0.4230769230769231 0.3894230769230769
25 0.1971153846153846 0.5 0.40625 0.5 0.40625 0.59375 0.1971153846153846 0.59375
25 0.5913461538461539 0.49759615384615385 0.8004807692307693 0.49759615384615385 0.8004807692307693 0.5889423076923077 0.5913461538461539 0.5889423076923077
1 0.5576923076923077 0.7019230769230769 0.6009615384615384 0.7019230769230769 0.6009615384615384 0.7932692307692307 0.5576923076923077 0.7932692307692307
1 0.8076923076923077 0.7019230769230769 0.8557692307692307 0.7019230769230769 0.8557692307692307 0.7932692307692307 0.8076923076923077 0.7932692307692307
1 0.39663461538461536 0.7019230769230769 0.44471153846153844 0.7019230769230769 0.44471153846153844 0.7980769230769231 0.39663461538461536 0.7980769230769231
1 0.14423076923076922 0.7019230769230769 0.19230769230769232 0.7019230769230769 0.19230769230769232 0.7932692307692307 0.14423076923076922 0.7932692307692307
19 0.002403846153846154 0.12980769230769232 0.9759615384615384 0.12980769230769232 0.9759615384615384 0.5288461538461539 0.002403846153846154 0.5288461538461539