23 0.30528846153846156 0.6394230769230769 0.35096153846153844 0.6394230769230769 0.35096153846153844 0.7211538461538461 0.30528846153846156 0.7211538461538461
19 0.28125 0.04807692307692308 0.6682692307692307 0.04807692307692308 0.6682692307692307 0.2956730769230769 0.28125 0.2956730769230769
17 0.17307692307692307 0.5144230769230769 0.19471153846153846 0.5144230769230769 0.19471153846153846 0.8293269230769231 0.17307692307692307 0.8293269230769231
17 0.3870192307692308 0.5576923076923077 0.40625 0.5576923076923077 0.40625 0.8317307692307693 0.3870192307692308 0.8317307692307693
17 0.6009615384615384 0.5552884615384616 0.6177884615384616 0.5552884615384616 0.6177884615384616 0.8341346153846154 0.6009615384615384 0.8341346153846154
17 0.7283653846153846 0.5168269230769231 0.7524038461538461 0.5168269230769231 0.7524038461538461 0.8317307692307693 0.7283653846153846 0.8317307692307693
8 0.6177884615384616 0.6947115384615384 0.7403846153846154 0.6947115384615384 0.7403846153846154 0.8341346153846154 0.6177884615384616 0.8341346153846154
16 0.1971153846153846 0.5336538461538461 0.7307692307692307 0.5336538461538461 0.7307692307692307 0.5745192307692307 0.1971153846153846 0.5745192307692307
23 0.46634615384615385 0.6394230769230769 0.5144230769230769 0.6394230769230769 0.5144230769230769 0.7211538461538461 0.46634615384615385 0.7211538461538461
24 0.1875 0.5552884615384616 0.6057692307692307 0.5552884615384616 0.6057692307692307 0.8341346153846154 0.1875 0.8341346153846154
9 0.6153846153846154 0.5552884615384616 0.7403846153846154 0.5552884615384616 0.7403846153846154 0.8341346153846154 0.6153846153846154 0.8341346153846154
2 0.09615384615384616 0.04807692307692308 0.8269230769230769 0.04807692307692308 0.8269230769230769 0.875 0.09615384615384616 0.875
10 0.1778846153846154 0.42788461538461536 0.7475961538461539 0.42788461538461536 0.7475961538461539 0.8725961538461539 0.1778846153846154 0.8725961538461539
25 0.29086538461538464 0.5913461538461539 0.3629807692307692 0.5913461538461539 0.3629807692307692 0.7331730769230769 0.29086538461538464 0.7331730769230769
25 0.4543269230769231 0.5913461538461539 0.5264423076923077 0.5913461538461539 0.5264423076923077 0.7355769230769231 0.4543269230769231 0.7355769230769231
15 0.2091346153846154 0.5384615384615384 0.7475961538461539 0.5384615384615384 0.7475961538461539 0.8317307692307693 0.2091346153846154 0.8317307692307693
12 0.2091346153846154 0.5240384615384616 0.7475961538461539 0.5240384615384616 0.7475961538461539 0.5384615384615384 0.2091346153846154 0.5384615384615384
22 0.2091346153846154 0.3004807692307692 0.7475961538461539 0.3004807692307692 0.7475961538461539 0.5264423076923077 0.2091346153846154 0.5264423076923077