23 0.6586538461538461 0.7908653846153846 0.9375 0.7908653846153846 0.9375 0.9519230769230769 0.6586538461538461 0.9519230769230769
23 0.11538461538461539 0.7908653846153846 0.3918269230769231 0.7908653846153846 0.3918269230769231 0.9495192307692307 0.11538461538461539 0.9495192307692307
23 0.11778846153846154 0.026442307692307692 0.3894230769230769 0.026442307692307692 0.3894230769230769 0.1875 0.11778846153846154 0.1875
23 0.6610576923076923 0.028846153846153848 0.9350961538461539 0.028846153846153848 0.9350961538461539 0.1875 0.6610576923076923 0.1875
23 0.6586538461538461 0.28365384615384615 0.9350961538461539 0.28365384615384615 0.9350961538461539 0.44711538461538464 0.6586538461538461 0.44711538461538464
23 0.11778846153846154 0.28365384615384615 0.3894230769230769 0.28365384615384615 0.3894230769230769 0.4423076923076923 0.11778846153846154 0.4423076923076923
23 0.65625 0.5408653846153846 0.9399038461538461 0.5408653846153846 0.9399038461538461 0.7043269230769231 0.65625 0.7043269230769231
23 0.11538461538461539 0.5384615384615384 0.3918269230769231 0.5384615384615384 0.3918269230769231 0.6995192307692307 0.11538461538461539 0.6995192307692307
25 0.0985576923076923 0.016826923076923076 0.40625 0.016826923076923076 0.40625 0.1971153846153846 0.0985576923076923 0.1971153846153846
25 0.6418269230769231 0.016826923076923076 0.9567307692307693 0.016826923076923076 0.9567307692307693 0.1971153846153846 0.6418269230769231 0.1971153846153846
25 0.09615384615384616 0.27163461538461536 0.40865384615384615 0.27163461538461536 0.40865384615384615 0.4543269230769231 0.09615384615384616 0.4543269230769231
25 0.6394230769230769 0.27403846153846156 0.9519230769230769 0.27403846153846156 0.9519230769230769 0.4543269230769231 0.6394230769230769 0.4543269230769231
25 0.09615384615384616 0.5288461538461539 0.40865384615384615 0.5288461538461539 0.40865384615384615 0.7091346153846154 0.09615384615384616 0.7091346153846154
25 0.6394230769230769 0.53125 0.9519230769230769 0.53125 0.9519230769230769 0.7115384615384616 0.6394230769230769 0.7115384615384616
25 0.09615384615384616 0.78125 0.40865384615384615 0.78125 0.40865384615384615 0.9615384615384616 0.09615384615384616 0.9615384615384616
25 0.6394230769230769 0.78125 0.9519230769230769 0.78125 0.9519230769230769 0.9615384615384616 0.6394230769230769 0.9615384615384616
11 0 0.7572115384615384 0.9951923076923077 0.7572115384615384 0.9951923076923077 1 0 1
12 0.002403846153846154 0.2283653846153846 0.9975961538461539 0.2283653846153846 0.9975961538461539 0.24519230769230768 0.002403846153846154 0.24519230769230768
12 0 0.4831730769230769 0.9951923076923077 0.4831730769230769 0.9951923076923077 0.5 0 0.5
12 0 0.7403846153846154 0.9951923076923077 0.7403846153846154 0.9951923076923077 0.7572115384615384 0 0.7572115384615384
11 0 0.002403846153846154 0.9951923076923077 0.002403846153846154 0.9951923076923077 0.22596153846153846 0 0.22596153846153846
11 0 0.5 0.9951923076923077 0.5 0.9951923076923077 0.7403846153846154 0 0.7403846153846154
11 0 0.24278846153846154 0.9951923076923077 0.24278846153846154 0.9951923076923077 0.4831730769230769 0 0.4831730769230769
2 0 0 1 0 1 1 0 1
10 0 0 1 0 1 1 0 1
7 0.007211538461538462 0.96875 0.17067307692307693 0.96875 0.17067307692307693 0.9975961538461539 0.007211538461538462 0.9975961538461539