9 0 0.6586538461538461 0.04326923076923077 0.6586538461538461 0.04326923076923077 0.8028846153846154 0 0.8028846153846154
9 0.27163461538461536 0.65625 0.34375 0.65625 0.34375 0.8004807692307693 0.27163461538461536 0.8004807692307693
9 0.3701923076923077 0.6610576923076923 0.4423076923076923 0.6610576923076923 0.4423076923076923 0.8004807692307693 0.3701923076923077 0.8004807692307693
8 0.4014423076923077 0.7524038461538461 0.4206730769230769 0.7524038461538461 0.4206730769230769 0.8004807692307693 0.4014423076923077 0.8004807692307693
8 0.21394230769230768 0.7524038461538461 0.23076923076923078 0.7524038461538461 0.23076923076923078 0.7980769230769231 0.21394230769230768 0.7980769230769231
8 0.3076923076923077 0.7524038461538461 0.3269230769230769 0.7524038461538461 0.3269230769230769 0.8004807692307693 0.3076923076923077 0.8004807692307693
8 0.5913461538461539 0.7524038461538461 0.6081730769230769 0.7524038461538461 0.6081730769230769 0.8004807692307693 0.5913461538461539 0.8004807692307693
8 0.7716346153846154 0.7475961538461539 0.7980769230769231 0.7475961538461539 0.7980769230769231 0.8028846153846154 0.7716346153846154 0.8028846153846154
8 0.6778846153846154 0.7475961538461539 0.7043269230769231 0.7475961538461539 0.7043269230769231 0.8004807692307693 0.6778846153846154 0.8004807692307693
8 0.8653846153846154 0.75 0.8918269230769231 0.75 0.8918269230769231 0.8052884615384616 0.8653846153846154 0.8052884615384616
23 0.21394230769230768 0.7019230769230769 0.23317307692307693 0.7019230769230769 0.23317307692307693 0.7379807692307693 0.21394230769230768 0.7379807692307693
23 0.3076923076923077 0.7019230769230769 0.3269230769230769 0.7019230769230769 0.3269230769230769 0.7355769230769231 0.3076923076923077 0.7355769230769231
23 0.40384615384615385 0.7067307692307693 0.4206730769230769 0.7067307692307693 0.4206730769230769 0.7379807692307693 0.40384615384615385 0.7379807692307693
23 0.5889423076923077 0.7019230769230769 0.6081730769230769 0.7019230769230769 0.6081730769230769 0.7379807692307693 0.5889423076923077 0.7379807692307693
23 0.6802884615384616 0.7043269230769231 0.6995192307692307 0.7043269230769231 0.6995192307692307 0.7403846153846154 0.6802884615384616 0.7403846153846154
23 0.7740384615384616 0.7043269230769231 0.7932692307692307 0.7043269230769231 0.7932692307692307 0.7403846153846154 0.7740384615384616 0.7403846153846154
23 0.8653846153846154 0.7067307692307693 0.8846153846153846 0.7067307692307693 0.8846153846153846 0.7427884615384616 0.8653846153846154 0.7427884615384616
23 0.9591346153846154 0.7091346153846154 0.9783653846153846 0.7091346153846154 0.9783653846153846 0.7427884615384616 0.9591346153846154 0.7427884615384616
8 0.9615384615384616 0.7524038461538461 0.9879807692307693 0.7524038461538461 0.9879807692307693 0.8076923076923077 0.9615384615384616 0.8076923076923077
9 0.16826923076923078 0.6610576923076923 0.24519230769230768 0.6610576923076923 0.24519230769230768 0.8004807692307693 0.16826923076923078 0.8004807692307693
9 0.06490384615384616 0.6610576923076923 0.14182692307692307 0.6610576923076923 0.14182692307692307 0.8004807692307693 0.06490384615384616 0.8004807692307693
8 0.014423076923076924 0.7548076923076923 0.036057692307692304 0.7548076923076923 0.036057692307692304 0.8004807692307693 0.014423076923076924 0.8004807692307693
23 0.019230769230769232 0.7019230769230769 0.038461538461538464 0.7019230769230769 0.038461538461538464 0.7379807692307693 0.019230769230769232 0.7379807692307693
9 0.47115384615384615 0.6634615384615384 0.5408653846153846 0.6634615384615384 0.5408653846153846 0.8028846153846154 0.47115384615384615 0.8028846153846154
9 0.47596153846153844 0.6754807692307693 0.5336538461538461 0.6754807692307693 0.5336538461538461 0.7980769230769231 0.47596153846153844 0.7980769230769231
9 0.5673076923076923 0.6634615384615384 0.6370192307692307 0.6634615384615384 0.6370192307692307 0.8028846153846154 0.5673076923076923 0.8028846153846154
9 0.6634615384615384 0.6658653846153846 0.7355769230769231 0.6658653846153846 0.7355769230769231 0.8028846153846154 0.6634615384615384 0.8028846153846154
9 0.7620192307692307 0.6658653846153846 0.8341346153846154 0.6658653846153846 0.8341346153846154 0.8028846153846154 0.7620192307692307 0.8028846153846154
9 0.8605769230769231 0.6658653846153846 0.9302884615384616 0.6658653846153846 0.9302884615384616 0.8052884615384616 0.8605769230769231 0.8052884615384616
9 0.9567307692307693 0.6682692307692307 1 0.6682692307692307 1 0.8076923076923077 0.9567307692307693 0.8076923076923077
23 0.2956730769230769 0.5192307692307693 0.3076923076923077 0.5192307692307693 0.3076923076923077 0.5408653846153846 0.2956730769230769 0.5408653846153846
24 0.28125 0.5048076923076923 0.3125 0.5048076923076923 0.3125 0.5504807692307693 0.28125 0.5504807692307693
9 0.24759615384615385 0.47115384615384615 0.3269230769230769 0.47115384615384615 0.3269230769230769 0.6105769230769231 0.24759615384615385 0.6105769230769231
9 0.6778846153846154 0.47596153846153844 0.7572115384615384 0.47596153846153844 0.7572115384615384 0.6177884615384616 0.6778846153846154 0.6177884615384616
24 0.6947115384615384 0.5096153846153846 0.7235576923076923 0.5096153846153846 0.7235576923076923 0.5552884615384616 0.6947115384615384 0.5552884615384616
23 0.6995192307692307 0.5240384615384616 0.7091346153846154 0.5240384615384616 0.7091346153846154 0.5456730769230769 0.6995192307692307 0.5456730769230769
24 0.4879807692307692 0.4855769230769231 0.5192307692307693 0.4855769230769231 0.5192307692307693 0.5360576923076923 0.4879807692307692 0.5360576923076923
24 0.38221153846153844 0.4735576923076923 0.4110576923076923 0.4735576923076923 0.4110576923076923 0.5384615384615384 0.38221153846153844 0.5384615384615384
24 0.5961538461538461 0.47596153846153844 0.6274038461538461 0.47596153846153844 0.6274038461538461 0.5432692307692307 0.5961538461538461 0.5432692307692307
24 0.18028846153846154 0.46875 0.20192307692307693 0.46875 0.20192307692307693 0.5336538461538461 0.18028846153846154 0.5336538461538461
24 0.8028846153846154 0.47836538461538464 0.8221153846153846 0.47836538461538464 0.8221153846153846 0.5456730769230769 0.8028846153846154 0.5456730769230769
9 0.1778846153846154 0.5721153846153846 0.1971153846153846 0.5721153846153846 0.1971153846153846 0.6081730769230769 0.1778846153846154 0.6081730769230769
9 0.3798076923076923 0.5745192307692307 0.4110576923076923 0.5745192307692307 0.4110576923076923 0.6129807692307693 0.3798076923076923 0.6129807692307693
9 0.4879807692307692 0.5817307692307693 0.5192307692307693 0.5817307692307693 0.5192307692307693 0.6129807692307693 0.4879807692307692 0.6129807692307693
9 0.5985576923076923 0.5769230769230769 0.6274038461538461 0.5769230769230769 0.6274038461538461 0.6153846153846154 0.5985576923076923 0.6153846153846154
9 0.8076923076923077 0.5793269230769231 0.8269230769230769 0.5793269230769231 0.8269230769230769 0.6177884615384616 0.8076923076923077 0.6177884615384616
0 0 0.5913461538461539 1 0.5913461538461539 1 0.6274038461538461 0 0.6274038461538461
0 0.59375 0.39663461538461536 0.8245192307692307 0.39663461538461536 0.8245192307692307 0.4375 0.59375 0.4375
0 0.1778846153846154 0.3870192307692308 0.41346153846153844 0.3870192307692308 0.41346153846153844 0.42788461538461536 0.1778846153846154 0.42788461538461536
9 0.4375 0.41346153846153844 0.5697115384615384 0.41346153846153844 0.5697115384615384 0.6177884615384616 0.4375 0.6177884615384616
0 0.39663461538461536 0.33413461538461536 0.6105769230769231 0.33413461538461536 0.6105769230769231 0.3605769230769231 0.39663461538461536 0.3605769230769231
19 0.3918269230769231 0.13701923076923078 0.6153846153846154 0.13701923076923078 0.6153846153846154 0.38461538461538464 0.3918269230769231 0.38461538461538464
19 0.2692307692307692 0.2932692307692308 0.3605769230769231 0.2932692307692308 0.3605769230769231 0.3870192307692308 0.2692307692307692 0.3870192307692308
19 0.6466346153846154 0.30528846153846156 0.7355769230769231 0.30528846153846156 0.7355769230769231 0.3918269230769231 0.6466346153846154 0.3918269230769231
2 0 0.13701923076923078 1 0.13701923076923078 1 0.8701923076923077 0 0.8701923076923077
11 0.17548076923076922 0.4326923076923077 0.8245192307692307 0.4326923076923077 0.8245192307692307 0.5480769230769231 0.17548076923076922 0.5480769230769231
15 0 0.6322115384615384 1 0.6322115384615384 1 0.8052884615384616 0 0.8052884615384616
12 0 0.6201923076923077 1 0.6201923076923077 1 0.6346153846153846 0 0.6346153846153846
11 0.17067307692307693 0.5576923076923077 0.8317307692307693 0.5576923076923077 0.8317307692307693 0.6177884615384616 0.17067307692307693 0.6177884615384616
22 0.17548076923076922 0.34615384615384615 0.8245192307692307 0.34615384615384615 0.8245192307692307 0.4230769230769231 0.17548076923076922 0.4230769230769231
12 0.17067307692307693 0.5480769230769231 0.8317307692307693 0.5480769230769231 0.8317307692307693 0.5576923076923077 0.17067307692307693 0.5576923076923077
12 0.17548076923076922 0.4230769230769231 0.8245192307692307 0.4230769230769231 0.8245192307692307 0.4326923076923077 0.17548076923076922 0.4326923076923077
10 0.17548076923076922 0.39903846153846156 0.8245192307692307 0.39903846153846156 0.8245192307692307 0.8052884615384616 0.17548076923076922 0.8052884615384616
7 0.07211538461538461 0.6033653846153846 0.16346153846153846 0.6033653846153846 0.16346153846153846 0.9206730769230769 0.07211538461538461 0.9206730769230769
7 0.8605769230769231 0.8197115384615384 0.8894230769230769 0.8197115384615384 0.8894230769230769 0.9086538461538461 0.8605769230769231 0.9086538461538461