23 0.44711538461538464 0.34134615384615385 0.5697115384615384 0.34134615384615385 0.5697115384615384 0.5985576923076923 0.44711538461538464 0.5985576923076923
23 0.8774038461538461 0.4951923076923077 0.9663461538461539 0.4951923076923077 0.9663461538461539 0.6394230769230769 0.8774038461538461 0.6394230769230769
23 0.038461538461538464 0.46875 0.14423076923076922 0.46875 0.14423076923076922 0.6298076923076923 0.038461538461538464 0.6298076923076923
16 0 0.7163461538461539 1 0.7163461538461539 1 1 0 1
4 0.17548076923076922 0.08413461538461539 0.8389423076923077 0.08413461538461539 0.8389423076923077 0.5793269230769231 0.17548076923076922 0.5793269230769231
16 0 0.002403846153846154 1 0.002403846153846154 1 0.19230769230769232 0 0.19230769230769232
11 0 0.2091346153846154 1 0.2091346153846154 1 0.75 0 0.75
11 0 0.7764423076923077 1 0.7764423076923077 1 1 0 1
12 0 0.75 1 0.75 1 0.7764423076923077 0 0.7764423076923077
12 0 0.18269230769230768 1 0.18269230769230768 1 0.2091346153846154 0 0.2091346153846154
11 0 0 1 0 1 0.18269230769230768 0 0.18269230769230768
2 0 0 1 0 1 0.9975961538461539 0 0.9975961538461539
10 0 0 1 0 1 0.9975961538461539 0 0.9975961538461539