0 0.17307692307692307 0.19471153846153846 0.8389423076923077 0.19471153846153846 0.8389423076923077 0.23317307692307693 0.17307692307692307 0.23317307692307693
9 0.2980769230769231 0.3798076923076923 0.34615384615384615 0.3798076923076923 0.34615384615384615 0.53125 0.2980769230769231 0.53125
9 0.1875 0.3798076923076923 0.23557692307692307 0.3798076923076923 0.23557692307692307 0.53125 0.1875 0.53125
9 0.24278846153846154 0.3798076923076923 0.29086538461538464 0.3798076923076923 0.29086538461538464 0.53125 0.24278846153846154 0.53125
9 0.7764423076923077 0.375 0.8245192307692307 0.375 0.8245192307692307 0.5288461538461539 0.7764423076923077 0.5288461538461539
9 0.6682692307692307 0.375 0.7139423076923077 0.375 0.7139423076923077 0.5288461538461539 0.6682692307692307 0.5288461538461539
9 0.7211538461538461 0.375 0.7692307692307693 0.375 0.7692307692307693 0.5288461538461539 0.7211538461538461 0.5288461538461539
8 0.7019230769230769 0.40865384615384615 0.7524038461538461 0.40865384615384615 0.7524038461538461 0.5288461538461539 0.7019230769230769 0.5288461538461539
8 0.2620192307692308 0.41346153846153844 0.3125 0.41346153846153844 0.3125 0.5336538461538461 0.2620192307692308 0.5336538461538461
9 0.375 0.38461538461538464 0.6370192307692307 0.38461538461538464 0.6370192307692307 0.875 0.375 0.875
8 0.4110576923076923 0.4831730769230769 0.6033653846153846 0.4831730769230769 0.6033653846153846 0.8581730769230769 0.4110576923076923 0.8581730769230769
16 0.13221153846153846 0.2644230769230769 0.8774038461538461 0.2644230769230769 0.8774038461538461 0.34134615384615385 0.13221153846153846 0.34134615384615385
0 0.6706730769230769 0.49278846153846156 0.8485576923076923 0.49278846153846156 0.8485576923076923 0.5288461538461539 0.6706730769230769 0.5288461538461539
0 0.1658653846153846 0.4951923076923077 0.34375 0.4951923076923077 0.34375 0.5336538461538461 0.1658653846153846 0.5336538461538461
16 0.16105769230769232 0.53125 0.35336538461538464 0.53125 0.35336538461538464 0.6033653846153846 0.16105769230769232 0.6033653846153846
16 0.6586538461538461 0.53125 0.8533653846153846 0.53125 0.8533653846153846 0.6033653846153846 0.6586538461538461 0.6033653846153846
12 0.16826923076923078 0.23557692307692307 0.8485576923076923 0.23557692307692307 0.8485576923076923 0.24759615384615385 0.16826923076923078 0.24759615384615385
12 0.6610576923076923 0.5360576923076923 0.8461538461538461 0.5360576923076923 0.8461538461538461 0.5480769230769231 0.6610576923076923 0.5480769230769231
12 0.1658653846153846 0.5360576923076923 0.35096153846153844 0.5360576923076923 0.35096153846153844 0.5480769230769231 0.1658653846153846 0.5480769230769231
15 0.17067307692307693 0.5480769230769231 0.8413461538461539 0.5480769230769231 0.8413461538461539 0.8774038461538461 0.17067307692307693 0.8774038461538461
11 0.17067307692307693 0.24759615384615385 0.8413461538461539 0.24759615384615385 0.8413461538461539 0.5336538461538461 0.17067307692307693 0.5336538461538461
2 0 0.12259615384615384 1 0.12259615384615384 1 0.8822115384615384 0 0.8822115384615384
10 0.17067307692307693 0.23317307692307693 0.8413461538461539 0.23317307692307693 0.8413461538461539 0.8774038461538461 0.17067307692307693 0.8774038461538461
7 0.15625 0.7620192307692307 0.3605769230769231 0.7620192307692307 0.3605769230769231 0.9326923076923077 0.15625 0.9326923076923077
7 0.6490384615384616 0.7620192307692307 0.8581730769230769 0.7620192307692307 0.8581730769230769 0.9350961538461539 0.6490384615384616 0.9350961538461539