23 0.06971153846153846 0.5048076923076923 0.2956730769230769 0.5048076923076923 0.2956730769230769 0.8149038461538461 0.06971153846153846 0.8149038461538461
23 0.7139423076923077 0.5 0.9519230769230769 0.5 0.9519230769230769 0.8197115384615384 0.7139423076923077 0.8197115384615384
23 0.11298076923076923 0.125 0.30528846153846156 0.125 0.30528846153846156 0.375 0.11298076923076923 0.375
23 0.7067307692307693 0.11538461538461539 0.9014423076923077 0.11538461538461539 0.9014423076923077 0.3701923076923077 0.7067307692307693 0.3701923076923077
9 0.3605769230769231 0.10576923076923077 0.6442307692307693 0.10576923076923077 0.6442307692307693 0.8413461538461539 0.3605769230769231 0.8413461538461539
8 0.41586538461538464 0.25 0.5721153846153846 0.25 0.5721153846153846 0.49278846153846156 0.41586538461538464 0.49278846153846156
16 0 0.4519230769230769 0.38221153846153844 0.4519230769230769 0.38221153846153844 0.4807692307692308 0 0.4807692307692308
16 0.625 0.44471153846153844 1 0.44471153846153844 1 0.47596153846153844 0.625 0.47596153846153844
15 0 0.5024038461538461 1 0.5024038461538461 1 0.9783653846153846 0 0.9783653846153846
11 0 0 1 0 1 0.49278846153846156 0 0.49278846153846156
12 0 0.49278846153846156 1 0.49278846153846156 1 0.5024038461538461 0 0.5024038461538461
2 0 0.002403846153846154 1 0.002403846153846154 1 0.9807692307692307 0 0.9807692307692307
10 0 0.002403846153846154 1 0.002403846153846154 1 0.9807692307692307 0 0.9807692307692307
7 0.40625 0.6322115384615384 0.6057692307692307 0.6322115384615384 0.6057692307692307 0.9278846153846154 0.40625 0.9278846153846154