23 0.1466346153846154 0.7620192307692307 0.27163461538461536 0.7620192307692307 0.27163461538461536 0.8125 0.1466346153846154 0.8125
23 0.3076923076923077 0.7620192307692307 0.4254807692307692 0.7620192307692307 0.4254807692307692 0.8125 0.3076923076923077 0.8125
23 0.5408653846153846 0.7668269230769231 0.6586538461538461 0.7668269230769231 0.6586538461538461 0.8197115384615384 0.5408653846153846 0.8197115384615384
23 0.6971153846153846 0.7692307692307693 0.8197115384615384 0.7692307692307693 0.8197115384615384 0.8245192307692307 0.6971153846153846 0.8245192307692307
23 0.5120192307692307 0.25961538461538464 0.5264423076923077 0.25961538461538464 0.5264423076923077 0.28125 0.5120192307692307 0.28125
23 0.4567307692307692 0.25961538461538464 0.4735576923076923 0.25961538461538464 0.4735576923076923 0.28125 0.4567307692307692 0.28125
17 0.3629807692307692 0.6875 0.40625 0.6875 0.40625 0.9182692307692307 0.3629807692307692 0.9182692307692307
17 0.5625 0.6923076923076923 0.6081730769230769 0.6923076923076923 0.6081730769230769 0.9230769230769231 0.5625 0.9230769230769231
19 0 0.0673076923076923 0.9831730769230769 0.0673076923076923 0.9831730769230769 0.7331730769230769 0 0.7331730769230769
19 0.3798076923076923 0.016826923076923076 0.6129807692307693 0.016826923076923076 0.6129807692307693 0.21394230769230768 0.3798076923076923 0.21394230769230768
16 0.036057692307692304 0.8221153846153846 0.44711538461538464 0.8221153846153846 0.44711538461538464 0.9014423076923077 0.036057692307692304 0.9014423076923077
16 0.5168269230769231 0.8389423076923077 0.9278846153846154 0.8389423076923077 0.9278846153846154 0.9110576923076923 0.5168269230769231 0.9110576923076923
15 0.08173076923076923 0.7211538461538461 0.8822115384615384 0.7211538461538461 0.8822115384615384 0.9086538461538461 0.08173076923076923 0.9086538461538461
22 0.4254807692307692 0.20673076923076922 0.5504807692307693 0.20673076923076922 0.5504807692307693 0.38221153846153844 0.4254807692307692 0.38221153846153844
15 0.4254807692307692 0.38221153846153844 0.5504807692307693 0.38221153846153844 0.5504807692307693 0.3894230769230769 0.4254807692307692 0.3894230769230769
2 0 0.016826923076923076 0.9831730769230769 0.016826923076923076 0.9831730769230769 0.9230769230769231 0 0.9230769230769231
10 0.13701923076923078 0.2980769230769231 0.84375 0.2980769230769231 0.84375 0.9014423076923077 0.13701923076923078 0.9014423076923077