8 0.46634615384615385 0.6658653846153846 0.5432692307692307 0.6658653846153846 0.5432692307692307 0.8365384615384616 0.46634615384615385 0.8365384615384616
2 0.04567307692307692 0.11538461538461539 0.9663461538461539 0.11538461538461539 0.9663461538461539 0.8918269230769231 0.04567307692307692 0.8918269230769231
17 0.6274038461538461 0.6177884615384616 0.6442307692307693 0.6177884615384616 0.6442307692307693 0.8918269230769231 0.6274038461538461 0.8918269230769231
17 0.8413461538461539 0.6177884615384616 0.8581730769230769 0.6177884615384616 0.8581730769230769 0.8918269230769231 0.8413461538461539 0.8918269230769231
17 0.36538461538461536 0.6177884615384616 0.38221153846153844 0.6177884615384616 0.38221153846153844 0.8918269230769231 0.36538461538461536 0.8918269230769231
17 0.14182692307692307 0.6177884615384616 0.16346153846153846 0.6177884615384616 0.16346153846153846 0.8942307692307693 0.14182692307692307 0.8942307692307693
15 0.20673076923076922 0.6177884615384616 0.8004807692307693 0.6177884615384616 0.8004807692307693 0.8533653846153846 0.20673076923076922 0.8533653846153846
19 0.04567307692307692 0.11538461538461539 0.9663461538461539 0.11538461538461539 0.9663461538461539 0.6177884615384616 0.04567307692307692 0.6177884615384616
10 0.20673076923076922 0.6177884615384616 0.8004807692307693 0.6177884615384616 0.8004807692307693 0.8533653846153846 0.20673076923076922 0.8533653846153846
7 0.6899038461538461 0.7668269230769231 0.8413461538461539 0.7668269230769231 0.8413461538461539 0.8846153846153846 0.6899038461538461 0.8846153846153846
7 0.5673076923076923 0.7331730769230769 0.6754807692307693 0.7331730769230769 0.6754807692307693 0.8774038461538461 0.5673076923076923 0.8774038461538461
7 0.04807692307692308 0.7620192307692307 0.31009615384615385 0.7620192307692307 0.31009615384615385 0.9903846153846154 0.04807692307692308 0.9903846153846154