23 0.27403846153846156 0.7139423076923077 0.33413461538461536 0.7139423076923077 0.33413461538461536 0.78125 0.27403846153846156 0.78125
23 0.6778846153846154 0.7067307692307693 0.7355769230769231 0.7067307692307693 0.7355769230769231 0.7764423076923077 0.6778846153846154 0.7764423076923077
23 0.3894230769230769 0.6081730769230769 0.4254807692307692 0.6081730769230769 0.4254807692307692 0.6538461538461539 0.3894230769230769 0.6538461538461539
5 0.11298076923076923 0.7043269230769231 0.16826923076923078 0.7043269230769231 0.16826923076923078 0.8245192307692307 0.11298076923076923 0.8245192307692307
5 0.8509615384615384 0.7115384615384616 0.90625 0.7115384615384616 0.90625 0.8197115384615384 0.8509615384615384 0.8197115384615384
5 0.2283653846153846 0.7163461538461539 0.28125 0.7163461538461539 0.28125 0.78125 0.2283653846153846 0.78125
5 0.3293269230769231 0.7139423076923077 0.38221153846153844 0.7139423076923077 0.38221153846153844 0.78125 0.3293269230769231 0.78125
5 0.4807692307692308 0.7115384615384616 0.53125 0.7115384615384616 0.53125 0.7788461538461539 0.4807692307692308 0.7788461538461539
5 0.6322115384615384 0.7091346153846154 0.6826923076923077 0.7091346153846154 0.6826923076923077 0.7764423076923077 0.6322115384615384 0.7764423076923077
5 0.7307692307692307 0.7067307692307693 0.78125 0.7067307692307693 0.78125 0.7764423076923077 0.7307692307692307 0.7764423076923077
5 0.16346153846153846 0.7764423076923077 0.8605769230769231 0.7764423076923077 0.8605769230769231 0.8197115384615384 0.16346153846153846 0.8197115384615384
5 0.13701923076923078 0.30288461538461536 0.875 0.30288461538461536 0.875 0.71875 0.13701923076923078 0.71875
5 0.33653846153846156 0.35096153846153844 0.6610576923076923 0.35096153846153844 0.6610576923076923 0.38221153846153844 0.33653846153846156 0.38221153846153844
22 0.16346153846153846 0.5625 0.8485576923076923 0.5625 0.8485576923076923 0.6706730769230769 0.16346153846153846 0.6706730769230769
12 0.1466346153846154 0.8052884615384616 0.8870192307692307 0.8052884615384616 0.8870192307692307 0.8197115384615384 0.1466346153846154 0.8197115384615384
18 0.1466346153846154 0.6706730769230769 0.8870192307692307 0.6706730769230769 0.8870192307692307 0.8100961538461539 0.1466346153846154 0.8100961538461539
12 0.15625 0.6634615384615384 0.8557692307692307 0.6634615384615384 0.8557692307692307 0.6778846153846154 0.15625 0.6778846153846154
19 0 0 1 0 1 0.71875 0 0.71875
2 0 0 1 0 1 0.9543269230769231 0 0.9543269230769231
10 0.16346153846153846 0.5817307692307693 0.8365384615384616 0.5817307692307693 0.8365384615384616 0.9543269230769231 0.16346153846153846 0.9543269230769231
7 0.06490384615384616 0.8701923076923077 0.23798076923076922 0.8701923076923077 0.23798076923076922 1 0.06490384615384616 1