23 0.10336538461538461 0.6370192307692307 0.15625 0.6370192307692307 0.15625 0.7307692307692307 0.10336538461538461 0.7307692307692307
23 0.2764423076923077 0.6442307692307693 0.3245192307692308 0.6442307692307693 0.3245192307692308 0.7331730769230769 0.2764423076923077 0.7331730769230769
23 0.6754807692307693 0.6586538461538461 0.7163461538461539 0.6586538461538461 0.7163461538461539 0.7427884615384616 0.6754807692307693 0.7427884615384616
8 0.4567307692307692 0.6826923076923077 0.5168269230769231 0.6826923076923077 0.5168269230769231 0.8581730769230769 0.4567307692307692 0.8581730769230769
9 0.40384615384615385 0.49278846153846156 0.6129807692307693 0.49278846153846156 0.6129807692307693 0.8966346153846154 0.40384615384615385 0.8966346153846154
24 0.6754807692307693 0.6129807692307693 0.7331730769230769 0.6129807692307693 0.7331730769230769 0.7427884615384616 0.6754807692307693 0.7427884615384616
24 0.2668269230769231 0.5913461538461539 0.3389423076923077 0.5913461538461539 0.3389423076923077 0.7355769230769231 0.2668269230769231 0.7355769230769231
24 0.4879807692307692 0.3605769230769231 0.5408653846153846 0.3605769230769231 0.5408653846153846 0.44711538461538464 0.4879807692307692 0.44711538461538464
23 0.4879807692307692 0.36538461538461536 0.5360576923076923 0.36538461538461536 0.5360576923076923 0.44711538461538464 0.4879807692307692 0.44711538461538464
7 0 0.8365384615384616 0.13701923076923078 0.8365384615384616 0.13701923076923078 1 0 1
8 0.9230769230769231 0.71875 0.9831730769230769 0.71875 0.9831730769230769 0.8918269230769231 0.9230769230769231 0.8918269230769231
7 0.5552884615384616 0.7403846153846154 0.59375 0.7403846153846154 0.59375 0.8149038461538461 0.5552884615384616 0.8149038461538461
7 0.9110576923076923 0.8653846153846154 1 0.8653846153846154 1 1 0.9110576923076923 1
12 0.30288461538461536 0.4567307692307692 0.7283653846153846 0.4567307692307692 0.7283653846153846 0.4855769230769231 0.30288461538461536 0.4855769230769231
22 0.34615384615384615 0.3125 0.6875 0.3125 0.6875 0.47115384615384615 0.34615384615384615 0.47115384615384615
15 0 0.46875 1 0.46875 1 0.9110576923076923 0 0.9110576923076923
2 0 0.16105769230769232 1 0.16105769230769232 1 0.9110576923076923 0 0.9110576923076923
10 0 0.5745192307692307 1 0.5745192307692307 1 0.9086538461538461 0 0.9086538461538461
19 0 0.34375 0.28125 0.34375 0.28125 0.5745192307692307 0 0.5745192307692307
19 0.41586538461538464 0.16105769230769232 0.5889423076923077 0.16105769230769232 0.5889423076923077 0.35336538461538464 0.41586538461538464 0.35336538461538464
19 0.7764423076923077 0.4230769230769231 1 0.4230769230769231 1 0.6418269230769231 0.7764423076923077 0.6418269230769231