23 0.6826923076923077 0.5865384615384616 0.7283653846153846 0.5865384615384616 0.7283653846153846 0.6682692307692307 0.6826923076923077 0.6682692307692307
23 0.20673076923076922 0.53125 0.2668269230769231 0.53125 0.2668269230769231 0.6298076923076923 0.20673076923076922 0.6298076923076923
24 0.19230769230769232 0.4855769230769231 0.2764423076923077 0.4855769230769231 0.2764423076923077 0.6298076923076923 0.19230769230769232 0.6298076923076923
9 0.49038461538461536 0.5216346153846154 0.6177884615384616 0.5216346153846154 0.6177884615384616 0.8990384615384616 0.49038461538461536 0.8990384615384616
8 0.5048076923076923 0.6057692307692307 0.6033653846153846 0.6057692307692307 0.6033653846153846 0.8966346153846154 0.5048076923076923 0.8966346153846154
7 0.5360576923076923 0.47836538461538464 0.5552884615384616 0.47836538461538464 0.5552884615384616 0.5264423076923077 0.5360576923076923 0.5264423076923077
7 0.18990384615384615 0.5504807692307693 0.25961538461538464 0.5504807692307693 0.25961538461538464 0.6298076923076923 0.18990384615384615 0.6298076923076923
7 0.125 0.6899038461538461 0.24519230769230768 0.6899038461538461 0.24519230769230768 0.8894230769230769 0.125 0.8894230769230769
7 0.7884615384615384 0.7355769230769231 0.90625 0.7355769230769231 0.90625 0.9543269230769231 0.7884615384615384 0.9543269230769231
7 0.7355769230769231 0.25 0.7908653846153846 0.25 0.7908653846153846 0.37259615384615385 0.7355769230769231 0.37259615384615385
2 0 0.019230769230769232 0.8822115384615384 0.019230769230769232 0.8822115384615384 0.9134615384615384 0 0.9134615384615384
10 0 0.5841346153846154 0.8653846153846154 0.5841346153846154 0.8653846153846154 0.9134615384615384 0 0.9134615384615384
4 0.45913461538461536 0.40625 0.6370192307692307 0.40625 0.6370192307692307 0.5673076923076923 0.45913461538461536 0.5673076923076923
19 0.004807692307692308 0.1875 0.6875 0.1875 0.6875 0.6105769230769231 0.004807692307692308 0.6105769230769231
15 0 0.5841346153846154 0.8653846153846154 0.5841346153846154 0.8653846153846154 0.9134615384615384 0 0.9134615384615384