14 0.15384615384615385 0.5336538461538461 0.19471153846153846 0.5336538461538461 0.19471153846153846 0.8052884615384616 0.15384615384615385 0.8052884615384616
14 0.19951923076923078 0.4375 0.30528846153846156 0.4375 0.30528846153846156 0.8076923076923077 0.19951923076923078 0.8076923076923077
14 0.31490384615384615 0.25721153846153844 0.5552884615384616 0.25721153846153844 0.5552884615384616 0.8125 0.31490384615384615 0.8125
14 0.59375 0.43028846153846156 0.6274038461538461 0.43028846153846156 0.6274038461538461 0.8100961538461539 0.59375 0.8100961538461539
0 0.6850961538461539 0.5384615384615384 0.7379807692307693 0.5384615384615384 0.7379807692307693 0.5769230769230769 0.6850961538461539 0.5769230769230769
0 0.6850961538461539 0.6538461538461539 0.7355769230769231 0.6538461538461539 0.7355769230769231 0.6875 0.6850961538461539 0.6875
17 0.4230769230769231 0.7091346153846154 0.43509615384615385 0.7091346153846154 0.43509615384615385 0.8149038461538461 0.4230769230769231 0.8149038461538461
17 0.5240384615384616 0.6706730769230769 0.5336538461538461 0.6706730769230769 0.5336538461538461 0.8173076923076923 0.5240384615384616 0.8173076923076923
8 0.43990384615384615 0.71875 0.5192307692307693 0.71875 0.5192307692307693 0.8100961538461539 0.43990384615384615 0.8100961538461539
8 0.6899038461538461 0.5096153846153846 0.7091346153846154 0.5096153846153846 0.7091346153846154 0.5673076923076923 0.6899038461538461 0.5673076923076923
8 0.6947115384615384 0.6346153846153846 0.7091346153846154 0.6346153846153846 0.7091346153846154 0.6850961538461539 0.6947115384615384 0.6850961538461539
5 0.4423076923076923 0.6706730769230769 0.5096153846153846 0.6706730769230769 0.5096153846153846 0.6923076923076923 0.4423076923076923 0.6923076923076923
5 0.019230769230769232 0.7740384615384616 0.15144230769230768 0.7740384615384616 0.15144230769230768 0.7980769230769231 0.019230769230769232 0.7980769230769231
2 0 0.07692307692307693 1 0.07692307692307693 1 0.8870192307692307 0 0.8870192307692307
10 0 0.07451923076923077 0.9975961538461539 0.07451923076923077 0.9975961538461539 0.8846153846153846 0 0.8846153846153846
14 0.15384615384615385 0.5336538461538461 0.19471153846153846 0.5336538461538461 0.19471153846153846 0.8052884615384616 0.15384615384615385 0.8052884615384616
14 0.19951923076923078 0.4375 0.30528846153846156 0.4375 0.30528846153846156 0.8076923076923077 0.19951923076923078 0.8076923076923077
14 0.31490384615384615 0.25721153846153844 0.5552884615384616 0.25721153846153844 0.5552884615384616 0.8125 0.31490384615384615 0.8125
14 0.59375 0.43028846153846156 0.6274038461538461 0.43028846153846156 0.6274038461538461 0.8100961538461539 0.59375 0.8100961538461539
0 0.6850961538461539 0.5384615384615384 0.7379807692307693 0.5384615384615384 0.7379807692307693 0.5769230769230769 0.6850961538461539 0.5769230769230769
0 0.6850961538461539 0.6538461538461539 0.7355769230769231 0.6538461538461539 0.7355769230769231 0.6875 0.6850961538461539 0.6875
17 0.4230769230769231 0.7091346153846154 0.43509615384615385 0.7091346153846154 0.43509615384615385 0.8149038461538461 0.4230769230769231 0.8149038461538461
17 0.5240384615384616 0.6706730769230769 0.5336538461538461 0.6706730769230769 0.5336538461538461 0.8173076923076923 0.5240384615384616 0.8173076923076923
8 0.43990384615384615 0.71875 0.5192307692307693 0.71875 0.5192307692307693 0.8100961538461539 0.43990384615384615 0.8100961538461539
8 0.6899038461538461 0.5096153846153846 0.7091346153846154 0.5096153846153846 0.7091346153846154 0.5673076923076923 0.6899038461538461 0.5673076923076923
8 0.6947115384615384 0.6346153846153846 0.7091346153846154 0.6346153846153846 0.7091346153846154 0.6850961538461539 0.6947115384615384 0.6850961538461539
5 0.4423076923076923 0.6706730769230769 0.5096153846153846 0.6706730769230769 0.5096153846153846 0.6923076923076923 0.4423076923076923 0.6923076923076923
5 0.019230769230769232 0.7740384615384616 0.15144230769230768 0.7740384615384616 0.15144230769230768 0.7980769230769231 0.019230769230769232 0.7980769230769231
2 0 0.07692307692307693 1 0.07692307692307693 1 0.8870192307692307 0 0.8870192307692307
10 0 0.07451923076923077 0.9975961538461539 0.07451923076923077 0.9975961538461539 0.8846153846153846 0 0.8846153846153846