8 0.2860576923076923 0.5336538461538461 0.3245192307692308 0.5336538461538461 0.3245192307692308 0.6923076923076923 0.2860576923076923 0.6923076923076923
8 0.37259615384615385 0.5336538461538461 0.4495192307692308 0.5336538461538461 0.4495192307692308 0.6923076923076923 0.37259615384615385 0.6923076923076923
8 0.49038461538461536 0.5336538461538461 0.6201923076923077 0.5336538461538461 0.6201923076923077 0.6923076923076923 0.49038461538461536 0.6923076923076923
8 0.6658653846153846 0.5336538461538461 0.7427884615384616 0.5336538461538461 0.7427884615384616 0.6923076923076923 0.6658653846153846 0.6923076923076923
8 0.7860576923076923 0.5336538461538461 0.8245192307692307 0.5336538461538461 0.8245192307692307 0.6923076923076923 0.7860576923076923 0.6923076923076923
5 0.84375 0.5216346153846154 0.8581730769230769 0.5216346153846154 0.8581730769230769 0.6802884615384616 0.84375 0.6802884615384616
5 0.2548076923076923 0.5216346153846154 0.27163461538461536 0.5216346153846154 0.27163461538461536 0.6802884615384616 0.2548076923076923 0.6802884615384616
5 0.3389423076923077 0.5216346153846154 0.3557692307692308 0.5216346153846154 0.3557692307692308 0.6802884615384616 0.3389423076923077 0.6802884615384616
5 0.4639423076923077 0.5216346153846154 0.4807692307692308 0.5216346153846154 0.4807692307692308 0.6802884615384616 0.4639423076923077 0.6802884615384616
5 0.6322115384615384 0.5216346153846154 0.6490384615384616 0.5216346153846154 0.6490384615384616 0.6802884615384616 0.6322115384615384 0.6802884615384616
5 0.7572115384615384 0.5216346153846154 0.7740384615384616 0.5216346153846154 0.7740384615384616 0.6802884615384616 0.7572115384615384 0.6802884615384616
5 0.5168269230769231 0.46153846153846156 0.6009615384615384 0.46153846153846156 0.6009615384615384 0.5168269230769231 0.5168269230769231 0.5168269230769231
19 0.1346153846153846 0.12259615384615384 0.9807692307692307 0.12259615384615384 0.9807692307692307 0.4831730769230769 0.1346153846153846 0.4831730769230769
15 0.24759615384615385 0.4807692307692308 0.8581730769230769 0.4807692307692308 0.8581730769230769 0.7091346153846154 0.24759615384615385 0.7091346153846154
10 0.24759615384615385 0.41586538461538464 0.8581730769230769 0.41586538461538464 0.8581730769230769 0.7091346153846154 0.24759615384615385 0.7091346153846154
2 0.1346153846153846 0.12259615384615384 0.9807692307692307 0.12259615384615384 0.9807692307692307 0.7091346153846154 0.1346153846153846 0.7091346153846154
7 0.8149038461538461 0.625 0.9086538461538461 0.625 0.9086538461538461 0.7788461538461539 0.8149038461538461 0.7788461538461539