23 0.2956730769230769 0.6105769230769231 0.3581730769230769 0.6105769230769231 0.3581730769230769 0.7379807692307693 0.2956730769230769 0.7379807692307693
25 0.2860576923076923 0.5985576923076923 0.36778846153846156 0.5985576923076923 0.36778846153846156 0.75 0.2860576923076923 0.75
8 0.46634615384615385 0.6201923076923077 0.5120192307692307 0.6201923076923077 0.5120192307692307 0.7620192307692307 0.46634615384615385 0.7620192307692307
23 0.6923076923076923 0.6346153846153846 0.7427884615384616 0.6346153846153846 0.7427884615384616 0.7307692307692307 0.6923076923076923 0.7307692307692307
25 0.6875 0.625 0.7451923076923077 0.625 0.7451923076923077 0.7427884615384616 0.6875 0.7427884615384616
23 0.5769230769230769 0.6322115384615384 0.6274038461538461 0.6322115384615384 0.6274038461538461 0.7283653846153846 0.5769230769230769 0.7283653846153846
25 0.5745192307692307 0.6225961538461539 0.6322115384615384 0.6225961538461539 0.6322115384615384 0.7403846153846154 0.5745192307692307 0.7403846153846154
1 0.43990384615384615 0.6105769230769231 0.46634615384615385 0.6105769230769231 0.46634615384615385 0.7307692307692307 0.43990384615384615 0.7307692307692307
1 0.5120192307692307 0.6129807692307693 0.5360576923076923 0.6129807692307693 0.5360576923076923 0.7283653846153846 0.5120192307692307 0.7283653846153846
1 0.5552884615384616 0.6322115384615384 0.5793269230769231 0.6322115384615384 0.5793269230769231 0.7307692307692307 0.5552884615384616 0.7307692307692307
1 0.6274038461538461 0.6346153846153846 0.6514423076923077 0.6346153846153846 0.6514423076923077 0.7331730769230769 0.6274038461538461 0.7331730769230769
1 0.6730769230769231 0.6370192307692307 0.6947115384615384 0.6370192307692307 0.6947115384615384 0.7355769230769231 0.6730769230769231 0.7355769230769231
1 0.7427884615384616 0.6370192307692307 0.7644230769230769 0.6370192307692307 0.7644230769230769 0.7355769230769231 0.7427884615384616 0.7355769230769231
19 0.055288461538461536 0.22355769230769232 0.9278846153846154 0.22355769230769232 0.9278846153846154 0.5865384615384616 0.055288461538461536 0.5865384615384616
18 0.20192307692307693 0.53125 0.8629807692307693 0.53125 0.8629807692307693 0.7980769230769231 0.20192307692307693 0.7980769230769231
23 0.7932692307692307 0.6129807692307693 0.8149038461538461 0.6129807692307693 0.8149038461538461 0.6322115384615384 0.7932692307692307 0.6322115384615384
17 0.33653846153846156 0.5576923076923077 0.36538461538461536 0.5576923076923077 0.36538461538461536 0.8798076923076923 0.33653846153846156 0.8798076923076923
17 0.19471153846153846 0.5600961538461539 0.2283653846153846 0.5600961538461539 0.2283653846153846 0.8870192307692307 0.19471153846153846 0.8870192307692307
17 0.47836538461538464 0.5576923076923077 0.5072115384615384 0.5576923076923077 0.5072115384615384 0.8846153846153846 0.47836538461538464 0.8846153846153846
17 0.8533653846153846 0.6009615384615384 0.8725961538461539 0.6009615384615384 0.8725961538461539 0.8293269230769231 0.8533653846153846 0.8293269230769231
17 0.5408653846153846 0.6081730769230769 0.5576923076923077 0.6081730769230769 0.5576923076923077 0.8293269230769231 0.5408653846153846 0.8293269230769231
17 0.6634615384615384 0.6009615384615384 0.6826923076923077 0.6009615384615384 0.6826923076923077 0.8293269230769231 0.6634615384615384 0.8293269230769231
17 0.7860576923076923 0.6009615384615384 0.8028846153846154 0.6009615384615384 0.8028846153846154 0.8293269230769231 0.7860576923076923 0.8293269230769231
12 0.20192307692307693 0.7692307692307693 0.8629807692307693 0.7692307692307693 0.8629807692307693 0.8149038461538461 0.20192307692307693 0.8149038461538461
2 0.055288461538461536 0.22355769230769232 0.9278846153846154 0.22355769230769232 0.9278846153846154 0.8870192307692307 0.055288461538461536 0.8870192307692307
5 0.20432692307692307 0.5745192307692307 0.22115384615384615 0.5745192307692307 0.22115384615384615 0.7331730769230769 0.20432692307692307 0.7331730769230769
5 0.34615384615384615 0.5793269230769231 0.3605769230769231 0.5793269230769231 0.3605769230769231 0.7355769230769231 0.34615384615384615 0.7355769230769231
5 0.5456730769230769 0.6105769230769231 0.5552884615384616 0.6105769230769231 0.5552884615384616 0.7235576923076923 0.5456730769230769 0.7235576923076923
5 0.6682692307692307 0.6129807692307693 0.6778846153846154 0.6129807692307693 0.6778846153846154 0.7307692307692307 0.6682692307692307 0.7307692307692307
5 0.7884615384615384 0.6105769230769231 0.7980769230769231 0.6105769230769231 0.7980769230769231 0.7259615384615384 0.7884615384615384 0.7259615384615384
7 0.6009615384615384 0.6634615384615384 0.8701923076923077 0.6634615384615384 0.8701923076923077 0.8942307692307693 0.6009615384615384 0.8942307692307693