23 0.5480769230769231 0.4495192307692308 0.6947115384615384 0.4495192307692308 0.6947115384615384 0.6850961538461539 0.5480769230769231 0.6850961538461539
8 0.1875 0.5625 0.22115384615384615 0.5625 0.22115384615384615 0.7211538461538461 0.1875 0.7211538461538461
8 0.24759615384615385 0.5528846153846154 0.29086538461538464 0.5528846153846154 0.29086538461538464 0.7067307692307693 0.24759615384615385 0.7067307692307693
8 0.49759615384615385 0.5216346153846154 0.5360576923076923 0.5216346153846154 0.5360576923076923 0.6850961538461539 0.49759615384615385 0.6850961538461539
8 0.3942307692307692 0.53125 0.4326923076923077 0.53125 0.4326923076923077 0.6802884615384616 0.3942307692307692 0.6802884615384616
8 0.3125 0.5480769230769231 0.34615384615384615 0.5480769230769231 0.34615384615384615 0.6706730769230769 0.3125 0.6706730769230769
9 0.23557692307692307 0.5192307692307693 0.30288461538461536 0.5192307692307693 0.30288461538461536 0.7163461538461539 0.23557692307692307 0.7163461538461539
9 0.31009615384615385 0.49759615384615385 0.39903846153846156 0.49759615384615385 0.39903846153846156 0.7259615384615384 0.31009615384615385 0.7259615384615384
9 0.40865384615384615 0.4735576923076923 0.5240384615384616 0.4735576923076923 0.5240384615384616 0.7355769230769231 0.40865384615384615 0.7355769230769231
17 0.30288461538461536 0.5168269230769231 0.3125 0.5168269230769231 0.3125 0.75 0.30288461538461536 0.75
17 0.39663461538461536 0.4951923076923077 0.40865384615384615 0.4951923076923077 0.40865384615384615 0.7644230769230769 0.39663461538461536 0.7644230769230769
17 0.5216346153846154 0.47115384615384615 0.5360576923076923 0.47115384615384615 0.5360576923076923 0.78125 0.5216346153846154 0.78125
17 0.2283653846153846 0.53125 0.23798076923076922 0.53125 0.23798076923076922 0.7355769230769231 0.2283653846153846 0.7355769230769231
18 0.17067307692307693 0.4110576923076923 0.7283653846153846 0.4110576923076923 0.7283653846153846 0.7524038461538461 0.17067307692307693 0.7524038461538461
12 0.17067307692307693 0.7067307692307693 0.7283653846153846 0.7067307692307693 0.7283653846153846 0.7788461538461539 0.17067307692307693 0.7788461538461539
19 0.08413461538461539 0.09615384615384616 0.9831730769230769 0.09615384615384616 0.9831730769230769 0.5528846153846154 0.08413461538461539 0.5528846153846154
2 0.08413461538461539 0.09615384615384616 0.9831730769230769 0.09615384615384616 0.9831730769230769 0.8557692307692307 0.08413461538461539 0.8557692307692307
10 0.17067307692307693 0.4110576923076923 0.7283653846153846 0.4110576923076923 0.7283653846153846 0.8509615384615384 0.17067307692307693 0.8509615384615384