23 0.3125 0.7451923076923077 0.37259615384615385 0.7451923076923077 0.37259615384615385 0.8221153846153846 0.3125 0.8221153846153846
23 0.39903846153846156 0.7451923076923077 0.45913461538461536 0.7451923076923077 0.45913461538461536 0.8221153846153846 0.39903846153846156 0.8221153846153846
23 0.5865384615384616 0.7475961538461539 0.6466346153846154 0.7475961538461539 0.6466346153846154 0.8221153846153846 0.5865384615384616 0.8221153846153846
23 0.6730769230769231 0.7451923076923077 0.7331730769230769 0.7451923076923077 0.7331730769230769 0.8221153846153846 0.6730769230769231 0.8221153846153846
8 0.49278846153846156 0.7475961538461539 0.5576923076923077 0.7475961538461539 0.5576923076923077 0.84375 0.49278846153846156 0.84375
23 0.6538461538461539 0.5889423076923077 0.6730769230769231 0.5889423076923077 0.6730769230769231 0.6153846153846154 0.6538461538461539 0.6153846153846154
23 0.36538461538461536 0.5889423076923077 0.38461538461538464 0.5889423076923077 0.38461538461538464 0.6153846153846154 0.36538461538461536 0.6153846153846154
23 0.40865384615384615 0.5889423076923077 0.4639423076923077 0.5889423076923077 0.4639423076923077 0.6153846153846154 0.40865384615384615 0.6153846153846154
23 0.4879807692307692 0.5961538461538461 0.5528846153846154 0.5961538461538461 0.5528846153846154 0.6177884615384616 0.4879807692307692 0.6177884615384616
23 0.5745192307692307 0.5889423076923077 0.6298076923076923 0.5889423076923077 0.6298076923076923 0.6153846153846154 0.5745192307692307 0.6153846153846154
23 0.5697115384615384 0.44711538461538464 0.6201923076923077 0.44711538461538464 0.6201923076923077 0.4735576923076923 0.5697115384615384 0.4735576923076923
23 0.4495192307692308 0.34134615384615385 0.4735576923076923 0.34134615384615385 0.4735576923076923 0.3605769230769231 0.4495192307692308 0.3605769230769231
23 0.4182692307692308 0.44711538461538464 0.47115384615384615 0.44711538461538464 0.47115384615384615 0.4735576923076923 0.4182692307692308 0.4735576923076923
23 0.49038461538461536 0.44711538461538464 0.5480769230769231 0.44711538461538464 0.5480769230769231 0.4735576923076923 0.49038461538461536 0.4735576923076923
23 0.49038461538461536 0.34615384615384615 0.5456730769230769 0.34615384615384615 0.5456730769230769 0.3605769230769231 0.49038461538461536 0.3605769230769231
23 0.5649038461538461 0.34134615384615385 0.5865384615384616 0.34134615384615385 0.5865384615384616 0.3581730769230769 0.5649038461538461 0.3581730769230769
19 0.1971153846153846 0.5985576923076923 0.8533653846153846 0.5985576923076923 0.8533653846153846 0.7259615384615384 0.1971153846153846 0.7259615384615384
19 0.25961538461538464 0.4495192307692308 0.7860576923076923 0.4495192307692308 0.7860576923076923 0.6177884615384616 0.25961538461538464 0.6177884615384616
19 0.3245192307692308 0.3173076923076923 0.7139423076923077 0.3173076923076923 0.7139423076923077 0.47115384615384615 0.3245192307692308 0.47115384615384615
19 0.36538461538461536 0.21875 0.6658653846153846 0.21875 0.6658653846153846 0.35096153846153844 0.36538461538461536 0.35096153846153844
19 0.40384615384615385 0.1466346153846154 0.6298076923076923 0.1466346153846154 0.6298076923076923 0.2548076923076923 0.40384615384615385 0.2548076923076923
18 0.2980769230769231 0.6610576923076923 0.7524038461538461 0.6610576923076923 0.7524038461538461 0.8677884615384616 0.2980769230769231 0.8677884615384616
12 0.27884615384615385 0.6418269230769231 0.7764423076923077 0.6418269230769231 0.7764423076923077 0.6610576923076923 0.27884615384615385 0.6610576923076923
12 0.27884615384615385 0.8677884615384616 0.7764423076923077 0.8677884615384616 0.7764423076923077 0.8894230769230769 0.27884615384615385 0.8894230769230769
11 0.40384615384615385 0.38461538461538464 0.6418269230769231 0.38461538461538464 0.6418269230769231 0.4855769230769231 0.40384615384615385 0.4855769230769231
22 0.45913461538461536 0.19951923076923078 0.5817307692307693 0.19951923076923078 0.5817307692307693 0.25961538461538464 0.45913461538461536 0.25961538461538464
11 0.3485576923076923 0.5024038461538461 0.6971153846153846 0.5024038461538461 0.6971153846153846 0.6418269230769231 0.3485576923076923 0.6418269230769231
12 0.3485576923076923 0.4855769230769231 0.6971153846153846 0.4855769230769231 0.6971153846153846 0.5024038461538461 0.3485576923076923 0.5024038461538461
12 0.40384615384615385 0.36778846153846156 0.6418269230769231 0.36778846153846156 0.6418269230769231 0.38221153846153844 0.40384615384615385 0.38221153846153844
11 0.4206730769230769 0.2764423076923077 0.6274038461538461 0.2764423076923077 0.6274038461538461 0.36778846153846156 0.4206730769230769 0.36778846153846156
12 0.4206730769230769 0.2620192307692308 0.6274038461538461 0.2620192307692308 0.6274038461538461 0.2764423076923077 0.4206730769230769 0.2764423076923077
2 0.1971153846153846 0.055288461538461536 0.8533653846153846 0.055288461538461536 0.8533653846153846 0.96875 0.1971153846153846 0.96875
10 0.4206730769230769 0.17307692307692307 0.6105769230769231 0.17307692307692307 0.6105769230769231 0.9567307692307693 0.4206730769230769 0.9567307692307693