8 0.45913461538461536 0.6947115384615384 0.5552884615384616 0.6947115384615384 0.5552884615384616 0.8605769230769231 0.45913461538461536 0.8605769230769231
8 0.34134615384615385 0.7043269230769231 0.4254807692307692 0.7043269230769231 0.4254807692307692 0.8581730769230769 0.34134615384615385 0.8581730769230769
8 0.5865384615384616 0.7043269230769231 0.6706730769230769 0.7043269230769231 0.6706730769230769 0.8605769230769231 0.5865384615384616 0.8605769230769231
5 0.4639423076923077 0.43990384615384615 0.5384615384615384 0.43990384615384615 0.5384615384615384 0.4879807692307692 0.4639423076923077 0.4879807692307692
19 0.07692307692307693 0.3389423076923077 0.9278846153846154 0.3389423076923077 0.9278846153846154 0.4326923076923077 0.07692307692307693 0.4326923076923077
9 0.7091346153846154 0.6682692307692307 0.8004807692307693 0.6682692307692307 0.8004807692307693 0.8605769230769231 0.7091346153846154 0.8605769230769231
9 0.20673076923076922 0.6682692307692307 0.2980769230769231 0.6682692307692307 0.2980769230769231 0.8605769230769231 0.20673076923076922 0.8605769230769231
2 0.040865384615384616 0.3004807692307692 0.9615384615384616 0.3004807692307692 0.9615384615384616 0.8966346153846154 0.040865384615384616 0.8966346153846154
10 0.2091346153846154 0.43028846153846156 0.8125 0.43028846153846156 0.8125 0.8653846153846154 0.2091346153846154 0.8653846153846154
22 0.2283653846153846 0.46634615384615385 0.7788461538461539 0.46634615384615385 0.7788461538461539 0.5961538461538461 0.2283653846153846 0.5961538461538461
18 0.2091346153846154 0.6105769230769231 0.8125 0.6105769230769231 0.8125 0.8629807692307693 0.2091346153846154 0.8629807692307693
12 0.2091346153846154 0.8653846153846154 0.8125 0.8653846153846154 0.8125 0.8798076923076923 0.2091346153846154 0.8798076923076923
19 0.040865384615384616 0.4951923076923077 0.9615384615384616 0.4951923076923077 0.9615384615384616 0.6105769230769231 0.040865384615384616 0.6105769230769231
12 0.2091346153846154 0.5961538461538461 0.8125 0.5961538461538461 0.8125 0.6105769230769231 0.2091346153846154 0.6105769230769231