23 0.3870192307692308 0.2668269230769231 0.7091346153846154 0.2668269230769231 0.7091346153846154 0.47115384615384615 0.3870192307692308 0.47115384615384615
23 0.5288461538461539 0.6033653846153846 0.5889423076923077 0.6033653846153846 0.5889423076923077 0.7860576923076923 0.5288461538461539 0.7860576923076923
23 0.3894230769230769 0.6033653846153846 0.4519230769230769 0.6033653846153846 0.4519230769230769 0.7860576923076923 0.3894230769230769 0.7860576923076923
23 0.32211538461538464 0.6033653846153846 0.38461538461538464 0.6033653846153846 0.38461538461538464 0.7860576923076923 0.32211538461538464 0.7860576923076923
23 0.46153846153846156 0.6033653846153846 0.5216346153846154 0.6033653846153846 0.5216346153846154 0.7860576923076923 0.46153846153846156 0.7860576923076923
25 0.3173076923076923 0.6009615384615384 0.5985576923076923 0.6009615384615384 0.5985576923076923 0.7956730769230769 0.3173076923076923 0.7956730769230769
8 0.6153846153846154 0.6610576923076923 0.7019230769230769 0.6610576923076923 0.7019230769230769 0.9134615384615384 0.6153846153846154 0.9134615384615384
19 0.28846153846153844 0.5264423076923077 0.7548076923076923 0.5264423076923077 0.7548076923076923 0.5889423076923077 0.28846153846153844 0.5889423076923077
19 0.29086538461538464 0.16826923076923078 0.7524038461538461 0.16826923076923078 0.7524038461538461 0.2548076923076923 0.29086538461538464 0.2548076923076923
15 0.30288461538461536 0.5432692307692307 0.7211538461538461 0.5432692307692307 0.7211538461538461 0.9158653846153846 0.30288461538461536 0.9158653846153846
12 0.30288461538461536 0.5240384615384616 0.7211538461538461 0.5240384615384616 0.7211538461538461 0.5432692307692307 0.30288461538461536 0.5432692307692307
22 0.30288461538461536 0.2548076923076923 0.7211538461538461 0.2548076923076923 0.7211538461538461 0.5240384615384616 0.30288461538461536 0.5240384615384616
2 0.2860576923076923 0.16826923076923078 0.7548076923076923 0.16826923076923078 0.7548076923076923 0.9158653846153846 0.2860576923076923 0.9158653846153846
10 0.30288461538461536 0.25721153846153844 0.7211538461538461 0.25721153846153844 0.7211538461538461 0.9158653846153846 0.30288461538461536 0.9158653846153846