23 0.09134615384615384 0.5985576923076923 0.23076923076923078 0.5985576923076923 0.23076923076923078 0.71875 0.09134615384615384 0.71875
23 0.8028846153846154 0.22115384615384615 0.8605769230769231 0.22115384615384615 0.8605769230769231 0.3485576923076923 0.8028846153846154 0.3485576923076923
23 0.6875 0.22115384615384615 0.7475961538461539 0.22115384615384615 0.7475961538461539 0.3485576923076923 0.6875 0.3485576923076923
19 0 0.46875 1 0.46875 1 0.6009615384615384 0 0.6009615384615384
19 0.40865384615384615 0.33413461538461536 0.5913461538461539 0.33413461538461536 0.5913461538461539 0.43990384615384615 0.40865384615384615 0.43990384615384615
19 0 0 0.4423076923076923 0 0.4423076923076923 0.07211538461538461 0 0.07211538461538461
19 0.5673076923076923 0.014423076923076924 1 0.014423076923076924 1 0.11538461538461539 0.5673076923076923 0.11538461538461539
19 0.43990384615384615 0.22355769230769232 0.5673076923076923 0.22355769230769232 0.5673076923076923 0.33413461538461536 0.43990384615384615 0.33413461538461536
23 0.43990384615384615 0.6129807692307693 0.5697115384615384 0.6129807692307693 0.5697115384615384 0.6322115384615384 0.43990384615384615 0.6322115384615384
8 0.43990384615384615 0.6490384615384616 0.5697115384615384 0.6490384615384616 0.5697115384615384 0.9423076923076923 0.43990384615384615 0.9423076923076923
12 0 0.46875 1 0.46875 1 0.4879807692307692 0 0.4879807692307692
15 0 0.4855769230769231 0.9975961538461539 0.4855769230769231 0.9975961538461539 1 0 1
22 0 0.07692307692307693 0.40384615384615385 0.07692307692307693 0.40384615384615385 0.47115384615384615 0 0.47115384615384615
22 0.5961538461538461 0.10096153846153846 1 0.10096153846153846 1 0.46875 0.5961538461538461 0.46875
2 0 0 1 0 1 1 0 1
10 0 0.24759615384615385 1 0.24759615384615385 1 0.9543269230769231 0 0.9543269230769231
1 0.4326923076923077 0.6370192307692307 0.5745192307692307 0.6370192307692307 0.5745192307692307 0.8701923076923077 0.4326923076923077 0.8701923076923077
7 0.04326923076923077 0.6201923076923077 0.16346153846153846 0.6201923076923077 0.16346153846153846 0.9591346153846154 0.04326923076923077 0.9591346153846154
1 0.08173076923076923 0.1875 0.3173076923076923 0.1875 0.3173076923076923 0.3894230769230769 0.08173076923076923 0.3894230769230769
1 0.08173076923076923 0.1875 0.3173076923076923 0.1875 0.3173076923076923 0.3894230769230769 0.08173076923076923 0.3894230769230769
23 0.08173076923076923 0.1875 0.3173076923076923 0.1875 0.3173076923076923 0.3894230769230769 0.08173076923076923 0.3894230769230769
1 0.09134615384615384 0.5985576923076923 0.23076923076923078 0.5985576923076923 0.23076923076923078 0.71875 0.09134615384615384 0.71875