16 0.25961538461538464 0.35336538461538464 0.7572115384615384 0.35336538461538464 0.7572115384615384 0.41346153846153844 0.25961538461538464 0.41346153846153844
8 0.4230769230769231 0.41586538461538464 0.5913461538461539 0.41586538461538464 0.5913461538461539 0.6730769230769231 0.4230769230769231 0.6730769230769231
23 0.5985576923076923 0.41586538461538464 0.7692307692307693 0.41586538461538464 0.7692307692307693 0.5961538461538461 0.5985576923076923 0.5961538461538461
23 0.24759615384615385 0.41586538461538464 0.4206730769230769 0.41586538461538464 0.4206730769230769 0.5961538461538461 0.24759615384615385 0.5961538461538461
16 0.052884615384615384 0.13221153846153846 0.9567307692307693 0.13221153846153846 0.9567307692307693 0.35096153846153844 0.052884615384615384 0.35096153846153844
19 0.03365384615384615 0.11778846153846154 0.9807692307692307 0.11778846153846154 0.9807692307692307 0.3317307692307692 0.03365384615384615 0.3317307692307692
2 0.03365384615384615 0.11778846153846154 0.9807692307692307 0.11778846153846154 0.9807692307692307 0.8341346153846154 0.03365384615384615 0.8341346153846154
12 0.1658653846153846 0.6730769230769231 0.8389423076923077 0.6730769230769231 0.8389423076923077 0.6850961538461539 0.1658653846153846 0.6850961538461539
18 0.1658653846153846 0.3125 0.8389423076923077 0.3125 0.8389423076923077 0.6730769230769231 0.1658653846153846 0.6730769230769231
10 0.1971153846153846 0.28846153846153844 0.8125 0.28846153846153844 0.8125 0.6850961538461539 0.1971153846153846 0.6850961538461539
1 0.2403846153846154 0.4014423076923077 0.2668269230769231 0.4014423076923077 0.2668269230769231 0.59375 0.2403846153846154 0.59375
1 0.39903846153846156 0.39903846153846156 0.4206730769230769 0.39903846153846156 0.4206730769230769 0.5961538461538461 0.39903846153846156 0.5961538461538461
1 0.5961538461538461 0.39903846153846156 0.6586538461538461 0.39903846153846156 0.6586538461538461 0.59375 0.5961538461538461 0.59375
1 0.75 0.39903846153846156 0.7956730769230769 0.39903846153846156 0.7956730769230769 0.59375 0.75 0.59375
7 0.5721153846153846 0.49278846153846156 0.8990384615384616 0.49278846153846156 0.8990384615384616 0.8942307692307693 0.5721153846153846 0.8942307692307693
7 0.02403846153846154 0.3942307692307692 0.42788461538461536 0.3942307692307692 0.42788461538461536 0.8918269230769231 0.02403846153846154 0.8918269230769231