23 0.23076923076923078 0.4639423076923077 0.29086538461538464 0.4639423076923077 0.29086538461538464 0.5745192307692307 0.23076923076923078 0.5745192307692307
23 0.2980769230769231 0.46634615384615385 0.3605769230769231 0.46634615384615385 0.3605769230769231 0.5721153846153846 0.2980769230769231 0.5721153846153846
23 0.39663461538461536 0.46634615384615385 0.45913461538461536 0.46634615384615385 0.45913461538461536 0.5721153846153846 0.39663461538461536 0.5721153846153846
23 0.4639423076923077 0.46634615384615385 0.5264423076923077 0.46634615384615385 0.5264423076923077 0.5745192307692307 0.4639423076923077 0.5745192307692307
23 0.5336538461538461 0.46634615384615385 0.59375 0.46634615384615385 0.59375 0.5745192307692307 0.5336538461538461 0.5745192307692307
23 0.6274038461538461 0.46634615384615385 0.6923076923076923 0.46634615384615385 0.6923076923076923 0.5745192307692307 0.6274038461538461 0.5745192307692307
23 0.7043269230769231 0.46634615384615385 0.7620192307692307 0.46634615384615385 0.7620192307692307 0.5769230769230769 0.7043269230769231 0.5769230769230769
16 0.2403846153846154 0.41346153846153844 0.36778846153846156 0.41346153846153844 0.36778846153846156 0.46153846153846156 0.2403846153846154 0.46153846153846156
16 0.4014423076923077 0.34375 0.59375 0.34375 0.59375 0.4110576923076923 0.4014423076923077 0.4110576923076923
16 0.625 0.41586538461538464 0.7548076923076923 0.41586538461538464 0.7548076923076923 0.46153846153846156 0.625 0.46153846153846156
17 0.3557692307692308 0.6754807692307693 0.3798076923076923 0.6754807692307693 0.3798076923076923 0.9423076923076923 0.3557692307692308 0.9423076923076923
17 0.17307692307692307 0.6634615384615384 0.2091346153846154 0.6634615384615384 0.2091346153846154 0.9350961538461539 0.17307692307692307 0.9350961538461539
17 0.6057692307692307 0.6634615384615384 0.6298076923076923 0.6634615384615384 0.6298076923076923 0.9447115384615384 0.6057692307692307 0.9447115384615384
17 0.78125 0.6634615384615384 0.8197115384615384 0.6634615384615384 0.8197115384615384 0.9447115384615384 0.78125 0.9447115384615384
1 0.19951923076923078 0.4567307692307692 0.2403846153846154 0.4567307692307692 0.2403846153846154 0.6346153846153846 0.19951923076923078 0.6346153846153846
1 0.27403846153846156 0.4567307692307692 0.30528846153846156 0.4567307692307692 0.30528846153846156 0.6322115384615384 0.27403846153846156 0.6322115384615384
1 0.3485576923076923 0.4567307692307692 0.36538461538461536 0.4567307692307692 0.36538461538461536 0.6346153846153846 0.3485576923076923 0.6346153846153846
1 0.38461538461538464 0.4567307692307692 0.39903846153846156 0.4567307692307692 0.39903846153846156 0.6346153846153846 0.38461538461538464 0.6346153846153846
1 0.42788461538461536 0.4567307692307692 0.4639423076923077 0.4567307692307692 0.4639423076923077 0.6346153846153846 0.42788461538461536 0.6346153846153846
1 0.5216346153846154 0.4543269230769231 0.5360576923076923 0.4543269230769231 0.5360576923076923 0.6346153846153846 0.5216346153846154 0.6346153846153846
1 0.59375 0.4567307692307692 0.6322115384615384 0.4567307692307692 0.6322115384615384 0.6346153846153846 0.59375 0.6346153846153846
1 0.6875 0.4543269230769231 0.7163461538461539 0.4543269230769231 0.7163461538461539 0.6346153846153846 0.6875 0.6346153846153846
1 0.7548076923076923 0.4567307692307692 0.7788461538461539 0.4567307692307692 0.7788461538461539 0.6346153846153846 0.7548076923076923 0.6346153846153846
5 0.34375 0.08173076923076923 0.6514423076923077 0.08173076923076923 0.6514423076923077 0.28365384615384615 0.34375 0.28365384615384615
19 0.09375 0.014423076923076924 0.8822115384615384 0.014423076923076924 0.8822115384615384 0.47115384615384615 0.09375 0.47115384615384615
2 0.09375 0.014423076923076924 0.8822115384615384 0.014423076923076924 0.8822115384615384 0.9447115384615384 0.09375 0.9447115384615384
10 0.1971153846153846 0.40625 0.7980769230769231 0.40625 0.7980769230769231 0.6658653846153846 0.1971153846153846 0.6658653846153846
12 0.1875 0.6370192307692307 0.8076923076923077 0.6370192307692307 0.8076923076923077 0.6658653846153846 0.1875 0.6658653846153846
18 0.1971153846153846 0.40625 0.7980769230769231 0.40625 0.7980769230769231 0.6370192307692307 0.1971153846153846 0.6370192307692307