23 0.4735576923076923 0.49278846153846156 0.5384615384615384 0.49278846153846156 0.5384615384615384 0.6778846153846154 0.4735576923076923 0.6778846153846154
8 0.20432692307692307 0.5144230769230769 0.24278846153846154 0.5144230769230769 0.24278846153846154 0.5841346153846154 0.20432692307692307 0.5841346153846154
8 0.29086538461538464 0.5168269230769231 0.3293269230769231 0.5168269230769231 0.3293269230769231 0.5841346153846154 0.29086538461538464 0.5841346153846154
8 0.6923076923076923 0.5120192307692307 0.7283653846153846 0.5120192307692307 0.7283653846153846 0.5793269230769231 0.6923076923076923 0.5793269230769231
8 0.78125 0.5120192307692307 0.8173076923076923 0.5120192307692307 0.8173076923076923 0.5793269230769231 0.78125 0.5793269230769231
23 0.15865384615384615 0.6586538461538461 0.19230769230769232 0.6586538461538461 0.19230769230769232 0.7067307692307693 0.15865384615384615 0.7067307692307693
23 0.8293269230769231 0.6586538461538461 0.8629807692307693 0.6586538461538461 0.8629807692307693 0.7043269230769231 0.8293269230769231 0.7043269230769231
8 0.7259615384615384 0.6586538461538461 0.7620192307692307 0.6586538461538461 0.7620192307692307 0.7235576923076923 0.7259615384615384 0.7235576923076923
8 0.25961538461538464 0.6610576923076923 0.29086538461538464 0.6610576923076923 0.29086538461538464 0.7235576923076923 0.25961538461538464 0.7235576923076923
8 0.057692307692307696 0.6586538461538461 0.09375 0.6586538461538461 0.09375 0.7235576923076923 0.057692307692307696 0.7235576923076923
8 0.4495192307692308 0.7524038461538461 0.5649038461538461 0.7524038461538461 0.5649038461538461 0.8966346153846154 0.4495192307692308 0.8966346153846154
1 0.4495192307692308 0.4807692307692308 0.4735576923076923 0.4807692307692308 0.4735576923076923 0.6826923076923077 0.4495192307692308 0.6826923076923077
1 0.5384615384615384 0.4807692307692308 0.5625 0.4807692307692308 0.5625 0.6802884615384616 0.5384615384615384 0.6802884615384616
1 0.18509615384615385 0.5144230769230769 0.2091346153846154 0.5144230769230769 0.2091346153846154 0.5841346153846154 0.18509615384615385 0.5841346153846154
1 0.23798076923076922 0.5144230769230769 0.25721153846153844 0.5144230769230769 0.25721153846153844 0.5841346153846154 0.23798076923076922 0.5841346153846154
1 0.27403846153846156 0.5144230769230769 0.2932692307692308 0.5144230769230769 0.2932692307692308 0.5841346153846154 0.27403846153846156 0.5841346153846154
1 0.3245192307692308 0.5144230769230769 0.34375 0.5144230769230769 0.34375 0.5841346153846154 0.3245192307692308 0.5841346153846154
1 0.6754807692307693 0.5120192307692307 0.6947115384615384 0.5120192307692307 0.6947115384615384 0.5793269230769231 0.6754807692307693 0.5793269230769231
1 0.7259615384615384 0.5120192307692307 0.7475961538461539 0.5120192307692307 0.7475961538461539 0.5793269230769231 0.7259615384615384 0.5793269230769231
1 0.8125 0.5120192307692307 0.8365384615384616 0.5120192307692307 0.8365384615384616 0.5793269230769231 0.8125 0.5793269230769231
1 0.7620192307692307 0.5096153846153846 0.7860576923076923 0.5096153846153846 0.7860576923076923 0.5793269230769231 0.7620192307692307 0.5793269230769231
16 0.3701923076923077 0.7235576923076923 0.6418269230769231 0.7235576923076923 0.6418269230769231 0.78125 0.3701923076923077 0.78125
16 0.3245192307692308 0.3918269230769231 0.6875 0.3918269230769231 0.6875 0.4254807692307692 0.3245192307692308 0.4254807692307692
16 0 0.6370192307692307 0.35336538461538464 0.6370192307692307 0.35336538461538464 0.6586538461538461 0 0.6586538461538461
16 0.6514423076923077 0.6370192307692307 1 0.6370192307692307 1 0.6586538461538461 0.6514423076923077 0.6586538461538461
23 0.5264423076923077 0.27163461538461536 0.5504807692307693 0.27163461538461536 0.5504807692307693 0.3173076923076923 0.5264423076923077 0.3173076923076923
23 0.46634615384615385 0.27163461538461536 0.49038461538461536 0.27163461538461536 0.49038461538461536 0.3173076923076923 0.46634615384615385 0.3173076923076923
19 0.11538461538461539 0.29086538461538464 0.9110576923076923 0.29086538461538464 0.9110576923076923 0.4951923076923077 0.11538461538461539 0.4951923076923077
16 0.43990384615384615 0.24759615384615385 0.5745192307692307 0.24759615384615385 0.5745192307692307 0.27884615384615385 0.43990384615384615 0.27884615384615385
16 0.11538461538461539 0.49278846153846156 0.3629807692307692 0.49278846153846156 0.3629807692307692 0.5024038461538461 0.11538461538461539 0.5024038461538461
16 0.14182692307692307 0.4639423076923077 0.34615384615384615 0.4639423076923077 0.34615384615384615 0.47115384615384615 0.14182692307692307 0.47115384615384615
16 0.65625 0.4879807692307692 0.9086538461538461 0.4879807692307692 0.9086538461538461 0.4951923076923077 0.65625 0.4951923076923077
16 0.6682692307692307 0.45913461538461536 0.8870192307692307 0.45913461538461536 0.8870192307692307 0.46634615384615385 0.6682692307692307 0.46634615384615385
0 0.6490384615384616 0.5456730769230769 0.8677884615384616 0.5456730769230769 0.8677884615384616 0.5745192307692307 0.6490384615384616 0.5745192307692307
0 0.16105769230769232 0.5456730769230769 0.3557692307692308 0.5456730769230769 0.3557692307692308 0.5745192307692307 0.16105769230769232 0.5745192307692307
11 0 0.4230769230769231 1 0.4230769230769231 1 0.7259615384615384 0 0.7259615384615384
12 0 0.6875 1 0.6875 1 0.75 0 0.75
15 0.3942307692307692 0.7235576923076923 0.6225961538461539 0.7235576923076923 0.6225961538461539 0.8990384615384616 0.3942307692307692 0.8990384615384616
11 0.16105769230769232 0.5 0.3605769230769231 0.5 0.3605769230769231 0.5745192307692307 0.16105769230769232 0.5745192307692307
12 0.15625 0.5745192307692307 0.3581730769230769 0.5745192307692307 0.3581730769230769 0.5865384615384616 0.15625 0.5865384615384616
12 0.6490384615384616 0.5745192307692307 0.8653846153846154 0.5745192307692307 0.8653846153846154 0.5865384615384616 0.6490384615384616 0.5865384615384616
11 0.6490384615384616 0.4951923076923077 0.8653846153846154 0.4951923076923077 0.8653846153846154 0.5745192307692307 0.6490384615384616 0.5745192307692307
22 0.4423076923076923 0.23557692307692307 0.5769230769230769 0.23557692307692307 0.5769230769230769 0.3557692307692308 0.4423076923076923 0.3557692307692308
12 0.4423076923076923 0.3557692307692308 0.5769230769230769 0.3557692307692308 0.5769230769230769 0.36538461538461536 0.4423076923076923 0.36538461538461536
19 0.3894230769230769 0.09615384615384616 0.6298076923076923 0.09615384615384616 0.6298076923076923 0.35336538461538464 0.3894230769230769 0.35336538461538464
2 0 0.09615384615384616 1 0.09615384615384616 1 0.9350961538461539 0 0.9350961538461539
19 0 0.5889423076923077 0.35336538461538464 0.5889423076923077 0.35336538461538464 0.6394230769230769 0 0.6394230769230769
19 0.6514423076923077 0.5889423076923077 0.9975961538461539 0.5889423076923077 0.9975961538461539 0.6394230769230769 0.6514423076923077 0.6394230769230769
10 0.19951923076923078 0.39903846153846156 0.8317307692307693 0.39903846153846156 0.8317307692307693 0.8990384615384616 0.19951923076923078 0.8990384615384616
7 0 0.7932692307692307 0.10817307692307693 0.7932692307692307 0.10817307692307693 0.9134615384615384 0 0.9134615384615384
7 0.1971153846153846 0.8221153846153846 0.3245192307692308 0.8221153846153846 0.3245192307692308 0.9086538461538461 0.1971153846153846 0.9086538461538461
7 0.6995192307692307 0.7932692307692307 0.7836538461538461 0.7932692307692307 0.7836538461538461 0.9086538461538461 0.6995192307692307 0.9086538461538461
7 0.1201923076923077 0.5817307692307693 0.18028846153846154 0.5817307692307693 0.18028846153846154 0.8605769230769231 0.1201923076923077 0.8605769230769231
7 0.8990384615384616 0.5769230769230769 0.9230769230769231 0.5769230769230769 0.9230769230769231 0.8990384615384616 0.8990384615384616 0.8990384615384616