23 0.6346153846153846 0.20432692307692307 0.8461538461538461 0.20432692307692307 0.8461538461538461 0.25961538461538464 0.6346153846153846 0.25961538461538464
23 0.1658653846153846 0.20432692307692307 0.4855769230769231 0.20432692307692307 0.4855769230769231 0.25961538461538464 0.1658653846153846 0.25961538461538464
23 0.5096153846153846 0.20432692307692307 0.6105769230769231 0.20432692307692307 0.6105769230769231 0.25961538461538464 0.5096153846153846 0.25961538461538464
23 0.1658653846153846 0.33653846153846156 0.4254807692307692 0.33653846153846156 0.4254807692307692 0.40865384615384615 0.1658653846153846 0.40865384615384615
23 0.6346153846153846 0.33653846153846156 0.8485576923076923 0.33653846153846156 0.8485576923076923 0.40865384615384615 0.6346153846153846 0.40865384615384615
23 0.44711538461538464 0.33653846153846156 0.6105769230769231 0.33653846153846156 0.6105769230769231 0.40865384615384615 0.44711538461538464 0.40865384615384615
23 0.6346153846153846 0.46875 0.8485576923076923 0.46875 0.8485576923076923 0.5552884615384616 0.6346153846153846 0.5552884615384616
23 0.1658653846153846 0.46875 0.3629807692307692 0.46875 0.3629807692307692 0.5552884615384616 0.1658653846153846 0.5552884615384616
23 0.3870192307692308 0.46875 0.6105769230769231 0.46875 0.6105769230769231 0.5552884615384616 0.3870192307692308 0.5552884615384616
23 0.3269230769230769 0.6009615384615384 0.6105769230769231 0.6009615384615384 0.6105769230769231 0.6995192307692307 0.3269230769230769 0.6995192307692307
23 0.6322115384615384 0.6009615384615384 0.8461538461538461 0.6009615384615384 0.8461538461538461 0.6995192307692307 0.6322115384615384 0.6995192307692307
9 0.16346153846153846 0.7331730769230769 0.23798076923076922 0.7331730769230769 0.23798076923076922 0.8413461538461539 0.16346153846153846 0.8413461538461539
23 0.6346153846153846 0.7355769230769231 0.8461538461538461 0.7355769230769231 0.8461538461538461 0.8461538461538461 0.6346153846153846 0.8461538461538461
23 0.2644230769230769 0.7355769230769231 0.6129807692307693 0.7355769230769231 0.6129807692307693 0.84375 0.2644230769230769 0.84375
8 0.16826923076923078 0.7331730769230769 0.23798076923076922 0.7331730769230769 0.23798076923076922 0.8413461538461539 0.16826923076923078 0.8413461538461539
12 0.06009615384615385 0.7115384615384616 0.9447115384615384 0.7115384615384616 0.9447115384615384 0.7283653846153846 0.06009615384615385 0.7283653846153846
12 0.06009615384615385 0.44711538461538464 0.9447115384615384 0.44711538461538464 0.9447115384615384 0.46153846153846156 0.06009615384615385 0.46153846153846156
12 0.06009615384615385 0.3173076923076923 0.9447115384615384 0.3173076923076923 0.9447115384615384 0.3317307692307692 0.06009615384615385 0.3317307692307692
10 0.14182692307692307 0.11778846153846154 0.8581730769230769 0.11778846153846154 0.8581730769230769 0.8725961538461539 0.14182692307692307 0.8725961538461539
11 0.14182692307692307 0.3293269230769231 0.8581730769230769 0.3293269230769231 0.8581730769230769 0.44711538461538464 0.14182692307692307 0.44711538461538464
11 0.14182692307692307 0.46153846153846156 0.8581730769230769 0.46153846153846156 0.8581730769230769 0.5793269230769231 0.14182692307692307 0.5793269230769231
12 0.06009615384615385 0.5817307692307693 0.9447115384615384 0.5817307692307693 0.9447115384615384 0.5961538461538461 0.06009615384615385 0.5961538461538461
15 0.14182692307692307 0.7283653846153846 0.8581730769230769 0.7283653846153846 0.8581730769230769 0.8725961538461539 0.14182692307692307 0.8725961538461539
11 0.14182692307692307 0.59375 0.8581730769230769 0.59375 0.8581730769230769 0.7115384615384616 0.14182692307692307 0.7115384615384616
2 0.057692307692307696 0.11778846153846154 0.9423076923076923 0.11778846153846154 0.9423076923076923 0.8725961538461539 0.057692307692307696 0.8725961538461539
22 0.14182692307692307 0.18028846153846154 0.8581730769230769 0.18028846153846154 0.8581730769230769 0.31490384615384615 0.14182692307692307 0.31490384615384615
7 0.34375 0.8173076923076923 0.3701923076923077 0.8173076923076923 0.3701923076923077 0.9230769230769231 0.34375 0.9230769230769231