14 0.11057692307692307 0.057692307692307696 0.17067307692307693 0.057692307692307696 0.17067307692307693 0.20192307692307693 0.11057692307692307 0.20192307692307693
14 0.17548076923076922 0.057692307692307696 0.24519230769230768 0.057692307692307696 0.24519230769230768 0.20192307692307693 0.17548076923076922 0.20192307692307693
14 0.24759615384615385 0.057692307692307696 0.31490384615384615 0.057692307692307696 0.31490384615384615 0.20192307692307693 0.24759615384615385 0.20192307692307693
14 0.32211538461538464 0.057692307692307696 0.3870192307692308 0.057692307692307696 0.3870192307692308 0.20192307692307693 0.32211538461538464 0.20192307692307693
14 0.3942307692307692 0.057692307692307696 0.4519230769230769 0.057692307692307696 0.4519230769230769 0.20192307692307693 0.3942307692307692 0.20192307692307693
23 0.11057692307692307 0.20673076923076922 0.1201923076923077 0.20673076923076922 0.1201923076923077 0.34134615384615385 0.11057692307692307 0.34134615384615385
23 0.125 0.21394230769230768 0.14903846153846154 0.21394230769230768 0.14903846153846154 0.33653846153846156 0.125 0.33653846153846156
23 0.15625 0.20673076923076922 0.1658653846153846 0.20673076923076922 0.1658653846153846 0.34134615384615385 0.15625 0.34134615384615385
23 0.18028846153846154 0.20673076923076922 0.19230769230769232 0.20673076923076922 0.19230769230769232 0.3389423076923077 0.18028846153846154 0.3389423076923077
23 0.1971153846153846 0.21394230769230768 0.22115384615384615 0.21394230769230768 0.22115384615384615 0.33653846153846156 0.1971153846153846 0.33653846153846156
23 0.22596153846153846 0.20673076923076922 0.23798076923076922 0.20673076923076922 0.23798076923076922 0.3389423076923077 0.22596153846153846 0.3389423076923077
23 0.25240384615384615 0.20432692307692307 0.2644230769230769 0.20432692307692307 0.2644230769230769 0.3389423076923077 0.25240384615384615 0.3389423076923077
23 0.2692307692307692 0.21634615384615385 0.2932692307692308 0.21634615384615385 0.2932692307692308 0.33653846153846156 0.2692307692307692 0.33653846153846156
23 0.2980769230769231 0.20673076923076922 0.3125 0.20673076923076922 0.3125 0.3389423076923077 0.2980769230769231 0.3389423076923077
23 0.3245192307692308 0.20432692307692307 0.33653846153846156 0.20432692307692307 0.33653846153846156 0.3389423076923077 0.3245192307692308 0.3389423076923077
23 0.34134615384615385 0.21634615384615385 0.36778846153846156 0.21634615384615385 0.36778846153846156 0.33653846153846156 0.34134615384615385 0.33653846153846156
23 0.3701923076923077 0.20432692307692307 0.38461538461538464 0.20432692307692307 0.38461538461538464 0.3389423076923077 0.3701923076923077 0.3389423076923077
23 0.39903846153846156 0.20432692307692307 0.40865384615384615 0.20432692307692307 0.40865384615384615 0.3389423076923077 0.39903846153846156 0.3389423076923077
23 0.41586538461538464 0.21634615384615385 0.4375 0.21634615384615385 0.4375 0.33653846153846156 0.41586538461538464 0.33653846153846156
23 0.44471153846153844 0.20673076923076922 0.4543269230769231 0.20673076923076922 0.4543269230769231 0.3389423076923077 0.44471153846153844 0.3389423076923077
23 0.15144230769230768 0.34375 0.16346153846153846 0.34375 0.16346153846153846 0.47836538461538464 0.15144230769230768 0.47836538461538464
23 0.11057692307692307 0.34615384615384615 0.125 0.34615384615384615 0.125 0.4807692307692308 0.11057692307692307 0.4807692307692308
23 0.16826923076923078 0.3557692307692308 0.1778846153846154 0.3557692307692308 0.1778846153846154 0.47115384615384615 0.16826923076923078 0.47115384615384615
23 0.18269230769230768 0.34375 0.1971153846153846 0.34375 0.1971153846153846 0.47836538461538464 0.18269230769230768 0.47836538461538464
23 0.22355769230769232 0.34375 0.23557692307692307 0.34375 0.23557692307692307 0.47836538461538464 0.22355769230769232 0.47836538461538464
23 0.2403846153846154 0.3557692307692308 0.25240384615384615 0.3557692307692308 0.25240384615384615 0.47115384615384615 0.2403846153846154 0.47115384615384615
23 0.2548076923076923 0.34375 0.2692307692307692 0.34375 0.2692307692307692 0.47836538461538464 0.2548076923076923 0.47836538461538464
23 0.2956730769230769 0.34375 0.3076923076923077 0.34375 0.3076923076923077 0.47836538461538464 0.2956730769230769 0.47836538461538464
23 0.3125 0.3557692307692308 0.3245192307692308 0.3557692307692308 0.3245192307692308 0.47115384615384615 0.3125 0.47115384615384615
23 0.3293269230769231 0.34375 0.3389423076923077 0.34375 0.3389423076923077 0.47836538461538464 0.3293269230769231 0.47836538461538464
23 0.36778846153846156 0.34375 0.3798076923076923 0.34375 0.3798076923076923 0.47836538461538464 0.36778846153846156 0.47836538461538464
23 0.3870192307692308 0.3557692307692308 0.3942307692307692 0.3557692307692308 0.3942307692307692 0.46875 0.3870192307692308 0.46875
23 0.4014423076923077 0.34375 0.4110576923076923 0.34375 0.4110576923076923 0.47836538461538464 0.4014423076923077 0.47836538461538464
23 0.43990384615384615 0.34134615384615385 0.4543269230769231 0.34134615384615385 0.4543269230769231 0.47836538461538464 0.43990384615384615 0.47836538461538464
23 0.11057692307692307 0.4855769230769231 0.12740384615384615 0.4855769230769231 0.12740384615384615 0.6201923076923077 0.11057692307692307 0.6201923076923077
23 0.1466346153846154 0.4831730769230769 0.15865384615384615 0.4831730769230769 0.15865384615384615 0.6201923076923077 0.1466346153846154 0.6201923076923077
23 0.16346153846153846 0.49038461538461536 0.18269230769230768 0.49038461538461536 0.18269230769230768 0.6201923076923077 0.16346153846153846 0.6201923076923077
23 0.1875 0.4831730769230769 0.19951923076923078 0.4831730769230769 0.19951923076923078 0.6201923076923077 0.1875 0.6201923076923077
23 0.23557692307692307 0.49278846153846156 0.2548076923076923 0.49278846153846156 0.2548076923076923 0.6201923076923077 0.23557692307692307 0.6201923076923077
23 0.21875 0.4855769230769231 0.23317307692307693 0.4855769230769231 0.23317307692307693 0.6201923076923077 0.21875 0.6201923076923077
23 0.33413461538461536 0.4807692307692308 0.34375 0.4807692307692308 0.34375 0.6201923076923077 0.33413461538461536 0.6201923076923077
23 0.25961538461538464 0.4807692307692308 0.27163461538461536 0.4807692307692308 0.27163461538461536 0.6201923076923077 0.25961538461538464 0.6201923076923077
23 0.29086538461538464 0.4807692307692308 0.30528846153846156 0.4807692307692308 0.30528846153846156 0.6201923076923077 0.29086538461538464 0.6201923076923077
23 0.3076923076923077 0.49278846153846156 0.3293269230769231 0.49278846153846156 0.3293269230769231 0.6201923076923077 0.3076923076923077 0.6201923076923077
23 0.38221153846153844 0.4879807692307692 0.39903846153846156 0.4879807692307692 0.39903846153846156 0.6177884615384616 0.38221153846153844 0.6177884615384616
23 0.3629807692307692 0.4807692307692308 0.375 0.4807692307692308 0.375 0.6201923076923077 0.3629807692307692 0.6201923076923077
23 0.40865384615384615 0.4807692307692308 0.41586538461538464 0.4807692307692308 0.41586538461538464 0.6201923076923077 0.40865384615384615 0.6201923076923077
23 0.4375 0.4807692307692308 0.4543269230769231 0.4807692307692308 0.4543269230769231 0.6201923076923077 0.4375 0.6201923076923077
23 0.11057692307692307 0.6274038461538461 0.13221153846153846 0.6274038461538461 0.13221153846153846 0.7620192307692307 0.11057692307692307 0.7620192307692307
23 0.16105769230769232 0.625 0.1875 0.625 0.1875 0.7620192307692307 0.16105769230769232 0.7620192307692307
23 0.14423076923076922 0.625 0.15625 0.625 0.15625 0.7620192307692307 0.14423076923076922 0.7620192307692307
23 0.4326923076923077 0.6225961538461539 0.4543269230769231 0.6225961538461539 0.4543269230769231 0.7596153846153846 0.4326923076923077 0.7596153846153846
23 0.19230769230769232 0.625 0.20432692307692307 0.625 0.20432692307692307 0.7596153846153846 0.19230769230769232 0.7596153846153846
23 0.21634615384615385 0.625 0.2283653846153846 0.625 0.2283653846153846 0.7596153846153846 0.21634615384615385 0.7596153846153846
23 0.23317307692307693 0.625 0.25961538461538464 0.625 0.25961538461538464 0.7596153846153846 0.23317307692307693 0.7596153846153846
23 0.2644230769230769 0.625 0.2764423076923077 0.625 0.2764423076923077 0.7596153846153846 0.2644230769230769 0.7596153846153846
23 0.28846153846153844 0.625 0.3004807692307692 0.625 0.3004807692307692 0.7596153846153846 0.28846153846153844 0.7596153846153846
23 0.30528846153846156 0.625 0.3317307692307692 0.625 0.3317307692307692 0.7596153846153846 0.30528846153846156 0.7596153846153846
23 0.33653846153846156 0.625 0.3485576923076923 0.625 0.3485576923076923 0.7596153846153846 0.33653846153846156 0.7596153846153846
23 0.3605769230769231 0.6225961538461539 0.37259615384615385 0.6225961538461539 0.37259615384615385 0.7596153846153846 0.3605769230769231 0.7596153846153846
23 0.37740384615384615 0.6225961538461539 0.40384615384615385 0.6225961538461539 0.40384615384615385 0.7596153846153846 0.37740384615384615 0.7596153846153846
23 0.40865384615384615 0.6225961538461539 0.4206730769230769 0.6225961538461539 0.4206730769230769 0.7596153846153846 0.40865384615384615 0.7596153846153846
14 0.11057692307692307 0.7740384615384616 0.13221153846153846 0.7740384615384616 0.13221153846153846 0.9086538461538461 0.11057692307692307 0.9086538461538461
14 0.4326923076923077 0.7740384615384616 0.4543269230769231 0.7740384615384616 0.4543269230769231 0.9158653846153846 0.4326923076923077 0.9158653846153846
14 0.14423076923076922 0.7740384615384616 0.20432692307692307 0.7740384615384616 0.20432692307692307 0.9158653846153846 0.14423076923076922 0.9158653846153846
14 0.21634615384615385 0.7740384615384616 0.2764423076923077 0.7740384615384616 0.2764423076923077 0.9158653846153846 0.21634615384615385 0.9158653846153846
14 0.28846153846153844 0.7740384615384616 0.3485576923076923 0.7740384615384616 0.3485576923076923 0.9158653846153846 0.28846153846153844 0.9158653846153846
14 0.3605769230769231 0.7740384615384616 0.4182692307692308 0.7740384615384616 0.4182692307692308 0.9158653846153846 0.3605769230769231 0.9158653846153846
23 0.07451923076923077 0.6442307692307693 0.08413461538461539 0.6442307692307693 0.08413461538461539 0.7283653846153846 0.07451923076923077 0.7283653846153846
23 0.04567307692307692 0.6442307692307693 0.055288461538461536 0.6442307692307693 0.055288461538461536 0.7283653846153846 0.04567307692307692 0.7283653846153846
12 0.11057692307692307 0.7644230769230769 0.4543269230769231 0.7644230769230769 0.4543269230769231 0.7788461538461539 0.11057692307692307 0.7788461538461539
12 0.10817307692307693 0.20673076923076922 0.4543269230769231 0.20673076923076922 0.4543269230769231 0.22115384615384615 0.10817307692307693 0.22115384615384615
12 0.10817307692307693 0.34375 0.4543269230769231 0.34375 0.4543269230769231 0.3581730769230769 0.10817307692307693 0.3581730769230769
12 0.11057692307692307 0.4831730769230769 0.4543269230769231 0.4831730769230769 0.4543269230769231 0.49759615384615385 0.11057692307692307 0.49759615384615385
12 0.11057692307692307 0.6225961538461539 0.4543269230769231 0.6225961538461539 0.4543269230769231 0.6370192307692307 0.11057692307692307 0.6370192307692307
0 0.03365384615384615 0.5769230769230769 0.11057692307692307 0.5769230769230769 0.11057692307692307 0.6033653846153846 0.03365384615384615 0.6033653846153846
14 0.10336538461538461 0.375 0.11057692307692307 0.375 0.11057692307692307 0.4519230769230769 0.10336538461538461 0.4519230769230769
2 0.014423076923076924 0.03125 0.46875 0.03125 0.46875 0.9254807692307693 0.014423076923076924 0.9254807692307693
8 0.04807692307692308 0.7980769230769231 0.08173076923076923 0.7980769230769231 0.08173076923076923 0.9110576923076923 0.04807692307692308 0.9110576923076923
10 0.014423076923076924 0.03125 0.4639423076923077 0.03125 0.4639423076923077 0.9230769230769231 0.014423076923076924 0.9230769230769231