8 0.40384615384615385 0.40865384615384615 0.6081730769230769 0.40865384615384615 0.6081730769230769 0.8774038461538461 0.40384615384615385 0.8774038461538461
9 0.3798076923076923 0.36778846153846156 0.6370192307692307 0.36778846153846156 0.6370192307692307 0.9254807692307693 0.3798076923076923 0.9254807692307693
19 0.16105769230769232 0.25961538461538464 0.8581730769230769 0.25961538461538464 0.8581730769230769 0.4182692307692308 0.16105769230769232 0.4182692307692308
23 0.4519230769230769 0.23557692307692307 0.46153846153846156 0.23557692307692307 0.46153846153846156 0.2692307692307692 0.4519230769230769 0.2692307692307692
23 0.4639423076923077 0.22355769230769232 0.4879807692307692 0.22355769230769232 0.4879807692307692 0.2644230769230769 0.4639423076923077 0.2644230769230769
23 0.49278846153846156 0.22115384615384615 0.5216346153846154 0.22115384615384615 0.5216346153846154 0.25961538461538464 0.49278846153846156 0.25961538461538464
23 0.5240384615384616 0.22596153846153846 0.5456730769230769 0.22596153846153846 0.5456730769230769 0.2644230769230769 0.5240384615384616 0.2644230769230769
23 0.5456730769230769 0.2403846153846154 0.5552884615384616 0.2403846153846154 0.5552884615384616 0.2692307692307692 0.5456730769230769 0.2692307692307692
2 0.16105769230769232 0.20432692307692307 0.8581730769230769 0.20432692307692307 0.8581730769230769 0.9254807692307693 0.16105769230769232 0.9254807692307693
7 0.45913461538461536 0.8798076923076923 0.6153846153846154 0.8798076923076923 0.6153846153846154 0.9975961538461539 0.45913461538461536 0.9975961538461539
15 0.16105769230769232 0.36778846153846156 0.8581730769230769 0.36778846153846156 0.8581730769230769 0.9254807692307693 0.16105769230769232 0.9254807692307693
10 0.20432692307692307 0.37740384615384615 0.7980769230769231 0.37740384615384615 0.7980769230769231 0.8557692307692307 0.20432692307692307 0.8557692307692307