23 0.6009615384615384 0.40865384615384615 0.6610576923076923 0.40865384615384615 0.6610576923076923 0.5 0.6009615384615384 0.5
1 0.6610576923076923 0.40625 0.6875 0.40625 0.6875 0.5 0.6610576923076923 0.5
1 0.5889423076923077 0.39663461538461536 0.6033653846153846 0.39663461538461536 0.6033653846153846 0.5 0.5889423076923077 0.5
23 0.7788461538461539 0.4182692307692308 0.8317307692307693 0.4182692307692308 0.8317307692307693 0.5120192307692307 0.7788461538461539 0.5120192307692307
1 0.8293269230769231 0.4182692307692308 0.8533653846153846 0.4182692307692308 0.8533653846153846 0.5120192307692307 0.8293269230769231 0.5120192307692307
0 0.19230769230769232 0.4951923076923077 0.5216346153846154 0.4951923076923077 0.5216346153846154 0.6177884615384616 0.19230769230769232 0.6177884615384616
17 0.18990384615384615 0.43990384615384615 0.21394230769230768 0.43990384615384615 0.21394230769230768 0.8725961538461539 0.18990384615384615 0.8725961538461539
17 0.10096153846153846 0.6346153846153846 0.12740384615384615 0.6346153846153846 0.12740384615384615 0.8725961538461539 0.10096153846153846 0.8725961538461539
17 0.7908653846153846 0.6274038461538461 0.8052884615384616 0.6274038461538461 0.8052884615384616 0.8389423076923077 0.7908653846153846 0.8389423076923077
17 0.5288461538461539 0.6009615384615384 0.5408653846153846 0.6009615384615384 0.5408653846153846 0.8605769230769231 0.5288461538461539 0.8605769230769231
17 0.8846153846153846 0.6057692307692307 0.8990384615384616 0.6057692307692307 0.8990384615384616 0.8533653846153846 0.8846153846153846 0.8533653846153846
17 0.7163461538461539 0.6057692307692307 0.7307692307692307 0.6057692307692307 0.7307692307692307 0.8533653846153846 0.7163461538461539 0.8533653846153846
12 0.10576923076923077 0.6057692307692307 0.8942307692307693 0.6057692307692307 0.8942307692307693 0.6346153846153846 0.10576923076923077 0.6346153846153846
18 0.10576923076923077 0.14903846153846154 0.8990384615384616 0.14903846153846154 0.8990384615384616 0.6105769230769231 0.10576923076923077 0.6105769230769231
19 0.019230769230769232 0.09615384615384616 0.9735576923076923 0.09615384615384616 0.9735576923076923 0.49038461538461536 0.019230769230769232 0.49038461538461536
7 0.30288461538461536 0.6610576923076923 0.7451923076923077 0.6610576923076923 0.7451923076923077 1 0.30288461538461536 1
7 0.5048076923076923 0.5552884615384616 0.7860576923076923 0.5552884615384616 0.7860576923076923 0.9591346153846154 0.5048076923076923 0.9591346153846154
2 0.019230769230769232 0.09615384615384616 0.9735576923076923 0.09615384615384616 0.9735576923076923 0.8822115384615384 0.019230769230769232 0.8822115384615384
1 0.7788461538461539 0.4182692307692308 0.8052884615384616 0.4182692307692308 0.8052884615384616 0.5096153846153846 0.7788461538461539 0.5096153846153846
10 0.10096153846153846 0.30288461538461536 0.8990384615384616 0.30288461538461536 0.8990384615384616 0.8725961538461539 0.10096153846153846 0.8725961538461539