23 0.3605769230769231 0.49278846153846156 0.4326923076923077 0.49278846153846156 0.4326923076923077 0.5673076923076923 0.3605769230769231 0.5673076923076923
23 0.5360576923076923 0.6658653846153846 0.5961538461538461 0.6658653846153846 0.5961538461538461 0.7740384615384616 0.5360576923076923 0.7740384615384616
23 0.5384615384615384 0.5817307692307693 0.5913461538461539 0.5817307692307693 0.5913461538461539 0.6225961538461539 0.5384615384615384 0.6225961538461539
23 0.5432692307692307 0.8293269230769231 0.5889423076923077 0.8293269230769231 0.5889423076923077 0.875 0.5432692307692307 0.875
23 0.2692307692307692 0.6682692307692307 0.30528846153846156 0.6682692307692307 0.30528846153846156 0.7524038461538461 0.2692307692307692 0.7524038461538461
23 0.37740384615384615 0.6658653846153846 0.41346153846153844 0.6658653846153846 0.41346153846153844 0.75 0.37740384615384615 0.75
23 0.22596153846153846 0.6778846153846154 0.2620192307692308 0.6778846153846154 0.2620192307692308 0.7692307692307693 0.22596153846153846 0.7692307692307693
23 0.23317307692307693 0.6033653846153846 0.27163461538461536 0.6033653846153846 0.27163461538461536 0.6370192307692307 0.23317307692307693 0.6370192307692307
8 0.30288461538461536 0.6634615384615384 0.37740384615384615 0.6634615384615384 0.37740384615384615 0.8197115384615384 0.30288461538461536 0.8197115384615384
19 0.15384615384615385 0.31490384615384615 0.8245192307692307 0.31490384615384615 0.8245192307692307 0.65625 0.15384615384615385 0.65625
22 0.23557692307692307 0.34134615384615385 0.7475961538461539 0.34134615384615385 0.7475961538461539 0.4855769230769231 0.23557692307692307 0.4855769230769231
12 0.23317307692307693 0.4423076923076923 0.7211538461538461 0.4423076923076923 0.7211538461538461 0.49038461538461536 0.23317307692307693 0.49038461538461536
11 0.16346153846153846 0.4519230769230769 0.7163461538461539 0.4519230769230769 0.7163461538461539 0.5961538461538461 0.16346153846153846 0.5961538461538461
12 0.17548076923076922 0.5576923076923077 0.6754807692307693 0.5576923076923077 0.6754807692307693 0.6057692307692307 0.17548076923076922 0.6057692307692307
15 0.17548076923076922 0.6514423076923077 0.6730769230769231 0.6514423076923077 0.6730769230769231 0.8341346153846154 0.17548076923076922 0.8341346153846154
11 0.17548076923076922 0.5673076923076923 0.6730769230769231 0.5673076923076923 0.6730769230769231 0.6634615384615384 0.17548076923076922 0.6634615384615384
12 0.1778846153846154 0.6442307692307693 0.6730769230769231 0.6442307692307693 0.6730769230769231 0.6682692307692307 0.1778846153846154 0.6682692307692307
2 0.15384615384615385 0.2980769230769231 0.8269230769230769 0.2980769230769231 0.8269230769230769 0.9014423076923077 0.15384615384615385 0.9014423076923077
10 0.1778846153846154 0.5600961538461539 0.6730769230769231 0.5600961538461539 0.6730769230769231 0.9014423076923077 0.1778846153846154 0.9014423076923077
7 0.15144230769230768 0.8341346153846154 0.25721153846153844 0.8341346153846154 0.25721153846153844 0.8846153846153846 0.15144230769230768 0.8846153846153846
7 0.3581730769230769 0.8557692307692307 0.5216346153846154 0.8557692307692307 0.5216346153846154 0.9134615384615384 0.3581730769230769 0.9134615384615384