23 0.2764423076923077 0.3245192307692308 0.3293269230769231 0.3245192307692308 0.3293269230769231 0.4254807692307692 0.2764423076923077 0.4254807692307692
23 0.2764423076923077 0.49759615384615385 0.31490384615384615 0.49759615384615385 0.31490384615384615 0.5721153846153846 0.2764423076923077 0.5721153846153846
8 0.31009615384615385 0.47596153846153844 0.35336538461538464 0.47596153846153844 0.35336538461538464 0.6201923076923077 0.31009615384615385 0.6201923076923077
23 0.47596153846153844 0.43990384615384615 0.5697115384615384 0.43990384615384615 0.5697115384615384 0.5528846153846154 0.47596153846153844 0.5528846153846154
23 0.6322115384615384 0.4110576923076923 0.7067307692307693 0.4110576923076923 0.7067307692307693 0.5216346153846154 0.6322115384615384 0.5216346153846154
23 0.4855769230769231 0.6298076923076923 0.5552884615384616 0.6298076923076923 0.5552884615384616 0.71875 0.4855769230769231 0.71875
23 0.2692307692307692 0.6514423076923077 0.2956730769230769 0.6514423076923077 0.2956730769230769 0.7211538461538461 0.2692307692307692 0.7211538461538461
8 0.3245192307692308 0.6466346153846154 0.3557692307692308 0.6466346153846154 0.3557692307692308 0.7980769230769231 0.3245192307692308 0.7980769230769231
19 0.22115384615384615 0.24759615384615385 0.9158653846153846 0.24759615384615385 0.9158653846153846 0.4735576923076923 0.22115384615384615 0.4735576923076923
22 0.23798076923076922 0.2644230769230769 0.3701923076923077 0.2644230769230769 0.3701923076923077 0.47596153846153844 0.23798076923076922 0.47596153846153844
12 0.23798076923076922 0.4519230769230769 0.3701923076923077 0.4519230769230769 0.3701923076923077 0.4855769230769231 0.23798076923076922 0.4855769230769231
11 0.18269230769230768 0.38461538461538464 0.7668269230769231 0.38461538461538464 0.7668269230769231 0.6346153846153846 0.18269230769230768 0.6346153846153846
12 0.18269230769230768 0.5721153846153846 0.7668269230769231 0.5721153846153846 0.7668269230769231 0.6442307692307693 0.18269230769230768 0.6442307692307693
15 0.18509615384615385 0.5865384615384616 0.7692307692307693 0.5865384615384616 0.7692307692307693 0.8028846153846154 0.18509615384615385 0.8028846153846154
2 0.16826923076923078 0.2403846153846154 0.9158653846153846 0.2403846153846154 0.9158653846153846 0.8028846153846154 0.16826923076923078 0.8028846153846154
10 0.18509615384615385 0.38461538461538464 0.7692307692307693 0.38461538461538464 0.7692307692307693 0.8028846153846154 0.18509615384615385 0.8028846153846154
7 0.5336538461538461 0.5 0.9759615384615384 0.5 0.9759615384615384 0.7980769230769231 0.5336538461538461 0.7980769230769231