23 0.44471153846153844 0.6201923076923077 0.4807692307692308 0.6201923076923077 0.4807692307692308 0.6538461538461539 0.44471153846153844 0.6538461538461539
23 0.4230769230769231 0.7259615384615384 0.46153846153846156 0.7259615384615384 0.46153846153846156 0.7596153846153846 0.4230769230769231 0.7596153846153846
23 0.4230769230769231 0.78125 0.47836538461538464 0.78125 0.47836538461538464 0.8149038461538461 0.4230769230769231 0.8149038461538461
23 0.6730769230769231 0.7283653846153846 0.7475961538461539 0.7283653846153846 0.7475961538461539 0.7572115384615384 0.6730769230769231 0.7572115384615384
23 0.5072115384615384 0.35096153846153844 0.5432692307692307 0.35096153846153844 0.5432692307692307 0.3798076923076923 0.5072115384615384 0.3798076923076923
23 0.5024038461538461 0.2956730769230769 0.5408653846153846 0.2956730769230769 0.5408653846153846 0.3269230769230769 0.5024038461538461 0.3269230769230769
23 0.5048076923076923 0.2403846153846154 0.5384615384615384 0.2403846153846154 0.5384615384615384 0.27163461538461536 0.5048076923076923 0.27163461538461536
23 0.5048076923076923 0.19471153846153846 0.5384615384615384 0.19471153846153846 0.5384615384615384 0.22115384615384615 0.5048076923076923 0.22115384615384615
23 0.5072115384615384 0.13942307692307693 0.5408653846153846 0.13942307692307693 0.5408653846153846 0.1658653846153846 0.5072115384615384 0.1658653846153846
23 0.23076923076923078 0.6706730769230769 0.33653846153846156 0.6706730769230769 0.33653846153846156 0.6995192307692307 0.23076923076923078 0.6995192307692307
23 0.6129807692307693 0.6225961538461539 0.6442307692307693 0.6225961538461539 0.6442307692307693 0.6490384615384616 0.6129807692307693 0.6490384615384616
23 0.6129807692307693 0.6730769230769231 0.6370192307692307 0.6730769230769231 0.6370192307692307 0.7019230769230769 0.6129807692307693 0.7019230769230769
23 0.6730769230769231 0.6730769230769231 0.75 0.6730769230769231 0.75 0.6995192307692307 0.6730769230769231 0.6995192307692307
23 0.6418269230769231 0.78125 0.7475961538461539 0.78125 0.7475961538461539 0.8149038461538461 0.6418269230769231 0.8149038461538461
23 0.5048076923076923 0.8365384615384616 0.5384615384615384 0.8365384615384616 0.5384615384615384 0.8677884615384616 0.5048076923076923 0.8677884615384616
23 0.4326923076923077 0.8918269230769231 0.5456730769230769 0.8918269230769231 0.5456730769230769 0.9230769230769231 0.4326923076923077 0.9230769230769231
23 0.6466346153846154 0.8918269230769231 0.7692307692307693 0.8918269230769231 0.7692307692307693 0.9254807692307693 0.6466346153846154 0.9254807692307693
23 0.6129807692307693 0.5120192307692307 0.6370192307692307 0.5120192307692307 0.6370192307692307 0.5432692307692307 0.6129807692307693 0.5432692307692307
23 0.6153846153846154 0.45913461538461536 0.6418269230769231 0.45913461538461536 0.6418269230769231 0.49038461538461536 0.6153846153846154 0.49038461538461536
23 0.6129807692307693 0.40384615384615385 0.6394230769230769 0.40384615384615385 0.6394230769230769 0.43509615384615385 0.6129807692307693 0.43509615384615385
23 0.6129807692307693 0.35096153846153844 0.6394230769230769 0.35096153846153844 0.6394230769230769 0.38221153846153844 0.6129807692307693 0.38221153846153844
23 0.6153846153846154 0.2980769230769231 0.6418269230769231 0.2980769230769231 0.6418269230769231 0.3293269230769231 0.6153846153846154 0.3293269230769231
23 0.6153846153846154 0.24519230769230768 0.6418269230769231 0.24519230769230768 0.6418269230769231 0.27403846153846156 0.6153846153846154 0.27403846153846156
23 0.6442307692307693 0.1346153846153846 0.6682692307692307 0.1346153846153846 0.6682692307692307 0.15384615384615385 0.6442307692307693 0.15384615384615385
23 0.4423076923076923 0.5649038461538461 0.47596153846153844 0.5649038461538461 0.47596153846153844 0.5985576923076923 0.4423076923076923 0.5985576923076923
23 0.4423076923076923 0.5120192307692307 0.47836538461538464 0.5120192307692307 0.47836538461538464 0.5408653846153846 0.4423076923076923 0.5408653846153846
23 0.4423076923076923 0.4519230769230769 0.4807692307692308 0.4519230769230769 0.4807692307692308 0.49038461538461536 0.4423076923076923 0.49038461538461536
23 0.5240384615384616 0.6754807692307693 0.5528846153846154 0.6754807692307693 0.5528846153846154 0.7043269230769231 0.5240384615384616 0.7043269230769231
14 0.39663461538461536 0.08653846153846154 0.5120192307692307 0.08653846153846154 0.5120192307692307 0.15384615384615385 0.39663461538461536 0.15384615384615385
14 0.39663461538461536 0.14423076923076922 0.5048076923076923 0.14423076923076922 0.5048076923076923 0.20673076923076922 0.39663461538461536 0.20673076923076922
14 0.39663461538461536 0.19951923076923078 0.5072115384615384 0.19951923076923078 0.5072115384615384 0.2620192307692308 0.39663461538461536 0.2620192307692308
14 0.39663461538461536 0.2548076923076923 0.5072115384615384 0.2548076923076923 0.5072115384615384 0.31971153846153844 0.39663461538461536 0.31971153846153844
14 0.38221153846153844 0.36778846153846156 0.4855769230769231 0.36778846153846156 0.4855769230769231 0.42788461538461536 0.38221153846153844 0.42788461538461536
14 0.3894230769230769 0.31009615384615385 0.5048076923076923 0.31009615384615385 0.5048076923076923 0.37259615384615385 0.3894230769230769 0.37259615384615385
14 0.36538461538461536 0.4230769230769231 0.4639423076923077 0.4230769230769231 0.4639423076923077 0.4831730769230769 0.36538461538461536 0.4831730769230769
14 0.34375 0.47836538461538464 0.44471153846153844 0.47836538461538464 0.44471153846153844 0.5360576923076923 0.34375 0.5360576923076923
14 0.33413461538461536 0.5336538461538461 0.4423076923076923 0.5336538461538461 0.4423076923076923 0.59375 0.33413461538461536 0.59375
14 0.34134615384615385 0.5889423076923077 0.4639423076923077 0.5889423076923077 0.4639423076923077 0.6490384615384616 0.34134615384615385 0.6490384615384616
23 0.4254807692307692 0.6730769230769231 0.46153846153846156 0.6730769230769231 0.46153846153846156 0.7067307692307693 0.4254807692307692 0.7067307692307693
14 0.34375 0.6466346153846154 0.41586538461538464 0.6466346153846154 0.41586538461538464 0.7043269230769231 0.34375 0.7043269230769231
14 0.3485576923076923 0.7067307692307693 0.41346153846153844 0.7067307692307693 0.41346153846153844 0.7572115384615384 0.3485576923076923 0.7572115384615384
14 0.5024038461538461 0.7620192307692307 0.6394230769230769 0.7620192307692307 0.6394230769230769 0.8149038461538461 0.5024038461538461 0.8149038461538461
14 0.47836538461538464 0.7067307692307693 0.6346153846153846 0.7067307692307693 0.6346153846153846 0.7620192307692307 0.47836538461538464 0.7620192307692307
14 0.43990384615384615 0.6538461538461539 0.5240384615384616 0.6538461538461539 0.5240384615384616 0.7043269230769231 0.43990384615384615 0.7043269230769231
14 0.4951923076923077 0.5985576923076923 0.6225961538461539 0.5985576923076923 0.6225961538461539 0.6490384615384616 0.4951923076923077 0.6490384615384616
14 0.46153846153846156 0.5432692307692307 0.6177884615384616 0.5432692307692307 0.6177884615384616 0.59375 0.46153846153846156 0.59375
14 0.47596153846153844 0.4855769230769231 0.6105769230769231 0.4855769230769231 0.6105769230769231 0.5408653846153846 0.47596153846153844 0.5408653846153846
14 0.49038461538461536 0.4326923076923077 0.6081730769230769 0.4326923076923077 0.6081730769230769 0.4831730769230769 0.49038461538461536 0.4831730769230769
14 0.5048076923076923 0.37259615384615385 0.6105769230769231 0.37259615384615385 0.6105769230769231 0.4326923076923077 0.5048076923076923 0.4326923076923077
14 0.5192307692307693 0.3173076923076923 0.6177884615384616 0.3173076923076923 0.6177884615384616 0.375 0.5192307692307693 0.375
14 0.5240384615384616 0.2620192307692308 0.6201923076923077 0.2620192307692308 0.6201923076923077 0.31971153846153844 0.5240384615384616 0.31971153846153844
14 0.5240384615384616 0.2091346153846154 0.6298076923076923 0.2091346153846154 0.6298076923076923 0.2668269230769231 0.5240384615384616 0.2668269230769231
14 0.5264423076923077 0.15625 0.6370192307692307 0.15625 0.6370192307692307 0.21153846153846154 0.5264423076923077 0.21153846153846154
14 0.5240384615384616 0.10336538461538461 0.6370192307692307 0.10336538461538461 0.6370192307692307 0.15625 0.5240384615384616 0.15625
14 0.15625 0.09615384615384616 0.30288461538461536 0.09615384615384616 0.30288461538461536 0.14903846153846154 0.15625 0.14903846153846154
14 0.15625 0.14903846153846154 0.28846153846153844 0.14903846153846154 0.28846153846153844 0.2091346153846154 0.15625 0.2091346153846154
14 0.15625 0.20673076923076922 0.24759615384615385 0.20673076923076922 0.24759615384615385 0.25721153846153844 0.15625 0.25721153846153844
14 0.15625 0.25961538461538464 0.2283653846153846 0.25961538461538464 0.2283653846153846 0.31490384615384615 0.15625 0.31490384615384615
14 0.14903846153846154 0.31490384615384615 0.22355769230769232 0.31490384615384615 0.22355769230769232 0.37740384615384615 0.14903846153846154 0.37740384615384615
14 0.14903846153846154 0.36778846153846156 0.22355769230769232 0.36778846153846156 0.22355769230769232 0.42788461538461536 0.14903846153846154 0.42788461538461536
14 0.1466346153846154 0.4230769230769231 0.22596153846153846 0.4230769230769231 0.22596153846153846 0.47596153846153844 0.1466346153846154 0.47596153846153844
14 0.1466346153846154 0.4807692307692308 0.21875 0.4807692307692308 0.21875 0.5336538461538461 0.1466346153846154 0.5336538461538461
14 0.1466346153846154 0.5384615384615384 0.22115384615384615 0.5384615384615384 0.22115384615384615 0.5961538461538461 0.1466346153846154 0.5961538461538461
14 0.14903846153846154 0.59375 0.22115384615384615 0.59375 0.22115384615384615 0.6442307692307693 0.14903846153846154 0.6442307692307693
14 0.14903846153846154 0.6514423076923077 0.21875 0.6514423076923077 0.21875 0.6995192307692307 0.14903846153846154 0.6995192307692307
14 0.7668269230769231 0.7644230769230769 0.8269230769230769 0.7644230769230769 0.8269230769230769 0.8197115384615384 0.7668269230769231 0.8197115384615384
14 0.7644230769230769 0.7091346153846154 0.8269230769230769 0.7091346153846154 0.8269230769230769 0.7644230769230769 0.7644230769230769 0.7644230769230769
14 0.7620192307692307 0.6514423076923077 0.8293269230769231 0.6514423076923077 0.8293269230769231 0.7115384615384616 0.7620192307692307 0.7115384615384616
14 0.7596153846153846 0.59375 0.8341346153846154 0.59375 0.8341346153846154 0.65625 0.7596153846153846 0.65625
14 0.7596153846153846 0.5384615384615384 0.8341346153846154 0.5384615384615384 0.8341346153846154 0.5985576923076923 0.7596153846153846 0.5985576923076923
14 0.7572115384615384 0.4831730769230769 0.8341346153846154 0.4831730769230769 0.8341346153846154 0.5432692307692307 0.7572115384615384 0.5432692307692307
14 0.7596153846153846 0.42788461538461536 0.8317307692307693 0.42788461538461536 0.8317307692307693 0.4879807692307692 0.7596153846153846 0.4879807692307692
14 0.7644230769230769 0.375 0.8269230769230769 0.375 0.8269230769230769 0.43509615384615385 0.7644230769230769 0.43509615384615385
14 0.7668269230769231 0.31971153846153844 0.8269230769230769 0.31971153846153844 0.8269230769230769 0.3798076923076923 0.7668269230769231 0.3798076923076923
14 0.7644230769230769 0.2644230769230769 0.8269230769230769 0.2644230769230769 0.8269230769230769 0.3269230769230769 0.7644230769230769 0.3269230769230769
14 0.7644230769230769 0.2091346153846154 0.8269230769230769 0.2091346153846154 0.8269230769230769 0.27163461538461536 0.7644230769230769 0.27163461538461536
14 0.7644230769230769 0.15384615384615385 0.8269230769230769 0.15384615384615385 0.8269230769230769 0.21875 0.7644230769230769 0.21875
14 0.7668269230769231 0.09615384615384616 0.8269230769230769 0.09615384615384616 0.8269230769230769 0.16346153846153846 0.7668269230769231 0.16346153846153846
14 0.15625 0.04326923076923077 0.3076923076923077 0.04326923076923077 0.3076923076923077 0.09375 0.15625 0.09375
14 0.39663461538461536 0.03125 0.5096153846153846 0.03125 0.5096153846153846 0.0985576923076923 0.39663461538461536 0.0985576923076923
14 0.7620192307692307 0.04567307692307692 0.8245192307692307 0.04567307692307692 0.8245192307692307 0.11298076923076923 0.7620192307692307 0.11298076923076923
14 0.5240384615384616 0.04807692307692308 0.6370192307692307 0.04807692307692308 0.6370192307692307 0.10336538461538461 0.5240384615384616 0.10336538461538461
8 0.6466346153846154 0.35336538461538464 0.6730769230769231 0.35336538461538464 0.6730769230769231 0.37740384615384615 0.6466346153846154 0.37740384615384615
8 0.6442307692307693 0.40865384615384615 0.6730769230769231 0.40865384615384615 0.6730769230769231 0.43028846153846156 0.6442307692307693 0.43028846153846156
8 0.6442307692307693 0.2980769230769231 0.6706730769230769 0.2980769230769231 0.6706730769230769 0.32211538461538464 0.6442307692307693 0.32211538461538464
8 0.6466346153846154 0.46153846153846156 0.6706730769230769 0.46153846153846156 0.6706730769230769 0.4807692307692308 0.6466346153846154 0.4807692307692308
8 0.6418269230769231 0.5144230769230769 0.6658653846153846 0.5144230769230769 0.6658653846153846 0.5408653846153846 0.6418269230769231 0.5408653846153846
23 0.6129807692307693 0.5673076923076923 0.6346153846153846 0.5673076923076923 0.6346153846153846 0.5913461538461539 0.6129807692307693 0.5913461538461539
23 0.6754807692307693 0.6225961538461539 0.7235576923076923 0.6225961538461539 0.7235576923076923 0.6490384615384616 0.6754807692307693 0.6490384615384616
23 0.6875 0.5697115384615384 0.71875 0.5697115384615384 0.71875 0.5889423076923077 0.6875 0.5889423076923077
23 0.6778846153846154 0.5120192307692307 0.7019230769230769 0.5120192307692307 0.7019230769230769 0.53125 0.6778846153846154 0.53125
8 0.6442307692307693 0.7283653846153846 0.6658653846153846 0.7283653846153846 0.6658653846153846 0.7620192307692307 0.6442307692307693 0.7620192307692307
8 0.6466346153846154 0.6225961538461539 0.6682692307692307 0.6225961538461539 0.6682692307692307 0.6490384615384616 0.6466346153846154 0.6490384615384616
8 0.6418269230769231 0.6754807692307693 0.6658653846153846 0.6754807692307693 0.6658653846153846 0.7043269230769231 0.6418269230769231 0.7043269230769231
23 0.6682692307692307 0.8365384615384616 0.75 0.8365384615384616 0.75 0.8725961538461539 0.6682692307692307 0.8725961538461539
23 0.23076923076923078 0.8365384615384616 0.3629807692307692 0.8365384615384616 0.3629807692307692 0.8677884615384616 0.23076923076923078 0.8677884615384616
14 0.3605769230769231 0.8197115384615384 0.42788461538461536 0.8197115384615384 0.42788461538461536 0.8701923076923077 0.3605769230769231 0.8701923076923077
14 0.5408653846153846 0.8197115384615384 0.6538461538461539 0.8197115384615384 0.6538461538461539 0.8701923076923077 0.5408653846153846 0.8701923076923077
8 0.2403846153846154 0.29086538461538464 0.2668269230769231 0.29086538461538464 0.2668269230769231 0.3173076923076923 0.2403846153846154 0.3173076923076923
8 0.23557692307692307 0.34375 0.2644230769230769 0.34375 0.2644230769230769 0.37259615384615385 0.23557692307692307 0.37259615384615385
8 0.23557692307692307 0.40384615384615385 0.2692307692307692 0.40384615384615385 0.2692307692307692 0.42788461538461536 0.23557692307692307 0.42788461538461536
8 0.23076923076923078 0.4567307692307692 0.2764423076923077 0.4567307692307692 0.2764423076923077 0.4831730769230769 0.23076923076923078 0.4831730769230769
8 0.23076923076923078 0.5072115384615384 0.2860576923076923 0.5072115384615384 0.2860576923076923 0.5384615384615384 0.23076923076923078 0.5384615384615384
8 0.2620192307692308 0.5649038461538461 0.2956730769230769 0.5649038461538461 0.2956730769230769 0.59375 0.2620192307692308 0.59375
8 0.2644230769230769 0.6177884615384616 0.3004807692307692 0.6177884615384616 0.3004807692307692 0.6466346153846154 0.2644230769230769 0.6466346153846154
0 0.28846153846153844 0.11778846153846154 0.4182692307692308 0.11778846153846154 0.4182692307692308 0.14423076923076922 0.28846153846153844 0.14423076923076922
0 0.2644230769230769 0.17307692307692307 0.40625 0.17307692307692307 0.40625 0.19951923076923078 0.2644230769230769 0.19951923076923078
0 0.2403846153846154 0.2283653846153846 0.4014423076923077 0.2283653846153846 0.4014423076923077 0.2548076923076923 0.2403846153846154 0.2548076923076923
0 0.21394230769230768 0.28365384615384615 0.38221153846153844 0.28365384615384615 0.38221153846153844 0.3125 0.21394230769230768 0.3125
0 0.2091346153846154 0.34134615384615385 0.37740384615384615 0.34134615384615385 0.37740384615384615 0.36778846153846156 0.2091346153846154 0.36778846153846156
0 0.21153846153846154 0.39663461538461536 0.3798076923076923 0.39663461538461536 0.3798076923076923 0.4206730769230769 0.21153846153846154 0.4206730769230769
0 0.21875 0.4519230769230769 0.37740384615384615 0.4519230769230769 0.37740384615384615 0.47836538461538464 0.21875 0.47836538461538464
0 0.21394230769230768 0.5096153846153846 0.375 0.5096153846153846 0.375 0.53125 0.21394230769230768 0.53125
0 0.20432692307692307 0.5625 0.375 0.5625 0.375 0.5889423076923077 0.20432692307692307 0.5889423076923077
0 0.19951923076923078 0.6201923076923077 0.375 0.6201923076923077 0.375 0.6442307692307693 0.19951923076923078 0.6442307692307693
0 0.21394230769230768 0.6802884615384616 0.3629807692307692 0.6802884615384616 0.3629807692307692 0.6995192307692307 0.21394230769230768 0.6995192307692307
14 0.5408653846153846 0.6538461538461539 0.6298076923076923 0.6538461538461539 0.6298076923076923 0.7043269230769231 0.5408653846153846 0.7043269230769231
0 0.6610576923076923 0.12259615384615384 0.7764423076923077 0.12259615384615384 0.7764423076923077 0.15625 0.6610576923076923 0.15625
0 0.6586538461538461 0.1778846153846154 0.7764423076923077 0.1778846153846154 0.7764423076923077 0.20432692307692307 0.6586538461538461 0.20432692307692307
0 0.6634615384615384 0.23317307692307693 0.7740384615384616 0.23317307692307693 0.7740384615384616 0.25961538461538464 0.6634615384615384 0.25961538461538464
0 0.65625 0.28846153846153844 0.7716346153846154 0.28846153846153844 0.7716346153846154 0.3125 0.65625 0.3125
0 0.65625 0.34375 0.7692307692307693 0.34375 0.7692307692307693 0.3701923076923077 0.65625 0.3701923076923077
0 0.6490384615384616 0.4014423076923077 0.7668269230769231 0.4014423076923077 0.7668269230769231 0.4230769230769231 0.6490384615384616 0.4230769230769231
0 0.6442307692307693 0.4567307692307692 0.7644230769230769 0.4567307692307692 0.7644230769230769 0.47836538461538464 0.6442307692307693 0.47836538461538464
0 0.6394230769230769 0.5120192307692307 0.7644230769230769 0.5120192307692307 0.7644230769230769 0.5336538461538461 0.6394230769230769 0.5336538461538461
0 0.6346153846153846 0.5673076923076923 0.7668269230769231 0.5673076923076923 0.7668269230769231 0.5913461538461539 0.6346153846153846 0.5913461538461539
0 0.6298076923076923 0.625 0.7692307692307693 0.625 0.7692307692307693 0.6466346153846154 0.6298076923076923 0.6466346153846154
0 0.6322115384615384 0.6802884615384616 0.7716346153846154 0.6802884615384616 0.7716346153846154 0.7043269230769231 0.6322115384615384 0.7043269230769231
0 0.6466346153846154 0.7932692307692307 0.7740384615384616 0.7932692307692307 0.7740384615384616 0.8173076923076923 0.6466346153846154 0.8173076923076923
0 0.6442307692307693 0.7379807692307693 0.7716346153846154 0.7379807692307693 0.7716346153846154 0.7596153846153846 0.6442307692307693 0.7596153846153846
0 0.6490384615384616 0.8533653846153846 0.7764423076923077 0.8533653846153846 0.7764423076923077 0.8725961538461539 0.6490384615384616 0.8725961538461539
8 0.6947115384615384 0.9591346153846154 0.7475961538461539 0.9591346153846154 0.7475961538461539 0.9975961538461539 0.6947115384615384 0.9975961538461539
14 0.4326923076923077 0.9495192307692307 0.5480769230769231 0.9495192307692307 0.5480769230769231 0.9975961538461539 0.4326923076923077 0.9975961538461539
23 0.6634615384615384 0.9591346153846154 0.6923076923076923 0.9591346153846154 0.6923076923076923 0.9951923076923077 0.6634615384615384 0.9951923076923077
23 0.7451923076923077 0.9591346153846154 0.7764423076923077 0.9591346153846154 0.7764423076923077 0.9951923076923077 0.7451923076923077 0.9951923076923077
2 0.11778846153846154 0.014423076923076924 0.8461538461538461 0.014423076923076924 0.8461538461538461 0.9975961538461539 0.11778846153846154 0.9975961538461539
10 0.1201923076923077 0.016826923076923076 0.8461538461538461 0.016826923076923076 0.8461538461538461 1 0.1201923076923077 1
23 0.44471153846153844 0.6201923076923077 0.4807692307692308 0.6201923076923077 0.4807692307692308 0.6538461538461539 0.44471153846153844 0.6538461538461539
23 0.4230769230769231 0.7259615384615384 0.46153846153846156 0.7259615384615384 0.46153846153846156 0.7596153846153846 0.4230769230769231 0.7596153846153846
23 0.4230769230769231 0.78125 0.47836538461538464 0.78125 0.47836538461538464 0.8149038461538461 0.4230769230769231 0.8149038461538461
23 0.6730769230769231 0.7283653846153846 0.7475961538461539 0.7283653846153846 0.7475961538461539 0.7572115384615384 0.6730769230769231 0.7572115384615384
23 0.5072115384615384 0.35096153846153844 0.5432692307692307 0.35096153846153844 0.5432692307692307 0.3798076923076923 0.5072115384615384 0.3798076923076923
23 0.5024038461538461 0.2956730769230769 0.5408653846153846 0.2956730769230769 0.5408653846153846 0.3269230769230769 0.5024038461538461 0.3269230769230769
23 0.5048076923076923 0.2403846153846154 0.5384615384615384 0.2403846153846154 0.5384615384615384 0.27163461538461536 0.5048076923076923 0.27163461538461536
23 0.5048076923076923 0.19471153846153846 0.5384615384615384 0.19471153846153846 0.5384615384615384 0.22115384615384615 0.5048076923076923 0.22115384615384615
23 0.5072115384615384 0.13942307692307693 0.5408653846153846 0.13942307692307693 0.5408653846153846 0.1658653846153846 0.5072115384615384 0.1658653846153846
23 0.23076923076923078 0.6706730769230769 0.33653846153846156 0.6706730769230769 0.33653846153846156 0.6995192307692307 0.23076923076923078 0.6995192307692307
23 0.6129807692307693 0.6225961538461539 0.6442307692307693 0.6225961538461539 0.6442307692307693 0.6490384615384616 0.6129807692307693 0.6490384615384616
23 0.6129807692307693 0.6730769230769231 0.6370192307692307 0.6730769230769231 0.6370192307692307 0.7019230769230769 0.6129807692307693 0.7019230769230769
23 0.6730769230769231 0.6730769230769231 0.75 0.6730769230769231 0.75 0.6995192307692307 0.6730769230769231 0.6995192307692307
23 0.6418269230769231 0.78125 0.7475961538461539 0.78125 0.7475961538461539 0.8149038461538461 0.6418269230769231 0.8149038461538461
23 0.5048076923076923 0.8365384615384616 0.5384615384615384 0.8365384615384616 0.5384615384615384 0.8677884615384616 0.5048076923076923 0.8677884615384616
23 0.4326923076923077 0.8918269230769231 0.5456730769230769 0.8918269230769231 0.5456730769230769 0.9230769230769231 0.4326923076923077 0.9230769230769231
23 0.6466346153846154 0.8918269230769231 0.7692307692307693 0.8918269230769231 0.7692307692307693 0.9254807692307693 0.6466346153846154 0.9254807692307693
23 0.6129807692307693 0.5120192307692307 0.6370192307692307 0.5120192307692307 0.6370192307692307 0.5432692307692307 0.6129807692307693 0.5432692307692307
23 0.6153846153846154 0.45913461538461536 0.6418269230769231 0.45913461538461536 0.6418269230769231 0.49038461538461536 0.6153846153846154 0.49038461538461536
23 0.6129807692307693 0.40384615384615385 0.6394230769230769 0.40384615384615385 0.6394230769230769 0.43509615384615385 0.6129807692307693 0.43509615384615385
23 0.6129807692307693 0.35096153846153844 0.6394230769230769 0.35096153846153844 0.6394230769230769 0.38221153846153844 0.6129807692307693 0.38221153846153844
23 0.6153846153846154 0.2980769230769231 0.6418269230769231 0.2980769230769231 0.6418269230769231 0.3293269230769231 0.6153846153846154 0.3293269230769231
23 0.6153846153846154 0.24519230769230768 0.6418269230769231 0.24519230769230768 0.6418269230769231 0.27403846153846156 0.6153846153846154 0.27403846153846156
23 0.6442307692307693 0.1346153846153846 0.6682692307692307 0.1346153846153846 0.6682692307692307 0.15384615384615385 0.6442307692307693 0.15384615384615385
23 0.4423076923076923 0.5649038461538461 0.47596153846153844 0.5649038461538461 0.47596153846153844 0.5985576923076923 0.4423076923076923 0.5985576923076923
23 0.4423076923076923 0.5120192307692307 0.47836538461538464 0.5120192307692307 0.47836538461538464 0.5408653846153846 0.4423076923076923 0.5408653846153846
23 0.4423076923076923 0.4519230769230769 0.4807692307692308 0.4519230769230769 0.4807692307692308 0.49038461538461536 0.4423076923076923 0.49038461538461536
23 0.5240384615384616 0.6754807692307693 0.5528846153846154 0.6754807692307693 0.5528846153846154 0.7043269230769231 0.5240384615384616 0.7043269230769231
14 0.39663461538461536 0.08653846153846154 0.5120192307692307 0.08653846153846154 0.5120192307692307 0.15384615384615385 0.39663461538461536 0.15384615384615385
14 0.39663461538461536 0.14423076923076922 0.5048076923076923 0.14423076923076922 0.5048076923076923 0.20673076923076922 0.39663461538461536 0.20673076923076922
14 0.39663461538461536 0.19951923076923078 0.5072115384615384 0.19951923076923078 0.5072115384615384 0.2620192307692308 0.39663461538461536 0.2620192307692308
14 0.39663461538461536 0.2548076923076923 0.5072115384615384 0.2548076923076923 0.5072115384615384 0.31971153846153844 0.39663461538461536 0.31971153846153844
14 0.38221153846153844 0.36778846153846156 0.4855769230769231 0.36778846153846156 0.4855769230769231 0.42788461538461536 0.38221153846153844 0.42788461538461536
14 0.3894230769230769 0.31009615384615385 0.5048076923076923 0.31009615384615385 0.5048076923076923 0.37259615384615385 0.3894230769230769 0.37259615384615385
14 0.36538461538461536 0.4230769230769231 0.4639423076923077 0.4230769230769231 0.4639423076923077 0.4831730769230769 0.36538461538461536 0.4831730769230769
14 0.34375 0.47836538461538464 0.44471153846153844 0.47836538461538464 0.44471153846153844 0.5360576923076923 0.34375 0.5360576923076923
14 0.33413461538461536 0.5336538461538461 0.4423076923076923 0.5336538461538461 0.4423076923076923 0.59375 0.33413461538461536 0.59375
14 0.34134615384615385 0.5889423076923077 0.4639423076923077 0.5889423076923077 0.4639423076923077 0.6490384615384616 0.34134615384615385 0.6490384615384616
23 0.4254807692307692 0.6730769230769231 0.46153846153846156 0.6730769230769231 0.46153846153846156 0.7067307692307693 0.4254807692307692 0.7067307692307693
14 0.34375 0.6466346153846154 0.41586538461538464 0.6466346153846154 0.41586538461538464 0.7043269230769231 0.34375 0.7043269230769231
14 0.3485576923076923 0.7067307692307693 0.41346153846153844 0.7067307692307693 0.41346153846153844 0.7572115384615384 0.3485576923076923 0.7572115384615384
14 0.5024038461538461 0.7620192307692307 0.6394230769230769 0.7620192307692307 0.6394230769230769 0.8149038461538461 0.5024038461538461 0.8149038461538461
14 0.47836538461538464 0.7067307692307693 0.6346153846153846 0.7067307692307693 0.6346153846153846 0.7620192307692307 0.47836538461538464 0.7620192307692307
14 0.43990384615384615 0.6538461538461539 0.5240384615384616 0.6538461538461539 0.5240384615384616 0.7043269230769231 0.43990384615384615 0.7043269230769231
14 0.4951923076923077 0.5985576923076923 0.6225961538461539 0.5985576923076923 0.6225961538461539 0.6490384615384616 0.4951923076923077 0.6490384615384616
14 0.46153846153846156 0.5432692307692307 0.6177884615384616 0.5432692307692307 0.6177884615384616 0.59375 0.46153846153846156 0.59375
14 0.47596153846153844 0.4855769230769231 0.6105769230769231 0.4855769230769231 0.6105769230769231 0.5408653846153846 0.47596153846153844 0.5408653846153846
14 0.49038461538461536 0.4326923076923077 0.6081730769230769 0.4326923076923077 0.6081730769230769 0.4831730769230769 0.49038461538461536 0.4831730769230769
14 0.5048076923076923 0.37259615384615385 0.6105769230769231 0.37259615384615385 0.6105769230769231 0.4326923076923077 0.5048076923076923 0.4326923076923077
14 0.5192307692307693 0.3173076923076923 0.6177884615384616 0.3173076923076923 0.6177884615384616 0.375 0.5192307692307693 0.375
14 0.5240384615384616 0.2620192307692308 0.6201923076923077 0.2620192307692308 0.6201923076923077 0.31971153846153844 0.5240384615384616 0.31971153846153844
14 0.5240384615384616 0.2091346153846154 0.6298076923076923 0.2091346153846154 0.6298076923076923 0.2668269230769231 0.5240384615384616 0.2668269230769231
14 0.5264423076923077 0.15625 0.6370192307692307 0.15625 0.6370192307692307 0.21153846153846154 0.5264423076923077 0.21153846153846154
14 0.5240384615384616 0.10336538461538461 0.6370192307692307 0.10336538461538461 0.6370192307692307 0.15625 0.5240384615384616 0.15625
14 0.15625 0.09615384615384616 0.30288461538461536 0.09615384615384616 0.30288461538461536 0.14903846153846154 0.15625 0.14903846153846154
14 0.15625 0.14903846153846154 0.28846153846153844 0.14903846153846154 0.28846153846153844 0.2091346153846154 0.15625 0.2091346153846154
14 0.15625 0.20673076923076922 0.24759615384615385 0.20673076923076922 0.24759615384615385 0.25721153846153844 0.15625 0.25721153846153844
14 0.15625 0.25961538461538464 0.2283653846153846 0.25961538461538464 0.2283653846153846 0.31490384615384615 0.15625 0.31490384615384615
14 0.14903846153846154 0.31490384615384615 0.22355769230769232 0.31490384615384615 0.22355769230769232 0.37740384615384615 0.14903846153846154 0.37740384615384615
14 0.14903846153846154 0.36778846153846156 0.22355769230769232 0.36778846153846156 0.22355769230769232 0.42788461538461536 0.14903846153846154 0.42788461538461536
14 0.1466346153846154 0.4230769230769231 0.22596153846153846 0.4230769230769231 0.22596153846153846 0.47596153846153844 0.1466346153846154 0.47596153846153844
14 0.1466346153846154 0.4807692307692308 0.21875 0.4807692307692308 0.21875 0.5336538461538461 0.1466346153846154 0.5336538461538461
14 0.1466346153846154 0.5384615384615384 0.22115384615384615 0.5384615384615384 0.22115384615384615 0.5961538461538461 0.1466346153846154 0.5961538461538461
14 0.14903846153846154 0.59375 0.22115384615384615 0.59375 0.22115384615384615 0.6442307692307693 0.14903846153846154 0.6442307692307693
14 0.14903846153846154 0.6514423076923077 0.21875 0.6514423076923077 0.21875 0.6995192307692307 0.14903846153846154 0.6995192307692307
14 0.7668269230769231 0.7644230769230769 0.8269230769230769 0.7644230769230769 0.8269230769230769 0.8197115384615384 0.7668269230769231 0.8197115384615384
14 0.7644230769230769 0.7091346153846154 0.8269230769230769 0.7091346153846154 0.8269230769230769 0.7644230769230769 0.7644230769230769 0.7644230769230769
14 0.7620192307692307 0.6514423076923077 0.8293269230769231 0.6514423076923077 0.8293269230769231 0.7115384615384616 0.7620192307692307 0.7115384615384616
14 0.7596153846153846 0.59375 0.8341346153846154 0.59375 0.8341346153846154 0.65625 0.7596153846153846 0.65625
14 0.7596153846153846 0.5384615384615384 0.8341346153846154 0.5384615384615384 0.8341346153846154 0.5985576923076923 0.7596153846153846 0.5985576923076923
14 0.7572115384615384 0.4831730769230769 0.8341346153846154 0.4831730769230769 0.8341346153846154 0.5432692307692307 0.7572115384615384 0.5432692307692307
14 0.7596153846153846 0.42788461538461536 0.8317307692307693 0.42788461538461536 0.8317307692307693 0.4879807692307692 0.7596153846153846 0.4879807692307692
14 0.7644230769230769 0.375 0.8269230769230769 0.375 0.8269230769230769 0.43509615384615385 0.7644230769230769 0.43509615384615385
14 0.7668269230769231 0.31971153846153844 0.8269230769230769 0.31971153846153844 0.8269230769230769 0.3798076923076923 0.7668269230769231 0.3798076923076923
14 0.7644230769230769 0.2644230769230769 0.8269230769230769 0.2644230769230769 0.8269230769230769 0.3269230769230769 0.7644230769230769 0.3269230769230769
14 0.7644230769230769 0.2091346153846154 0.8269230769230769 0.2091346153846154 0.8269230769230769 0.27163461538461536 0.7644230769230769 0.27163461538461536
14 0.7644230769230769 0.15384615384615385 0.8269230769230769 0.15384615384615385 0.8269230769230769 0.21875 0.7644230769230769 0.21875
14 0.7668269230769231 0.09615384615384616 0.8269230769230769 0.09615384615384616 0.8269230769230769 0.16346153846153846 0.7668269230769231 0.16346153846153846
14 0.15625 0.04326923076923077 0.3076923076923077 0.04326923076923077 0.3076923076923077 0.09375 0.15625 0.09375
14 0.39663461538461536 0.03125 0.5096153846153846 0.03125 0.5096153846153846 0.0985576923076923 0.39663461538461536 0.0985576923076923
14 0.7620192307692307 0.04567307692307692 0.8245192307692307 0.04567307692307692 0.8245192307692307 0.11298076923076923 0.7620192307692307 0.11298076923076923
14 0.5240384615384616 0.04807692307692308 0.6370192307692307 0.04807692307692308 0.6370192307692307 0.10336538461538461 0.5240384615384616 0.10336538461538461
8 0.6466346153846154 0.35336538461538464 0.6730769230769231 0.35336538461538464 0.6730769230769231 0.37740384615384615 0.6466346153846154 0.37740384615384615
8 0.6442307692307693 0.40865384615384615 0.6730769230769231 0.40865384615384615 0.6730769230769231 0.43028846153846156 0.6442307692307693 0.43028846153846156
8 0.6442307692307693 0.2980769230769231 0.6706730769230769 0.2980769230769231 0.6706730769230769 0.32211538461538464 0.6442307692307693 0.32211538461538464
8 0.6466346153846154 0.46153846153846156 0.6706730769230769 0.46153846153846156 0.6706730769230769 0.4807692307692308 0.6466346153846154 0.4807692307692308
8 0.6418269230769231 0.5144230769230769 0.6658653846153846 0.5144230769230769 0.6658653846153846 0.5408653846153846 0.6418269230769231 0.5408653846153846
23 0.6129807692307693 0.5673076923076923 0.6346153846153846 0.5673076923076923 0.6346153846153846 0.5913461538461539 0.6129807692307693 0.5913461538461539
23 0.6754807692307693 0.6225961538461539 0.7235576923076923 0.6225961538461539 0.7235576923076923 0.6490384615384616 0.6754807692307693 0.6490384615384616
23 0.6875 0.5697115384615384 0.71875 0.5697115384615384 0.71875 0.5889423076923077 0.6875 0.5889423076923077
23 0.6778846153846154 0.5120192307692307 0.7019230769230769 0.5120192307692307 0.7019230769230769 0.53125 0.6778846153846154 0.53125
8 0.6442307692307693 0.7283653846153846 0.6658653846153846 0.7283653846153846 0.6658653846153846 0.7620192307692307 0.6442307692307693 0.7620192307692307
8 0.6466346153846154 0.6225961538461539 0.6682692307692307 0.6225961538461539 0.6682692307692307 0.6490384615384616 0.6466346153846154 0.6490384615384616
8 0.6418269230769231 0.6754807692307693 0.6658653846153846 0.6754807692307693 0.6658653846153846 0.7043269230769231 0.6418269230769231 0.7043269230769231
23 0.6682692307692307 0.8365384615384616 0.75 0.8365384615384616 0.75 0.8725961538461539 0.6682692307692307 0.8725961538461539
23 0.23076923076923078 0.8365384615384616 0.3629807692307692 0.8365384615384616 0.3629807692307692 0.8677884615384616 0.23076923076923078 0.8677884615384616
14 0.3605769230769231 0.8197115384615384 0.42788461538461536 0.8197115384615384 0.42788461538461536 0.8701923076923077 0.3605769230769231 0.8701923076923077
14 0.5408653846153846 0.8197115384615384 0.6538461538461539 0.8197115384615384 0.6538461538461539 0.8701923076923077 0.5408653846153846 0.8701923076923077
8 0.2403846153846154 0.29086538461538464 0.2668269230769231 0.29086538461538464 0.2668269230769231 0.3173076923076923 0.2403846153846154 0.3173076923076923
8 0.23557692307692307 0.34375 0.2644230769230769 0.34375 0.2644230769230769 0.37259615384615385 0.23557692307692307 0.37259615384615385
8 0.23557692307692307 0.40384615384615385 0.2692307692307692 0.40384615384615385 0.2692307692307692 0.42788461538461536 0.23557692307692307 0.42788461538461536
8 0.23076923076923078 0.4567307692307692 0.2764423076923077 0.4567307692307692 0.2764423076923077 0.4831730769230769 0.23076923076923078 0.4831730769230769
8 0.23076923076923078 0.5072115384615384 0.2860576923076923 0.5072115384615384 0.2860576923076923 0.5384615384615384 0.23076923076923078 0.5384615384615384
8 0.2620192307692308 0.5649038461538461 0.2956730769230769 0.5649038461538461 0.2956730769230769 0.59375 0.2620192307692308 0.59375
8 0.2644230769230769 0.6177884615384616 0.3004807692307692 0.6177884615384616 0.3004807692307692 0.6466346153846154 0.2644230769230769 0.6466346153846154
0 0.28846153846153844 0.11778846153846154 0.4182692307692308 0.11778846153846154 0.4182692307692308 0.14423076923076922 0.28846153846153844 0.14423076923076922
0 0.2644230769230769 0.17307692307692307 0.40625 0.17307692307692307 0.40625 0.19951923076923078 0.2644230769230769 0.19951923076923078
0 0.2403846153846154 0.2283653846153846 0.4014423076923077 0.2283653846153846 0.4014423076923077 0.2548076923076923 0.2403846153846154 0.2548076923076923
0 0.21394230769230768 0.28365384615384615 0.38221153846153844 0.28365384615384615 0.38221153846153844 0.3125 0.21394230769230768 0.3125
0 0.2091346153846154 0.34134615384615385 0.37740384615384615 0.34134615384615385 0.37740384615384615 0.36778846153846156 0.2091346153846154 0.36778846153846156
0 0.21153846153846154 0.39663461538461536 0.3798076923076923 0.39663461538461536 0.3798076923076923 0.4206730769230769 0.21153846153846154 0.4206730769230769
0 0.21875 0.4519230769230769 0.37740384615384615 0.4519230769230769 0.37740384615384615 0.47836538461538464 0.21875 0.47836538461538464
0 0.21394230769230768 0.5096153846153846 0.375 0.5096153846153846 0.375 0.53125 0.21394230769230768 0.53125
0 0.20432692307692307 0.5625 0.375 0.5625 0.375 0.5889423076923077 0.20432692307692307 0.5889423076923077
0 0.19951923076923078 0.6201923076923077 0.375 0.6201923076923077 0.375 0.6442307692307693 0.19951923076923078 0.6442307692307693
0 0.21394230769230768 0.6802884615384616 0.3629807692307692 0.6802884615384616 0.3629807692307692 0.6995192307692307 0.21394230769230768 0.6995192307692307
14 0.5408653846153846 0.6538461538461539 0.6298076923076923 0.6538461538461539 0.6298076923076923 0.7043269230769231 0.5408653846153846 0.7043269230769231
0 0.6610576923076923 0.12259615384615384 0.7764423076923077 0.12259615384615384 0.7764423076923077 0.15625 0.6610576923076923 0.15625
0 0.6586538461538461 0.1778846153846154 0.7764423076923077 0.1778846153846154 0.7764423076923077 0.20432692307692307 0.6586538461538461 0.20432692307692307
0 0.6634615384615384 0.23317307692307693 0.7740384615384616 0.23317307692307693 0.7740384615384616 0.25961538461538464 0.6634615384615384 0.25961538461538464
0 0.65625 0.28846153846153844 0.7716346153846154 0.28846153846153844 0.7716346153846154 0.3125 0.65625 0.3125
0 0.65625 0.34375 0.7692307692307693 0.34375 0.7692307692307693 0.3701923076923077 0.65625 0.3701923076923077
0 0.6490384615384616 0.4014423076923077 0.7668269230769231 0.4014423076923077 0.7668269230769231 0.4230769230769231 0.6490384615384616 0.4230769230769231
0 0.6442307692307693 0.4567307692307692 0.7644230769230769 0.4567307692307692 0.7644230769230769 0.47836538461538464 0.6442307692307693 0.47836538461538464
0 0.6394230769230769 0.5120192307692307 0.7644230769230769 0.5120192307692307 0.7644230769230769 0.5336538461538461 0.6394230769230769 0.5336538461538461
0 0.6346153846153846 0.5673076923076923 0.7668269230769231 0.5673076923076923 0.7668269230769231 0.5913461538461539 0.6346153846153846 0.5913461538461539
0 0.6298076923076923 0.625 0.7692307692307693 0.625 0.7692307692307693 0.6466346153846154 0.6298076923076923 0.6466346153846154
0 0.6322115384615384 0.6802884615384616 0.7716346153846154 0.6802884615384616 0.7716346153846154 0.7043269230769231 0.6322115384615384 0.7043269230769231
0 0.6466346153846154 0.7932692307692307 0.7740384615384616 0.7932692307692307 0.7740384615384616 0.8173076923076923 0.6466346153846154 0.8173076923076923
0 0.6442307692307693 0.7379807692307693 0.7716346153846154 0.7379807692307693 0.7716346153846154 0.7596153846153846 0.6442307692307693 0.7596153846153846
0 0.6490384615384616 0.8533653846153846 0.7764423076923077 0.8533653846153846 0.7764423076923077 0.8725961538461539 0.6490384615384616 0.8725961538461539
8 0.6947115384615384 0.9591346153846154 0.7475961538461539 0.9591346153846154 0.7475961538461539 0.9975961538461539 0.6947115384615384 0.9975961538461539
14 0.4326923076923077 0.9495192307692307 0.5480769230769231 0.9495192307692307 0.5480769230769231 0.9975961538461539 0.4326923076923077 0.9975961538461539
23 0.6634615384615384 0.9591346153846154 0.6923076923076923 0.9591346153846154 0.6923076923076923 0.9951923076923077 0.6634615384615384 0.9951923076923077
23 0.7451923076923077 0.9591346153846154 0.7764423076923077 0.9591346153846154 0.7764423076923077 0.9951923076923077 0.7451923076923077 0.9951923076923077
2 0.11778846153846154 0.014423076923076924 0.8461538461538461 0.014423076923076924 0.8461538461538461 0.9975961538461539 0.11778846153846154 0.9975961538461539
10 0.1201923076923077 0.016826923076923076 0.8461538461538461 0.016826923076923076 0.8461538461538461 1 0.1201923076923077 1