23 0.5072115384615384 0.5985576923076923 0.5625 0.5985576923076923 0.5625 0.8413461538461539 0.5072115384615384 0.8413461538461539
23 0.40384615384615385 0.5985576923076923 0.45913461538461536 0.5985576923076923 0.45913461538461536 0.8413461538461539 0.40384615384615385 0.8413461538461539
8 0.7524038461538461 0.6225961538461539 0.7980769230769231 0.6225961538461539 0.7980769230769231 0.8221153846153846 0.7524038461538461 0.8221153846153846
23 0.19471153846153846 0.6274038461538461 0.24278846153846154 0.6274038461538461 0.24278846153846154 0.8293269230769231 0.19471153846153846 0.8293269230769231
23 0.3389423076923077 0.6057692307692307 0.3605769230769231 0.6057692307692307 0.3605769230769231 0.8317307692307693 0.3389423076923077 0.8317307692307693
23 0.6033653846153846 0.5985576923076923 0.625 0.5985576923076923 0.625 0.8245192307692307 0.6033653846153846 0.8245192307692307
23 0.6634615384615384 0.6225961538461539 0.7115384615384616 0.6225961538461539 0.7115384615384616 0.8197115384615384 0.6634615384615384 0.8197115384615384
23 0.14423076923076922 0.6298076923076923 0.16105769230769232 0.6298076923076923 0.16105769230769232 0.8221153846153846 0.14423076923076922 0.8221153846153846
17 0.8942307692307693 0.6033653846153846 0.9182692307692307 0.6033653846153846 0.9182692307692307 0.8389423076923077 0.8942307692307693 0.8389423076923077
17 0.9230769230769231 0.6105769230769231 0.9350961538461539 0.6105769230769231 0.9350961538461539 0.8269230769230769 0.9230769230769231 0.8269230769230769
17 0.7451923076923077 0.6057692307692307 0.7644230769230769 0.6057692307692307 0.7644230769230769 0.8389423076923077 0.7451923076923077 0.8389423076923077
17 0.7043269230769231 0.59375 0.7331730769230769 0.59375 0.7331730769230769 0.8509615384615384 0.7043269230769231 0.8509615384615384
17 0.5889423076923077 0.5841346153846154 0.6875 0.5841346153846154 0.6875 0.8677884615384616 0.5889423076923077 0.8677884615384616
17 0.2668269230769231 0.59375 0.34375 0.59375 0.34375 0.875 0.2668269230769231 0.875
17 0.21875 0.6009615384615384 0.25 0.6009615384615384 0.25 0.8605769230769231 0.21875 0.8605769230769231
17 0.057692307692307696 0.6201923076923077 0.08173076923076923 0.6201923076923077 0.08173076923076923 0.8557692307692307 0.057692307692307696 0.8557692307692307
2 0.016826923076923076 0.3245192307692308 0.9543269230769231 0.3245192307692308 0.9543269230769231 0.8774038461538461 0.016826923076923076 0.8774038461538461
19 0.016826923076923076 0.3245192307692308 0.9543269230769231 0.3245192307692308 0.9543269230769231 0.6201923076923077 0.016826923076923076 0.6201923076923077
10 0.13701923076923078 0.5769230769230769 0.8629807692307693 0.5769230769230769 0.8629807692307693 0.8533653846153846 0.13701923076923078 0.8533653846153846
23 0.8341346153846154 0.6225961538461539 0.8533653846153846 0.6225961538461539 0.8533653846153846 0.8125 0.8341346153846154 0.8125
7 0.8341346153846154 0.7451923076923077 0.8653846153846154 0.7451923076923077 0.8653846153846154 0.8221153846153846 0.8341346153846154 0.8221153846153846
9 0.2764423076923077 0.6322115384615384 0.31009615384615385 0.6322115384615384 0.31009615384615385 0.8389423076923077 0.2764423076923077 0.8389423076923077
15 0.13701923076923078 0.5769230769230769 0.8629807692307693 0.5769230769230769 0.8629807692307693 0.8533653846153846 0.13701923076923078 0.8533653846153846