23 0.6081730769230769 0.3245192307692308 0.7067307692307693 0.3245192307692308 0.7067307692307693 0.43028846153846156 0.6081730769230769 0.43028846153846156
23 0.5048076923076923 0.3245192307692308 0.5961538461538461 0.3245192307692308 0.5961538461538461 0.43028846153846156 0.5048076923076923 0.43028846153846156
23 0.5504807692307693 0.29086538461538464 0.6610576923076923 0.29086538461538464 0.6610576923076923 0.31490384615384615 0.5504807692307693 0.31490384615384615
8 0.4639423076923077 0.5216346153846154 0.7283653846153846 0.5216346153846154 0.7283653846153846 0.6802884615384616 0.4639423076923077 0.6802884615384616
9 0.3581730769230769 0.5024038461538461 0.8629807692307693 0.5024038461538461 0.8629807692307693 0.6971153846153846 0.3581730769230769 0.6971153846153846
12 0.35096153846153844 0.44711538461538464 0.8701923076923077 0.44711538461538464 0.8701923076923077 0.4567307692307692 0.35096153846153844 0.4567307692307692
15 0.35096153846153844 0.4567307692307692 0.8701923076923077 0.4567307692307692 0.8701923076923077 0.6971153846153846 0.35096153846153844 0.6971153846153846
22 0.35096153846153844 0.23076923076923078 0.8701923076923077 0.23076923076923078 0.8701923076923077 0.4495192307692308 0.35096153846153844 0.4495192307692308
2 0.19230769230769232 0.16826923076923078 1 0.16826923076923078 1 0.6971153846153846 0.19230769230769232 0.6971153846153846
19 0.19230769230769232 0.16826923076923078 1 0.16826923076923078 1 0.5625 0.19230769230769232 0.5625
10 0.4543269230769231 0.31971153846153844 0.78125 0.31971153846153844 0.78125 0.6971153846153846 0.4543269230769231 0.6971153846153846
7 0.2091346153846154 0.5913461538461539 0.39663461538461536 0.5913461538461539 0.39663461538461536 0.8052884615384616 0.2091346153846154 0.8052884615384616