23 0.8245192307692307 0.38461538461538464 0.8653846153846154 0.38461538461538464 0.8653846153846154 0.46153846153846156 0.8245192307692307 0.46153846153846156
23 0.18509615384615385 0.37740384615384615 0.22596153846153846 0.37740384615384615 0.22596153846153846 0.4543269230769231 0.18509615384615385 0.4543269230769231
23 0.28365384615384615 0.37740384615384615 0.3269230769230769 0.37740384615384615 0.3269230769230769 0.4543269230769231 0.28365384615384615 0.4543269230769231
23 0.38221153846153844 0.37740384615384615 0.4230769230769231 0.37740384615384615 0.4230769230769231 0.4543269230769231 0.38221153846153844 0.4543269230769231
23 0.6370192307692307 0.38221153846153844 0.6778846153846154 0.38221153846153844 0.6778846153846154 0.46153846153846156 0.6370192307692307 0.46153846153846156
23 0.7307692307692307 0.38221153846153844 0.7740384615384616 0.38221153846153844 0.7740384615384616 0.46153846153846156 0.7307692307692307 0.46153846153846156
23 0.47596153846153844 0.5360576923076923 0.49278846153846156 0.5360576923076923 0.49278846153846156 0.5793269230769231 0.47596153846153844 0.5793269230769231
23 0.18990384615384615 0.5216346153846154 0.22355769230769232 0.5216346153846154 0.22355769230769232 0.5745192307692307 0.18990384615384615 0.5745192307692307
23 0.2860576923076923 0.5240384615384616 0.31971153846153844 0.5240384615384616 0.31971153846153844 0.5793269230769231 0.2860576923076923 0.5793269230769231
23 0.38221153846153844 0.5240384615384616 0.41586538461538464 0.5240384615384616 0.41586538461538464 0.5793269230769231 0.38221153846153844 0.5793269230769231
23 0.18990384615384615 0.6514423076923077 0.22115384615384615 0.6514423076923077 0.22115384615384615 0.71875 0.18990384615384615 0.71875
23 0.5576923076923077 0.5360576923076923 0.5745192307692307 0.5360576923076923 0.5745192307692307 0.5793269230769231 0.5576923076923077 0.5793269230769231
23 0.5096153846153846 0.5360576923076923 0.5432692307692307 0.5360576923076923 0.5432692307692307 0.5793269230769231 0.5096153846153846 0.5793269230769231
23 0.6346153846153846 0.5384615384615384 0.6682692307692307 0.5384615384615384 0.6682692307692307 0.5817307692307693 0.6346153846153846 0.5817307692307693
23 0.7259615384615384 0.5384615384615384 0.7596153846153846 0.5384615384615384 0.7596153846153846 0.5817307692307693 0.7259615384615384 0.5817307692307693
23 0.8149038461538461 0.5384615384615384 0.8485576923076923 0.5384615384615384 0.8485576923076923 0.5817307692307693 0.8149038461538461 0.5817307692307693
23 0.8197115384615384 0.6514423076923077 0.8509615384615384 0.6514423076923077 0.8509615384615384 0.71875 0.8197115384615384 0.71875
23 0.7283653846153846 0.6514423076923077 0.7596153846153846 0.6514423076923077 0.7596153846153846 0.71875 0.7283653846153846 0.71875
23 0.6346153846153846 0.6514423076923077 0.6682692307692307 0.6514423076923077 0.6682692307692307 0.71875 0.6346153846153846 0.71875
23 0.38221153846153844 0.6514423076923077 0.41586538461538464 0.6514423076923077 0.41586538461538464 0.71875 0.38221153846153844 0.71875
23 0.2860576923076923 0.6514423076923077 0.31971153846153844 0.6514423076923077 0.31971153846153844 0.71875 0.2860576923076923 0.71875
23 0.11057692307692307 0.5384615384615384 0.12980769230769232 0.5384615384615384 0.12980769230769232 0.5817307692307693 0.11057692307692307 0.5817307692307693
23 0.10817307692307693 0.6514423076923077 0.12980769230769232 0.6514423076923077 0.12980769230769232 0.7211538461538461 0.10817307692307693 0.7211538461538461
23 0.07451923076923077 0.3894230769230769 0.10096153846153846 0.3894230769230769 0.10096153846153846 0.46634615384615385 0.07451923076923077 0.46634615384615385
23 0.9302884615384616 0.4014423076923077 0.9471153846153846 0.4014423076923077 0.9471153846153846 0.47596153846153844 0.9302884615384616 0.47596153846153844
8 0.5 0.6370192307692307 0.5528846153846154 0.6370192307692307 0.5528846153846154 0.7716346153846154 0.5 0.7716346153846154
9 0.4807692307692308 0.6274038461538461 0.5841346153846154 0.6274038461538461 0.5841346153846154 0.7716346153846154 0.4807692307692308 0.7716346153846154
17 0.1346153846153846 0.5264423076923077 0.15384615384615385 0.5264423076923077 0.15384615384615385 0.7740384615384616 0.1346153846153846 0.7740384615384616
17 0.4543269230769231 0.5264423076923077 0.4735576923076923 0.5264423076923077 0.4735576923076923 0.7740384615384616 0.4543269230769231 0.7740384615384616
17 0.59375 0.5264423076923077 0.6129807692307693 0.5264423076923077 0.6129807692307693 0.7740384615384616 0.59375 0.7740384615384616
17 0.8918269230769231 0.5336538461538461 0.9182692307692307 0.5336538461538461 0.9182692307692307 0.7692307692307693 0.8918269230769231 0.7692307692307693
23 0.4879807692307692 0.38221153846153844 0.5793269230769231 0.38221153846153844 0.5793269230769231 0.45913461538461536 0.4879807692307692 0.45913461538461536
19 0.20673076923076922 0.15865384615384615 0.8557692307692307 0.15865384615384615 0.8557692307692307 0.3245192307692308 0.20673076923076922 0.3245192307692308
20 0.4567307692307692 0.2980769230769231 0.6057692307692307 0.2980769230769231 0.6057692307692307 0.32211538461538464 0.4567307692307692 0.32211538461538464
5 0.4951923076923077 0.22115384615384615 0.5697115384615384 0.22115384615384615 0.5697115384615384 0.25961538461538464 0.4951923076923077 0.25961538461538464
11 0.08653846153846154 0.5144230769230769 0.9206730769230769 0.5144230769230769 0.9206730769230769 0.6105769230769231 0.08653846153846154 0.6105769230769231
15 0.08413461538461539 0.6153846153846154 0.9254807692307693 0.6153846153846154 0.9254807692307693 0.7716346153846154 0.08413461538461539 0.7716346153846154
12 0.08653846153846154 0.6033653846153846 0.9206730769230769 0.6033653846153846 0.9206730769230769 0.6225961538461539 0.08653846153846154 0.6225961538461539
22 0.040865384615384616 0.34615384615384615 0.9639423076923077 0.34615384615384615 0.9639423076923077 0.5264423076923077 0.040865384615384616 0.5264423076923077
12 0.040865384615384616 0.5024038461538461 0.9639423076923077 0.5024038461538461 0.9639423076923077 0.5384615384615384 0.040865384615384616 0.5384615384615384
2 0.016826923076923076 0.15865384615384615 0.9855769230769231 0.15865384615384615 0.9855769230769231 0.7716346153846154 0.016826923076923076 0.7716346153846154
10 0.0889423076923077 0.3245192307692308 0.9134615384615384 0.3245192307692308 0.9134615384615384 0.7668269230769231 0.0889423076923077 0.7668269230769231