23 0.21394230769230768 0.4182692307692308 0.30528846153846156 0.4182692307692308 0.30528846153846156 0.5360576923076923 0.21394230769230768 0.5360576923076923
23 0.3629807692307692 0.4230769230769231 0.4543269230769231 0.4230769230769231 0.4543269230769231 0.5408653846153846 0.3629807692307692 0.5408653846153846
23 0.5144230769230769 0.3870192307692308 0.6129807692307693 0.3870192307692308 0.6129807692307693 0.5168269230769231 0.5144230769230769 0.5168269230769231
23 0.6754807692307693 0.3894230769230769 0.7307692307692307 0.3894230769230769 0.7307692307692307 0.5216346153846154 0.6754807692307693 0.5216346153846154
23 0.24759615384615385 0.6370192307692307 0.3004807692307692 0.6370192307692307 0.3004807692307692 0.7572115384615384 0.24759615384615385 0.7572115384615384
23 0.3870192307692308 0.6370192307692307 0.43990384615384615 0.6370192307692307 0.43990384615384615 0.7572115384615384 0.3870192307692308 0.7572115384615384
23 0.5528846153846154 0.6394230769230769 0.6129807692307693 0.6394230769230769 0.6129807692307693 0.7596153846153846 0.5528846153846154 0.7596153846153846
16 0.1875 0.6225961538461539 0.47596153846153844 0.6225961538461539 0.47596153846153844 0.6634615384615384 0.1875 0.6634615384615384
16 0.49038461538461536 0.6153846153846154 0.7572115384615384 0.6153846153846154 0.7572115384615384 0.6586538461538461 0.49038461538461536 0.6586538461538461
23 0.49038461538461536 0.25240384615384615 0.6370192307692307 0.25240384615384615 0.6370192307692307 0.31971153846153844 0.49038461538461536 0.31971153846153844
19 0.13942307692307693 0.17548076923076922 0.8197115384615384 0.17548076923076922 0.8197115384615384 0.35096153846153844 0.13942307692307693 0.35096153846153844
22 0.18269230769230768 0.3269230769230769 0.7668269230769231 0.3269230769230769 0.7668269230769231 0.5985576923076923 0.18269230769230768 0.5985576923076923
15 0.20673076923076922 0.6105769230769231 0.7331730769230769 0.6105769230769231 0.7331730769230769 0.8125 0.20673076923076922 0.8125
12 0.18028846153846154 0.5985576923076923 0.7668269230769231 0.5985576923076923 0.7668269230769231 0.6105769230769231 0.18028846153846154 0.6105769230769231
2 0.13942307692307693 0.17548076923076922 0.8197115384615384 0.17548076923076922 0.8197115384615384 0.8173076923076923 0.13942307692307693 0.8173076923076923
10 0.18509615384615385 0.34134615384615385 0.7692307692307693 0.34134615384615385 0.7692307692307693 0.8149038461538461 0.18509615384615385 0.8149038461538461
23 0.5168269230769231 0.34134615384615385 0.6105769230769231 0.34134615384615385 0.6105769230769231 0.38221153846153844 0.5168269230769231 0.38221153846153844
23 0.6754807692307693 0.3485576923076923 0.7307692307692307 0.3485576923076923 0.7307692307692307 0.38221153846153844 0.6754807692307693 0.38221153846153844