14 0.13701923076923078 0.24278846153846154 0.8076923076923077 0.24278846153846154 0.8076923076923077 0.3125 0.13701923076923078 0.3125
14 0.8605769230769231 0.7043269230769231 0.9399038461538461 0.7043269230769231 0.9399038461538461 0.7932692307692307 0.8605769230769231 0.7932692307692307
14 0.8605769230769231 0.8581730769230769 0.9158653846153846 0.8581730769230769 0.9158653846153846 0.9495192307692307 0.8605769230769231 0.9495192307692307
14 0.14903846153846154 0.7043269230769231 0.2283653846153846 0.7043269230769231 0.2283653846153846 0.7932692307692307 0.14903846153846154 0.7932692307692307
14 0.25 0.7043269230769231 0.3293269230769231 0.7043269230769231 0.3293269230769231 0.7932692307692307 0.25 0.7932692307692307
14 0.35096153846153844 0.7043269230769231 0.43028846153846156 0.7043269230769231 0.43028846153846156 0.7932692307692307 0.35096153846153844 0.7932692307692307
14 0.4543269230769231 0.7043269230769231 0.5336538461538461 0.7043269230769231 0.5336538461538461 0.7932692307692307 0.4543269230769231 0.7932692307692307
14 0.5552884615384616 0.7043269230769231 0.6346153846153846 0.7043269230769231 0.6346153846153846 0.7932692307692307 0.5552884615384616 0.7932692307692307
14 0.65625 0.7043269230769231 0.7355769230769231 0.7043269230769231 0.7355769230769231 0.7932692307692307 0.65625 0.7932692307692307
14 0.7596153846153846 0.7043269230769231 0.8389423076923077 0.7043269230769231 0.8389423076923077 0.7932692307692307 0.7596153846153846 0.7932692307692307
14 0.8605769230769231 0.3485576923076923 0.9399038461538461 0.3485576923076923 0.9399038461538461 0.43990384615384615 0.8605769230769231 0.43990384615384615
14 0.07451923076923077 0.3485576923076923 0.125 0.3485576923076923 0.125 0.43990384615384615 0.07451923076923077 0.43990384615384615
14 0.14903846153846154 0.3485576923076923 0.2283653846153846 0.3485576923076923 0.2283653846153846 0.43990384615384615 0.14903846153846154 0.43990384615384615
14 0.25 0.3485576923076923 0.3293269230769231 0.3485576923076923 0.3293269230769231 0.43990384615384615 0.25 0.43990384615384615
14 0.35096153846153844 0.3485576923076923 0.43028846153846156 0.3485576923076923 0.43028846153846156 0.43990384615384615 0.35096153846153844 0.43990384615384615
14 0.4543269230769231 0.3485576923076923 0.5336538461538461 0.3485576923076923 0.5336538461538461 0.43990384615384615 0.4543269230769231 0.43990384615384615
14 0.5552884615384616 0.3485576923076923 0.6346153846153846 0.3485576923076923 0.6346153846153846 0.43990384615384615 0.5552884615384616 0.43990384615384615
14 0.65625 0.3485576923076923 0.7355769230769231 0.3485576923076923 0.7355769230769231 0.43990384615384615 0.65625 0.43990384615384615
14 0.7596153846153846 0.3485576923076923 0.8389423076923077 0.3485576923076923 0.8389423076923077 0.43990384615384615 0.7596153846153846 0.43990384615384615
14 0.8605769230769231 0.46634615384615385 0.9399038461538461 0.46634615384615385 0.9399038461538461 0.5552884615384616 0.8605769230769231 0.5552884615384616
14 0.07451923076923077 0.45913461538461536 0.12740384615384615 0.45913461538461536 0.12740384615384615 0.5552884615384616 0.07451923076923077 0.5552884615384616
14 0.14903846153846154 0.46634615384615385 0.2283653846153846 0.46634615384615385 0.2283653846153846 0.5552884615384616 0.14903846153846154 0.5552884615384616
14 0.25 0.46634615384615385 0.3293269230769231 0.46634615384615385 0.3293269230769231 0.5552884615384616 0.25 0.5552884615384616
14 0.35096153846153844 0.46634615384615385 0.43028846153846156 0.46634615384615385 0.43028846153846156 0.5552884615384616 0.35096153846153844 0.5552884615384616
14 0.4543269230769231 0.46634615384615385 0.5336538461538461 0.46634615384615385 0.5336538461538461 0.5552884615384616 0.4543269230769231 0.5552884615384616
14 0.5552884615384616 0.46634615384615385 0.6346153846153846 0.46634615384615385 0.6346153846153846 0.5552884615384616 0.5552884615384616 0.5552884615384616
14 0.65625 0.46634615384615385 0.7355769230769231 0.46634615384615385 0.7355769230769231 0.5552884615384616 0.65625 0.5552884615384616
14 0.7596153846153846 0.46634615384615385 0.8389423076923077 0.46634615384615385 0.8389423076923077 0.5552884615384616 0.7596153846153846 0.5552884615384616
14 0.8605769230769231 0.5841346153846154 0.9399038461538461 0.5841346153846154 0.9399038461538461 0.6730769230769231 0.8605769230769231 0.6730769230769231
14 0.07451923076923077 0.5841346153846154 0.125 0.5841346153846154 0.125 0.6730769230769231 0.07451923076923077 0.6730769230769231
14 0.14903846153846154 0.5841346153846154 0.2283653846153846 0.5841346153846154 0.2283653846153846 0.6730769230769231 0.14903846153846154 0.6730769230769231
14 0.25 0.5841346153846154 0.3293269230769231 0.5841346153846154 0.3293269230769231 0.6730769230769231 0.25 0.6730769230769231
14 0.35096153846153844 0.5841346153846154 0.43028846153846156 0.5841346153846154 0.43028846153846156 0.6730769230769231 0.35096153846153844 0.6730769230769231
14 0.4543269230769231 0.5841346153846154 0.5336538461538461 0.5841346153846154 0.5336538461538461 0.6730769230769231 0.4543269230769231 0.6730769230769231
14 0.5552884615384616 0.5841346153846154 0.6346153846153846 0.5841346153846154 0.6346153846153846 0.6730769230769231 0.5552884615384616 0.6730769230769231
14 0.65625 0.5841346153846154 0.7355769230769231 0.5841346153846154 0.7355769230769231 0.6730769230769231 0.65625 0.6730769230769231
14 0.7596153846153846 0.5841346153846154 0.8389423076923077 0.5841346153846154 0.8389423076923077 0.6730769230769231 0.7596153846153846 0.6730769230769231
14 0.07451923076923077 0.7043269230769231 0.12740384615384615 0.7043269230769231 0.12740384615384615 0.7932692307692307 0.07451923076923077 0.7932692307692307
14 0.07451923076923077 0.8245192307692307 0.125 0.8245192307692307 0.125 0.9519230769230769 0.07451923076923077 0.9519230769230769
14 0.14903846153846154 0.8245192307692307 0.3317307692307692 0.8245192307692307 0.3317307692307692 0.9519230769230769 0.14903846153846154 0.9519230769230769
14 0.35096153846153844 0.8245192307692307 0.3942307692307692 0.8245192307692307 0.3942307692307692 0.9519230769230769 0.35096153846153844 0.9519230769230769
8 0.40384615384615385 0.8822115384615384 0.4807692307692308 0.8822115384615384 0.4807692307692308 0.9543269230769231 0.40384615384615385 0.9543269230769231
14 0.49038461538461536 0.8245192307692307 0.5336538461538461 0.8245192307692307 0.5336538461538461 0.9519230769230769 0.49038461538461536 0.9519230769230769
14 0.5552884615384616 0.8245192307692307 0.7379807692307693 0.8245192307692307 0.7379807692307693 0.9519230769230769 0.5552884615384616 0.9519230769230769
14 0.7596153846153846 0.8822115384615384 0.7980769230769231 0.8822115384615384 0.7980769230769231 0.9519230769230769 0.7596153846153846 0.9519230769230769
22 0.12740384615384615 0.23557692307692307 0.8149038461538461 0.23557692307692307 0.8149038461538461 0.32211538461538464 0.12740384615384615 0.32211538461538464
12 0.06490384615384616 0.8004807692307693 0.9711538461538461 0.8004807692307693 0.9711538461538461 0.8125 0.06490384615384616 0.8125
12 0.06490384615384616 0.6826923076923077 0.9711538461538461 0.6826923076923077 0.9711538461538461 0.6947115384615384 0.06490384615384616 0.6947115384615384
12 0.06490384615384616 0.5625 0.9711538461538461 0.5625 0.9711538461538461 0.5769230769230769 0.06490384615384616 0.5769230769230769
12 0.06490384615384616 0.44471153846153844 0.9711538461538461 0.44471153846153844 0.9711538461538461 0.45913461538461536 0.06490384615384616 0.45913461538461536
15 0.07451923076923077 0.8149038461538461 0.9711538461538461 0.8149038461538461 0.9711538461538461 0.9543269230769231 0.07451923076923077 0.9543269230769231
11 0.07451923076923077 0.33653846153846156 0.9711538461538461 0.33653846153846156 0.9711538461538461 0.44711538461538464 0.07451923076923077 0.44711538461538464
11 0.07451923076923077 0.45913461538461536 0.9783653846153846 0.45913461538461536 0.9783653846153846 0.5625 0.07451923076923077 0.5625
11 0.07451923076923077 0.5769230769230769 0.9711538461538461 0.5769230769230769 0.9711538461538461 0.6826923076923077 0.07451923076923077 0.6826923076923077
11 0.07451923076923077 0.6947115384615384 0.9711538461538461 0.6947115384615384 0.9711538461538461 0.8004807692307693 0.07451923076923077 0.8004807692307693
2 0.06009615384615385 0.23557692307692307 0.9711538461538461 0.23557692307692307 0.9711538461538461 0.9543269230769231 0.06009615384615385 0.9543269230769231
7 0.7548076923076923 0.8918269230769231 0.9975961538461539 0.8918269230769231 0.9975961538461539 0.9759615384615384 0.7548076923076923 0.9759615384615384
10 0.07451923076923077 0.31490384615384615 0.9711538461538461 0.31490384615384615 0.9711538461538461 0.9567307692307693 0.07451923076923077 0.9567307692307693
12 0.0625 0.32211538461538464 0.9711538461538461 0.32211538461538464 0.9711538461538461 0.33413461538461536 0.0625 0.33413461538461536