24 0.0889423076923077 0.5793269230769231 0.10817307692307693 0.5793269230769231 0.10817307692307693 0.6346153846153846 0.0889423076923077 0.6346153846153846
23 0.09134615384615384 0.5817307692307693 0.10817307692307693 0.5817307692307693 0.10817307692307693 0.6346153846153846 0.09134615384615384 0.6346153846153846
24 0.08653846153846154 0.4230769230769231 0.10576923076923077 0.4230769230769231 0.10576923076923077 0.4807692307692308 0.08653846153846154 0.4807692307692308
23 0.0889423076923077 0.42788461538461536 0.10576923076923077 0.42788461538461536 0.10576923076923077 0.4807692307692308 0.0889423076923077 0.4807692307692308
24 0.5120192307692307 0.5769230769230769 0.5504807692307693 0.5769230769230769 0.5504807692307693 0.6322115384615384 0.5120192307692307 0.6322115384615384
24 0.14423076923076922 0.5769230769230769 0.18269230769230768 0.5769230769230769 0.18269230769230768 0.6346153846153846 0.14423076923076922 0.6346153846153846
23 0.1466346153846154 0.5817307692307693 0.18269230769230768 0.5817307692307693 0.18269230769230768 0.6346153846153846 0.1466346153846154 0.6346153846153846
24 0.2091346153846154 0.5769230769230769 0.24759615384615385 0.5769230769230769 0.24759615384615385 0.6346153846153846 0.2091346153846154 0.6346153846153846
23 0.21153846153846154 0.5793269230769231 0.24759615384615385 0.5793269230769231 0.24759615384615385 0.6346153846153846 0.21153846153846154 0.6346153846153846
24 0.2956730769230769 0.5769230769230769 0.33413461538461536 0.5769230769230769 0.33413461538461536 0.6346153846153846 0.2956730769230769 0.6346153846153846
23 0.2980769230769231 0.5793269230769231 0.33413461538461536 0.5793269230769231 0.33413461538461536 0.6346153846153846 0.2980769230769231 0.6346153846153846
24 0.3605769230769231 0.5769230769230769 0.39903846153846156 0.5769230769230769 0.39903846153846156 0.6346153846153846 0.3605769230769231 0.6346153846153846
23 0.3629807692307692 0.5793269230769231 0.39903846153846156 0.5793269230769231 0.39903846153846156 0.6322115384615384 0.3629807692307692 0.6322115384615384
24 0.44471153846153844 0.5769230769230769 0.4831730769230769 0.5769230769230769 0.4831730769230769 0.6346153846153846 0.44471153846153844 0.6346153846153846
23 0.44711538461538464 0.5793269230769231 0.4831730769230769 0.5793269230769231 0.4831730769230769 0.6322115384615384 0.44711538461538464 0.6322115384615384
23 0.5144230769230769 0.5793269230769231 0.5504807692307693 0.5793269230769231 0.5504807692307693 0.6322115384615384 0.5144230769230769 0.6322115384615384
24 0.8173076923076923 0.4182692307692308 0.8557692307692307 0.4182692307692308 0.8557692307692307 0.47596153846153844 0.8173076923076923 0.47596153846153844
24 0.5985576923076923 0.5769230769230769 0.6370192307692307 0.5769230769230769 0.6370192307692307 0.6346153846153846 0.5985576923076923 0.6346153846153846
23 0.5985576923076923 0.5793269230769231 0.6346153846153846 0.5793269230769231 0.6346153846153846 0.6322115384615384 0.5985576923076923 0.6322115384615384
24 0.8269230769230769 0.6538461538461539 0.8653846153846154 0.6538461538461539 0.8653846153846154 0.7115384615384616 0.8269230769230769 0.7115384615384616
23 0.8269230769230769 0.65625 0.8629807692307693 0.65625 0.8629807692307693 0.7091346153846154 0.8269230769230769 0.7091346153846154
24 0.75 0.5769230769230769 0.7884615384615384 0.5769230769230769 0.7884615384615384 0.6346153846153846 0.75 0.6346153846153846
23 0.75 0.5793269230769231 0.7860576923076923 0.5793269230769231 0.7860576923076923 0.6322115384615384 0.75 0.6322115384615384
24 0.8149038461538461 0.5769230769230769 0.8533653846153846 0.5769230769230769 0.8533653846153846 0.6346153846153846 0.8149038461538461 0.6346153846153846
23 0.8149038461538461 0.5793269230769231 0.8509615384615384 0.5793269230769231 0.8509615384615384 0.6322115384615384 0.8149038461538461 0.6322115384615384
24 0.8269230769230769 0.49759615384615385 0.8653846153846154 0.49759615384615385 0.8653846153846154 0.5552884615384616 0.8269230769230769 0.5552884615384616
23 0.8269230769230769 0.5 0.8629807692307693 0.5 0.8629807692307693 0.5528846153846154 0.8269230769230769 0.5528846153846154
24 0.7379807692307693 0.49759615384615385 0.7764423076923077 0.49759615384615385 0.7764423076923077 0.5552884615384616 0.7379807692307693 0.5552884615384616
23 0.7403846153846154 0.5 0.7764423076923077 0.5 0.7764423076923077 0.5528846153846154 0.7403846153846154 0.5528846153846154
24 0.6730769230769231 0.49759615384615385 0.7115384615384616 0.49759615384615385 0.7115384615384616 0.5552884615384616 0.6730769230769231 0.5552884615384616
23 0.6730769230769231 0.5 0.7091346153846154 0.5 0.7091346153846154 0.5552884615384616 0.6730769230769231 0.5552884615384616
24 0.5865384615384616 0.5 0.625 0.5 0.625 0.5576923076923077 0.5865384615384616 0.5576923076923077
23 0.5865384615384616 0.5024038461538461 0.625 0.5024038461538461 0.625 0.5552884615384616 0.5865384615384616 0.5552884615384616
24 0.5216346153846154 0.5 0.5600961538461539 0.5 0.5600961538461539 0.5576923076923077 0.5216346153846154 0.5576923076923077
23 0.5216346153846154 0.5024038461538461 0.5600961538461539 0.5024038461538461 0.5600961538461539 0.5552884615384616 0.5216346153846154 0.5552884615384616
24 0.5216346153846154 0.5 0.5600961538461539 0.5 0.5600961538461539 0.5576923076923077 0.5216346153846154 0.5576923076923077
23 0.5216346153846154 0.5024038461538461 0.5576923076923077 0.5024038461538461 0.5576923076923077 0.5552884615384616 0.5216346153846154 0.5552884615384616
24 0.43509615384615385 0.5 0.4735576923076923 0.5 0.4735576923076923 0.5576923076923077 0.43509615384615385 0.5576923076923077
23 0.43509615384615385 0.5024038461538461 0.4735576923076923 0.5024038461538461 0.4735576923076923 0.5552884615384616 0.43509615384615385 0.5552884615384616
24 0.3701923076923077 0.5 0.40865384615384615 0.5 0.40865384615384615 0.5576923076923077 0.3701923076923077 0.5576923076923077
23 0.3701923076923077 0.5024038461538461 0.40865384615384615 0.5024038461538461 0.40865384615384615 0.5552884615384616 0.3701923076923077 0.5552884615384616
23 0.1346153846153846 0.5024038461538461 0.17067307692307693 0.5024038461538461 0.17067307692307693 0.5576923076923077 0.1346153846153846 0.5576923076923077
24 0.28365384615384615 0.5 0.32211538461538464 0.5 0.32211538461538464 0.5552884615384616 0.28365384615384615 0.5552884615384616
23 0.28365384615384615 0.5024038461538461 0.32211538461538464 0.5024038461538461 0.32211538461538464 0.5552884615384616 0.28365384615384615 0.5552884615384616
24 0.21875 0.5 0.25721153846153844 0.5 0.25721153846153844 0.5552884615384616 0.21875 0.5552884615384616
23 0.21875 0.5024038461538461 0.25721153846153844 0.5024038461538461 0.25721153846153844 0.5552884615384616 0.21875 0.5552884615384616
24 0.13221153846153846 0.5 0.17067307692307693 0.5 0.17067307692307693 0.5576923076923077 0.13221153846153846 0.5576923076923077
24 0.5985576923076923 0.4206730769230769 0.6370192307692307 0.4206730769230769 0.6370192307692307 0.47596153846153844 0.5985576923076923 0.47596153846153844
23 0.1466346153846154 0.42788461538461536 0.18028846153846154 0.42788461538461536 0.18028846153846154 0.4807692307692308 0.1466346153846154 0.4807692307692308
24 0.14423076923076922 0.4230769230769231 0.18269230769230768 0.4230769230769231 0.18269230769230768 0.4807692307692308 0.14423076923076922 0.4807692307692308
23 0.21153846153846154 0.42788461538461536 0.24519230769230768 0.42788461538461536 0.24519230769230768 0.4807692307692308 0.21153846153846154 0.4807692307692308
24 0.20673076923076922 0.4230769230769231 0.24519230769230768 0.4230769230769231 0.24519230769230768 0.47836538461538464 0.20673076923076922 0.47836538461538464
23 0.2956730769230769 0.4254807692307692 0.3317307692307692 0.4254807692307692 0.3317307692307692 0.47836538461538464 0.2956730769230769 0.47836538461538464
24 0.2932692307692308 0.4230769230769231 0.3317307692307692 0.4230769230769231 0.3317307692307692 0.47836538461538464 0.2932692307692308 0.47836538461538464
23 0.3605769230769231 0.4254807692307692 0.39663461538461536 0.4254807692307692 0.39663461538461536 0.47836538461538464 0.3605769230769231 0.47836538461538464
24 0.3581730769230769 0.4230769230769231 0.39663461538461536 0.4230769230769231 0.39663461538461536 0.47836538461538464 0.3581730769230769 0.47836538461538464
23 0.44711538461538464 0.4254807692307692 0.4831730769230769 0.4254807692307692 0.4831730769230769 0.47836538461538464 0.44711538461538464 0.47836538461538464
24 0.44471153846153844 0.4206730769230769 0.4831730769230769 0.4206730769230769 0.4831730769230769 0.47836538461538464 0.44471153846153844 0.47836538461538464
23 0.5120192307692307 0.4254807692307692 0.5480769230769231 0.4254807692307692 0.5480769230769231 0.47836538461538464 0.5120192307692307 0.47836538461538464
24 0.5096153846153846 0.4206730769230769 0.5480769230769231 0.4206730769230769 0.5480769230769231 0.47836538461538464 0.5096153846153846 0.47836538461538464
23 0.5985576923076923 0.4230769230769231 0.6370192307692307 0.4230769230769231 0.6370192307692307 0.47596153846153844 0.5985576923076923 0.47596153846153844
23 0.8173076923076923 0.4230769230769231 0.8557692307692307 0.4230769230769231 0.8557692307692307 0.47596153846153844 0.8173076923076923 0.47596153846153844
24 0.6634615384615384 0.4206730769230769 0.7019230769230769 0.4206730769230769 0.7019230769230769 0.47596153846153844 0.6634615384615384 0.47596153846153844
23 0.6634615384615384 0.4230769230769231 0.7019230769230769 0.4230769230769231 0.7019230769230769 0.47596153846153844 0.6634615384615384 0.47596153846153844
23 0.75 0.2644230769230769 0.7884615384615384 0.2644230769230769 0.7884615384615384 0.31971153846153844 0.75 0.31971153846153844
24 0.75 0.4182692307692308 0.7884615384615384 0.4182692307692308 0.7884615384615384 0.47596153846153844 0.75 0.47596153846153844
23 0.75 0.4230769230769231 0.7884615384615384 0.4230769230769231 0.7884615384615384 0.47596153846153844 0.75 0.47596153846153844
24 0.75 0.2620192307692308 0.7884615384615384 0.2620192307692308 0.7884615384615384 0.31971153846153844 0.75 0.31971153846153844
23 0.7403846153846154 0.34375 0.7788461538461539 0.34375 0.7788461538461539 0.39663461538461536 0.7403846153846154 0.39663461538461536
24 0.7403846153846154 0.34134615384615385 0.7788461538461539 0.34134615384615385 0.7788461538461539 0.39903846153846156 0.7403846153846154 0.39903846153846156
23 0.8269230769230769 0.34375 0.8653846153846154 0.34375 0.8653846153846154 0.39663461538461536 0.8269230769230769 0.39663461538461536
24 0.8269230769230769 0.34134615384615385 0.8653846153846154 0.34134615384615385 0.8653846153846154 0.39903846153846156 0.8269230769230769 0.39903846153846156
23 0.8173076923076923 0.2644230769230769 0.8557692307692307 0.2644230769230769 0.8557692307692307 0.31971153846153844 0.8173076923076923 0.31971153846153844
24 0.8173076923076923 0.2620192307692308 0.8557692307692307 0.2620192307692308 0.8557692307692307 0.31971153846153844 0.8173076923076923 0.31971153846153844
24 0.8942307692307693 0.6538461538461539 0.9134615384615384 0.6538461538461539 0.9134615384615384 0.7091346153846154 0.8942307692307693 0.7091346153846154
23 0.8942307692307693 0.65625 0.9110576923076923 0.65625 0.9110576923076923 0.7091346153846154 0.8942307692307693 0.7091346153846154
24 0.8942307692307693 0.3389423076923077 0.9134615384615384 0.3389423076923077 0.9134615384615384 0.39663461538461536 0.8942307692307693 0.39663461538461536
23 0.8942307692307693 0.34375 0.9110576923076923 0.34375 0.9110576923076923 0.39663461538461536 0.8942307692307693 0.39663461538461536
24 0.8942307692307693 0.49759615384615385 0.9134615384615384 0.49759615384615385 0.9134615384615384 0.5528846153846154 0.8942307692307693 0.5528846153846154
23 0.8942307692307693 0.5 0.9110576923076923 0.5 0.9110576923076923 0.5528846153846154 0.8942307692307693 0.5528846153846154
14 0.7259615384615384 0.7764423076923077 0.9254807692307693 0.7764423076923077 0.9254807692307693 0.8677884615384616 0.7259615384615384 0.8677884615384616
23 0.21394230769230768 0.8125 0.22355769230769232 0.8125 0.22355769230769232 0.8461538461538461 0.21394230769230768 0.8461538461538461
23 0.6634615384615384 0.8125 0.6754807692307693 0.8125 0.6754807692307693 0.8461538461538461 0.6634615384615384 0.8461538461538461
23 0.6225961538461539 0.8125 0.6322115384615384 0.8125 0.6322115384615384 0.8461538461538461 0.6225961538461539 0.8461538461538461
23 0.5889423076923077 0.8125 0.6009615384615384 0.8125 0.6009615384615384 0.8461538461538461 0.5889423076923077 0.8461538461538461
23 0.5456730769230769 0.8125 0.5552884615384616 0.8125 0.5552884615384616 0.8461538461538461 0.5456730769230769 0.8461538461538461
23 0.5144230769230769 0.8125 0.5240384615384616 0.8125 0.5240384615384616 0.8461538461538461 0.5144230769230769 0.8461538461538461
23 0.3629807692307692 0.8125 0.375 0.8125 0.375 0.8461538461538461 0.3629807692307692 0.8461538461538461
23 0.28846153846153844 0.8125 0.3004807692307692 0.8125 0.3004807692307692 0.8461538461538461 0.28846153846153844 0.8461538461538461
23 0.24519230769230768 0.8125 0.25721153846153844 0.8125 0.25721153846153844 0.8461538461538461 0.24519230769230768 0.8461538461538461
24 0.13221153846153846 0.65625 0.17067307692307693 0.65625 0.17067307692307693 0.7115384615384616 0.13221153846153846 0.7115384615384616
23 0.13701923076923078 0.6586538461538461 0.17067307692307693 0.6586538461538461 0.17067307692307693 0.7115384615384616 0.13701923076923078 0.7115384615384616
24 0.21875 0.65625 0.25721153846153844 0.65625 0.25721153846153844 0.7115384615384616 0.21875 0.7115384615384616
23 0.22355769230769232 0.6586538461538461 0.25721153846153844 0.6586538461538461 0.25721153846153844 0.7115384615384616 0.22355769230769232 0.7115384615384616
24 0.28365384615384615 0.65625 0.32211538461538464 0.65625 0.32211538461538464 0.7115384615384616 0.28365384615384615 0.7115384615384616
23 0.28846153846153844 0.6586538461538461 0.32211538461538464 0.6586538461538461 0.32211538461538464 0.7115384615384616 0.28846153846153844 0.7115384615384616
24 0.3701923076923077 0.65625 0.40865384615384615 0.65625 0.40865384615384615 0.7115384615384616 0.3701923076923077 0.7115384615384616
23 0.375 0.6586538461538461 0.40865384615384615 0.6586538461538461 0.40865384615384615 0.7115384615384616 0.375 0.7115384615384616
24 0.43509615384615385 0.6538461538461539 0.4735576923076923 0.6538461538461539 0.4735576923076923 0.7115384615384616 0.43509615384615385 0.7115384615384616
23 0.43990384615384615 0.6586538461538461 0.4735576923076923 0.6586538461538461 0.4735576923076923 0.7115384615384616 0.43990384615384615 0.7115384615384616
24 0.5216346153846154 0.6538461538461539 0.5600961538461539 0.6538461538461539 0.5600961538461539 0.7115384615384616 0.5216346153846154 0.7115384615384616
23 0.5264423076923077 0.65625 0.5600961538461539 0.65625 0.5600961538461539 0.7091346153846154 0.5264423076923077 0.7091346153846154
24 0.5865384615384616 0.6538461538461539 0.625 0.6538461538461539 0.625 0.7115384615384616 0.5865384615384616 0.7115384615384616
23 0.5913461538461539 0.65625 0.625 0.65625 0.625 0.7091346153846154 0.5913461538461539 0.7091346153846154
24 0.6634615384615384 0.5769230769230769 0.7019230769230769 0.5769230769230769 0.7019230769230769 0.6346153846153846 0.6634615384615384 0.6346153846153846
23 0.6634615384615384 0.5793269230769231 0.6995192307692307 0.5793269230769231 0.6995192307692307 0.6322115384615384 0.6634615384615384 0.6322115384615384
24 0.6730769230769231 0.6538461538461539 0.7115384615384616 0.6538461538461539 0.7115384615384616 0.7115384615384616 0.6730769230769231 0.7115384615384616
23 0.6730769230769231 0.65625 0.7091346153846154 0.65625 0.7091346153846154 0.7091346153846154 0.6730769230769231 0.7091346153846154
24 0.7403846153846154 0.6538461538461539 0.7788461538461539 0.6538461538461539 0.7788461538461539 0.7115384615384616 0.7403846153846154 0.7115384615384616
23 0.7403846153846154 0.65625 0.7764423076923077 0.65625 0.7764423076923077 0.7091346153846154 0.7403846153846154 0.7091346153846154
25 0.08653846153846154 0.4230769230769231 0.10576923076923077 0.4230769230769231 0.10576923076923077 0.4807692307692308 0.08653846153846154 0.4807692307692308
25 0.08653846153846154 0.5769230769230769 0.10817307692307693 0.5769230769230769 0.10817307692307693 0.6346153846153846 0.08653846153846154 0.6346153846153846
25 0.8918269230769231 0.6514423076923077 0.9134615384615384 0.6514423076923077 0.9134615384615384 0.7115384615384616 0.8918269230769231 0.7115384615384616
25 0.13221153846153846 0.6538461538461539 0.17307692307692307 0.6538461538461539 0.17307692307692307 0.7139423076923077 0.13221153846153846 0.7139423076923077
25 0.21875 0.6538461538461539 0.25721153846153844 0.6538461538461539 0.25721153846153844 0.7139423076923077 0.21875 0.7139423076923077
25 0.28365384615384615 0.6538461538461539 0.32211538461538464 0.6538461538461539 0.32211538461538464 0.7139423076923077 0.28365384615384615 0.7139423076923077
25 0.3701923076923077 0.6538461538461539 0.40865384615384615 0.6538461538461539 0.40865384615384615 0.7139423076923077 0.3701923076923077 0.7139423076923077
25 0.43509615384615385 0.6538461538461539 0.4735576923076923 0.6538461538461539 0.4735576923076923 0.7115384615384616 0.43509615384615385 0.7115384615384616
25 0.5216346153846154 0.6538461538461539 0.5600961538461539 0.6538461538461539 0.5600961538461539 0.7115384615384616 0.5216346153846154 0.7115384615384616
25 0.5865384615384616 0.6538461538461539 0.625 0.6538461538461539 0.625 0.7115384615384616 0.5865384615384616 0.7115384615384616
25 0.6730769230769231 0.6514423076923077 0.7139423076923077 0.6514423076923077 0.7139423076923077 0.7115384615384616 0.6730769230769231 0.7115384615384616
25 0.7379807692307693 0.6514423076923077 0.7788461538461539 0.6514423076923077 0.7788461538461539 0.7115384615384616 0.7379807692307693 0.7115384615384616
25 0.8245192307692307 0.6514423076923077 0.8653846153846154 0.6514423076923077 0.8653846153846154 0.7115384615384616 0.8245192307692307 0.7115384615384616
25 0.14423076923076922 0.5769230769230769 0.18269230769230768 0.5769230769230769 0.18269230769230768 0.6346153846153846 0.14423076923076922 0.6346153846153846
25 0.8149038461538461 0.5721153846153846 0.8557692307692307 0.5721153846153846 0.8557692307692307 0.6346153846153846 0.8149038461538461 0.6346153846153846
25 0.75 0.5721153846153846 0.7908653846153846 0.5721153846153846 0.7908653846153846 0.6346153846153846 0.75 0.6346153846153846
25 0.6610576923076923 0.5721153846153846 0.7019230769230769 0.5721153846153846 0.7019230769230769 0.6346153846153846 0.6610576923076923 0.6346153846153846
25 0.5961538461538461 0.5745192307692307 0.6370192307692307 0.5745192307692307 0.6370192307692307 0.6346153846153846 0.5961538461538461 0.6346153846153846
25 0.5096153846153846 0.5745192307692307 0.5504807692307693 0.5745192307692307 0.5504807692307693 0.6346153846153846 0.5096153846153846 0.6346153846153846
25 0.44471153846153844 0.5745192307692307 0.4855769230769231 0.5745192307692307 0.4855769230769231 0.6370192307692307 0.44471153846153844 0.6370192307692307
25 0.3581730769230769 0.5769230769230769 0.39903846153846156 0.5769230769230769 0.39903846153846156 0.6346153846153846 0.3581730769230769 0.6346153846153846
25 0.2932692307692308 0.5769230769230769 0.33413461538461536 0.5769230769230769 0.33413461538461536 0.6346153846153846 0.2932692307692308 0.6346153846153846
25 0.2091346153846154 0.5769230769230769 0.25 0.5769230769230769 0.25 0.6346153846153846 0.2091346153846154 0.6346153846153846
25 0.8149038461538461 0.2620192307692308 0.8557692307692307 0.2620192307692308 0.8557692307692307 0.32211538461538464 0.8149038461538461 0.32211538461538464
25 0.13221153846153846 0.5 0.17067307692307693 0.5 0.17067307692307693 0.5600961538461539 0.13221153846153846 0.5600961538461539
25 0.14182692307692307 0.4230769230769231 0.18269230769230768 0.4230769230769231 0.18269230769230768 0.4831730769230769 0.14182692307692307 0.4831730769230769
25 0.20673076923076922 0.4230769230769231 0.24759615384615385 0.4230769230769231 0.24759615384615385 0.4831730769230769 0.20673076923076922 0.4831730769230769
25 0.21875 0.5 0.25721153846153844 0.5 0.25721153846153844 0.5600961538461539 0.21875 0.5600961538461539
25 0.28365384615384615 0.5 0.32211538461538464 0.5 0.32211538461538464 0.5600961538461539 0.28365384615384615 0.5600961538461539
25 0.28365384615384615 0.5 0.32211538461538464 0.5 0.32211538461538464 0.5600961538461539 0.28365384615384615 0.5600961538461539
25 0.36778846153846156 0.5 0.40865384615384615 0.5 0.40865384615384615 0.5600961538461539 0.36778846153846156 0.5600961538461539
25 0.43509615384615385 0.5 0.4735576923076923 0.5 0.4735576923076923 0.5600961538461539 0.43509615384615385 0.5600961538461539
25 0.2932692307692308 0.4206730769230769 0.3317307692307692 0.4206730769230769 0.3317307692307692 0.4807692307692308 0.2932692307692308 0.4807692307692308
25 0.3581730769230769 0.4206730769230769 0.39663461538461536 0.4206730769230769 0.39663461538461536 0.4807692307692308 0.3581730769230769 0.4807692307692308
25 0.44471153846153844 0.4206730769230769 0.4855769230769231 0.4206730769230769 0.4855769230769231 0.4807692307692308 0.44471153846153844 0.4807692307692308
25 0.5096153846153846 0.4206730769230769 0.5504807692307693 0.4206730769230769 0.5504807692307693 0.4807692307692308 0.5096153846153846 0.4807692307692308
25 0.5216346153846154 0.49759615384615385 0.5600961538461539 0.49759615384615385 0.5600961538461539 0.5576923076923077 0.5216346153846154 0.5576923076923077
25 0.5841346153846154 0.49759615384615385 0.625 0.49759615384615385 0.625 0.5576923076923077 0.5841346153846154 0.5576923076923077
25 0.5961538461538461 0.4182692307692308 0.6346153846153846 0.4182692307692308 0.6346153846153846 0.47836538461538464 0.5961538461538461 0.47836538461538464
25 0.6610576923076923 0.4182692307692308 0.7019230769230769 0.4182692307692308 0.7019230769230769 0.47836538461538464 0.6610576923076923 0.47836538461538464
25 0.75 0.4182692307692308 0.7884615384615384 0.4182692307692308 0.7884615384615384 0.47836538461538464 0.75 0.47836538461538464
25 0.8149038461538461 0.4182692307692308 0.8533653846153846 0.4182692307692308 0.8533653846153846 0.47836538461538464 0.8149038461538461 0.47836538461538464
25 0.8245192307692307 0.4951923076923077 0.8653846153846154 0.4951923076923077 0.8653846153846154 0.5552884615384616 0.8245192307692307 0.5552884615384616
25 0.7379807692307693 0.4951923076923077 0.7788461538461539 0.4951923076923077 0.7788461538461539 0.5552884615384616 0.7379807692307693 0.5552884615384616
25 0.6730769230769231 0.49759615384615385 0.7115384615384616 0.49759615384615385 0.7115384615384616 0.5576923076923077 0.6730769230769231 0.5576923076923077
25 0.8918269230769231 0.4951923076923077 0.9158653846153846 0.4951923076923077 0.9158653846153846 0.5552884615384616 0.8918269230769231 0.5552884615384616
25 0.8918269230769231 0.3389423076923077 0.9158653846153846 0.3389423076923077 0.9158653846153846 0.39903846153846156 0.8918269230769231 0.39903846153846156
25 0.8269230769230769 0.3389423076923077 0.8677884615384616 0.3389423076923077 0.8677884615384616 0.39903846153846156 0.8269230769230769 0.39903846153846156
25 0.7379807692307693 0.3389423076923077 0.7788461538461539 0.3389423076923077 0.7788461538461539 0.39903846153846156 0.7379807692307693 0.39903846153846156
25 0.75 0.2620192307692308 0.7908653846153846 0.2620192307692308 0.7908653846153846 0.32211538461538464 0.75 0.32211538461538464
10 0.06971153846153846 0.38221153846153844 0.9278846153846154 0.38221153846153844 0.9278846153846154 0.8653846153846154 0.06971153846153846 0.8653846153846154
12 0.06971153846153846 0.7403846153846154 0.9278846153846154 0.7403846153846154 0.9278846153846154 0.7475961538461539 0.06971153846153846 0.7475961538461539
12 0.06971153846153846 0.6418269230769231 0.9278846153846154 0.6418269230769231 0.9278846153846154 0.6490384615384616 0.06971153846153846 0.6490384615384616
12 0.06971153846153846 0.5625 0.9278846153846154 0.5625 0.9278846153846154 0.5697115384615384 0.06971153846153846 0.5697115384615384
12 0.06971153846153846 0.4855769230769231 0.9278846153846154 0.4855769230769231 0.9278846153846154 0.4951923076923077 0.06971153846153846 0.4951923076923077
12 0.06971153846153846 0.40384615384615385 0.9278846153846154 0.40384615384615385 0.9278846153846154 0.41346153846153844 0.06971153846153846 0.41346153846153844
12 0.6899038461538461 0.3245192307692308 0.9278846153846154 0.3245192307692308 0.9278846153846154 0.33413461538461536 0.6899038461538461 0.33413461538461536
11 0.6899038461538461 0.22596153846153846 0.9278846153846154 0.22596153846153846 0.9278846153846154 0.3245192307692308 0.6899038461538461 0.3245192307692308
11 0.6899038461538461 0.33413461538461536 0.9278846153846154 0.33413461538461536 0.9278846153846154 0.40384615384615385 0.6899038461538461 0.40384615384615385
11 0.06971153846153846 0.41346153846153844 0.9278846153846154 0.41346153846153844 0.9278846153846154 0.4879807692307692 0.06971153846153846 0.4879807692307692
11 0.06971153846153846 0.4951923076923077 0.9278846153846154 0.4951923076923077 0.9278846153846154 0.5625 0.06971153846153846 0.5625
11 0.06971153846153846 0.5697115384615384 0.9278846153846154 0.5697115384615384 0.9278846153846154 0.6418269230769231 0.06971153846153846 0.6418269230769231
11 0.06971153846153846 0.6490384615384616 0.9278846153846154 0.6490384615384616 0.9278846153846154 0.7403846153846154 0.06971153846153846 0.7403846153846154
2 0.06971153846153846 0.22596153846153846 0.9302884615384616 0.22596153846153846 0.9302884615384616 0.8653846153846154 0.06971153846153846 0.8653846153846154
7 0.33413461538461536 0.5600961538461539 0.4423076923076923 0.5600961538461539 0.4423076923076923 0.8966346153846154 0.33413461538461536 0.8966346153846154
7 0.6153846153846154 0.4110576923076923 0.84375 0.4110576923076923 0.84375 0.8990384615384616 0.6153846153846154 0.8990384615384616
7 0.6225961538461539 0.7379807692307693 0.6899038461538461 0.7379807692307693 0.6899038461538461 0.8798076923076923 0.6225961538461539 0.8798076923076923
7 0.7259615384615384 0.7259615384615384 0.8076923076923077 0.7259615384615384 0.8076923076923077 0.8822115384615384 0.7259615384615384 0.8822115384615384
15 0.06971153846153846 0.7475961538461539 0.9278846153846154 0.7475961538461539 0.9278846153846154 0.8653846153846154 0.06971153846153846 0.8653846153846154