12 0.37740384615384615 0.9903846153846154 0.4807692307692308 0.9903846153846154 0.4807692307692308 0.9975961538461539 0.37740384615384615 0.9975961538461539
10 0.3004807692307692 0.24759615384615385 0.5745192307692307 0.24759615384615385 0.5745192307692307 1 0.3004807692307692 1
12 0.37740384615384615 0.9591346153846154 0.4807692307692308 0.9591346153846154 0.4807692307692308 0.9663461538461539 0.37740384615384615 0.9663461538461539
12 0.37740384615384615 0.9278846153846154 0.4807692307692308 0.9278846153846154 0.4807692307692308 0.9350961538461539 0.37740384615384615 0.9350961538461539
12 0.37740384615384615 0.8966346153846154 0.4807692307692308 0.8966346153846154 0.4807692307692308 0.9038461538461539 0.37740384615384615 0.9038461538461539
12 0.37740384615384615 0.8629807692307693 0.4807692307692308 0.8629807692307693 0.4807692307692308 0.8701923076923077 0.37740384615384615 0.8701923076923077
12 0.37740384615384615 0.8341346153846154 0.4807692307692308 0.8341346153846154 0.4807692307692308 0.8413461538461539 0.37740384615384615 0.8413461538461539
12 0.37740384615384615 0.8004807692307693 0.4807692307692308 0.8004807692307693 0.4807692307692308 0.8076923076923077 0.37740384615384615 0.8076923076923077
12 0.37740384615384615 0.7692307692307693 0.4807692307692308 0.7692307692307693 0.4807692307692308 0.7764423076923077 0.37740384615384615 0.7764423076923077
12 0.37740384615384615 0.7355769230769231 0.4807692307692308 0.7355769230769231 0.4807692307692308 0.7427884615384616 0.37740384615384615 0.7427884615384616
12 0.37740384615384615 0.7043269230769231 0.4807692307692308 0.7043269230769231 0.4807692307692308 0.7115384615384616 0.37740384615384615 0.7115384615384616
12 0.37740384615384615 0.6730769230769231 0.4807692307692308 0.6730769230769231 0.4807692307692308 0.6802884615384616 0.37740384615384615 0.6802884615384616
12 0.37740384615384615 0.6394230769230769 0.4807692307692308 0.6394230769230769 0.4807692307692308 0.6466346153846154 0.37740384615384615 0.6466346153846154
12 0.37740384615384615 0.6081730769230769 0.4807692307692308 0.6081730769230769 0.4807692307692308 0.6153846153846154 0.37740384615384615 0.6153846153846154
12 0.37740384615384615 0.5745192307692307 0.4807692307692308 0.5745192307692307 0.4807692307692308 0.5817307692307693 0.37740384615384615 0.5817307692307693
12 0.37740384615384615 0.5432692307692307 0.4807692307692308 0.5432692307692307 0.4807692307692308 0.5504807692307693 0.37740384615384615 0.5504807692307693
12 0.37740384615384615 0.5144230769230769 0.4807692307692308 0.5144230769230769 0.4807692307692308 0.5216346153846154 0.37740384615384615 0.5216346153846154
12 0.37740384615384615 0.4831730769230769 0.4807692307692308 0.4831730769230769 0.4807692307692308 0.49038461538461536 0.37740384615384615 0.49038461538461536
12 0.37740384615384615 0.4495192307692308 0.4807692307692308 0.4495192307692308 0.4807692307692308 0.4567307692307692 0.37740384615384615 0.4567307692307692
12 0.37740384615384615 0.4206730769230769 0.4807692307692308 0.4206730769230769 0.4807692307692308 0.42788461538461536 0.37740384615384615 0.42788461538461536
12 0.37740384615384615 0.3942307692307692 0.4807692307692308 0.3942307692307692 0.4807692307692308 0.4014423076923077 0.37740384615384615 0.4014423076923077
12 0.37740384615384615 0.3605769230769231 0.4807692307692308 0.3605769230769231 0.4807692307692308 0.36778846153846156 0.37740384615384615 0.36778846153846156
12 0.37740384615384615 0.33413461538461536 0.4807692307692308 0.33413461538461536 0.4807692307692308 0.34134615384615385 0.37740384615384615 0.34134615384615385
12 0.37740384615384615 0.30288461538461536 0.4807692307692308 0.30288461538461536 0.4807692307692308 0.31009615384615385 0.37740384615384615 0.31009615384615385
12 0.37740384615384615 0.2764423076923077 0.4807692307692308 0.2764423076923077 0.4807692307692308 0.28365384615384615 0.37740384615384615 0.28365384615384615
11 0.37740384615384615 0.9951923076923077 0.47836538461538464 0.9951923076923077 0.47836538461538464 1 0.37740384615384615 1
12 0.37740384615384615 0.14423076923076922 0.4807692307692308 0.14423076923076922 0.4807692307692308 0.15144230769230768 0.37740384615384615 0.15144230769230768
11 0.37740384615384615 0.28125 0.4807692307692308 0.28125 0.4807692307692308 0.30288461538461536 0.37740384615384615 0.30288461538461536
11 0.37740384615384615 0.31009615384615385 0.4807692307692308 0.31009615384615385 0.4807692307692308 0.33413461538461536 0.37740384615384615 0.33413461538461536
11 0.37740384615384615 0.3389423076923077 0.4807692307692308 0.3389423076923077 0.4807692307692308 0.3605769230769231 0.37740384615384615 0.3605769230769231
11 0.37740384615384615 0.36778846153846156 0.4807692307692308 0.36778846153846156 0.4807692307692308 0.3942307692307692 0.37740384615384615 0.3942307692307692
11 0.37740384615384615 0.39903846153846156 0.4807692307692308 0.39903846153846156 0.4807692307692308 0.4206730769230769 0.37740384615384615 0.4206730769230769
11 0.37740384615384615 0.42788461538461536 0.4807692307692308 0.42788461538461536 0.4807692307692308 0.4495192307692308 0.37740384615384615 0.4495192307692308
11 0.37740384615384615 0.4567307692307692 0.4807692307692308 0.4567307692307692 0.4807692307692308 0.4807692307692308 0.37740384615384615 0.4807692307692308
11 0.37740384615384615 0.4879807692307692 0.4807692307692308 0.4879807692307692 0.4807692307692308 0.5144230769230769 0.37740384615384615 0.5144230769230769
11 0.37740384615384615 0.5192307692307693 0.4807692307692308 0.5192307692307693 0.4807692307692308 0.5432692307692307 0.37740384615384615 0.5432692307692307
11 0.37740384615384615 0.5504807692307693 0.4807692307692308 0.5504807692307693 0.4807692307692308 0.5745192307692307 0.37740384615384615 0.5745192307692307
11 0.37740384615384615 0.5817307692307693 0.4807692307692308 0.5817307692307693 0.4807692307692308 0.6057692307692307 0.37740384615384615 0.6057692307692307
11 0.37740384615384615 0.6129807692307693 0.4807692307692308 0.6129807692307693 0.4807692307692308 0.6394230769230769 0.37740384615384615 0.6394230769230769
11 0.37740384615384615 0.6466346153846154 0.4807692307692308 0.6466346153846154 0.4807692307692308 0.6730769230769231 0.37740384615384615 0.6730769230769231
11 0.37740384615384615 0.6778846153846154 0.4807692307692308 0.6778846153846154 0.4807692307692308 0.7043269230769231 0.37740384615384615 0.7043269230769231
11 0.37740384615384615 0.7091346153846154 0.4807692307692308 0.7091346153846154 0.4807692307692308 0.7355769230769231 0.37740384615384615 0.7355769230769231
11 0.37740384615384615 0.7427884615384616 0.4807692307692308 0.7427884615384616 0.4807692307692308 0.7692307692307693 0.37740384615384615 0.7692307692307693
11 0.37740384615384615 0.7740384615384616 0.4807692307692308 0.7740384615384616 0.4807692307692308 0.8004807692307693 0.37740384615384615 0.8004807692307693
11 0.37740384615384615 0.8076923076923077 0.4807692307692308 0.8076923076923077 0.4807692307692308 0.8341346153846154 0.37740384615384615 0.8341346153846154
11 0.37740384615384615 0.8413461538461539 0.4807692307692308 0.8413461538461539 0.4807692307692308 0.8629807692307693 0.37740384615384615 0.8629807692307693
11 0.37740384615384615 0.8701923076923077 0.4807692307692308 0.8701923076923077 0.4807692307692308 0.8966346153846154 0.37740384615384615 0.8966346153846154
11 0.37740384615384615 0.9038461538461539 0.4807692307692308 0.9038461538461539 0.4807692307692308 0.9278846153846154 0.37740384615384615 0.9278846153846154
11 0.37740384615384615 0.9350961538461539 0.4807692307692308 0.9350961538461539 0.4807692307692308 0.9591346153846154 0.37740384615384615 0.9591346153846154
11 0.37740384615384615 0.9663461538461539 0.4807692307692308 0.9663461538461539 0.4807692307692308 0.9903846153846154 0.37740384615384615 0.9903846153846154
2 0.19230769230769232 0.07451923076923077 0.6971153846153846 0.07451923076923077 0.6971153846153846 1 0.19230769230769232 1
7 0.2764423076923077 0.16105769230769232 0.6105769230769231 0.16105769230769232 0.6105769230769231 0.27884615384615385 0.2764423076923077 0.27884615384615385
12 0.37740384615384615 0.24759615384615385 0.4807692307692308 0.24759615384615385 0.4807692307692308 0.2548076923076923 0.37740384615384615 0.2548076923076923
12 0.37740384615384615 0.2091346153846154 0.4807692307692308 0.2091346153846154 0.4807692307692308 0.21634615384615385 0.37740384615384615 0.21634615384615385
12 0.37740384615384615 0.17307692307692307 0.4807692307692308 0.17307692307692307 0.4807692307692308 0.18028846153846154 0.37740384615384615 0.18028846153846154
11 0.37740384615384615 0.2548076923076923 0.4807692307692308 0.2548076923076923 0.4807692307692308 0.27403846153846156 0.37740384615384615 0.27403846153846156
11 0.37740384615384615 0.21634615384615385 0.4807692307692308 0.21634615384615385 0.4807692307692308 0.24759615384615385 0.37740384615384615 0.24759615384615385
11 0.37740384615384615 0.18028846153846154 0.4807692307692308 0.18028846153846154 0.4807692307692308 0.2091346153846154 0.37740384615384615 0.2091346153846154
11 0.37740384615384615 0.15144230769230768 0.4807692307692308 0.15144230769230768 0.4807692307692308 0.17307692307692307 0.37740384615384615 0.17307692307692307
22 0.37740384615384615 0.07451923076923077 0.4807692307692308 0.07451923076923077 0.4807692307692308 0.14423076923076922 0.37740384615384615 0.14423076923076922