8 0.43509615384615385 0.7620192307692307 0.47596153846153844 0.7620192307692307 0.47596153846153844 0.8509615384615384 0.43509615384615385 0.8509615384615384
23 0.7355769230769231 0.6418269230769231 0.7668269230769231 0.6418269230769231 0.7668269230769231 0.6947115384615384 0.7355769230769231 0.6947115384615384
23 0.5432692307692307 0.625 0.5745192307692307 0.625 0.5745192307692307 0.6826923076923077 0.5432692307692307 0.6826923076923077
23 0.43509615384615385 0.625 0.46875 0.625 0.46875 0.6826923076923077 0.43509615384615385 0.6826923076923077
23 0.25240384615384615 0.6490384615384616 0.28125 0.6490384615384616 0.28125 0.6995192307692307 0.25240384615384615 0.6995192307692307
23 0.4879807692307692 0.42788461538461536 0.5144230769230769 0.42788461538461536 0.5144230769230769 0.4735576923076923 0.4879807692307692 0.4735576923076923
23 0.7283653846153846 0.40625 0.7427884615384616 0.40625 0.7427884615384616 0.42788461538461536 0.7283653846153846 0.42788461538461536
23 0.2668269230769231 0.4110576923076923 0.28365384615384615 0.4110576923076923 0.28365384615384615 0.43028846153846156 0.2668269230769231 0.43028846153846156
23 0.49038461538461536 0.25961538461538464 0.5048076923076923 0.25961538461538464 0.5048076923076923 0.27884615384615385 0.49038461538461536 0.27884615384615385
19 0.23798076923076922 0.3389423076923077 0.3125 0.3389423076923077 0.3125 0.39903846153846156 0.23798076923076922 0.39903846153846156
19 0.14903846153846154 0.46153846153846156 0.34615384615384615 0.46153846153846156 0.34615384615384615 0.5817307692307693 0.14903846153846154 0.5817307692307693
19 0.34375 0.47836538461538464 0.6634615384615384 0.47836538461538464 0.6634615384615384 0.5649038461538461 0.34375 0.5649038461538461
19 0.38221153846153844 0.30528846153846156 0.6201923076923077 0.30528846153846156 0.6201923076923077 0.40384615384615385 0.38221153846153844 0.40384615384615385
19 0.6995192307692307 0.3389423076923077 0.7692307692307693 0.3389423076923077 0.7692307692307693 0.3918269230769231 0.6995192307692307 0.3918269230769231
19 0.6538461538461539 0.4519230769230769 0.8774038461538461 0.4519230769230769 0.8774038461538461 0.5769230769230769 0.6538461538461539 0.5769230769230769
11 0.24278846153846154 0.4014423076923077 0.3125 0.4014423076923077 0.3125 0.6081730769230769 0.24278846153846154 0.6081730769230769
22 0.4567307692307692 0.23076923076923078 0.5360576923076923 0.23076923076923078 0.5360576923076923 0.3942307692307692 0.4567307692307692 0.3942307692307692
10 0.16346153846153846 0.5649038461538461 0.8677884615384616 0.5649038461538461 0.8677884615384616 0.8870192307692307 0.16346153846153846 0.8870192307692307
11 0.3942307692307692 0.4110576923076923 0.6081730769230769 0.4110576923076923 0.6081730769230769 0.6057692307692307 0.3942307692307692 0.6057692307692307
11 0.6947115384615384 0.3918269230769231 0.7692307692307693 0.3918269230769231 0.7692307692307693 0.6057692307692307 0.6947115384615384 0.6057692307692307
12 0.16346153846153846 0.5889423076923077 0.8677884615384616 0.5889423076923077 0.8677884615384616 0.6057692307692307 0.16346153846153846 0.6057692307692307
12 0.3942307692307692 0.3942307692307692 0.6081730769230769 0.3942307692307692 0.6081730769230769 0.4110576923076923 0.3942307692307692 0.4110576923076923
19 0.4519230769230769 0.16346153846153846 0.5432692307692307 0.16346153846153846 0.5432692307692307 0.23076923076923078 0.4519230769230769 0.23076923076923078
2 0.14903846153846154 0.16346153846153846 0.9182692307692307 0.16346153846153846 0.9182692307692307 0.8870192307692307 0.14903846153846154 0.8870192307692307
15 0.16346153846153846 0.6057692307692307 0.8677884615384616 0.6057692307692307 0.8677884615384616 0.8870192307692307 0.16346153846153846 0.8870192307692307