23 0.24759615384615385 0.25 0.27163461538461536 0.25 0.27163461538461536 0.33653846153846156 0.24759615384615385 0.33653846153846156
25 0.2403846153846154 0.24278846153846154 0.27884615384615385 0.24278846153846154 0.27884615384615385 0.375 0.2403846153846154 0.375
23 0.3004807692307692 0.5264423076923077 0.3293269230769231 0.5264423076923077 0.3293269230769231 0.6346153846153846 0.3004807692307692 0.6346153846153846
24 0.29086538461538464 0.5192307692307693 0.3317307692307692 0.5192307692307693 0.3317307692307692 0.6370192307692307 0.29086538461538464 0.6370192307692307
25 0.2692307692307692 0.45913461538461536 0.34134615384615385 0.45913461538461536 0.34134615384615385 0.6899038461538461 0.2692307692307692 0.6899038461538461
25 0.21153846153846154 0.47596153846153844 0.27163461538461536 0.47596153846153844 0.27163461538461536 0.6850961538461539 0.21153846153846154 0.6850961538461539
25 0.16346153846153846 0.49278846153846156 0.21394230769230768 0.49278846153846156 0.21394230769230768 0.6826923076923077 0.16346153846153846 0.6826923076923077
23 0.23557692307692307 0.5360576923076923 0.25721153846153844 0.5360576923076923 0.25721153846153844 0.6370192307692307 0.23557692307692307 0.6370192307692307
24 0.2283653846153846 0.53125 0.25961538461538464 0.53125 0.25961538461538464 0.6370192307692307 0.2283653846153846 0.6370192307692307
23 0.18509615384615385 0.5456730769230769 0.20192307692307693 0.5456730769230769 0.20192307692307693 0.6370192307692307 0.18509615384615385 0.6370192307692307
24 0.1778846153846154 0.5432692307692307 0.20432692307692307 0.5432692307692307 0.20432692307692307 0.6394230769230769 0.1778846153846154 0.6394230769230769
1 0.3269230769230769 0.5168269230769231 0.35336538461538464 0.5168269230769231 0.35336538461538464 0.6370192307692307 0.3269230769230769 0.6370192307692307
1 0.27163461538461536 0.5264423076923077 0.29086538461538464 0.5264423076923077 0.29086538461538464 0.6370192307692307 0.27163461538461536 0.6370192307692307
1 0.25721153846153844 0.53125 0.27163461538461536 0.53125 0.27163461538461536 0.6394230769230769 0.25721153846153844 0.6394230769230769
1 0.21394230769230768 0.5384615384615384 0.2283653846153846 0.5384615384615384 0.2283653846153846 0.6418269230769231 0.21394230769230768 0.6418269230769231
1 0.20192307692307693 0.5408653846153846 0.21394230769230768 0.5408653846153846 0.21394230769230768 0.6418269230769231 0.20192307692307693 0.6418269230769231
1 0.1658653846153846 0.5456730769230769 0.1778846153846154 0.5456730769230769 0.1778846153846154 0.6442307692307693 0.1658653846153846 0.6442307692307693
19 0.15144230769230768 0.3485576923076923 0.3004807692307692 0.3485576923076923 0.3004807692307692 0.4326923076923077 0.15144230769230768 0.4326923076923077
2 0.0889423076923077 0.021634615384615384 0.9158653846153846 0.021634615384615384 0.9158653846153846 0.8798076923076923 0.0889423076923077 0.8798076923076923
4 0.2692307692307692 0.45913461538461536 0.34134615384615385 0.45913461538461536 0.34134615384615385 0.49759615384615385 0.2692307692307692 0.49759615384615385
4 0.21153846153846154 0.47596153846153844 0.2692307692307692 0.47596153846153844 0.2692307692307692 0.5096153846153846 0.21153846153846154 0.5096153846153846
4 0.16346153846153846 0.49278846153846156 0.21153846153846154 0.49278846153846156 0.21153846153846154 0.5192307692307693 0.16346153846153846 0.5192307692307693
7 0.1875 0.8004807692307693 0.31009615384615385 0.8004807692307693 0.31009615384615385 0.8653846153846154 0.1875 0.8653846153846154
12 0.10096153846153846 0.36538461538461536 0.3581730769230769 0.36538461538461536 0.3581730769230769 0.46875 0.10096153846153846 0.46875
10 0.13221153846153846 0.3798076923076923 0.3581730769230769 0.3798076923076923 0.3581730769230769 0.8677884615384616 0.13221153846153846 0.8677884615384616
22 0.1346153846153846 0.1778846153846154 0.3245192307692308 0.1778846153846154 0.3245192307692308 0.44471153846153844 0.1346153846153846 0.44471153846153844
7 0.5144230769230769 0.6057692307692307 0.5600961538461539 0.6057692307692307 0.5600961538461539 0.8894230769230769 0.5144230769230769 0.8894230769230769
19 0.0889423076923077 0.021634615384615384 0.9158653846153846 0.021634615384615384 0.9158653846153846 0.5528846153846154 0.0889423076923077 0.5528846153846154
7 0.6923076923076923 0.7692307692307693 0.7740384615384616 0.7692307692307693 0.7740384615384616 0.8197115384615384 0.6923076923076923 0.8197115384615384
15 0.12980769230769232 0.3798076923076923 0.3581730769230769 0.3798076923076923 0.3581730769230769 0.8004807692307693 0.12980769230769232 0.8004807692307693