23 0.6201923076923077 0.5576923076923077 0.6634615384615384 0.5576923076923077 0.6634615384615384 0.6514423076923077 0.6201923076923077 0.6514423076923077
23 0.4326923076923077 0.5625 0.47596153846153844 0.5625 0.47596153846153844 0.65625 0.4326923076923077 0.65625
23 0.5264423076923077 0.5600961538461539 0.5697115384615384 0.5600961538461539 0.5697115384615384 0.6538461538461539 0.5264423076923077 0.6538461538461539
25 0.6009615384615384 0.5 0.6778846153846154 0.5 0.6778846153846154 0.6754807692307693 0.6009615384615384 0.6754807692307693
25 0.31971153846153844 0.5048076923076923 0.39663461538461536 0.5048076923076923 0.39663461538461536 0.6802884615384616 0.31971153846153844 0.6802884615384616
25 0.41346153846153844 0.5048076923076923 0.49038461538461536 0.5048076923076923 0.49038461538461536 0.6778846153846154 0.41346153846153844 0.6778846153846154
25 0.5072115384615384 0.5024038461538461 0.5841346153846154 0.5024038461538461 0.5841346153846154 0.6778846153846154 0.5072115384615384 0.6778846153846154
19 0.1201923076923077 0.6730769230769231 0.7596153846153846 0.6730769230769231 0.7596153846153846 0.7091346153846154 0.1201923076923077 0.7091346153846154
19 0.17548076923076922 0.0985576923076923 0.8269230769230769 0.0985576923076923 0.8269230769230769 0.5913461538461539 0.17548076923076922 0.5913461538461539
19 0.7307692307692307 0.5817307692307693 0.9975961538461539 0.5817307692307693 0.9975961538461539 0.7572115384615384 0.7307692307692307 0.7572115384615384
17 0.15865384615384615 0.7211538461538461 0.17548076923076922 0.7211538461538461 0.17548076923076922 0.9014423076923077 0.15865384615384615 0.9014423076923077
17 0.3798076923076923 0.7211538461538461 0.3942307692307692 0.7211538461538461 0.3942307692307692 0.9038461538461539 0.3798076923076923 0.9038461538461539
17 0.2692307692307692 0.7211538461538461 0.28365384615384615 0.7211538461538461 0.28365384615384615 0.90625 0.2692307692307692 0.90625
17 0.49278846153846156 0.71875 0.5048076923076923 0.71875 0.5048076923076923 0.9014423076923077 0.49278846153846156 0.9014423076923077
17 0.6033653846153846 0.7163461538461539 0.6177884615384616 0.7163461538461539 0.6177884615384616 0.9014423076923077 0.6033653846153846 0.9014423076923077
17 0.7163461538461539 0.7163461538461539 0.7307692307692307 0.7163461538461539 0.7307692307692307 0.8990384615384616 0.7163461538461539 0.8990384615384616
17 0.78125 0.7475961538461539 0.7956730769230769 0.7475961538461539 0.7956730769230769 0.8894230769230769 0.78125 0.8894230769230769
16 0.31971153846153844 0.39903846153846156 0.6754807692307693 0.39903846153846156 0.6754807692307693 0.4831730769230769 0.31971153846153844 0.4831730769230769
1 0.38221153846153844 0.5625 0.40384615384615385 0.5625 0.40384615384615385 0.65625 0.38221153846153844 0.65625
1 0.31490384615384615 0.5625 0.3389423076923077 0.5625 0.3389423076923077 0.65625 0.31490384615384615 0.65625
1 0.6634615384615384 0.5576923076923077 0.6850961538461539 0.5576923076923077 0.6850961538461539 0.6514423076923077 0.6634615384615384 0.6514423076923077
1 0.5961538461538461 0.5576923076923077 0.6201923076923077 0.5576923076923077 0.6201923076923077 0.6514423076923077 0.5961538461538461 0.6514423076923077
1 0.5024038461538461 0.5600961538461539 0.5240384615384616 0.5600961538461539 0.5240384615384616 0.6538461538461539 0.5024038461538461 0.6538461538461539
1 0.5697115384615384 0.5576923076923077 0.5913461538461539 0.5576923076923077 0.5913461538461539 0.6538461538461539 0.5697115384615384 0.6538461538461539
1 0.4735576923076923 0.5600961538461539 0.49759615384615385 0.5600961538461539 0.49759615384615385 0.65625 0.4735576923076923 0.65625
1 0.40625 0.5625 0.43028846153846156 0.5625 0.43028846153846156 0.65625 0.40625 0.65625
8 0.7139423076923077 0.7620192307692307 0.7427884615384616 0.7620192307692307 0.7427884615384616 0.8774038461538461 0.7139423076923077 0.8774038461538461
23 0.3389423076923077 0.5625 0.38221153846153844 0.5625 0.38221153846153844 0.65625 0.3389423076923077 0.65625
10 0.2692307692307692 0.41586538461538464 0.7283653846153846 0.41586538461538464 0.7283653846153846 0.9399038461538461 0.2692307692307692 0.9399038461538461
12 0.2692307692307692 0.6850961538461539 0.8990384615384616 0.6850961538461539 0.8990384615384616 0.6995192307692307 0.2692307692307692 0.6995192307692307
15 0.2692307692307692 0.6995192307692307 0.8990384615384616 0.6995192307692307 0.8990384615384616 0.9399038461538461 0.2692307692307692 0.9399038461538461
0 0.47596153846153844 0.014423076923076924 0.4951923076923077 0.014423076923076924 0.4951923076923077 0.10096153846153846 0.47596153846153844 0.10096153846153846
2 0.1201923076923077 0.014423076923076924 0.9975961538461539 0.014423076923076924 0.9975961538461539 0.9399038461538461 0.1201923076923077 0.9399038461538461
22 0.2692307692307692 0.41586538461538464 0.7283653846153846 0.41586538461538464 0.7283653846153846 0.6850961538461539 0.2692307692307692 0.6850961538461539