23 0.5408653846153846 0.1971153846153846 0.5697115384615384 0.1971153846153846 0.5697115384615384 0.24278846153846154 0.5408653846153846 0.24278846153846154
23 0.6105769230769231 0.2548076923076923 0.6298076923076923 0.2548076923076923 0.6298076923076923 0.28365384615384615 0.6105769230769231 0.28365384615384615
23 0.5649038461538461 0.3245192307692308 0.5889423076923077 0.3245192307692308 0.5889423076923077 0.3629807692307692 0.5649038461538461 0.3629807692307692
23 0.5384615384615384 0.40865384615384615 0.5673076923076923 0.40865384615384615 0.5673076923076923 0.4567307692307692 0.5384615384615384 0.4567307692307692
23 0.5865384615384616 0.4254807692307692 0.6153846153846154 0.4254807692307692 0.6153846153846154 0.4735576923076923 0.5865384615384616 0.4735576923076923
23 0.625 0.40625 0.6538461538461539 0.40625 0.6538461538461539 0.4567307692307692 0.625 0.4567307692307692
23 0.6802884615384616 0.3317307692307692 0.6947115384615384 0.3317307692307692 0.6947115384615384 0.3581730769230769 0.6802884615384616 0.3581730769230769
23 0.7355769230769231 0.3293269230769231 0.75 0.3293269230769231 0.75 0.3605769230769231 0.7355769230769231 0.3605769230769231
23 0.7860576923076923 0.3269230769230769 0.8076923076923077 0.3269230769230769 0.8076923076923077 0.36538461538461536 0.7860576923076923 0.36538461538461536
23 0.7908653846153846 0.25721153846153844 0.8028846153846154 0.25721153846153844 0.8028846153846154 0.28365384615384615 0.7908653846153846 0.28365384615384615
23 0.6850961538461539 0.43509615384615385 0.6971153846153846 0.43509615384615385 0.6971153846153846 0.45913461538461536 0.6850961538461539 0.45913461538461536
23 0.5336538461538461 0.5120192307692307 0.5625 0.5120192307692307 0.5625 0.5649038461538461 0.5336538461538461 0.5649038461538461
23 0.5913461538461539 0.5024038461538461 0.6081730769230769 0.5024038461538461 0.6081730769230769 0.5336538461538461 0.5913461538461539 0.5336538461538461
23 0.6177884615384616 0.49278846153846156 0.6466346153846154 0.49278846153846156 0.6466346153846154 0.5432692307692307 0.6177884615384616 0.5432692307692307
23 0.6706730769230769 0.5 0.6850961538461539 0.5 0.6850961538461539 0.5240384615384616 0.6706730769230769 0.5240384615384616
23 0.5336538461538461 0.5961538461538461 0.5625 0.5961538461538461 0.5625 0.6466346153846154 0.5336538461538461 0.6466346153846154
23 0.5721153846153846 0.5504807692307693 0.6009615384615384 0.5504807692307693 0.6009615384615384 0.6009615384615384 0.5721153846153846 0.6009615384615384
23 0.6153846153846154 0.5600961538461539 0.6394230769230769 0.5600961538461539 0.6394230769230769 0.6009615384615384 0.6153846153846154 0.6009615384615384
23 0.65625 0.5408653846153846 0.6802884615384616 0.5408653846153846 0.6802884615384616 0.5841346153846154 0.65625 0.5841346153846154
23 0.6995192307692307 0.5408653846153846 0.71875 0.5408653846153846 0.71875 0.5721153846153846 0.6995192307692307 0.5721153846153846
23 0.5793269230769231 0.6129807692307693 0.6081730769230769 0.6129807692307693 0.6081730769230769 0.6634615384615384 0.5793269230769231 0.6634615384615384
23 0.625 0.6129807692307693 0.6442307692307693 0.6129807692307693 0.6442307692307693 0.6466346153846154 0.625 0.6466346153846154
23 0.65625 0.6129807692307693 0.6850961538461539 0.6129807692307693 0.6850961538461539 0.6634615384615384 0.65625 0.6634615384615384
23 0.6923076923076923 0.5865384615384616 0.7163461538461539 0.5865384615384616 0.7163461538461539 0.6274038461538461 0.6923076923076923 0.6274038461538461
23 0.7259615384615384 0.6225961538461539 0.7451923076923077 0.6225961538461539 0.7451923076923077 0.6538461538461539 0.7259615384615384 0.6538461538461539
23 0.6177884615384616 0.6923076923076923 0.6466346153846154 0.6923076923076923 0.6466346153846154 0.7403846153846154 0.6177884615384616 0.7403846153846154
23 0.5336538461538461 0.6899038461538461 0.5649038461538461 0.6899038461538461 0.5649038461538461 0.7427884615384616 0.5336538461538461 0.7427884615384616
23 0.6730769230769231 0.7067307692307693 0.6899038461538461 0.7067307692307693 0.6899038461538461 0.7379807692307693 0.6730769230769231 0.7379807692307693
23 0.8725961538461539 0.5793269230769231 0.8894230769230769 0.5793269230769231 0.8894230769230769 0.6105769230769231 0.8725961538461539 0.6105769230769231
23 0.8125 0.5408653846153846 0.8245192307692307 0.5408653846153846 0.8245192307692307 0.5600961538461539 0.8125 0.5600961538461539
23 0.7908653846153846 0.4014423076923077 0.8052884615384616 0.4014423076923077 0.8052884615384616 0.43028846153846156 0.7908653846153846 0.43028846153846156
23 0.8293269230769231 0.4254807692307692 0.8557692307692307 0.4254807692307692 0.8557692307692307 0.47115384615384615 0.8293269230769231 0.47115384615384615
23 0.8341346153846154 0.5024038461538461 0.8557692307692307 0.5024038461538461 0.8557692307692307 0.5408653846153846 0.8341346153846154 0.5408653846153846
23 0.8677884615384616 0.5120192307692307 0.8942307692307693 0.5120192307692307 0.8942307692307693 0.5625 0.8677884615384616 0.5625
23 0.8677884615384616 0.40865384615384615 0.8942307692307693 0.40865384615384615 0.8942307692307693 0.45913461538461536 0.8677884615384616 0.45913461538461536
23 0.8293269230769231 0.18269230769230768 0.8485576923076923 0.18269230769230768 0.8485576923076923 0.21875 0.8293269230769231 0.21875
23 0.8629807692307693 0.23798076923076922 0.8894230769230769 0.23798076923076922 0.8894230769230769 0.28125 0.8629807692307693 0.28125
23 0.8461538461538461 0.3317307692307692 0.8605769230769231 0.3317307692307692 0.8605769230769231 0.3605769230769231 0.8461538461538461 0.3605769230769231
23 0.5721153846153846 0.7067307692307693 0.6009615384615384 0.7067307692307693 0.6009615384615384 0.7572115384615384 0.5721153846153846 0.7572115384615384
23 0.8389423076923077 0.7067307692307693 0.8653846153846154 0.7067307692307693 0.8653846153846154 0.7548076923076923 0.8389423076923077 0.7548076923076923
8 0.71875 0.71875 0.7403846153846154 0.71875 0.7403846153846154 0.7572115384615384 0.71875 0.7572115384615384
2 0.45913461538461536 0.15384615384615385 0.90625 0.15384615384615385 0.90625 0.7692307692307693 0.45913461538461536 0.7692307692307693
10 0.5264423076923077 0.15384615384615385 0.90625 0.15384615384615385 0.90625 0.7596153846153846 0.5264423076923077 0.7596153846153846
23 0.5408653846153846 0.1971153846153846 0.5697115384615384 0.1971153846153846 0.5697115384615384 0.24278846153846154 0.5408653846153846 0.24278846153846154
23 0.6105769230769231 0.2548076923076923 0.6298076923076923 0.2548076923076923 0.6298076923076923 0.28365384615384615 0.6105769230769231 0.28365384615384615
23 0.5649038461538461 0.3245192307692308 0.5889423076923077 0.3245192307692308 0.5889423076923077 0.3629807692307692 0.5649038461538461 0.3629807692307692
23 0.5384615384615384 0.40865384615384615 0.5673076923076923 0.40865384615384615 0.5673076923076923 0.4567307692307692 0.5384615384615384 0.4567307692307692
23 0.5865384615384616 0.4254807692307692 0.6153846153846154 0.4254807692307692 0.6153846153846154 0.4735576923076923 0.5865384615384616 0.4735576923076923
23 0.625 0.40625 0.6538461538461539 0.40625 0.6538461538461539 0.4567307692307692 0.625 0.4567307692307692
23 0.6802884615384616 0.3317307692307692 0.6947115384615384 0.3317307692307692 0.6947115384615384 0.3581730769230769 0.6802884615384616 0.3581730769230769
23 0.7355769230769231 0.3293269230769231 0.75 0.3293269230769231 0.75 0.3605769230769231 0.7355769230769231 0.3605769230769231
23 0.7860576923076923 0.3269230769230769 0.8076923076923077 0.3269230769230769 0.8076923076923077 0.36538461538461536 0.7860576923076923 0.36538461538461536
23 0.7908653846153846 0.25721153846153844 0.8028846153846154 0.25721153846153844 0.8028846153846154 0.28365384615384615 0.7908653846153846 0.28365384615384615
23 0.6850961538461539 0.43509615384615385 0.6971153846153846 0.43509615384615385 0.6971153846153846 0.45913461538461536 0.6850961538461539 0.45913461538461536
23 0.5336538461538461 0.5120192307692307 0.5625 0.5120192307692307 0.5625 0.5649038461538461 0.5336538461538461 0.5649038461538461
23 0.5913461538461539 0.5024038461538461 0.6081730769230769 0.5024038461538461 0.6081730769230769 0.5336538461538461 0.5913461538461539 0.5336538461538461
23 0.6177884615384616 0.49278846153846156 0.6466346153846154 0.49278846153846156 0.6466346153846154 0.5432692307692307 0.6177884615384616 0.5432692307692307
23 0.6706730769230769 0.5 0.6850961538461539 0.5 0.6850961538461539 0.5240384615384616 0.6706730769230769 0.5240384615384616
23 0.5336538461538461 0.5961538461538461 0.5625 0.5961538461538461 0.5625 0.6466346153846154 0.5336538461538461 0.6466346153846154
23 0.5721153846153846 0.5504807692307693 0.6009615384615384 0.5504807692307693 0.6009615384615384 0.6009615384615384 0.5721153846153846 0.6009615384615384
23 0.6153846153846154 0.5600961538461539 0.6394230769230769 0.5600961538461539 0.6394230769230769 0.6009615384615384 0.6153846153846154 0.6009615384615384
23 0.65625 0.5408653846153846 0.6802884615384616 0.5408653846153846 0.6802884615384616 0.5841346153846154 0.65625 0.5841346153846154
23 0.6995192307692307 0.5408653846153846 0.71875 0.5408653846153846 0.71875 0.5721153846153846 0.6995192307692307 0.5721153846153846
23 0.5793269230769231 0.6129807692307693 0.6081730769230769 0.6129807692307693 0.6081730769230769 0.6634615384615384 0.5793269230769231 0.6634615384615384
23 0.625 0.6129807692307693 0.6442307692307693 0.6129807692307693 0.6442307692307693 0.6466346153846154 0.625 0.6466346153846154
23 0.65625 0.6129807692307693 0.6850961538461539 0.6129807692307693 0.6850961538461539 0.6634615384615384 0.65625 0.6634615384615384
23 0.6923076923076923 0.5865384615384616 0.7163461538461539 0.5865384615384616 0.7163461538461539 0.6274038461538461 0.6923076923076923 0.6274038461538461
23 0.7259615384615384 0.6225961538461539 0.7451923076923077 0.6225961538461539 0.7451923076923077 0.6538461538461539 0.7259615384615384 0.6538461538461539
23 0.6177884615384616 0.6923076923076923 0.6466346153846154 0.6923076923076923 0.6466346153846154 0.7403846153846154 0.6177884615384616 0.7403846153846154
23 0.5336538461538461 0.6899038461538461 0.5649038461538461 0.6899038461538461 0.5649038461538461 0.7427884615384616 0.5336538461538461 0.7427884615384616
23 0.6730769230769231 0.7067307692307693 0.6899038461538461 0.7067307692307693 0.6899038461538461 0.7379807692307693 0.6730769230769231 0.7379807692307693
23 0.8725961538461539 0.5793269230769231 0.8894230769230769 0.5793269230769231 0.8894230769230769 0.6105769230769231 0.8725961538461539 0.6105769230769231
23 0.8125 0.5408653846153846 0.8245192307692307 0.5408653846153846 0.8245192307692307 0.5600961538461539 0.8125 0.5600961538461539
23 0.7908653846153846 0.4014423076923077 0.8052884615384616 0.4014423076923077 0.8052884615384616 0.43028846153846156 0.7908653846153846 0.43028846153846156
23 0.8293269230769231 0.4254807692307692 0.8557692307692307 0.4254807692307692 0.8557692307692307 0.47115384615384615 0.8293269230769231 0.47115384615384615
23 0.8341346153846154 0.5024038461538461 0.8557692307692307 0.5024038461538461 0.8557692307692307 0.5408653846153846 0.8341346153846154 0.5408653846153846
23 0.8677884615384616 0.5120192307692307 0.8942307692307693 0.5120192307692307 0.8942307692307693 0.5625 0.8677884615384616 0.5625
23 0.8677884615384616 0.40865384615384615 0.8942307692307693 0.40865384615384615 0.8942307692307693 0.45913461538461536 0.8677884615384616 0.45913461538461536
23 0.8293269230769231 0.18269230769230768 0.8485576923076923 0.18269230769230768 0.8485576923076923 0.21875 0.8293269230769231 0.21875
23 0.8629807692307693 0.23798076923076922 0.8894230769230769 0.23798076923076922 0.8894230769230769 0.28125 0.8629807692307693 0.28125
23 0.8461538461538461 0.3317307692307692 0.8605769230769231 0.3317307692307692 0.8605769230769231 0.3605769230769231 0.8461538461538461 0.3605769230769231
23 0.5721153846153846 0.7067307692307693 0.6009615384615384 0.7067307692307693 0.6009615384615384 0.7572115384615384 0.5721153846153846 0.7572115384615384
23 0.8389423076923077 0.7067307692307693 0.8653846153846154 0.7067307692307693 0.8653846153846154 0.7548076923076923 0.8389423076923077 0.7548076923076923
8 0.71875 0.71875 0.7403846153846154 0.71875 0.7403846153846154 0.7572115384615384 0.71875 0.7572115384615384
2 0.45913461538461536 0.15384615384615385 0.90625 0.15384615384615385 0.90625 0.7692307692307693 0.45913461538461536 0.7692307692307693
10 0.5264423076923077 0.15384615384615385 0.90625 0.15384615384615385 0.90625 0.7596153846153846 0.5264423076923077 0.7596153846153846