14 0.31971153846153844 0.1201923076923077 0.7956730769230769 0.1201923076923077 0.7956730769230769 0.9278846153846154 0.31971153846153844 0.9278846153846154
8 0.5841346153846154 0.8125 0.6538461538461539 0.8125 0.6538461538461539 0.9278846153846154 0.5841346153846154 0.9278846153846154
12 0.3389423076923077 0.8028846153846154 0.8076923076923077 0.8028846153846154 0.8076923076923077 0.8125 0.3389423076923077 0.8125
12 0.3605769230769231 0.6682692307692307 0.8149038461538461 0.6682692307692307 0.8149038461538461 0.6947115384615384 0.3605769230769231 0.6947115384615384
22 0.38461538461538464 0.1201923076923077 0.8293269230769231 0.1201923076923077 0.8293269230769231 0.5552884615384616 0.38461538461538464 0.5552884615384616
12 0.38221153846153844 0.5216346153846154 0.8221153846153846 0.5216346153846154 0.8221153846153846 0.5649038461538461 0.38221153846153844 0.5649038461538461
11 0.3605769230769231 0.5288461538461539 0.8221153846153846 0.5288461538461539 0.8221153846153846 0.6850961538461539 0.3605769230769231 0.6850961538461539
11 0.3389423076923077 0.6778846153846154 0.8125 0.6778846153846154 0.8125 0.8052884615384616 0.3389423076923077 0.8052884615384616
15 0.31971153846153844 0.8125 0.8052884615384616 0.8125 0.8052884615384616 0.9350961538461539 0.31971153846153844 0.9350961538461539
2 0.16826923076923078 0.11778846153846154 0.8293269230769231 0.11778846153846154 0.8293269230769231 0.9350961538461539 0.16826923076923078 0.9350961538461539
10 0.41346153846153844 0.31009615384615385 0.8028846153846154 0.31009615384615385 0.8028846153846154 0.9326923076923077 0.41346153846153844 0.9326923076923077