24 0.6057692307692307 0.3317307692307692 0.6995192307692307 0.3317307692307692 0.6995192307692307 0.4206730769230769 0.6057692307692307 0.4206730769230769
24 0.5216346153846154 0.6706730769230769 0.7331730769230769 0.6706730769230769 0.7331730769230769 0.7620192307692307 0.5216346153846154 0.7620192307692307
24 0.28846153846153844 0.5528846153846154 0.40865384615384615 0.5528846153846154 0.40865384615384615 0.6442307692307693 0.28846153846153844 0.6442307692307693
24 0.28846153846153844 0.4423076923076923 0.40865384615384615 0.4423076923076923 0.40865384615384615 0.5336538461538461 0.28846153846153844 0.5336538461538461
24 0.5793269230769231 0.5528846153846154 0.6995192307692307 0.5528846153846154 0.6995192307692307 0.6442307692307693 0.5793269230769231 0.6442307692307693
24 0.5793269230769231 0.4423076923076923 0.6995192307692307 0.4423076923076923 0.6995192307692307 0.5336538461538461 0.5793269230769231 0.5336538461538461
24 0.28846153846153844 0.3317307692307692 0.38221153846153844 0.3317307692307692 0.38221153846153844 0.4206730769230769 0.28846153846153844 0.4206730769230769
23 0.29086538461538464 0.33413461538461536 0.38221153846153844 0.33413461538461536 0.38221153846153844 0.4206730769230769 0.29086538461538464 0.4206730769230769
23 0.47115384615384615 0.34615384615384615 0.5144230769230769 0.34615384615384615 0.5144230769230769 0.3798076923076923 0.47115384615384615 0.3798076923076923
23 0.5793269230769231 0.44471153846153844 0.6971153846153846 0.44471153846153844 0.6971153846153846 0.5336538461538461 0.5793269230769231 0.5336538461538461
23 0.29086538461538464 0.44471153846153844 0.40865384615384615 0.44471153846153844 0.40865384615384615 0.53125 0.29086538461538464 0.53125
23 0.29086538461538464 0.5552884615384616 0.40865384615384615 0.5552884615384616 0.40865384615384615 0.6442307692307693 0.29086538461538464 0.6442307692307693
23 0.5240384615384616 0.6730769230769231 0.7283653846153846 0.6730769230769231 0.7283653846153846 0.7596153846153846 0.5240384615384616 0.7596153846153846
24 0.25961538461538464 0.6706730769230769 0.47115384615384615 0.6706730769230769 0.47115384615384615 0.7620192307692307 0.25961538461538464 0.7620192307692307
23 0.2644230769230769 0.6730769230769231 0.46875 0.6730769230769231 0.46875 0.7596153846153846 0.2644230769230769 0.7596153846153846
9 0.5048076923076923 0.7884615384615384 0.7572115384615384 0.7884615384615384 0.7572115384615384 0.8822115384615384 0.5048076923076923 0.8822115384615384
14 0.6225961538461539 0.7908653846153846 0.71875 0.7908653846153846 0.71875 0.875 0.6225961538461539 0.875
8 0.5697115384615384 0.7908653846153846 0.6225961538461539 0.7908653846153846 0.6225961538461539 0.875 0.5697115384615384 0.875
17 0.4831730769230769 0.7884615384615384 0.5048076923076923 0.7884615384615384 0.5048076923076923 0.8822115384615384 0.4831730769230769 0.8822115384615384
9 0.23317307692307693 0.7884615384615384 0.4831730769230769 0.7884615384615384 0.4831730769230769 0.8822115384615384 0.23317307692307693 0.8822115384615384
23 0.6057692307692307 0.33653846153846156 0.6971153846153846 0.33653846153846156 0.6971153846153846 0.4230769230769231 0.6057692307692307 0.4230769230769231
24 0.46634615384615385 0.5528846153846154 0.5216346153846154 0.5528846153846154 0.5216346153846154 0.6009615384615384 0.46634615384615385 0.6009615384615384
24 0.46634615384615385 0.4423076923076923 0.5216346153846154 0.4423076923076923 0.5216346153846154 0.4879807692307692 0.46634615384615385 0.4879807692307692
7 0.16826923076923078 0.8100961538461539 0.27403846153846156 0.8100961538461539 0.27403846153846156 0.8870192307692307 0.16826923076923078 0.8870192307692307
7 0.30528846153846156 0.8052884615384616 0.41586538461538464 0.8052884615384616 0.41586538461538464 0.875 0.30528846153846156 0.875
7 0.7043269230769231 0.8221153846153846 0.7596153846153846 0.8221153846153846 0.7596153846153846 0.8894230769230769 0.7043269230769231 0.8894230769230769
7 0.6201923076923077 0.8221153846153846 0.6730769230769231 0.8221153846153846 0.6730769230769231 0.8870192307692307 0.6201923076923077 0.8870192307692307
7 0.5072115384615384 0.8413461538461539 0.5384615384615384 0.8413461538461539 0.5384615384615384 0.8774038461538461 0.5072115384615384 0.8774038461538461
7 0.22355769230769232 0.5961538461538461 0.8125 0.5961538461538461 0.8125 0.6682692307692307 0.22355769230769232 0.6682692307692307
15 0.23317307692307693 0.7740384615384616 0.7548076923076923 0.7740384615384616 0.7548076923076923 0.8822115384615384 0.23317307692307693 0.8822115384615384
12 0.23317307692307693 0.7692307692307693 0.7548076923076923 0.7692307692307693 0.7548076923076923 0.7764423076923077 0.23317307692307693 0.7764423076923077
12 0.23317307692307693 0.6514423076923077 0.7548076923076923 0.6514423076923077 0.7548076923076923 0.6586538461538461 0.23317307692307693 0.6586538461538461
12 0.23317307692307693 0.5384615384615384 0.7548076923076923 0.5384615384615384 0.7548076923076923 0.5456730769230769 0.23317307692307693 0.5456730769230769
10 0.23317307692307693 0.2980769230769231 0.7548076923076923 0.2980769230769231 0.7548076923076923 0.8822115384615384 0.23317307692307693 0.8822115384615384
7 0.7115384615384616 0.49759615384615385 0.7716346153846154 0.49759615384615385 0.7716346153846154 0.5889423076923077 0.7115384615384616 0.5889423076923077
11 0.23317307692307693 0.43509615384615385 0.7548076923076923 0.43509615384615385 0.7548076923076923 0.5384615384615384 0.23317307692307693 0.5384615384615384
11 0.23317307692307693 0.5456730769230769 0.7548076923076923 0.5456730769230769 0.7548076923076923 0.6514423076923077 0.23317307692307693 0.6514423076923077
11 0.23317307692307693 0.6586538461538461 0.7548076923076923 0.6586538461538461 0.7548076923076923 0.7692307692307693 0.23317307692307693 0.7692307692307693
22 0.23317307692307693 0.22115384615384615 0.7572115384615384 0.22115384615384615 0.7572115384615384 0.42788461538461536 0.23317307692307693 0.42788461538461536
2 0.22596153846153846 0.21634615384615385 0.7596153846153846 0.21634615384615385 0.7596153846153846 0.8822115384615384 0.22596153846153846 0.8822115384615384
12 0.23317307692307693 0.42788461538461536 0.7548076923076923 0.42788461538461536 0.7548076923076923 0.43509615384615385 0.23317307692307693 0.43509615384615385