23 0.19951923076923078 0.34375 0.2283653846153846 0.34375 0.2283653846153846 0.3629807692307692 0.19951923076923078 0.3629807692307692
23 0.19951923076923078 0.23557692307692307 0.2283653846153846 0.23557692307692307 0.2283653846153846 0.2548076923076923 0.19951923076923078 0.2548076923076923
23 0.2283653846153846 0.2644230769230769 0.25721153846153844 0.2644230769230769 0.25721153846153844 0.28125 0.2283653846153846 0.28125
23 0.28365384615384615 0.2620192307692308 0.3125 0.2620192307692308 0.3125 0.28125 0.28365384615384615 0.28125
23 0.39663461538461536 0.31971153846153844 0.42788461538461536 0.31971153846153844 0.42788461538461536 0.33653846153846156 0.39663461538461536 0.33653846153846156
23 0.19951923076923078 0.29086538461538464 0.2283653846153846 0.29086538461538464 0.2283653846153846 0.3076923076923077 0.19951923076923078 0.3076923076923077
23 0.2283653846153846 0.3173076923076923 0.25721153846153844 0.3173076923076923 0.25721153846153844 0.33653846153846156 0.2283653846153846 0.33653846153846156
23 0.25721153846153844 0.34375 0.2860576923076923 0.34375 0.2860576923076923 0.3629807692307692 0.25721153846153844 0.3629807692307692
17 0.25721153846153844 0.7860576923076923 0.3557692307692308 0.7860576923076923 0.3557692307692308 0.8990384615384616 0.25721153846153844 0.8990384615384616
17 0.5817307692307693 0.7860576923076923 0.6778846153846154 0.7860576923076923 0.6778846153846154 0.8990384615384616 0.5817307692307693 0.8990384615384616
9 0.33413461538461536 0.7860576923076923 0.6057692307692307 0.7860576923076923 0.6057692307692307 0.8990384615384616 0.33413461538461536 0.8990384615384616
14 0.4423076923076923 0.8052884615384616 0.47115384615384615 0.8052884615384616 0.47115384615384615 0.8701923076923077 0.4423076923076923 0.8701923076923077
14 0.3629807692307692 0.8052884615384616 0.3918269230769231 0.8052884615384616 0.3918269230769231 0.8701923076923077 0.3629807692307692 0.8701923076923077
8 0.3918269230769231 0.8052884615384616 0.4423076923076923 0.8052884615384616 0.4423076923076923 0.8701923076923077 0.3918269230769231 0.8701923076923077
2 0.15384615384615385 0.11538461538461539 0.8004807692307693 0.11538461538461539 0.8004807692307693 0.8990384615384616 0.15384615384615385 0.8990384615384616
15 0.24759615384615385 0.7620192307692307 0.5985576923076923 0.7620192307692307 0.5985576923076923 0.9014423076923077 0.24759615384615385 0.9014423076923077
23 0.28365384615384615 0.3173076923076923 0.31490384615384615 0.3173076923076923 0.31490384615384615 0.33653846153846156 0.28365384615384615 0.33653846153846156
23 0.2548076923076923 0.29086538461538464 0.2860576923076923 0.29086538461538464 0.2860576923076923 0.3076923076923077 0.2548076923076923 0.3076923076923077
12 0.15625 0.7403846153846154 0.8004807692307693 0.7403846153846154 0.8004807692307693 0.7620192307692307 0.15625 0.7620192307692307
12 0.15625 0.35096153846153844 0.8004807692307693 0.35096153846153844 0.8004807692307693 0.37259615384615385 0.15625 0.37259615384615385
11 0.15625 0.13221153846153846 0.8004807692307693 0.13221153846153846 0.8004807692307693 0.35096153846153844 0.15625 0.35096153846153844
6 0.15384615384615385 0.11538461538461539 0.8004807692307693 0.11538461538461539 0.8004807692307693 0.7836538461538461 0.15384615384615385 0.7836538461538461
10 0.15625 0.13221153846153846 0.8004807692307693 0.13221153846153846 0.8004807692307693 0.8990384615384616 0.15625 0.8990384615384616
12 0.15625 0.5456730769230769 0.8004807692307693 0.5456730769230769 0.8004807692307693 0.5673076923076923 0.15625 0.5673076923076923
11 0.15625 0.5673076923076923 0.8004807692307693 0.5673076923076923 0.8004807692307693 0.7403846153846154 0.15625 0.7403846153846154
11 0.15625 0.37259615384615385 0.8004807692307693 0.37259615384615385 0.8004807692307693 0.5456730769230769 0.15625 0.5456730769230769