23 0.038461538461538464 0.22115384615384615 0.09134615384615384 0.22115384615384615 0.09134615384615384 0.27163461538461536 0.038461538461538464 0.27163461538461536
23 0.10817307692307693 0.17067307692307693 0.17307692307692307 0.17067307692307693 0.17307692307692307 0.2620192307692308 0.10817307692307693 0.2620192307692308
23 0.19471153846153846 0.1466346153846154 0.22355769230769232 0.1466346153846154 0.22355769230769232 0.24519230769230768 0.19471153846153846 0.24519230769230768
23 0.1346153846153846 0.29086538461538464 0.16105769230769232 0.29086538461538464 0.16105769230769232 0.3269230769230769 0.1346153846153846 0.3269230769230769
23 0.12980769230769232 0.36538461538461536 0.15625 0.36538461538461536 0.15625 0.39903846153846156 0.12980769230769232 0.39903846153846156
23 0.12740384615384615 0.43990384615384615 0.14903846153846154 0.43990384615384615 0.14903846153846154 0.4735576923076923 0.12740384615384615 0.4735576923076923
23 0.12259615384615384 0.5096153846153846 0.14423076923076922 0.5096153846153846 0.14423076923076922 0.5456730769230769 0.12259615384615384 0.5456730769230769
23 0.1201923076923077 0.5817307692307693 0.13942307692307693 0.5817307692307693 0.13942307692307693 0.6201923076923077 0.1201923076923077 0.6201923076923077
23 0.17067307692307693 0.5793269230769231 0.18028846153846154 0.5793269230769231 0.18028846153846154 0.5985576923076923 0.17067307692307693 0.5985576923076923
23 0.24278846153846154 0.13701923076923078 0.3293269230769231 0.13701923076923078 0.3293269230769231 0.19951923076923078 0.24278846153846154 0.19951923076923078
23 0.25 0.20432692307692307 0.3269230769230769 0.20432692307692307 0.3269230769230769 0.25961538461538464 0.25 0.25961538461538464
23 0.25721153846153844 0.27884615384615385 0.31971153846153844 0.27884615384615385 0.31971153846153844 0.3245192307692308 0.25721153846153844 0.3245192307692308
23 0.2668269230769231 0.35336538461538464 0.31971153846153844 0.35336538461538464 0.31971153846153844 0.39663461538461536 0.2668269230769231 0.39663461538461536
23 0.27403846153846156 0.4254807692307692 0.3173076923076923 0.4254807692307692 0.3173076923076923 0.46875 0.27403846153846156 0.46875
23 0.37259615384615385 0.23317307692307693 0.4014423076923077 0.23317307692307693 0.4014423076923077 0.27403846153846156 0.37259615384615385 0.27403846153846156
23 0.3629807692307692 0.31009615384615385 0.40384615384615385 0.31009615384615385 0.40384615384615385 0.3389423076923077 0.3629807692307692 0.3389423076923077
23 0.3629807692307692 0.37259615384615385 0.40865384615384615 0.37259615384615385 0.40865384615384615 0.40384615384615385 0.3629807692307692 0.40384615384615385
23 0.3701923076923077 0.43990384615384615 0.4110576923076923 0.43990384615384615 0.4110576923076923 0.47596153846153844 0.3701923076923077 0.47596153846153844
23 0.34134615384615385 0.5072115384615384 0.35096153846153844 0.5072115384615384 0.35096153846153844 0.5456730769230769 0.34134615384615385 0.5456730769230769
23 0.37740384615384615 0.5072115384615384 0.41586538461538464 0.5072115384615384 0.41586538461538464 0.5480769230769231 0.37740384615384615 0.5480769230769231
23 0.3870192307692308 0.5793269230769231 0.4182692307692308 0.5793269230769231 0.4182692307692308 0.6201923076923077 0.3870192307692308 0.6201923076923077
23 0.42788461538461536 0.22355769230769232 0.47115384615384615 0.22355769230769232 0.47115384615384615 0.27884615384615385 0.42788461538461536 0.27884615384615385
23 0.4326923076923077 0.31009615384615385 0.47596153846153844 0.31009615384615385 0.47596153846153844 0.3389423076923077 0.4326923076923077 0.3389423076923077
23 0.4375 0.375 0.4855769230769231 0.375 0.4855769230769231 0.40625 0.4375 0.40625
23 0.43990384615384615 0.4423076923076923 0.49278846153846156 0.4423076923076923 0.49278846153846156 0.47836538461538464 0.43990384615384615 0.47836538461538464
23 0.44471153846153844 0.5120192307692307 0.5 0.5120192307692307 0.5 0.5480769230769231 0.44471153846153844 0.5480769230769231
23 0.2620192307692308 0.5793269230769231 0.3581730769230769 0.5793269230769231 0.3581730769230769 0.6177884615384616 0.2620192307692308 0.6177884615384616
23 0.4495192307692308 0.5793269230769231 0.5096153846153846 0.5793269230769231 0.5096153846153846 0.6201923076923077 0.4495192307692308 0.6201923076923077
23 0.4951923076923077 0.2692307692307692 0.5673076923076923 0.2692307692307692 0.5673076923076923 0.30288461538461536 0.4951923076923077 0.30288461538461536
23 0.5072115384615384 0.3485576923076923 0.5528846153846154 0.3485576923076923 0.5528846153846154 0.38221153846153844 0.5072115384615384 0.38221153846153844
23 0.5192307692307693 0.43028846153846156 0.5360576923076923 0.43028846153846156 0.5360576923076923 0.4639423076923077 0.5192307692307693 0.4639423076923077
23 0.59375 0.27884615384615385 0.6706730769230769 0.27884615384615385 0.6706730769230769 0.3173076923076923 0.59375 0.3173076923076923
23 0.5793269230769231 0.35336538461538464 0.6610576923076923 0.35336538461538464 0.6610576923076923 0.3918269230769231 0.5793269230769231 0.3918269230769231
23 0.5625 0.42788461538461536 0.6538461538461539 0.42788461538461536 0.6538461538461539 0.4735576923076923 0.5625 0.4735576923076923
23 0.5480769230769231 0.5048076923076923 0.6466346153846154 0.5048076923076923 0.6466346153846154 0.5480769230769231 0.5480769230769231 0.5480769230769231
23 0.5456730769230769 0.5793269230769231 0.6394230769230769 0.5793269230769231 0.6394230769230769 0.6201923076923077 0.5456730769230769 0.6201923076923077
23 0.7019230769230769 0.27163461538461536 0.7163461538461539 0.27163461538461536 0.7163461538461539 0.30288461538461536 0.7019230769230769 0.30288461538461536
23 0.6947115384615384 0.35096153846153844 0.71875 0.35096153846153844 0.71875 0.38221153846153844 0.6947115384615384 0.38221153846153844
23 0.6850961538461539 0.4254807692307692 0.7211538461538461 0.4254807692307692 0.7211538461538461 0.46634615384615385 0.6850961538461539 0.46634615384615385
23 0.6778846153846154 0.5048076923076923 0.7211538461538461 0.5048076923076923 0.7211538461538461 0.5408653846153846 0.6778846153846154 0.5408653846153846
23 0.6706730769230769 0.5793269230769231 0.7235576923076923 0.5793269230769231 0.7235576923076923 0.6177884615384616 0.6706730769230769 0.6177884615384616
23 0.7524038461538461 0.2692307692307692 0.8822115384615384 0.2692307692307692 0.8822115384615384 0.30288461538461536 0.7524038461538461 0.30288461538461536
23 0.7548076923076923 0.3485576923076923 0.8581730769230769 0.3485576923076923 0.8581730769230769 0.38221153846153844 0.7548076923076923 0.38221153846153844
23 0.7548076923076923 0.4254807692307692 0.8365384615384616 0.4254807692307692 0.8365384615384616 0.46634615384615385 0.7548076923076923 0.46634615384615385
23 0.7548076923076923 0.5024038461538461 0.8125 0.5024038461538461 0.8125 0.5432692307692307 0.7548076923076923 0.5432692307692307
23 0.7572115384615384 0.5793269230769231 0.7884615384615384 0.5793269230769231 0.7884615384615384 0.6153846153846154 0.7572115384615384 0.6153846153846154
23 0.8125 0.5793269230769231 0.8701923076923077 0.5793269230769231 0.8701923076923077 0.6201923076923077 0.8125 0.6201923076923077
23 0.8365384615384616 0.5048076923076923 0.8966346153846154 0.5048076923076923 0.8966346153846154 0.5408653846153846 0.8365384615384616 0.5408653846153846
23 0.8605769230769231 0.42788461538461536 0.9158653846153846 0.42788461538461536 0.9158653846153846 0.46634615384615385 0.8605769230769231 0.46634615384615385
23 0.8870192307692307 0.3485576923076923 0.9278846153846154 0.3485576923076923 0.9278846153846154 0.38221153846153844 0.8870192307692307 0.38221153846153844
23 0.9110576923076923 0.27163461538461536 0.9350961538461539 0.27163461538461536 0.9350961538461539 0.30288461538461536 0.9110576923076923 0.30288461538461536
23 0.3269230769230769 0.6586538461538461 0.43028846153846156 0.6586538461538461 0.43028846153846156 0.7403846153846154 0.3269230769230769 0.7403846153846154
23 0.4519230769230769 0.6586538461538461 0.5072115384615384 0.6586538461538461 0.5072115384615384 0.7403846153846154 0.4519230769230769 0.7403846153846154
23 0.5649038461538461 0.65625 0.6346153846153846 0.65625 0.6346153846153846 0.7379807692307693 0.5649038461538461 0.7379807692307693
23 0.8918269230769231 0.5841346153846154 0.9038461538461539 0.5841346153846154 0.9038461538461539 0.6177884615384616 0.8918269230769231 0.6177884615384616
23 0.8413461538461539 0.6586538461538461 0.8966346153846154 0.6586538461538461 0.8966346153846154 0.7403846153846154 0.8413461538461539 0.7403846153846154
23 0.7716346153846154 0.65625 0.8389423076923077 0.65625 0.8389423076923077 0.7427884615384616 0.7716346153846154 0.7427884615384616
23 0.4951923076923077 0.21394230769230768 0.5456730769230769 0.21394230769230768 0.5456730769230769 0.23557692307692307 0.4951923076923077 0.23557692307692307
23 0.5673076923076923 0.19471153846153846 0.6802884615384616 0.19471153846153846 0.6802884615384616 0.2283653846153846 0.5673076923076923 0.2283653846153846
23 0.7019230769230769 0.18269230769230768 0.7572115384615384 0.18269230769230768 0.7572115384615384 0.22115384615384615 0.7019230769230769 0.22115384615384615
23 0.7644230769230769 0.1778846153846154 0.8076923076923077 0.1778846153846154 0.8076923076923077 0.21875 0.7644230769230769 0.21875
23 0.8293269230769231 0.17067307692307693 0.8557692307692307 0.17067307692307693 0.8557692307692307 0.21634615384615385 0.8293269230769231 0.21634615384615385
23 0.040865384615384616 0.5841346153846154 0.06971153846153846 0.5841346153846154 0.06971153846153846 0.6225961538461539 0.040865384615384616 0.6225961538461539
23 0.036057692307692304 0.30288461538461536 0.09134615384615384 0.30288461538461536 0.09134615384615384 0.3293269230769231 0.036057692307692304 0.3293269230769231
23 0.04567307692307692 0.3605769230769231 0.08653846153846154 0.3605769230769231 0.08653846153846154 0.39903846153846156 0.04567307692307692 0.39903846153846156
23 0.19230769230769232 0.36538461538461536 0.23557692307692307 0.36538461538461536 0.23557692307692307 0.3894230769230769 0.19230769230769232 0.3894230769230769
23 0.1875 0.4326923076923077 0.2403846153846154 0.4326923076923077 0.2403846153846154 0.46634615384615385 0.1875 0.46634615384615385
23 0.18028846153846154 0.5072115384615384 0.22355769230769232 0.5072115384615384 0.22355769230769232 0.5408653846153846 0.18028846153846154 0.5408653846153846
23 0.28365384615384615 0.5024038461538461 0.3125 0.5024038461538461 0.3125 0.5408653846153846 0.28365384615384615 0.5408653846153846
23 0.1971153846153846 0.2932692307692308 0.2283653846153846 0.2932692307692308 0.2283653846153846 0.3173076923076923 0.1971153846153846 0.3173076923076923
23 0.18269230769230768 0.6586538461538461 0.23557692307692307 0.6586538461538461 0.23557692307692307 0.7403846153846154 0.18269230769230768 0.7403846153846154
23 0.6538461538461539 0.65625 0.7259615384615384 0.65625 0.7259615384615384 0.7475961538461539 0.6538461538461539 0.7475961538461539
8 0.06009615384615385 0.6899038461538461 0.08413461538461539 0.6899038461538461 0.08413461538461539 0.7379807692307693 0.06009615384615385 0.7379807692307693
8 0.4879807692307692 0.6802884615384616 0.5072115384615384 0.6802884615384616 0.5072115384615384 0.7427884615384616 0.4879807692307692 0.7427884615384616
8 0.5961538461538461 0.6802884615384616 0.6153846153846154 0.6802884615384616 0.6153846153846154 0.7379807692307693 0.5961538461538461 0.7379807692307693
8 0.6850961538461539 0.6802884615384616 0.7043269230769231 0.6802884615384616 0.7043269230769231 0.7451923076923077 0.6850961538461539 0.7451923076923077
8 0.18269230769230768 0.6802884615384616 0.20192307692307693 0.6802884615384616 0.20192307692307693 0.7427884615384616 0.18269230769230768 0.7427884615384616
0 0.49278846153846156 0.2091346153846154 0.9591346153846154 0.2091346153846154 0.9591346153846154 0.2620192307692308 0.49278846153846156 0.2620192307692308
2 0 0.0889423076923077 0.9591346153846154 0.0889423076923077 0.9591346153846154 0.75 0 0.75
10 0 0.0889423076923077 0.9591346153846154 0.0889423076923077 0.9591346153846154 0.75 0 0.75
23 0.038461538461538464 0.22115384615384615 0.09134615384615384 0.22115384615384615 0.09134615384615384 0.27163461538461536 0.038461538461538464 0.27163461538461536
23 0.10817307692307693 0.17067307692307693 0.17307692307692307 0.17067307692307693 0.17307692307692307 0.2620192307692308 0.10817307692307693 0.2620192307692308
23 0.19471153846153846 0.1466346153846154 0.22355769230769232 0.1466346153846154 0.22355769230769232 0.24519230769230768 0.19471153846153846 0.24519230769230768
23 0.1346153846153846 0.29086538461538464 0.16105769230769232 0.29086538461538464 0.16105769230769232 0.3269230769230769 0.1346153846153846 0.3269230769230769
23 0.12980769230769232 0.36538461538461536 0.15625 0.36538461538461536 0.15625 0.39903846153846156 0.12980769230769232 0.39903846153846156
23 0.12740384615384615 0.43990384615384615 0.14903846153846154 0.43990384615384615 0.14903846153846154 0.4735576923076923 0.12740384615384615 0.4735576923076923
23 0.12259615384615384 0.5096153846153846 0.14423076923076922 0.5096153846153846 0.14423076923076922 0.5456730769230769 0.12259615384615384 0.5456730769230769
23 0.1201923076923077 0.5817307692307693 0.13942307692307693 0.5817307692307693 0.13942307692307693 0.6201923076923077 0.1201923076923077 0.6201923076923077
23 0.17067307692307693 0.5793269230769231 0.18028846153846154 0.5793269230769231 0.18028846153846154 0.5985576923076923 0.17067307692307693 0.5985576923076923
23 0.24278846153846154 0.13701923076923078 0.3293269230769231 0.13701923076923078 0.3293269230769231 0.19951923076923078 0.24278846153846154 0.19951923076923078
23 0.25 0.20432692307692307 0.3269230769230769 0.20432692307692307 0.3269230769230769 0.25961538461538464 0.25 0.25961538461538464
23 0.25721153846153844 0.27884615384615385 0.31971153846153844 0.27884615384615385 0.31971153846153844 0.3245192307692308 0.25721153846153844 0.3245192307692308
23 0.2668269230769231 0.35336538461538464 0.31971153846153844 0.35336538461538464 0.31971153846153844 0.39663461538461536 0.2668269230769231 0.39663461538461536
23 0.27403846153846156 0.4254807692307692 0.3173076923076923 0.4254807692307692 0.3173076923076923 0.46875 0.27403846153846156 0.46875
23 0.37259615384615385 0.23317307692307693 0.4014423076923077 0.23317307692307693 0.4014423076923077 0.27403846153846156 0.37259615384615385 0.27403846153846156
23 0.3629807692307692 0.31009615384615385 0.40384615384615385 0.31009615384615385 0.40384615384615385 0.3389423076923077 0.3629807692307692 0.3389423076923077
23 0.3629807692307692 0.37259615384615385 0.40865384615384615 0.37259615384615385 0.40865384615384615 0.40384615384615385 0.3629807692307692 0.40384615384615385
23 0.3701923076923077 0.43990384615384615 0.4110576923076923 0.43990384615384615 0.4110576923076923 0.47596153846153844 0.3701923076923077 0.47596153846153844
23 0.34134615384615385 0.5072115384615384 0.35096153846153844 0.5072115384615384 0.35096153846153844 0.5456730769230769 0.34134615384615385 0.5456730769230769
23 0.37740384615384615 0.5072115384615384 0.41586538461538464 0.5072115384615384 0.41586538461538464 0.5480769230769231 0.37740384615384615 0.5480769230769231
23 0.3870192307692308 0.5793269230769231 0.4182692307692308 0.5793269230769231 0.4182692307692308 0.6201923076923077 0.3870192307692308 0.6201923076923077
23 0.42788461538461536 0.22355769230769232 0.47115384615384615 0.22355769230769232 0.47115384615384615 0.27884615384615385 0.42788461538461536 0.27884615384615385
23 0.4326923076923077 0.31009615384615385 0.47596153846153844 0.31009615384615385 0.47596153846153844 0.3389423076923077 0.4326923076923077 0.3389423076923077
23 0.4375 0.375 0.4855769230769231 0.375 0.4855769230769231 0.40625 0.4375 0.40625
23 0.43990384615384615 0.4423076923076923 0.49278846153846156 0.4423076923076923 0.49278846153846156 0.47836538461538464 0.43990384615384615 0.47836538461538464
23 0.44471153846153844 0.5120192307692307 0.5 0.5120192307692307 0.5 0.5480769230769231 0.44471153846153844 0.5480769230769231
23 0.2620192307692308 0.5793269230769231 0.3581730769230769 0.5793269230769231 0.3581730769230769 0.6177884615384616 0.2620192307692308 0.6177884615384616
23 0.4495192307692308 0.5793269230769231 0.5096153846153846 0.5793269230769231 0.5096153846153846 0.6201923076923077 0.4495192307692308 0.6201923076923077
23 0.4951923076923077 0.2692307692307692 0.5673076923076923 0.2692307692307692 0.5673076923076923 0.30288461538461536 0.4951923076923077 0.30288461538461536
23 0.5072115384615384 0.3485576923076923 0.5528846153846154 0.3485576923076923 0.5528846153846154 0.38221153846153844 0.5072115384615384 0.38221153846153844
23 0.5192307692307693 0.43028846153846156 0.5360576923076923 0.43028846153846156 0.5360576923076923 0.4639423076923077 0.5192307692307693 0.4639423076923077
23 0.59375 0.27884615384615385 0.6706730769230769 0.27884615384615385 0.6706730769230769 0.3173076923076923 0.59375 0.3173076923076923
23 0.5793269230769231 0.35336538461538464 0.6610576923076923 0.35336538461538464 0.6610576923076923 0.3918269230769231 0.5793269230769231 0.3918269230769231
23 0.5625 0.42788461538461536 0.6538461538461539 0.42788461538461536 0.6538461538461539 0.4735576923076923 0.5625 0.4735576923076923
23 0.5480769230769231 0.5048076923076923 0.6466346153846154 0.5048076923076923 0.6466346153846154 0.5480769230769231 0.5480769230769231 0.5480769230769231
23 0.5456730769230769 0.5793269230769231 0.6394230769230769 0.5793269230769231 0.6394230769230769 0.6201923076923077 0.5456730769230769 0.6201923076923077
23 0.7019230769230769 0.27163461538461536 0.7163461538461539 0.27163461538461536 0.7163461538461539 0.30288461538461536 0.7019230769230769 0.30288461538461536
23 0.6947115384615384 0.35096153846153844 0.71875 0.35096153846153844 0.71875 0.38221153846153844 0.6947115384615384 0.38221153846153844
23 0.6850961538461539 0.4254807692307692 0.7211538461538461 0.4254807692307692 0.7211538461538461 0.46634615384615385 0.6850961538461539 0.46634615384615385
23 0.6778846153846154 0.5048076923076923 0.7211538461538461 0.5048076923076923 0.7211538461538461 0.5408653846153846 0.6778846153846154 0.5408653846153846
23 0.6706730769230769 0.5793269230769231 0.7235576923076923 0.5793269230769231 0.7235576923076923 0.6177884615384616 0.6706730769230769 0.6177884615384616
23 0.7524038461538461 0.2692307692307692 0.8822115384615384 0.2692307692307692 0.8822115384615384 0.30288461538461536 0.7524038461538461 0.30288461538461536
23 0.7548076923076923 0.3485576923076923 0.8581730769230769 0.3485576923076923 0.8581730769230769 0.38221153846153844 0.7548076923076923 0.38221153846153844
23 0.7548076923076923 0.4254807692307692 0.8365384615384616 0.4254807692307692 0.8365384615384616 0.46634615384615385 0.7548076923076923 0.46634615384615385
23 0.7548076923076923 0.5024038461538461 0.8125 0.5024038461538461 0.8125 0.5432692307692307 0.7548076923076923 0.5432692307692307
23 0.7572115384615384 0.5793269230769231 0.7884615384615384 0.5793269230769231 0.7884615384615384 0.6153846153846154 0.7572115384615384 0.6153846153846154
23 0.8125 0.5793269230769231 0.8701923076923077 0.5793269230769231 0.8701923076923077 0.6201923076923077 0.8125 0.6201923076923077
23 0.8365384615384616 0.5048076923076923 0.8966346153846154 0.5048076923076923 0.8966346153846154 0.5408653846153846 0.8365384615384616 0.5408653846153846
23 0.8605769230769231 0.42788461538461536 0.9158653846153846 0.42788461538461536 0.9158653846153846 0.46634615384615385 0.8605769230769231 0.46634615384615385
23 0.8870192307692307 0.3485576923076923 0.9278846153846154 0.3485576923076923 0.9278846153846154 0.38221153846153844 0.8870192307692307 0.38221153846153844
23 0.9110576923076923 0.27163461538461536 0.9350961538461539 0.27163461538461536 0.9350961538461539 0.30288461538461536 0.9110576923076923 0.30288461538461536
23 0.3269230769230769 0.6586538461538461 0.43028846153846156 0.6586538461538461 0.43028846153846156 0.7403846153846154 0.3269230769230769 0.7403846153846154
23 0.4519230769230769 0.6586538461538461 0.5072115384615384 0.6586538461538461 0.5072115384615384 0.7403846153846154 0.4519230769230769 0.7403846153846154
23 0.5649038461538461 0.65625 0.6346153846153846 0.65625 0.6346153846153846 0.7379807692307693 0.5649038461538461 0.7379807692307693
23 0.8918269230769231 0.5841346153846154 0.9038461538461539 0.5841346153846154 0.9038461538461539 0.6177884615384616 0.8918269230769231 0.6177884615384616
23 0.8413461538461539 0.6586538461538461 0.8966346153846154 0.6586538461538461 0.8966346153846154 0.7403846153846154 0.8413461538461539 0.7403846153846154
23 0.7716346153846154 0.65625 0.8389423076923077 0.65625 0.8389423076923077 0.7427884615384616 0.7716346153846154 0.7427884615384616
23 0.4951923076923077 0.21394230769230768 0.5456730769230769 0.21394230769230768 0.5456730769230769 0.23557692307692307 0.4951923076923077 0.23557692307692307
23 0.5673076923076923 0.19471153846153846 0.6802884615384616 0.19471153846153846 0.6802884615384616 0.2283653846153846 0.5673076923076923 0.2283653846153846
23 0.7019230769230769 0.18269230769230768 0.7572115384615384 0.18269230769230768 0.7572115384615384 0.22115384615384615 0.7019230769230769 0.22115384615384615
23 0.7644230769230769 0.1778846153846154 0.8076923076923077 0.1778846153846154 0.8076923076923077 0.21875 0.7644230769230769 0.21875
23 0.8293269230769231 0.17067307692307693 0.8557692307692307 0.17067307692307693 0.8557692307692307 0.21634615384615385 0.8293269230769231 0.21634615384615385
23 0.040865384615384616 0.5841346153846154 0.06971153846153846 0.5841346153846154 0.06971153846153846 0.6225961538461539 0.040865384615384616 0.6225961538461539
23 0.036057692307692304 0.30288461538461536 0.09134615384615384 0.30288461538461536 0.09134615384615384 0.3293269230769231 0.036057692307692304 0.3293269230769231
23 0.04567307692307692 0.3605769230769231 0.08653846153846154 0.3605769230769231 0.08653846153846154 0.39903846153846156 0.04567307692307692 0.39903846153846156
23 0.19230769230769232 0.36538461538461536 0.23557692307692307 0.36538461538461536 0.23557692307692307 0.3894230769230769 0.19230769230769232 0.3894230769230769
23 0.1875 0.4326923076923077 0.2403846153846154 0.4326923076923077 0.2403846153846154 0.46634615384615385 0.1875 0.46634615384615385
23 0.18028846153846154 0.5072115384615384 0.22355769230769232 0.5072115384615384 0.22355769230769232 0.5408653846153846 0.18028846153846154 0.5408653846153846
23 0.28365384615384615 0.5024038461538461 0.3125 0.5024038461538461 0.3125 0.5408653846153846 0.28365384615384615 0.5408653846153846
23 0.1971153846153846 0.2932692307692308 0.2283653846153846 0.2932692307692308 0.2283653846153846 0.3173076923076923 0.1971153846153846 0.3173076923076923
23 0.18269230769230768 0.6586538461538461 0.23557692307692307 0.6586538461538461 0.23557692307692307 0.7403846153846154 0.18269230769230768 0.7403846153846154
23 0.6538461538461539 0.65625 0.7259615384615384 0.65625 0.7259615384615384 0.7475961538461539 0.6538461538461539 0.7475961538461539
8 0.06009615384615385 0.6899038461538461 0.08413461538461539 0.6899038461538461 0.08413461538461539 0.7379807692307693 0.06009615384615385 0.7379807692307693
8 0.4879807692307692 0.6802884615384616 0.5072115384615384 0.6802884615384616 0.5072115384615384 0.7427884615384616 0.4879807692307692 0.7427884615384616
8 0.5961538461538461 0.6802884615384616 0.6153846153846154 0.6802884615384616 0.6153846153846154 0.7379807692307693 0.5961538461538461 0.7379807692307693
8 0.6850961538461539 0.6802884615384616 0.7043269230769231 0.6802884615384616 0.7043269230769231 0.7451923076923077 0.6850961538461539 0.7451923076923077
8 0.18269230769230768 0.6802884615384616 0.20192307692307693 0.6802884615384616 0.20192307692307693 0.7427884615384616 0.18269230769230768 0.7427884615384616
0 0.49278846153846156 0.2091346153846154 0.9591346153846154 0.2091346153846154 0.9591346153846154 0.2620192307692308 0.49278846153846156 0.2620192307692308
2 0 0.0889423076923077 0.9591346153846154 0.0889423076923077 0.9591346153846154 0.75 0 0.75
10 0 0.0889423076923077 0.9591346153846154 0.0889423076923077 0.9591346153846154 0.75 0 0.75