14 0.24278846153846154 0.25961538461538464 0.39663461538461536 0.25961538461538464 0.39663461538461536 0.2932692307692308 0.24278846153846154 0.2932692307692308
14 0.24519230769230768 0.30288461538461536 0.4014423076923077 0.30288461538461536 0.4014423076923077 0.38221153846153844 0.24519230769230768 0.38221153846153844
14 0.25 0.3870192307692308 0.4014423076923077 0.3870192307692308 0.4014423076923077 0.4206730769230769 0.25 0.4206730769230769
14 0.25240384615384615 0.42788461538461536 0.40384615384615385 0.42788461538461536 0.40384615384615385 0.46153846153846156 0.25240384615384615 0.46153846153846156
14 0.2548076923076923 0.46634615384615385 0.40384615384615385 0.46634615384615385 0.40384615384615385 0.5024038461538461 0.2548076923076923 0.5024038461538461
14 0.25721153846153844 0.5072115384615384 0.40625 0.5072115384615384 0.40625 0.5432692307692307 0.25721153846153844 0.5432692307692307
14 0.25961538461538464 0.5480769230769231 0.40865384615384615 0.5480769230769231 0.40865384615384615 0.5817307692307693 0.25961538461538464 0.5817307692307693
14 0.2620192307692308 0.5889423076923077 0.40625 0.5889423076923077 0.40625 0.6201923076923077 0.2620192307692308 0.6201923076923077
14 0.2644230769230769 0.6201923076923077 0.40865384615384615 0.6201923076923077 0.40865384615384615 0.6586538461538461 0.2644230769230769 0.6586538461538461
14 0.2668269230769231 0.6610576923076923 0.4110576923076923 0.6610576923076923 0.4110576923076923 0.6899038461538461 0.2668269230769231 0.6899038461538461
14 0.2668269230769231 0.6947115384615384 0.41586538461538464 0.6947115384615384 0.41586538461538464 0.7283653846153846 0.2668269230769231 0.7283653846153846
23 0.33413461538461536 0.19951923076923078 0.4567307692307692 0.19951923076923078 0.4567307692307692 0.21634615384615385 0.33413461538461536 0.21634615384615385
23 0.49759615384615385 0.1971153846153846 0.6177884615384616 0.1971153846153846 0.6177884615384616 0.21634615384615385 0.49759615384615385 0.21634615384615385
23 0.5168269230769231 0.21634615384615385 0.6201923076923077 0.21634615384615385 0.6201923076923077 0.23076923076923078 0.5168269230769231 0.23076923076923078
23 0.43028846153846156 0.23317307692307693 0.6225961538461539 0.23317307692307693 0.6225961538461539 0.27163461538461536 0.43028846153846156 0.27163461538461536
23 0.4807692307692308 0.2620192307692308 0.5961538461538461 0.2620192307692308 0.5961538461538461 0.28365384615384615 0.4807692307692308 0.28365384615384615
23 0.5913461538461539 0.2644230769230769 0.7259615384615384 0.2644230769230769 0.7259615384615384 0.2932692307692308 0.5913461538461539 0.2932692307692308
23 0.6658653846153846 0.2403846153846154 0.7259615384615384 0.2403846153846154 0.7259615384615384 0.25240384615384615 0.6658653846153846 0.25240384615384615
23 0.6514423076923077 0.22596153846153846 0.7211538461538461 0.22596153846153846 0.7211538461538461 0.2403846153846154 0.6514423076923077 0.2403846153846154
23 0.5600961538461539 0.31490384615384615 0.6634615384615384 0.31490384615384615 0.6634615384615384 0.36778846153846156 0.5600961538461539 0.36778846153846156
23 0.6490384615384616 0.3293269230769231 0.7548076923076923 0.3293269230769231 0.7548076923076923 0.3485576923076923 0.6490384615384616 0.3485576923076923
23 0.5961538461538461 0.3629807692307692 0.6802884615384616 0.3629807692307692 0.6802884615384616 0.4014423076923077 0.5961538461538461 0.4014423076923077
23 0.6298076923076923 0.36778846153846156 0.7548076923076923 0.36778846153846156 0.7548076923076923 0.3894230769230769 0.6298076923076923 0.3894230769230769
23 0.6177884615384616 0.40625 0.7548076923076923 0.40625 0.7548076923076923 0.4326923076923077 0.6177884615384616 0.4326923076923077
23 0.6514423076923077 0.44471153846153844 0.7524038461538461 0.44471153846153844 0.7524038461538461 0.46634615384615385 0.6514423076923077 0.46634615384615385
23 0.6105769230769231 0.47596153846153844 0.7091346153846154 0.47596153846153844 0.7091346153846154 0.5024038461538461 0.6105769230769231 0.5024038461538461
23 0.6225961538461539 0.5192307692307693 0.75 0.5192307692307693 0.75 0.5384615384615384 0.6225961538461539 0.5384615384615384
23 0.6947115384615384 0.4855769230769231 0.75 0.4855769230769231 0.75 0.5024038461538461 0.6947115384615384 0.5024038461538461
23 0.7355769230769231 0.47115384615384615 0.75 0.47115384615384615 0.75 0.47836538461538464 0.7355769230769231 0.47836538461538464
23 0.6201923076923077 0.5552884615384616 0.7427884615384616 0.5552884615384616 0.7427884615384616 0.5769230769230769 0.6201923076923077 0.5769230769230769
23 0.6947115384615384 0.5913461538461539 0.7259615384615384 0.5913461538461539 0.7259615384615384 0.6033653846153846 0.6947115384615384 0.6033653846153846
23 0.6826923076923077 0.6153846153846154 0.7259615384615384 0.6153846153846154 0.7259615384615384 0.6322115384615384 0.6826923076923077 0.6322115384615384
23 0.6971153846153846 0.6514423076923077 0.7211538461538461 0.6514423076923077 0.7211538461538461 0.6610576923076923 0.6971153846153846 0.6610576923076923
23 0.6971153846153846 0.6754807692307693 0.7163461538461539 0.6754807692307693 0.7163461538461539 0.6875 0.6971153846153846 0.6875
0 0.71875 0.28365384615384615 0.7596153846153846 0.28365384615384615 0.7596153846153846 0.31009615384615385 0.71875 0.31009615384615385
0 0.4951923076923077 0.1778846153846154 0.6586538461538461 0.1778846153846154 0.6586538461538461 0.22596153846153846 0.4951923076923077 0.22596153846153846
0 0.4110576923076923 0.7019230769230769 0.47115384615384615 0.7019230769230769 0.47115384615384615 0.7331730769230769 0.4110576923076923 0.7331730769230769
0 0.5168269230769231 0.6153846153846154 0.5889423076923077 0.6153846153846154 0.5889423076923077 0.6466346153846154 0.5168269230769231 0.6466346153846154
0 0.5048076923076923 0.7067307692307693 0.6634615384615384 0.7067307692307693 0.6634615384615384 0.7427884615384616 0.5048076923076923 0.7427884615384616
20 0.6394230769230769 0.6057692307692307 0.6754807692307693 0.6057692307692307 0.6754807692307693 0.7235576923076923 0.6394230769230769 0.7235576923076923
14 0.34375 0.6658653846153846 0.7067307692307693 0.6658653846153846 0.7067307692307693 0.8052884615384616 0.34375 0.8052884615384616
12 0.21394230769230768 0.2860576923076923 0.3942307692307692 0.2860576923076923 0.3942307692307692 0.2980769230769231 0.21394230769230768 0.2980769230769231
12 0.24759615384615385 0.33653846153846156 0.39663461538461536 0.33653846153846156 0.39663461538461536 0.34375 0.24759615384615385 0.34375
12 0.21394230769230768 0.375 0.39903846153846156 0.375 0.39903846153846156 0.38461538461538464 0.21394230769230768 0.38461538461538464
12 0.21875 0.41586538461538464 0.39663461538461536 0.41586538461538464 0.39663461538461536 0.42788461538461536 0.21875 0.42788461538461536
12 0.21875 0.45913461538461536 0.4014423076923077 0.45913461538461536 0.4014423076923077 0.46634615384615385 0.21875 0.46634615384615385
0 0.21394230769230768 0.22596153846153846 0.3942307692307692 0.22596153846153846 0.3942307692307692 0.24519230769230768 0.21394230769230768 0.24519230769230768
12 0.21153846153846154 0.2403846153846154 0.3942307692307692 0.2403846153846154 0.3942307692307692 0.25721153846153844 0.21153846153846154 0.25721153846153844
12 0.22596153846153846 0.5024038461538461 0.4014423076923077 0.5024038461538461 0.4014423076923077 0.5072115384615384 0.22596153846153846 0.5072115384615384
12 0.2283653846153846 0.5408653846153846 0.40625 0.5408653846153846 0.40625 0.5480769230769231 0.2283653846153846 0.5480769230769231
12 0.23076923076923078 0.5817307692307693 0.40625 0.5817307692307693 0.40625 0.5889423076923077 0.23076923076923078 0.5889423076923077
12 0.23317307692307693 0.6153846153846154 0.40625 0.6153846153846154 0.40625 0.6298076923076923 0.23317307692307693 0.6298076923076923
12 0.2692307692307692 0.6971153846153846 0.40625 0.6971153846153846 0.40625 0.7067307692307693 0.2692307692307692 0.7067307692307693
12 0.28846153846153844 0.6586538461538461 0.40625 0.6586538461538461 0.40625 0.6658653846153846 0.28846153846153844 0.6658653846153846
0 0.21634615384615385 0.27163461538461536 0.39663461538461536 0.27163461538461536 0.39663461538461536 0.2932692307692308 0.21634615384615385 0.2932692307692308
0 0.22355769230769232 0.3605769230769231 0.4014423076923077 0.3605769230769231 0.4014423076923077 0.3798076923076923 0.22355769230769232 0.3798076923076923
0 0.22596153846153846 0.40625 0.4014423076923077 0.40625 0.4014423076923077 0.4206730769230769 0.22596153846153846 0.4206730769230769
0 0.2283653846153846 0.44711538461538464 0.4014423076923077 0.44711538461538464 0.4014423076923077 0.46153846153846156 0.2283653846153846 0.46153846153846156
0 0.23076923076923078 0.4879807692307692 0.4014423076923077 0.4879807692307692 0.4014423076923077 0.5024038461538461 0.23076923076923078 0.5024038461538461
0 0.23317307692307693 0.5288461538461539 0.40384615384615385 0.5288461538461539 0.40384615384615385 0.5432692307692307 0.23317307692307693 0.5432692307692307
0 0.25 0.6009615384615384 0.40865384615384615 0.6009615384615384 0.40865384615384615 0.6201923076923077 0.25 0.6201923076923077
0 0.23557692307692307 0.5649038461538461 0.40865384615384615 0.5649038461538461 0.40865384615384615 0.5841346153846154 0.23557692307692307 0.5841346153846154
0 0.25721153846153844 0.7139423076923077 0.40865384615384615 0.7139423076923077 0.40865384615384615 0.7355769230769231 0.25721153846153844 0.7355769230769231
17 0.27163461538461536 0.75 0.3245192307692308 0.75 0.3245192307692308 0.8197115384615384 0.27163461538461536 0.8197115384615384
17 0.3918269230769231 0.7692307692307693 0.4110576923076923 0.7692307692307693 0.4110576923076923 0.8052884615384616 0.3918269230769231 0.8052884615384616
2 0.1971153846153846 0.1658653846153846 0.7620192307692307 0.1658653846153846 0.7620192307692307 0.8197115384615384 0.1971153846153846 0.8197115384615384
23 0.7163461538461539 0.3942307692307692 0.75 0.3942307692307692 0.75 0.40384615384615385 0.7163461538461539 0.40384615384615385
10 0.1971153846153846 0.16346153846153846 0.7620192307692307 0.16346153846153846 0.7620192307692307 0.8221153846153846 0.1971153846153846 0.8221153846153846
14 0.24278846153846154 0.25961538461538464 0.39663461538461536 0.25961538461538464 0.39663461538461536 0.2932692307692308 0.24278846153846154 0.2932692307692308
14 0.24519230769230768 0.30288461538461536 0.4014423076923077 0.30288461538461536 0.4014423076923077 0.38221153846153844 0.24519230769230768 0.38221153846153844
14 0.25 0.3870192307692308 0.4014423076923077 0.3870192307692308 0.4014423076923077 0.4206730769230769 0.25 0.4206730769230769
14 0.25240384615384615 0.42788461538461536 0.40384615384615385 0.42788461538461536 0.40384615384615385 0.46153846153846156 0.25240384615384615 0.46153846153846156
14 0.2548076923076923 0.46634615384615385 0.40384615384615385 0.46634615384615385 0.40384615384615385 0.5024038461538461 0.2548076923076923 0.5024038461538461
14 0.25721153846153844 0.5072115384615384 0.40625 0.5072115384615384 0.40625 0.5432692307692307 0.25721153846153844 0.5432692307692307
14 0.25961538461538464 0.5480769230769231 0.40865384615384615 0.5480769230769231 0.40865384615384615 0.5817307692307693 0.25961538461538464 0.5817307692307693
14 0.2620192307692308 0.5889423076923077 0.40625 0.5889423076923077 0.40625 0.6201923076923077 0.2620192307692308 0.6201923076923077
14 0.2644230769230769 0.6201923076923077 0.40865384615384615 0.6201923076923077 0.40865384615384615 0.6586538461538461 0.2644230769230769 0.6586538461538461
14 0.2668269230769231 0.6610576923076923 0.4110576923076923 0.6610576923076923 0.4110576923076923 0.6899038461538461 0.2668269230769231 0.6899038461538461
14 0.2668269230769231 0.6947115384615384 0.41586538461538464 0.6947115384615384 0.41586538461538464 0.7283653846153846 0.2668269230769231 0.7283653846153846
23 0.33413461538461536 0.19951923076923078 0.4567307692307692 0.19951923076923078 0.4567307692307692 0.21634615384615385 0.33413461538461536 0.21634615384615385
23 0.49759615384615385 0.1971153846153846 0.6177884615384616 0.1971153846153846 0.6177884615384616 0.21634615384615385 0.49759615384615385 0.21634615384615385
23 0.5168269230769231 0.21634615384615385 0.6201923076923077 0.21634615384615385 0.6201923076923077 0.23076923076923078 0.5168269230769231 0.23076923076923078
23 0.43028846153846156 0.23317307692307693 0.6225961538461539 0.23317307692307693 0.6225961538461539 0.27163461538461536 0.43028846153846156 0.27163461538461536
23 0.4807692307692308 0.2620192307692308 0.5961538461538461 0.2620192307692308 0.5961538461538461 0.28365384615384615 0.4807692307692308 0.28365384615384615
23 0.5913461538461539 0.2644230769230769 0.7259615384615384 0.2644230769230769 0.7259615384615384 0.2932692307692308 0.5913461538461539 0.2932692307692308
23 0.6658653846153846 0.2403846153846154 0.7259615384615384 0.2403846153846154 0.7259615384615384 0.25240384615384615 0.6658653846153846 0.25240384615384615
23 0.6514423076923077 0.22596153846153846 0.7211538461538461 0.22596153846153846 0.7211538461538461 0.2403846153846154 0.6514423076923077 0.2403846153846154
23 0.5600961538461539 0.31490384615384615 0.6634615384615384 0.31490384615384615 0.6634615384615384 0.36778846153846156 0.5600961538461539 0.36778846153846156
23 0.6490384615384616 0.3293269230769231 0.7548076923076923 0.3293269230769231 0.7548076923076923 0.3485576923076923 0.6490384615384616 0.3485576923076923
23 0.5961538461538461 0.3629807692307692 0.6802884615384616 0.3629807692307692 0.6802884615384616 0.4014423076923077 0.5961538461538461 0.4014423076923077
23 0.6298076923076923 0.36778846153846156 0.7548076923076923 0.36778846153846156 0.7548076923076923 0.3894230769230769 0.6298076923076923 0.3894230769230769
23 0.6177884615384616 0.40625 0.7548076923076923 0.40625 0.7548076923076923 0.4326923076923077 0.6177884615384616 0.4326923076923077
23 0.6514423076923077 0.44471153846153844 0.7524038461538461 0.44471153846153844 0.7524038461538461 0.46634615384615385 0.6514423076923077 0.46634615384615385
23 0.6105769230769231 0.47596153846153844 0.7091346153846154 0.47596153846153844 0.7091346153846154 0.5024038461538461 0.6105769230769231 0.5024038461538461
23 0.6225961538461539 0.5192307692307693 0.75 0.5192307692307693 0.75 0.5384615384615384 0.6225961538461539 0.5384615384615384
23 0.6947115384615384 0.4855769230769231 0.75 0.4855769230769231 0.75 0.5024038461538461 0.6947115384615384 0.5024038461538461
23 0.7355769230769231 0.47115384615384615 0.75 0.47115384615384615 0.75 0.47836538461538464 0.7355769230769231 0.47836538461538464
23 0.6201923076923077 0.5552884615384616 0.7427884615384616 0.5552884615384616 0.7427884615384616 0.5769230769230769 0.6201923076923077 0.5769230769230769
23 0.6947115384615384 0.5913461538461539 0.7259615384615384 0.5913461538461539 0.7259615384615384 0.6033653846153846 0.6947115384615384 0.6033653846153846
23 0.6826923076923077 0.6153846153846154 0.7259615384615384 0.6153846153846154 0.7259615384615384 0.6322115384615384 0.6826923076923077 0.6322115384615384
23 0.6971153846153846 0.6514423076923077 0.7211538461538461 0.6514423076923077 0.7211538461538461 0.6610576923076923 0.6971153846153846 0.6610576923076923
23 0.6971153846153846 0.6754807692307693 0.7163461538461539 0.6754807692307693 0.7163461538461539 0.6875 0.6971153846153846 0.6875
0 0.71875 0.28365384615384615 0.7596153846153846 0.28365384615384615 0.7596153846153846 0.31009615384615385 0.71875 0.31009615384615385
0 0.4951923076923077 0.1778846153846154 0.6586538461538461 0.1778846153846154 0.6586538461538461 0.22596153846153846 0.4951923076923077 0.22596153846153846
0 0.4110576923076923 0.7019230769230769 0.47115384615384615 0.7019230769230769 0.47115384615384615 0.7331730769230769 0.4110576923076923 0.7331730769230769
0 0.5168269230769231 0.6153846153846154 0.5889423076923077 0.6153846153846154 0.5889423076923077 0.6466346153846154 0.5168269230769231 0.6466346153846154
0 0.5048076923076923 0.7067307692307693 0.6634615384615384 0.7067307692307693 0.6634615384615384 0.7427884615384616 0.5048076923076923 0.7427884615384616
20 0.6394230769230769 0.6057692307692307 0.6754807692307693 0.6057692307692307 0.6754807692307693 0.7235576923076923 0.6394230769230769 0.7235576923076923
14 0.34375 0.6658653846153846 0.7067307692307693 0.6658653846153846 0.7067307692307693 0.8052884615384616 0.34375 0.8052884615384616
12 0.21394230769230768 0.2860576923076923 0.3942307692307692 0.2860576923076923 0.3942307692307692 0.2980769230769231 0.21394230769230768 0.2980769230769231
12 0.24759615384615385 0.33653846153846156 0.39663461538461536 0.33653846153846156 0.39663461538461536 0.34375 0.24759615384615385 0.34375
12 0.21394230769230768 0.375 0.39903846153846156 0.375 0.39903846153846156 0.38461538461538464 0.21394230769230768 0.38461538461538464
12 0.21875 0.41586538461538464 0.39663461538461536 0.41586538461538464 0.39663461538461536 0.42788461538461536 0.21875 0.42788461538461536
12 0.21875 0.45913461538461536 0.4014423076923077 0.45913461538461536 0.4014423076923077 0.46634615384615385 0.21875 0.46634615384615385
0 0.21394230769230768 0.22596153846153846 0.3942307692307692 0.22596153846153846 0.3942307692307692 0.24519230769230768 0.21394230769230768 0.24519230769230768
12 0.21153846153846154 0.2403846153846154 0.3942307692307692 0.2403846153846154 0.3942307692307692 0.25721153846153844 0.21153846153846154 0.25721153846153844
12 0.22596153846153846 0.5024038461538461 0.4014423076923077 0.5024038461538461 0.4014423076923077 0.5072115384615384 0.22596153846153846 0.5072115384615384
12 0.2283653846153846 0.5408653846153846 0.40625 0.5408653846153846 0.40625 0.5480769230769231 0.2283653846153846 0.5480769230769231
12 0.23076923076923078 0.5817307692307693 0.40625 0.5817307692307693 0.40625 0.5889423076923077 0.23076923076923078 0.5889423076923077
12 0.23317307692307693 0.6153846153846154 0.40625 0.6153846153846154 0.40625 0.6298076923076923 0.23317307692307693 0.6298076923076923
12 0.2692307692307692 0.6971153846153846 0.40625 0.6971153846153846 0.40625 0.7067307692307693 0.2692307692307692 0.7067307692307693
12 0.28846153846153844 0.6586538461538461 0.40625 0.6586538461538461 0.40625 0.6658653846153846 0.28846153846153844 0.6658653846153846
0 0.21634615384615385 0.27163461538461536 0.39663461538461536 0.27163461538461536 0.39663461538461536 0.2932692307692308 0.21634615384615385 0.2932692307692308
0 0.22355769230769232 0.3605769230769231 0.4014423076923077 0.3605769230769231 0.4014423076923077 0.3798076923076923 0.22355769230769232 0.3798076923076923
0 0.22596153846153846 0.40625 0.4014423076923077 0.40625 0.4014423076923077 0.4206730769230769 0.22596153846153846 0.4206730769230769
0 0.2283653846153846 0.44711538461538464 0.4014423076923077 0.44711538461538464 0.4014423076923077 0.46153846153846156 0.2283653846153846 0.46153846153846156
0 0.23076923076923078 0.4879807692307692 0.4014423076923077 0.4879807692307692 0.4014423076923077 0.5024038461538461 0.23076923076923078 0.5024038461538461
0 0.23317307692307693 0.5288461538461539 0.40384615384615385 0.5288461538461539 0.40384615384615385 0.5432692307692307 0.23317307692307693 0.5432692307692307
0 0.25 0.6009615384615384 0.40865384615384615 0.6009615384615384 0.40865384615384615 0.6201923076923077 0.25 0.6201923076923077
0 0.23557692307692307 0.5649038461538461 0.40865384615384615 0.5649038461538461 0.40865384615384615 0.5841346153846154 0.23557692307692307 0.5841346153846154
0 0.25721153846153844 0.7139423076923077 0.40865384615384615 0.7139423076923077 0.40865384615384615 0.7355769230769231 0.25721153846153844 0.7355769230769231
17 0.27163461538461536 0.75 0.3245192307692308 0.75 0.3245192307692308 0.8197115384615384 0.27163461538461536 0.8197115384615384
17 0.3918269230769231 0.7692307692307693 0.4110576923076923 0.7692307692307693 0.4110576923076923 0.8052884615384616 0.3918269230769231 0.8052884615384616
2 0.1971153846153846 0.1658653846153846 0.7620192307692307 0.1658653846153846 0.7620192307692307 0.8197115384615384 0.1971153846153846 0.8197115384615384
23 0.7163461538461539 0.3942307692307692 0.75 0.3942307692307692 0.75 0.40384615384615385 0.7163461538461539 0.40384615384615385
10 0.1971153846153846 0.16346153846153846 0.7620192307692307 0.16346153846153846 0.7620192307692307 0.8221153846153846 0.1971153846153846 0.8221153846153846