23 0.45913461538461536 0.25 0.49759615384615385 0.25 0.49759615384615385 0.33653846153846156 0.45913461538461536 0.33653846153846156
24 0.45913461538461536 0.23798076923076922 0.49759615384615385 0.23798076923076922 0.49759615384615385 0.33653846153846156 0.45913461538461536 0.33653846153846156
24 0.35096153846153844 0.2403846153846154 0.38461538461538464 0.2403846153846154 0.38461538461538464 0.33653846153846156 0.35096153846153844 0.33653846153846156
23 0.3557692307692308 0.25 0.38461538461538464 0.25 0.38461538461538464 0.33653846153846156 0.3557692307692308 0.33653846153846156
24 0.625 0.24278846153846154 0.6634615384615384 0.24278846153846154 0.6634615384615384 0.3389423076923077 0.625 0.3389423076923077
23 0.625 0.2548076923076923 0.6586538461538461 0.2548076923076923 0.6586538461538461 0.3389423076923077 0.625 0.3389423076923077
25 0.7019230769230769 0.3918269230769231 0.7283653846153846 0.3918269230769231 0.7283653846153846 0.4567307692307692 0.7019230769230769 0.4567307692307692
23 0.7019230769230769 0.3942307692307692 0.7211538461538461 0.3942307692307692 0.7211538461538461 0.4567307692307692 0.7019230769230769 0.4567307692307692
24 0.6274038461538461 0.3894230769230769 0.6538461538461539 0.3894230769230769 0.6538461538461539 0.4567307692307692 0.6274038461538461 0.4567307692307692
23 0.6274038461538461 0.39663461538461536 0.6490384615384616 0.39663461538461536 0.6490384615384616 0.4567307692307692 0.6274038461538461 0.4567307692307692
24 0.5192307692307693 0.3894230769230769 0.5456730769230769 0.3894230769230769 0.5456730769230769 0.45913461538461536 0.5192307692307693 0.45913461538461536
23 0.5216346153846154 0.39663461538461536 0.5408653846153846 0.39663461538461536 0.5408653846153846 0.45913461538461536 0.5216346153846154 0.45913461538461536
8 0.45913461538461536 0.3870192307692308 0.49038461538461536 0.3870192307692308 0.49038461538461536 0.49759615384615385 0.45913461538461536 0.49759615384615385
23 0.41586538461538464 0.3942307692307692 0.4375 0.3942307692307692 0.4375 0.4567307692307692 0.41586538461538464 0.4567307692307692
24 0.4110576923076923 0.3870192307692308 0.4375 0.3870192307692308 0.4375 0.4543269230769231 0.4110576923076923 0.4543269230769231
8 0.3293269230769231 0.38461538461538464 0.35336538461538464 0.38461538461538464 0.35336538461538464 0.49278846153846156 0.3293269230769231 0.49278846153846156
23 0.27403846153846156 0.3894230769230769 0.2932692307692308 0.3894230769230769 0.2932692307692308 0.4495192307692308 0.27403846153846156 0.4495192307692308
24 0.2692307692307692 0.38461538461538464 0.2956730769230769 0.38461538461538464 0.2956730769230769 0.4495192307692308 0.2692307692307692 0.4495192307692308
24 0.1658653846153846 0.3798076923076923 0.18990384615384615 0.3798076923076923 0.18990384615384615 0.4423076923076923 0.1658653846153846 0.4423076923076923
23 0.17067307692307693 0.38461538461538464 0.18990384615384615 0.38461538461538464 0.18990384615384615 0.4423076923076923 0.17067307692307693 0.4423076923076923
8 0.1971153846153846 0.375 0.22596153846153846 0.375 0.22596153846153846 0.49278846153846156 0.1971153846153846 0.49278846153846156
0 0.29086538461538464 0.29086538461538464 0.7139423076923077 0.29086538461538464 0.7139423076923077 0.35096153846153844 0.29086538461538464 0.35096153846153844
12 0.1201923076923077 0.4879807692307692 0.8918269230769231 0.4879807692307692 0.8918269230769231 0.5144230769230769 0.1201923076923077 0.5144230769230769
19 0.0625 0 1 0 1 0.4326923076923077 0.0625 0.4326923076923077
8 0.16346153846153846 0.5072115384615384 0.18990384615384615 0.5072115384615384 0.18990384615384615 0.59375 0.16346153846153846 0.59375
9 0.2548076923076923 0.5 0.30528846153846156 0.5 0.30528846153846156 0.6129807692307693 0.2548076923076923 0.6129807692307693
8 0.2764423076923077 0.5096153846153846 0.30528846153846156 0.5096153846153846 0.30528846153846156 0.6129807692307693 0.2764423076923077 0.6129807692307693
9 0.6370192307692307 0.5120192307692307 0.6899038461538461 0.5120192307692307 0.6899038461538461 0.6033653846153846 0.6370192307692307 0.6033653846153846
8 0.6370192307692307 0.5120192307692307 0.6610576923076923 0.5120192307692307 0.6610576923076923 0.6033653846153846 0.6370192307692307 0.6033653846153846
10 0.14182692307692307 0.2548076923076923 0.90625 0.2548076923076923 0.90625 0.6153846153846154 0.14182692307692307 0.6153846153846154
0 0.1201923076923077 0.43509615384615385 0.8942307692307693 0.43509615384615385 0.8942307692307693 0.5144230769230769 0.1201923076923077 0.5144230769230769
12 0.15625 0.35096153846153844 0.7860576923076923 0.35096153846153844 0.7860576923076923 0.36538461538461536 0.15625 0.36538461538461536
22 0.15625 0.09134615384615384 0.7860576923076923 0.09134615384615384 0.7860576923076923 0.35096153846153844 0.15625 0.35096153846153844
15 0.14182692307692307 0.5 0.8918269230769231 0.5 0.8918269230769231 0.6153846153846154 0.14182692307692307 0.6153846153846154
17 0.8966346153846154 0.34615384615384615 0.90625 0.34615384615384615 0.90625 0.5216346153846154 0.8966346153846154 0.5216346153846154
2 0.0625 0 1 0 1 0.6153846153846154 0.0625 0.6153846153846154
11 0.15625 0.35096153846153844 0.7860576923076923 0.35096153846153844 0.7860576923076923 0.49759615384615385 0.15625 0.49759615384615385
7 0.38461538461538464 0.5168269230769231 0.46634615384615385 0.5168269230769231 0.46634615384615385 0.6081730769230769 0.38461538461538464 0.6081730769230769
7 0.5721153846153846 0.5120192307692307 0.6514423076923077 0.5120192307692307 0.6514423076923077 0.6081730769230769 0.5721153846153846 0.6081730769230769