19 0.4206730769230769 0.49038461538461536 0.96875 0.49038461538461536 0.96875 0.6586538461538461 0.4206730769230769 0.6586538461538461
19 0.4519230769230769 0.2403846153846154 0.8990384615384616 0.2403846153846154 0.8990384615384616 0.4807692307692308 0.4519230769230769 0.4807692307692308
19 0.47836538461538464 0.040865384615384616 0.8485576923076923 0.040865384615384616 0.8485576923076923 0.2956730769230769 0.47836538461538464 0.2956730769230769
9 0.5985576923076923 0.6754807692307693 0.7716346153846154 0.6754807692307693 0.7716346153846154 0.8798076923076923 0.5985576923076923 0.8798076923076923
5 0.5697115384615384 0.37259615384615385 0.7644230769230769 0.37259615384615385 0.7644230769230769 0.42788461538461536 0.5697115384615384 0.42788461538461536
5 0.5504807692307693 0.6081730769230769 0.8100961538461539 0.6081730769230769 0.8100961538461539 0.65625 0.5504807692307693 0.65625
5 0.5841346153846154 0.1971153846153846 0.7307692307692307 0.1971153846153846 0.7307692307692307 0.2548076923076923 0.5841346153846154 0.2548076923076923
12 0.5216346153846154 0.2764423076923077 0.8100961538461539 0.2764423076923077 0.8100961538461539 0.3293269230769231 0.5216346153846154 0.3293269230769231
12 0.49759615384615385 0.49278846153846156 0.8629807692307693 0.49278846153846156 0.8629807692307693 0.5336538461538461 0.49759615384615385 0.5336538461538461
0 0.5 0.4519230769230769 0.8581730769230769 0.4519230769230769 0.8581730769230769 0.5216346153846154 0.5 0.5216346153846154
0 0.5264423076923077 0.24278846153846154 0.8076923076923077 0.24278846153846154 0.8076923076923077 0.31971153846153844 0.5264423076923077 0.31971153846153844
15 0.5216346153846154 0.5096153846153846 0.8725961538461539 0.5096153846153846 0.8725961538461539 0.8822115384615384 0.5216346153846154 0.8822115384615384
11 0.5408653846153846 0.28846153846153844 0.8028846153846154 0.28846153846153844 0.8028846153846154 0.5192307692307693 0.5408653846153846 0.5192307692307693
22 0.5649038461538461 0.18269230769230768 0.7548076923076923 0.18269230769230768 0.7548076923076923 0.3125 0.5649038461538461 0.3125
7 0.6418269230769231 0.6826923076923077 0.7235576923076923 0.6826923076923077 0.7235576923076923 0.8677884615384616 0.6418269230769231 0.8677884615384616
2 0.4206730769230769 0.040865384615384616 0.96875 0.040865384615384616 0.96875 0.8822115384615384 0.4206730769230769 0.8822115384615384
10 0.5384615384615384 0.13701923076923078 0.8317307692307693 0.13701923076923078 0.8317307692307693 0.8798076923076923 0.5384615384615384 0.8798076923076923