8 0.47115384615384615 0.4951923076923077 0.5192307692307693 0.4951923076923077 0.5192307692307693 0.6322115384615384 0.47115384615384615 0.6322115384615384
9 0.3870192307692308 0.46875 0.6009615384615384 0.46875 0.6009615384615384 0.6514423076923077 0.3870192307692308 0.6514423076923077
5 0.6634615384615384 0.46153846153846156 0.7091346153846154 0.46153846153846156 0.7091346153846154 0.5817307692307693 0.6634615384615384 0.5817307692307693
5 0.28125 0.46153846153846156 0.3245192307692308 0.46153846153846156 0.3245192307692308 0.5817307692307693 0.28125 0.5817307692307693
8 0.1466346153846154 0.5144230769230769 0.1875 0.5144230769230769 0.1875 0.6538461538461539 0.1466346153846154 0.6538461538461539
8 0.8028846153846154 0.5144230769230769 0.8485576923076923 0.5144230769230769 0.8485576923076923 0.65625 0.8028846153846154 0.65625
5 0.8004807692307693 0.47596153846153844 0.8485576923076923 0.47596153846153844 0.8485576923076923 0.5048076923076923 0.8004807692307693 0.5048076923076923
5 0.1466346153846154 0.47596153846153844 0.19230769230769232 0.47596153846153844 0.19230769230769232 0.5024038461538461 0.1466346153846154 0.5024038461538461
23 0.004807692307692308 0.5144230769230769 0.026442307692307692 0.5144230769230769 0.026442307692307692 0.5913461538461539 0.004807692307692308 0.5913461538461539
23 0.05048076923076923 0.5192307692307693 0.0673076923076923 0.5192307692307693 0.0673076923076923 0.5889423076923077 0.05048076923076923 0.5889423076923077
23 0.9447115384615384 0.5144230769230769 0.9639423076923077 0.5144230769230769 0.9639423076923077 0.5889423076923077 0.9447115384615384 0.5889423076923077
7 0.8221153846153846 0.4639423076923077 0.8461538461538461 0.4639423076923077 0.8461538461538461 0.49038461538461536 0.8221153846153846 0.49038461538461536
7 0.8990384615384616 0.49038461538461536 0.9254807692307693 0.49038461538461536 0.9254807692307693 0.5216346153846154 0.8990384615384616 0.5216346153846154
7 0.7307692307692307 0.43990384615384615 0.7524038461538461 0.43990384615384615 0.7524038461538461 0.46634615384615385 0.7307692307692307 0.46634615384615385
7 0.6322115384615384 0.44471153846153844 0.6538461538461539 0.44471153846153844 0.6538461538461539 0.47115384615384615 0.6322115384615384 0.47115384615384615
7 0.5576923076923077 0.4495192307692308 0.5793269230769231 0.4495192307692308 0.5793269230769231 0.47596153846153844 0.5576923076923077 0.47596153846153844
7 0.4110576923076923 0.4495192307692308 0.4326923076923077 0.4495192307692308 0.4326923076923077 0.47596153846153844 0.4110576923076923 0.47596153846153844
7 0.33413461538461536 0.44711538461538464 0.35336538461538464 0.44711538461538464 0.35336538461538464 0.47115384615384615 0.33413461538461536 0.47115384615384615
7 0.23557692307692307 0.4423076923076923 0.2548076923076923 0.4423076923076923 0.2548076923076923 0.46634615384615385 0.23557692307692307 0.46634615384615385
7 0.14903846153846154 0.46634615384615385 0.16826923076923078 0.46634615384615385 0.16826923076923078 0.49278846153846156 0.14903846153846154 0.49278846153846156
7 0.0889423076923077 0.49278846153846156 0.11298076923076923 0.49278846153846156 0.11298076923076923 0.5216346153846154 0.0889423076923077 0.5216346153846154
7 0.026442307692307692 0.4831730769230769 0.055288461538461536 0.4831730769230769 0.055288461538461536 0.5192307692307693 0.026442307692307692 0.5192307692307693
7 0.9639423076923077 0.47836538461538464 0.9951923076923077 0.47836538461538464 0.9951923076923077 0.5168269230769231 0.9639423076923077 0.5168269230769231
19 0 0.3317307692307692 1 0.3317307692307692 1 0.49038461538461536 0 0.49038461538461536
2 0 0.3317307692307692 1 0.3317307692307692 1 0.7524038461538461 0 0.7524038461538461
10 0 0.43509615384615385 1 0.43509615384615385 1 0.6971153846153846 0 0.6971153846153846
15 0.11298076923076923 0.43509615384615385 0.8870192307692307 0.43509615384615385 0.8870192307692307 0.6971153846153846 0.11298076923076923 0.6971153846153846