23 0.84375 0.1658653846153846 0.8725961538461539 0.1658653846153846 0.8725961538461539 0.19951923076923078 0.84375 0.19951923076923078
23 0.02403846153846154 0.1658653846153846 0.052884615384615384 0.1658653846153846 0.052884615384615384 0.20192307692307693 0.02403846153846154 0.20192307692307693
23 0.12740384615384615 0.1658653846153846 0.15625 0.1658653846153846 0.15625 0.20192307692307693 0.12740384615384615 0.20192307692307693
23 0.23798076923076922 0.1658653846153846 0.2668269230769231 0.1658653846153846 0.2668269230769231 0.20192307692307693 0.23798076923076922 0.20192307692307693
23 0.6418269230769231 0.1658653846153846 0.6706730769230769 0.1658653846153846 0.6706730769230769 0.19951923076923078 0.6418269230769231 0.19951923076923078
23 0.7427884615384616 0.1658653846153846 0.7716346153846154 0.1658653846153846 0.7716346153846154 0.19951923076923078 0.7427884615384616 0.19951923076923078
23 0.5336538461538461 0.1658653846153846 0.5625 0.1658653846153846 0.5625 0.19951923076923078 0.5336538461538461 0.19951923076923078
23 0.34134615384615385 0.1658653846153846 0.3701923076923077 0.1658653846153846 0.3701923076923077 0.20192307692307693 0.34134615384615385 0.20192307692307693
23 0.4375 0.16826923076923078 0.46875 0.16826923076923078 0.46875 0.20192307692307693 0.4375 0.20192307692307693
23 0.02403846153846154 0.24759615384615385 0.052884615384615384 0.24759615384615385 0.052884615384615384 0.2980769230769231 0.02403846153846154 0.2980769230769231
23 0.12980769230769232 0.24759615384615385 0.15865384615384615 0.24759615384615385 0.15865384615384615 0.2980769230769231 0.12980769230769232 0.2980769230769231
23 0.20673076923076922 0.28125 0.22596153846153846 0.28125 0.22596153846153846 0.3076923076923077 0.20673076923076922 0.3076923076923077
23 0.3076923076923077 0.28125 0.32211538461538464 0.28125 0.32211538461538464 0.31490384615384615 0.3076923076923077 0.31490384615384615
23 0.3918269230769231 0.27163461538461536 0.41586538461538464 0.27163461538461536 0.41586538461538464 0.31490384615384615 0.3918269230769231 0.31490384615384615
23 0.02403846153846154 0.35336538461538464 0.052884615384615384 0.35336538461538464 0.052884615384615384 0.43990384615384615 0.02403846153846154 0.43990384615384615
23 0.84375 0.35336538461538464 0.8725961538461539 0.35336538461538464 0.8725961538461539 0.43990384615384615 0.84375 0.43990384615384615
23 0.7427884615384616 0.35336538461538464 0.7716346153846154 0.35336538461538464 0.7716346153846154 0.43990384615384615 0.7427884615384616 0.43990384615384615
23 0.6418269230769231 0.35336538461538464 0.6730769230769231 0.35336538461538464 0.6730769230769231 0.43990384615384615 0.6418269230769231 0.43990384615384615
23 0.53125 0.35336538461538464 0.5625 0.35336538461538464 0.5625 0.43990384615384615 0.53125 0.43990384615384615
23 0.4375 0.35336538461538464 0.46875 0.35336538461538464 0.46875 0.43990384615384615 0.4375 0.43990384615384615
23 0.3389423076923077 0.35336538461538464 0.36778846153846156 0.35336538461538464 0.36778846153846156 0.43990384615384615 0.3389423076923077 0.43990384615384615
23 0.23798076923076922 0.35336538461538464 0.2668269230769231 0.35336538461538464 0.2668269230769231 0.43990384615384615 0.23798076923076922 0.43990384615384615
23 0.23798076923076922 0.35336538461538464 0.2668269230769231 0.35336538461538464 0.2668269230769231 0.43990384615384615 0.23798076923076922 0.43990384615384615
23 0.125 0.35336538461538464 0.15625 0.35336538461538464 0.15625 0.43990384615384615 0.125 0.43990384615384615
23 0.125 0.4831730769230769 0.15384615384615385 0.4831730769230769 0.15384615384615385 0.5504807692307693 0.125 0.5504807692307693
23 0.021634615384615384 0.4831730769230769 0.052884615384615384 0.4831730769230769 0.052884615384615384 0.5504807692307693 0.021634615384615384 0.5504807692307693
23 0.7427884615384616 0.6009615384615384 0.7716346153846154 0.6009615384615384 0.7716346153846154 0.6850961538461539 0.7427884615384616 0.6850961538461539
23 0.6418269230769231 0.6009615384615384 0.6706730769230769 0.6009615384615384 0.6706730769230769 0.6850961538461539 0.6418269230769231 0.6850961538461539
23 0.5336538461538461 0.6009615384615384 0.5625 0.6009615384615384 0.5625 0.6850961538461539 0.5336538461538461 0.6850961538461539
23 0.84375 0.6009615384615384 0.875 0.6009615384615384 0.875 0.6850961538461539 0.84375 0.6850961538461539
23 0.3389423076923077 0.6009615384615384 0.36778846153846156 0.6009615384615384 0.36778846153846156 0.6850961538461539 0.3389423076923077 0.6850961538461539
23 0.23557692307692307 0.6009615384615384 0.2668269230769231 0.6009615384615384 0.2668269230769231 0.6850961538461539 0.23557692307692307 0.6850961538461539
23 0.125 0.6009615384615384 0.15625 0.6009615384615384 0.15625 0.6850961538461539 0.125 0.6850961538461539
23 0.021634615384615384 0.6009615384615384 0.052884615384615384 0.6009615384615384 0.052884615384615384 0.6850961538461539 0.021634615384615384 0.6850961538461539
23 0.4375 0.6009615384615384 0.46875 0.6009615384615384 0.46875 0.6850961538461539 0.4375 0.6850961538461539
23 0.53125 0.75 0.5625 0.75 0.5625 0.7884615384615384 0.53125 0.7884615384615384
23 0.7427884615384616 0.75 0.7716346153846154 0.75 0.7716346153846154 0.7884615384615384 0.7427884615384616 0.7884615384615384
23 0.6418269230769231 0.75 0.6706730769230769 0.75 0.6706730769230769 0.7884615384615384 0.6418269230769231 0.7884615384615384
23 0.021634615384615384 0.75 0.052884615384615384 0.75 0.052884615384615384 0.7884615384615384 0.021634615384615384 0.7884615384615384
23 0.4375 0.7524038461538461 0.46875 0.7524038461538461 0.46875 0.7908653846153846 0.4375 0.7908653846153846
23 0.33653846153846156 0.75 0.36778846153846156 0.75 0.36778846153846156 0.7884615384615384 0.33653846153846156 0.7884615384615384
23 0.23557692307692307 0.75 0.2668269230769231 0.75 0.2668269230769231 0.7884615384615384 0.23557692307692307 0.7884615384615384
23 0.125 0.75 0.15384615384615385 0.75 0.15384615384615385 0.7884615384615384 0.125 0.7884615384615384
8 0.01201923076923077 0.8413461538461539 0.0625 0.8413461538461539 0.0625 0.9663461538461539 0.01201923076923077 0.9663461538461539
23 0.5336538461538461 0.8557692307692307 0.5625 0.8557692307692307 0.5625 0.9302884615384616 0.5336538461538461 0.9302884615384616
23 0.125 0.8557692307692307 0.15384615384615385 0.8557692307692307 0.15384615384615385 0.9278846153846154 0.125 0.9278846153846154
23 0.125 0.8557692307692307 0.15384615384615385 0.8557692307692307 0.15384615384615385 0.9278846153846154 0.125 0.9278846153846154
23 0.23798076923076922 0.8557692307692307 0.2668269230769231 0.8557692307692307 0.2668269230769231 0.9278846153846154 0.23798076923076922 0.9278846153846154
23 0.3389423076923077 0.8557692307692307 0.36778846153846156 0.8557692307692307 0.36778846153846156 0.9278846153846154 0.3389423076923077 0.9278846153846154
23 0.43990384615384615 0.8557692307692307 0.46875 0.8557692307692307 0.46875 0.9302884615384616 0.43990384615384615 0.9302884615384616
23 0.6442307692307693 0.8557692307692307 0.6730769230769231 0.8557692307692307 0.6730769230769231 0.9350961538461539 0.6442307692307693 0.9350961538461539
23 0.7331730769230769 0.8629807692307693 0.78125 0.8629807692307693 0.78125 0.9591346153846154 0.7331730769230769 0.9591346153846154
23 0.8461538461538461 0.8557692307692307 0.875 0.8557692307692307 0.875 0.9278846153846154 0.8461538461538461 0.9278846153846154
23 0.7980769230769231 0.46875 0.8173076923076923 0.46875 0.8173076923076923 0.5048076923076923 0.7980769230769231 0.5048076923076923
16 0 0.14423076923076922 0.9399038461538461 0.14423076923076922 0.9399038461538461 0.16346153846153846 0 0.16346153846153846
4 0.8269230769230769 0.5576923076923077 0.8894230769230769 0.5576923076923077 0.8894230769230769 0.5841346153846154 0.8269230769230769 0.5841346153846154
4 0.004807692307692308 0.5576923076923077 0.0673076923076923 0.5576923076923077 0.0673076923076923 0.5889423076923077 0.004807692307692308 0.5889423076923077
4 0.10817307692307693 0.5576923076923077 0.17067307692307693 0.5576923076923077 0.17067307692307693 0.5889423076923077 0.10817307692307693 0.5889423076923077
4 0.22115384615384615 0.5576923076923077 0.28125 0.5576923076923077 0.28125 0.5865384615384616 0.22115384615384615 0.5865384615384616
4 0.32211538461538464 0.5600961538461539 0.38221153846153844 0.5600961538461539 0.38221153846153844 0.5889423076923077 0.32211538461538464 0.5889423076923077
4 0.4206730769230769 0.5600961538461539 0.4831730769230769 0.5600961538461539 0.4831730769230769 0.5865384615384616 0.4206730769230769 0.5865384615384616
4 0.5168269230769231 0.5600961538461539 0.5769230769230769 0.5600961538461539 0.5769230769230769 0.5865384615384616 0.5168269230769231 0.5865384615384616
4 0.625 0.5576923076923077 0.6875 0.5576923076923077 0.6875 0.5865384615384616 0.625 0.5865384615384616
4 0.7259615384615384 0.5576923076923077 0.7884615384615384 0.5576923076923077 0.7884615384615384 0.5841346153846154 0.7259615384615384 0.5841346153846154
4 0.8293269230769231 0.30528846153846156 0.8870192307692307 0.30528846153846156 0.8870192307692307 0.3317307692307692 0.8293269230769231 0.3317307692307692
4 0.009615384615384616 0.3076923076923077 0.0673076923076923 0.3076923076923077 0.0673076923076923 0.33653846153846156 0.009615384615384616 0.33653846153846156
4 0.11057692307692307 0.3076923076923077 0.17067307692307693 0.3076923076923077 0.17067307692307693 0.33653846153846156 0.11057692307692307 0.33653846153846156
4 0.22355769230769232 0.30528846153846156 0.28125 0.30528846153846156 0.28125 0.33413461538461536 0.22355769230769232 0.33413461538461536
4 0.3245192307692308 0.30528846153846156 0.38221153846153844 0.30528846153846156 0.38221153846153844 0.3317307692307692 0.3245192307692308 0.3317307692307692
4 0.4230769230769231 0.30528846153846156 0.4807692307692308 0.30528846153846156 0.4807692307692308 0.3317307692307692 0.4230769230769231 0.3317307692307692
4 0.5192307692307693 0.30528846153846156 0.5745192307692307 0.30528846153846156 0.5745192307692307 0.3317307692307692 0.5192307692307693 0.3317307692307692
4 0.6274038461538461 0.30528846153846156 0.6850961538461539 0.30528846153846156 0.6850961538461539 0.3317307692307692 0.6274038461538461 0.3317307692307692
4 0.7283653846153846 0.30528846153846156 0.7860576923076923 0.30528846153846156 0.7860576923076923 0.3317307692307692 0.7283653846153846 0.3317307692307692
21 0.009615384615384616 0.7115384615384616 0.06490384615384616 0.7115384615384616 0.06490384615384616 0.7403846153846154 0.009615384615384616 0.7403846153846154
21 0.11057692307692307 0.7139423076923077 0.16826923076923078 0.7139423076923077 0.16826923076923078 0.7403846153846154 0.11057692307692307 0.7403846153846154
21 0.22355769230769232 0.7139423076923077 0.27884615384615385 0.7139423076923077 0.27884615384615385 0.7403846153846154 0.22355769230769232 0.7403846153846154
21 0.8317307692307693 0.7115384615384616 0.8846153846153846 0.7115384615384616 0.8846153846153846 0.7403846153846154 0.8317307692307693 0.7403846153846154
21 0.3245192307692308 0.7139423076923077 0.3798076923076923 0.7139423076923077 0.3798076923076923 0.7427884615384616 0.3245192307692308 0.7427884615384616
21 0.4254807692307692 0.7139423076923077 0.4807692307692308 0.7139423076923077 0.4807692307692308 0.7403846153846154 0.4254807692307692 0.7403846153846154
21 0.5192307692307693 0.7139423076923077 0.5745192307692307 0.7139423076923077 0.5745192307692307 0.7403846153846154 0.5192307692307693 0.7403846153846154
21 0.6298076923076923 0.7139423076923077 0.6826923076923077 0.7139423076923077 0.6826923076923077 0.7403846153846154 0.6298076923076923 0.7403846153846154
21 0.7307692307692307 0.7139423076923077 0.7836538461538461 0.7139423076923077 0.7836538461538461 0.7403846153846154 0.7307692307692307 0.7403846153846154
4 0.7115384615384616 0.8052884615384616 0.8028846153846154 0.8052884615384616 0.8028846153846154 0.8197115384615384 0.7115384615384616 0.8197115384615384
4 0 0.8052884615384616 0.08413461538461539 0.8052884615384616 0.08413461538461539 0.8197115384615384 0 0.8197115384615384
5 0.2980769230769231 0.9014423076923077 0.3125 0.9014423076923077 0.3125 0.9278846153846154 0.2980769230769231 0.9278846153846154
5 0.9014423076923077 0.6442307692307693 0.9086538461538461 0.6442307692307693 0.9086538461538461 0.6538461538461539 0.9014423076923077 0.6538461538461539
5 0.5961538461538461 0.17307692307692307 0.6081730769230769 0.17307692307692307 0.6081730769230769 0.1971153846153846 0.5961538461538461 0.1971153846153846
19 0 0.07692307692307693 0.9495192307692307 0.07692307692307693 0.9495192307692307 0.125 0 0.125
12 0 0.21875 0.9302884615384616 0.21875 0.9302884615384616 0.23076923076923078 0 0.23076923076923078
22 0 0.1346153846153846 0.9302884615384616 0.1346153846153846 0.9302884615384616 0.2283653846153846 0 0.2283653846153846
12 0 0.7139423076923077 0.9302884615384616 0.7139423076923077 0.9302884615384616 0.7259615384615384 0 0.7259615384615384
12 0 0.5576923076923077 0.9302884615384616 0.5576923076923077 0.9302884615384616 0.5697115384615384 0 0.5697115384615384
12 0 0.4423076923076923 0.9302884615384616 0.4423076923076923 0.9302884615384616 0.4543269230769231 0 0.4543269230769231
12 0 0.3317307692307692 0.9302884615384616 0.3317307692307692 0.9302884615384616 0.34375 0 0.34375
12 0 0.8221153846153846 0.9302884615384616 0.8221153846153846 0.9302884615384616 0.8341346153846154 0 0.8341346153846154
15 0 0.8341346153846154 0.9302884615384616 0.8341346153846154 0.9302884615384616 0.9663461538461539 0 0.9663461538461539
15 0 0.7259615384615384 0.9302884615384616 0.7259615384615384 0.9302884615384616 0.8341346153846154 0 0.8341346153846154
15 0 0.5673076923076923 0.9302884615384616 0.5673076923076923 0.9302884615384616 0.7259615384615384 0 0.7259615384615384
15 0 0.4543269230769231 0.9302884615384616 0.4543269230769231 0.9302884615384616 0.5697115384615384 0 0.5697115384615384
15 0 0.34134615384615385 0.9302884615384616 0.34134615384615385 0.9302884615384616 0.4543269230769231 0 0.4543269230769231
15 0 0.23076923076923078 0.9302884615384616 0.23076923076923078 0.9302884615384616 0.34375 0 0.34375
2 0 0.052884615384615384 0.9759615384615384 0.052884615384615384 0.9759615384615384 0.96875 0 0.96875
10 0 0.052884615384615384 0.9759615384615384 0.052884615384615384 0.9759615384615384 0.9663461538461539 0 0.9663461538461539
8 0.47596153846153844 0.8653846153846154 0.5216346153846154 0.8653846153846154 0.5216346153846154 0.9663461538461539 0.47596153846153844 0.9663461538461539
20 0.7331730769230769 0.8413461538461539 0.78125 0.8413461538461539 0.78125 0.8629807692307693 0.7331730769230769 0.8629807692307693