23 0.07692307692307693 0.14903846153846154 0.13942307692307693 0.14903846153846154 0.13942307692307693 0.23076923076923078 0.07692307692307693 0.23076923076923078
23 0.30288461538461536 0.14423076923076922 0.36778846153846156 0.14423076923076922 0.36778846153846156 0.2283653846153846 0.30288461538461536 0.2283653846153846
23 0.4182692307692308 0.14423076923076922 0.47836538461538464 0.14423076923076922 0.47836538461538464 0.2283653846153846 0.4182692307692308 0.2283653846153846
23 0.5024038461538461 0.14423076923076922 0.5985576923076923 0.14423076923076922 0.5985576923076923 0.2283653846153846 0.5024038461538461 0.2283653846153846
23 0.8870192307692307 0.1466346153846154 0.9519230769230769 0.1466346153846154 0.9519230769230769 0.23076923076923078 0.8870192307692307 0.23076923076923078
23 0.6177884615384616 0.1466346153846154 0.6802884615384616 0.1466346153846154 0.6802884615384616 0.23076923076923078 0.6177884615384616 0.23076923076923078
23 0.71875 0.1466346153846154 0.7836538461538461 0.1466346153846154 0.7836538461538461 0.2283653846153846 0.71875 0.2283653846153846
23 0.8894230769230769 0.3605769230769231 0.9519230769230769 0.3605769230769231 0.9519230769230769 0.5120192307692307 0.8894230769230769 0.5120192307692307
23 0.71875 0.3605769230769231 0.78125 0.3605769230769231 0.78125 0.5120192307692307 0.71875 0.5120192307692307
23 0.6177884615384616 0.3004807692307692 0.6826923076923077 0.3004807692307692 0.6826923076923077 0.35336538461538464 0.6177884615384616 0.35336538461538464
23 0.41586538461538464 0.2980769230769231 0.4807692307692308 0.2980769230769231 0.4807692307692308 0.35336538461538464 0.41586538461538464 0.35336538461538464
23 0.4182692307692308 0.3798076923076923 0.4807692307692308 0.3798076923076923 0.4807692307692308 0.41346153846153844 0.4182692307692308 0.41346153846153844
23 0.6177884615384616 0.3798076923076923 0.6802884615384616 0.3798076923076923 0.6802884615384616 0.4110576923076923 0.6177884615384616 0.4110576923076923
23 0.5 0.38221153846153844 0.5961538461538461 0.38221153846153844 0.5961538461538461 0.41586538461538464 0.5 0.41586538461538464
23 0.3004807692307692 0.3605769230769231 0.36778846153846156 0.3605769230769231 0.36778846153846156 0.5120192307692307 0.3004807692307692 0.5120192307692307
23 0.07451923076923077 0.3629807692307692 0.13942307692307693 0.3629807692307692 0.13942307692307693 0.5096153846153846 0.07451923076923077 0.5096153846153846
23 0.07451923076923077 0.6081730769230769 0.14182692307692307 0.6081730769230769 0.14182692307692307 0.7115384615384616 0.07451923076923077 0.7115384615384616
23 0.3004807692307692 0.6081730769230769 0.36778846153846156 0.6081730769230769 0.36778846153846156 0.7139423076923077 0.3004807692307692 0.7139423076923077
23 0.4182692307692308 0.6105769230769231 0.4735576923076923 0.6105769230769231 0.4735576923076923 0.7115384615384616 0.4182692307692308 0.7115384615384616
23 0.5048076923076923 0.6105769230769231 0.5865384615384616 0.6105769230769231 0.5865384615384616 0.7115384615384616 0.5048076923076923 0.7115384615384616
23 0.625 0.6105769230769231 0.6778846153846154 0.6105769230769231 0.6778846153846154 0.7091346153846154 0.625 0.7091346153846154
10 0.71875 0.6105769230769231 0.7836538461538461 0.6105769230769231 0.7836538461538461 0.7139423076923077 0.71875 0.7139423076923077
23 0.8870192307692307 0.6081730769230769 0.9519230769230769 0.6081730769230769 0.9519230769230769 0.7115384615384616 0.8870192307692307 0.7115384615384616
23 0.8870192307692307 0.7908653846153846 0.9543269230769231 0.7908653846153846 0.9543269230769231 0.8774038461538461 0.8870192307692307 0.8774038461538461
23 0.71875 0.7932692307692307 0.7836538461538461 0.7932692307692307 0.7836538461538461 0.8774038461538461 0.71875 0.8774038461538461
23 0.6201923076923077 0.7932692307692307 0.6802884615384616 0.7932692307692307 0.6802884615384616 0.8774038461538461 0.6201923076923077 0.8774038461538461
8 0.5 0.7908653846153846 0.5985576923076923 0.7908653846153846 0.5985576923076923 0.9615384615384616 0.5 0.9615384615384616
23 0.07692307692307693 0.7884615384615384 0.14423076923076922 0.7884615384615384 0.14423076923076922 0.875 0.07692307692307693 0.875
23 0.4182692307692308 0.7908653846153846 0.47836538461538464 0.7908653846153846 0.47836538461538464 0.8774038461538461 0.4182692307692308 0.8774038461538461
8 0.6177884615384616 0.41346153846153844 0.6802884615384616 0.41346153846153844 0.6802884615384616 0.5576923076923077 0.6177884615384616 0.5576923076923077
8 0.4182692307692308 0.41346153846153844 0.4807692307692308 0.41346153846153844 0.4807692307692308 0.5576923076923077 0.4182692307692308 0.5576923076923077
8 0.5024038461538461 0.4182692307692308 0.5961538461538461 0.4182692307692308 0.5961538461538461 0.5600961538461539 0.5024038461538461 0.5600961538461539
23 0.8870192307692307 0.3245192307692308 0.9519230769230769 0.3245192307692308 0.9519230769230769 0.3605769230769231 0.8870192307692307 0.3605769230769231
23 0.07451923076923077 0.3245192307692308 0.13942307692307693 0.3245192307692308 0.13942307692307693 0.3629807692307692 0.07451923076923077 0.3629807692307692
23 0.3004807692307692 0.3245192307692308 0.36538461538461536 0.3245192307692308 0.36538461538461536 0.3605769230769231 0.3004807692307692 0.3605769230769231
23 0.71875 0.3245192307692308 0.7836538461538461 0.3245192307692308 0.7836538461538461 0.3605769230769231 0.71875 0.3605769230769231
23 0.5 0.31009615384615385 0.5961538461538461 0.31009615384615385 0.5961538461538461 0.38221153846153844 0.5 0.38221153846153844
4 0.375 0.23317307692307693 0.7259615384615384 0.23317307692307693 0.7259615384615384 0.2932692307692308 0.375 0.2932692307692308
21 0.49038461538461536 0.2283653846153846 0.6081730769230769 0.2283653846153846 0.6081730769230769 0.2403846153846154 0.49038461538461536 0.2403846153846154
21 0.06009615384615385 0.2283653846153846 0.15384615384615385 0.2283653846153846 0.15384615384615385 0.24278846153846154 0.06009615384615385 0.24278846153846154
21 0.28846153846153844 0.22596153846153846 0.38221153846153844 0.22596153846153846 0.38221153846153844 0.2403846153846154 0.28846153846153844 0.2403846153846154
21 0.40384615384615385 0.2283653846153846 0.49038461538461536 0.2283653846153846 0.49038461538461536 0.2403846153846154 0.40384615384615385 0.2403846153846154
21 0.8725961538461539 0.2283653846153846 0.9663461538461539 0.2283653846153846 0.9663461538461539 0.24278846153846154 0.8725961538461539 0.24278846153846154
21 0.6081730769230769 0.2283653846153846 0.6923076923076923 0.2283653846153846 0.6923076923076923 0.2403846153846154 0.6081730769230769 0.2403846153846154
21 0.875 0.5096153846153846 0.96875 0.5096153846153846 0.96875 0.5360576923076923 0.875 0.5360576923076923
21 0.2860576923076923 0.5096153846153846 0.38221153846153844 0.5096153846153846 0.38221153846153844 0.5360576923076923 0.2860576923076923 0.5360576923076923
21 0.06009615384615385 0.5096153846153846 0.15625 0.5096153846153846 0.15625 0.5336538461538461 0.06009615384615385 0.5336538461538461
21 0.06490384615384616 0.7115384615384616 0.15384615384615385 0.7115384615384616 0.15384615384615385 0.7235576923076923 0.06490384615384616 0.7235576923076923
21 0.29086538461538464 0.7115384615384616 0.3798076923076923 0.7115384615384616 0.3798076923076923 0.7235576923076923 0.29086538461538464 0.7235576923076923
21 0.7067307692307693 0.7115384615384616 0.7956730769230769 0.7115384615384616 0.7956730769230769 0.7259615384615384 0.7067307692307693 0.7259615384615384
21 0.875 0.7091346153846154 0.9639423076923077 0.7091346153846154 0.9639423076923077 0.7235576923076923 0.875 0.7235576923076923
4 0.45913461538461536 0.7139423076923077 0.6394230769230769 0.7139423076923077 0.6394230769230769 0.7644230769230769 0.45913461538461536 0.7644230769230769
0 0.3870192307692308 0.5048076923076923 0.7139423076923077 0.5048076923076923 0.7139423076923077 0.5721153846153846 0.3870192307692308 0.5721153846153846
16 0.03365384615384615 0.06971153846153846 0.9807692307692307 0.06971153846153846 0.9807692307692307 0.09134615384615384 0.03365384615384615 0.09134615384615384
4 0.49278846153846156 0.13701923076923078 0.6057692307692307 0.13701923076923078 0.6057692307692307 0.1466346153846154 0.49278846153846156 0.1466346153846154
4 0.07211538461538461 0.13942307692307693 0.1466346153846154 0.13942307692307693 0.1466346153846154 0.14903846153846154 0.07211538461538461 0.14903846153846154
4 0.2932692307692308 0.13701923076923078 0.375 0.13701923076923078 0.375 0.1466346153846154 0.2932692307692308 0.1466346153846154
4 0.875 0.13942307692307693 0.9591346153846154 0.13942307692307693 0.9591346153846154 0.14903846153846154 0.875 0.14903846153846154
4 0.40865384615384615 0.13701923076923078 0.4879807692307692 0.13701923076923078 0.4879807692307692 0.1466346153846154 0.40865384615384615 0.1466346153846154
4 0.6105769230769231 0.13701923076923078 0.6899038461538461 0.13701923076923078 0.6899038461538461 0.1466346153846154 0.6105769230769231 0.1466346153846154
4 0.7091346153846154 0.13701923076923078 0.7908653846153846 0.13701923076923078 0.7908653846153846 0.1466346153846154 0.7091346153846154 0.1466346153846154
21 0.7019230769230769 0.2283653846153846 0.7980769230769231 0.2283653846153846 0.7980769230769231 0.24278846153846154 0.7019230769230769 0.24278846153846154
23 0.4182692307692308 0.03125 0.4855769230769231 0.03125 0.4855769230769231 0.052884615384615384 0.4182692307692308 0.052884615384615384
23 0.5024038461538461 0.03365384615384615 0.5769230769230769 0.03365384615384615 0.5769230769230769 0.055288461538461536 0.5024038461538461 0.055288461538461536
19 0.038461538461538464 0.04326923076923077 0.9711538461538461 0.04326923076923077 0.9711538461538461 0.06490384615384616 0.038461538461538464 0.06490384615384616
11 0.40625 0.016826923076923076 0.59375 0.016826923076923076 0.59375 0.0985576923076923 0.40625 0.0985576923076923
12 0.038461538461538464 0.0889423076923077 0.9711538461538461 0.0889423076923077 0.9711538461538461 0.10096153846153846 0.038461538461538464 0.10096153846153846
12 0.038461538461538464 0.5600961538461539 0.9711538461538461 0.5600961538461539 0.9711538461538461 0.5721153846153846 0.038461538461538464 0.5721153846153846
12 0.038461538461538464 0.7451923076923077 0.9711538461538461 0.7451923076923077 0.9711538461538461 0.7572115384615384 0.038461538461538464 0.7572115384615384
15 0.038461538461538464 0.7572115384615384 0.9711538461538461 0.7572115384615384 0.9711538461538461 0.9639423076923077 0.038461538461538464 0.9639423076923077
11 0.038461538461538464 0.5721153846153846 0.9711538461538461 0.5721153846153846 0.9711538461538461 0.7572115384615384 0.038461538461538464 0.7572115384615384
11 0.038461538461538464 0.2692307692307692 0.9711538461538461 0.2692307692307692 0.9711538461538461 0.5721153846153846 0.038461538461538464 0.5721153846153846
12 0.038461538461538464 0.25721153846153844 0.9711538461538461 0.25721153846153844 0.9711538461538461 0.2692307692307692 0.038461538461538464 0.2692307692307692
11 0.038461538461538464 0.10096153846153846 0.9711538461538461 0.10096153846153846 0.9711538461538461 0.2692307692307692 0.038461538461538464 0.2692307692307692
2 0.019230769230769232 0 0.9951923076923077 0 0.9951923076923077 0.9639423076923077 0.019230769230769232 0.9639423076923077
10 0.038461538461538464 0.07211538461538461 0.9735576923076923 0.07211538461538461 0.9735576923076923 0.9615384615384616 0.038461538461538464 0.9615384615384616
1 0.07692307692307693 0.14903846153846154 0.13942307692307693 0.14903846153846154 0.13942307692307693 0.23076923076923078 0.07692307692307693 0.23076923076923078
1 0.4182692307692308 0.14423076923076922 0.47836538461538464 0.14423076923076922 0.47836538461538464 0.2283653846153846 0.4182692307692308 0.2283653846153846
1 0.6177884615384616 0.1466346153846154 0.6802884615384616 0.1466346153846154 0.6802884615384616 0.23076923076923078 0.6177884615384616 0.23076923076923078
1 0.8894230769230769 0.3605769230769231 0.9519230769230769 0.3605769230769231 0.9519230769230769 0.5120192307692307 0.8894230769230769 0.5120192307692307
21 0.7043269230769231 0.5096153846153846 0.8004807692307693 0.5096153846153846 0.8004807692307693 0.5360576923076923 0.7043269230769231 0.5360576923076923
1 0.71875 0.3605769230769231 0.78125 0.3605769230769231 0.78125 0.5120192307692307 0.71875 0.5120192307692307
1 0.3004807692307692 0.3605769230769231 0.36778846153846156 0.3605769230769231 0.36778846153846156 0.5120192307692307 0.3004807692307692 0.5120192307692307
1 0.07451923076923077 0.3629807692307692 0.13942307692307693 0.3629807692307692 0.13942307692307693 0.5096153846153846 0.07451923076923077 0.5096153846153846
1 0.8870192307692307 0.6081730769230769 0.9519230769230769 0.6081730769230769 0.9519230769230769 0.7115384615384616 0.8870192307692307 0.7115384615384616
1 0.4014423076923077 0.6081730769230769 0.4206730769230769 0.6081730769230769 0.4206730769230769 0.7139423076923077 0.4014423076923077 0.7139423076923077
1 0.7788461538461539 0.6081730769230769 0.8076923076923077 0.6081730769230769 0.8076923076923077 0.7139423076923077 0.7788461538461539 0.7139423076923077
1 0.6971153846153846 0.6081730769230769 0.7211538461538461 0.6081730769230769 0.7211538461538461 0.7139423076923077 0.6971153846153846 0.7139423076923077
1 0.6778846153846154 0.6105769230769231 0.6947115384615384 0.6105769230769231 0.6947115384615384 0.7139423076923077 0.6778846153846154 0.7139423076923077
1 0.6057692307692307 0.6105769230769231 0.625 0.6105769230769231 0.625 0.7139423076923077 0.6057692307692307 0.7139423076923077
1 0.5865384615384616 0.6081730769230769 0.6033653846153846 0.6081730769230769 0.6033653846153846 0.7115384615384616 0.5865384615384616 0.7115384615384616
1 0.4855769230769231 0.6081730769230769 0.5048076923076923 0.6081730769230769 0.5048076923076923 0.7139423076923077 0.4855769230769231 0.7139423076923077
1 0.47115384615384615 0.6081730769230769 0.49038461538461536 0.6081730769230769 0.49038461538461536 0.7139423076923077 0.47115384615384615 0.7139423076923077
1 0.2764423076923077 0.6081730769230769 0.30528846153846156 0.6081730769230769 0.30528846153846156 0.7115384615384616 0.2764423076923077 0.7115384615384616
1 0.36538461538461536 0.6057692307692307 0.3942307692307692 0.6057692307692307 0.3942307692307692 0.7115384615384616 0.36538461538461536 0.7115384615384616
1 0.04807692307692308 0.6105769230769231 0.08173076923076923 0.6105769230769231 0.08173076923076923 0.7139423076923077 0.04807692307692308 0.7139423076923077
1 0.1346153846153846 0.6081730769230769 0.16105769230769232 0.6081730769230769 0.16105769230769232 0.7115384615384616 0.1346153846153846 0.7115384615384616
1 0.2860576923076923 0.14182692307692307 0.30528846153846156 0.14182692307692307 0.30528846153846156 0.22596153846153846 0.2860576923076923 0.22596153846153846
1 0.3629807692307692 0.14423076923076922 0.3870192307692308 0.14423076923076922 0.3870192307692308 0.22596153846153846 0.3629807692307692 0.22596153846153846
1 0.47596153846153844 0.13942307692307693 0.5072115384615384 0.13942307692307693 0.5072115384615384 0.2283653846153846 0.47596153846153844 0.2283653846153846
1 0.9447115384615384 0.14182692307692307 0.9711538461538461 0.14182692307692307 0.9711538461538461 0.23076923076923078 0.9447115384615384 0.23076923076923078
1 0.5889423076923077 0.14182692307692307 0.6081730769230769 0.14182692307692307 0.6081730769230769 0.2283653846153846 0.5889423076923077 0.2283653846153846
1 0.7043269230769231 0.14423076923076922 0.7259615384615384 0.14423076923076922 0.7259615384615384 0.23076923076923078 0.7043269230769231 0.23076923076923078
1 0.7788461538461539 0.14423076923076922 0.8004807692307693 0.14423076923076922 0.8004807692307693 0.23076923076923078 0.7788461538461539 0.23076923076923078
1 0.8725961538461539 0.1466346153846154 0.8918269230769231 0.1466346153846154 0.8918269230769231 0.23076923076923078 0.8725961538461539 0.23076923076923078
26 0 0.7764423076923077 0.41586538461538464 0.7764423076923077 0.41586538461538464 0.9855769230769231 0 0.9855769230769231