23 0.42788461538461536 0.75 0.4879807692307692 0.75 0.4879807692307692 0.8605769230769231 0.42788461538461536 0.8605769230769231
23 0.4254807692307692 0.5769230769230769 0.49278846153846156 0.5769230769230769 0.49278846153846156 0.6754807692307693 0.4254807692307692 0.6754807692307693
23 0.1466346153846154 0.5841346153846154 0.21634615384615385 0.5841346153846154 0.21634615384615385 0.6826923076923077 0.1466346153846154 0.6826923076923077
23 0.6947115384615384 0.6586538461538461 0.8149038461538461 0.6586538461538461 0.8149038461538461 0.7451923076923077 0.6947115384615384 0.7451923076923077
23 0.7211538461538461 0.4110576923076923 0.8125 0.4110576923076923 0.8125 0.49759615384615385 0.7211538461538461 0.49759615384615385
4 0.7115384615384616 0.34615384615384615 0.8221153846153846 0.34615384615384615 0.8221153846153846 0.40625 0.7115384615384616 0.40625
4 0.41586538461538464 0.7403846153846154 0.5 0.7403846153846154 0.5 0.75 0.41586538461538464 0.75
8 0.1971153846153846 0.7572115384615384 0.28365384615384615 0.7572115384615384 0.28365384615384615 0.96875 0.1971153846153846 0.96875
4 0.17548076923076922 0.7427884615384616 0.2932692307692308 0.7427884615384616 0.2932692307692308 0.7644230769230769 0.17548076923076922 0.7644230769230769
19 0 0.057692307692307696 1 0.057692307692307696 1 0.5721153846153846 0 0.5721153846153846
12 0.002403846153846154 0.7163461538461539 0.6009615384615384 0.7163461538461539 0.6009615384615384 0.7283653846153846 0.002403846153846154 0.7283653846153846
12 0.6009615384615384 0.5985576923076923 0.9350961538461539 0.5985576923076923 0.9350961538461539 0.6177884615384616 0.6009615384615384 0.6177884615384616
22 0.6009615384615384 0.09615384615384616 0.9350961538461539 0.09615384615384616 0.9350961538461539 0.5985576923076923 0.6009615384615384 0.5985576923076923
11 0.002403846153846154 0.5673076923076923 0.6009615384615384 0.5673076923076923 0.6009615384615384 0.7163461538461539 0.002403846153846154 0.7163461538461539
15 0 0.6153846153846154 0.9278846153846154 0.6153846153846154 0.9278846153846154 0.9711538461538461 0 0.9711538461538461
2 0 0.019230769230769232 1 0.019230769230769232 1 0.9735576923076923 0 0.9735576923076923
10 0 0.25961538461538464 1 0.25961538461538464 1 0.9711538461538461 0 0.9711538461538461
7 0.5889423076923077 0.8677884615384616 0.9399038461538461 0.8677884615384616 0.9399038461538461 0.9711538461538461 0.5889423076923077 0.9711538461538461