23 0.125 0.19230769230769232 0.1778846153846154 0.19230769230769232 0.1778846153846154 0.28365384615384615 0.125 0.28365384615384615
23 0.39663461538461536 0.18990384615384615 0.4519230769230769 0.18990384615384615 0.4519230769230769 0.28125 0.39663461538461536 0.28125
23 0.5769230769230769 0.19951923076923078 0.6346153846153846 0.19951923076923078 0.6346153846153846 0.28125 0.5769230769230769 0.28125
23 0.8197115384615384 0.1971153846153846 0.875 0.1971153846153846 0.875 0.27884615384615385 0.8197115384615384 0.27884615384615385
23 0.5985576923076923 0.8365384615384616 0.6322115384615384 0.8365384615384616 0.6322115384615384 0.9519230769230769 0.5985576923076923 0.9519230769230769
23 0.8197115384615384 0.8341346153846154 0.8557692307692307 0.8341346153846154 0.8557692307692307 0.9519230769230769 0.8197115384615384 0.9519230769230769
23 0.6802884615384616 0.8341346153846154 0.7740384615384616 0.8341346153846154 0.7740384615384616 0.8533653846153846 0.6802884615384616 0.8533653846153846
23 0.7548076923076923 0.8701923076923077 0.7692307692307693 0.8701923076923077 0.7692307692307693 0.9495192307692307 0.7548076923076923 0.9495192307692307
8 0.6875 0.8605769230769231 0.75 0.8605769230769231 0.75 0.9927884615384616 0.6875 0.9927884615384616
23 0.040865384615384616 0.08173076923076923 0.09615384615384616 0.08173076923076923 0.09615384615384616 0.10096153846153846 0.040865384615384616 0.10096153846153846
23 0.34134615384615385 0.0889423076923077 0.43509615384615385 0.0889423076923077 0.43509615384615385 0.10817307692307693 0.34134615384615385 0.10817307692307693
23 0.6971153846153846 0.08653846153846154 0.7836538461538461 0.08653846153846154 0.7836538461538461 0.10336538461538461 0.6971153846153846 0.10336538461538461
8 0.6899038461538461 0.20673076923076922 0.7644230769230769 0.20673076923076922 0.7644230769230769 0.3317307692307692 0.6899038461538461 0.3317307692307692
8 0.25240384615384615 0.21153846153846154 0.3269230769230769 0.21153846153846154 0.3269230769230769 0.33653846153846156 0.25240384615384615 0.33653846153846156
8 0.37740384615384615 0.40625 0.46875 0.40625 0.46875 0.5408653846153846 0.37740384615384615 0.5408653846153846
8 0.10576923076923077 0.40625 0.19471153846153846 0.40625 0.19471153846153846 0.5408653846153846 0.10576923076923077 0.5408653846153846
8 0.37740384615384615 0.6129807692307693 0.46634615384615385 0.6129807692307693 0.46634615384615385 0.7644230769230769 0.37740384615384615 0.7644230769230769
8 0.10576923076923077 0.6153846153846154 0.19471153846153846 0.6153846153846154 0.19471153846153846 0.7644230769230769 0.10576923076923077 0.7644230769230769
23 0.25 0.4014423076923077 0.3269230769230769 0.4014423076923077 0.3269230769230769 0.5024038461538461 0.25 0.5024038461538461
23 0.24759615384615385 0.6129807692307693 0.3269230769230769 0.6129807692307693 0.3269230769230769 0.7211538461538461 0.24759615384615385 0.7211538461538461
8 0.8052884615384616 0.40384615384615385 0.8894230769230769 0.40384615384615385 0.8894230769230769 0.5408653846153846 0.8052884615384616 0.5408653846153846
8 0.5673076923076923 0.40384615384615385 0.6466346153846154 0.40384615384615385 0.6466346153846154 0.5432692307692307 0.5673076923076923 0.5432692307692307
23 0.6875 0.40384615384615385 0.7644230769230769 0.40384615384615385 0.7644230769230769 0.5024038461538461 0.6875 0.5024038461538461
8 0.8076923076923077 0.6105769230769231 0.8894230769230769 0.6105769230769231 0.8894230769230769 0.7644230769230769 0.8076923076923077 0.7644230769230769
8 0.5673076923076923 0.6129807692307693 0.6466346153846154 0.6129807692307693 0.6466346153846154 0.7620192307692307 0.5673076923076923 0.7620192307692307
23 0.6899038461538461 0.6105769230769231 0.7644230769230769 0.6105769230769231 0.7644230769230769 0.7211538461538461 0.6899038461538461 0.7211538461538461
23 0.125 0.8317307692307693 0.19230769230769232 0.8317307692307693 0.19230769230769232 0.9278846153846154 0.125 0.9278846153846154
8 0.2403846153846154 0.8341346153846154 0.3293269230769231 0.8341346153846154 0.3293269230769231 1 0.2403846153846154 1
8 0.38221153846153844 0.8677884615384616 0.4495192307692308 0.8677884615384616 0.4495192307692308 1 0.38221153846153844 1
23 0.38221153846153844 0.8245192307692307 0.4495192307692308 0.8245192307692307 0.4495192307692308 0.8509615384615384 0.38221153846153844 0.8509615384615384
4 0.8100961538461539 0.8028846153846154 0.8629807692307693 0.8028846153846154 0.8629807692307693 0.8173076923076923 0.8100961538461539 0.8173076923076923
4 0.11538461538461539 0.8052884615384616 0.19471153846153846 0.8052884615384616 0.19471153846153846 0.8197115384615384 0.11538461538461539 0.8197115384615384
4 0.23317307692307693 0.8052884615384616 0.33653846153846156 0.8052884615384616 0.33653846153846156 0.8197115384615384 0.23317307692307693 0.8197115384615384
4 0.36778846153846156 0.8052884615384616 0.4543269230769231 0.8052884615384616 0.4543269230769231 0.8197115384615384 0.36778846153846156 0.8197115384615384
4 0.5889423076923077 0.8052884615384616 0.6418269230769231 0.8052884615384616 0.6418269230769231 0.8197115384615384 0.5889423076923077 0.8197115384615384
4 0.6730769230769231 0.8052884615384616 0.7788461538461539 0.8052884615384616 0.7788461538461539 0.8197115384615384 0.6730769230769231 0.8197115384615384
4 0.07451923076923077 0.36778846153846156 0.5 0.36778846153846156 0.5 0.4110576923076923 0.07451923076923077 0.4110576923076923
4 0.5336538461538461 0.3629807692307692 0.9206730769230769 0.3629807692307692 0.9206730769230769 0.40625 0.5336538461538461 0.40625
19 0 0.04807692307692308 1 0.04807692307692308 1 0.3125 0 0.3125
4 0.07211538461538461 0.5745192307692307 0.5 0.5745192307692307 0.5 0.6177884615384616 0.07211538461538461 0.6177884615384616
4 0.5336538461538461 0.5721153846153846 0.9206730769230769 0.5721153846153846 0.9206730769230769 0.6153846153846154 0.5336538461538461 0.6153846153846154
1 0.39663461538461536 0.18990384615384615 0.4519230769230769 0.18990384615384615 0.4519230769230769 0.28125 0.39663461538461536 0.28125
1 0.125 0.19230769230769232 0.1778846153846154 0.19230769230769232 0.1778846153846154 0.28365384615384615 0.125 0.28365384615384615
1 0.24759615384615385 0.19471153846153846 0.3293269230769231 0.19471153846153846 0.3293269230769231 0.33413461538461536 0.24759615384615385 0.33413461538461536
1 0.5625 0.3918269230769231 0.6490384615384616 0.3918269230769231 0.6490384615384616 0.5432692307692307 0.5625 0.5432692307692307
1 0.8028846153846154 0.3918269230769231 0.8918269230769231 0.3918269230769231 0.8918269230769231 0.5432692307692307 0.8028846153846154 0.5432692307692307
1 0.6875 0.3918269230769231 0.7644230769230769 0.3918269230769231 0.7644230769230769 0.5024038461538461 0.6875 0.5024038461538461
1 0.6875 0.6009615384615384 0.7668269230769231 0.6009615384615384 0.7668269230769231 0.7211538461538461 0.6875 0.7211538461538461
1 0.10096153846153846 0.6129807692307693 0.19951923076923078 0.6129807692307693 0.19951923076923078 0.7644230769230769 0.10096153846153846 0.7644230769230769
1 0.8028846153846154 0.5985576923076923 0.8918269230769231 0.5985576923076923 0.8918269230769231 0.7644230769230769 0.8028846153846154 0.7644230769230769
1 0.5625 0.6009615384615384 0.6514423076923077 0.6009615384615384 0.6514423076923077 0.7620192307692307 0.5625 0.7620192307692307
1 0.375 0.6129807692307693 0.47115384615384615 0.6129807692307693 0.47115384615384615 0.7644230769230769 0.375 0.7644230769230769
1 0.24278846153846154 0.6153846153846154 0.3269230769230769 0.6153846153846154 0.3269230769230769 0.7235576923076923 0.24278846153846154 0.7235576923076923
2 0 0.004807692307692308 1 0.004807692307692308 1 1 0 1
0 0.05048076923076923 0.6971153846153846 0.5048076923076923 0.6971153846153846 0.5048076923076923 0.78125 0.05048076923076923 0.78125
0 0.04807692307692308 0.47115384615384615 0.5 0.47115384615384615 0.5 0.5576923076923077 0.04807692307692308 0.5576923076923077
0 0.5360576923076923 0.4735576923076923 0.9326923076923077 0.4735576923076923 0.9326923076923077 0.5576923076923077 0.5360576923076923 0.5576923076923077
0 0.5360576923076923 0.6971153846153846 0.9326923076923077 0.6971153846153846 0.9326923076923077 0.78125 0.5360576923076923 0.78125
0 0.6754807692307693 0.2668269230769231 0.7716346153846154 0.2668269230769231 0.7716346153846154 0.34375 0.6754807692307693 0.34375
0 0.22596153846153846 0.2668269230769231 0.33653846153846156 0.2668269230769231 0.33653846153846156 0.34375 0.22596153846153846 0.34375
4 0.23557692307692307 0.17067307692307693 0.33653846153846156 0.17067307692307693 0.33653846153846156 0.1971153846153846 0.23557692307692307 0.1971153846153846
4 0.6826923076923077 0.1658653846153846 0.7668269230769231 0.1658653846153846 0.7668269230769231 0.18990384615384615 0.6826923076923077 0.18990384615384615
15 0.04807692307692308 0.78125 0.9543269230769231 0.78125 0.9543269230769231 1 0.04807692307692308 1
12 0.04807692307692308 0.5456730769230769 0.9543269230769231 0.5456730769230769 0.9543269230769231 0.5576923076923077 0.04807692307692308 0.5576923076923077
12 0.04807692307692308 0.7692307692307693 0.9543269230769231 0.7692307692307693 0.9543269230769231 0.78125 0.04807692307692308 0.78125
12 0.04807692307692308 0.33413461538461536 0.9543269230769231 0.33413461538461536 0.9543269230769231 0.34615384615384615 0.04807692307692308 0.34615384615384615
11 0.04807692307692308 0.34615384615384615 0.9543269230769231 0.34615384615384615 0.9543269230769231 0.5432692307692307 0.04807692307692308 0.5432692307692307
11 0.04807692307692308 0.5552884615384616 0.9543269230769231 0.5552884615384616 0.9543269230769231 0.7692307692307693 0.04807692307692308 0.7692307692307693
22 0 0.04807692307692308 1 0.04807692307692308 1 0.3125 0 0.3125
10 0.04567307692307692 0.04807692307692308 0.9591346153846154 0.04807692307692308 0.9591346153846154 1 0.04567307692307692 1
7 0.04326923076923077 0.8846153846153846 0.32211538461538464 0.8846153846153846 0.32211538461538464 1 0.04326923076923077 1
7 0.37740384615384615 0.9110576923076923 0.9663461538461539 0.9110576923076923 0.9663461538461539 1 0.37740384615384615 1