23 0.8581730769230769 0.15144230769230768 0.9158653846153846 0.15144230769230768 0.9158653846153846 0.2668269230769231 0.8581730769230769 0.2668269230769231
23 0.08413461538461539 0.15144230769230768 0.14182692307692307 0.15144230769230768 0.14182692307692307 0.2668269230769231 0.08413461538461539 0.2668269230769231
23 0.3389423076923077 0.15144230769230768 0.39663461538461536 0.15144230769230768 0.39663461538461536 0.2668269230769231 0.3389423076923077 0.2668269230769231
23 0.47115384615384615 0.15144230769230768 0.5288461538461539 0.15144230769230768 0.5288461538461539 0.2668269230769231 0.47115384615384615 0.2668269230769231
23 0.6057692307692307 0.15144230769230768 0.6634615384615384 0.15144230769230768 0.6634615384615384 0.2668269230769231 0.6057692307692307 0.2668269230769231
8 0.07451923076923077 0.6754807692307693 0.14423076923076922 0.6754807692307693 0.14423076923076922 0.9447115384615384 0.07451923076923077 0.9447115384615384
23 0.07932692307692307 0.3894230769230769 0.14182692307692307 0.3894230769230769 0.14182692307692307 0.5480769230769231 0.07932692307692307 0.5480769230769231
23 0.33413461538461536 0.3894230769230769 0.39663461538461536 0.3894230769230769 0.39663461538461536 0.5504807692307693 0.33413461538461536 0.5504807692307693
23 0.46875 0.3894230769230769 0.53125 0.3894230769230769 0.53125 0.5504807692307693 0.46875 0.5504807692307693
23 0.6033653846153846 0.3894230769230769 0.6658653846153846 0.3894230769230769 0.6658653846153846 0.5504807692307693 0.6033653846153846 0.5504807692307693
23 0.8581730769230769 0.3870192307692308 0.9206730769230769 0.3870192307692308 0.9206730769230769 0.5480769230769231 0.8581730769230769 0.5480769230769231
8 0.8557692307692307 0.6754807692307693 0.9230769230769231 0.6754807692307693 0.9230769230769231 0.9423076923076923 0.8557692307692307 0.9423076923076923
23 0.5985576923076923 0.6730769230769231 0.6706730769230769 0.6730769230769231 0.6706730769230769 0.8653846153846154 0.5985576923076923 0.8653846153846154
8 0.5072115384615384 0.6730769230769231 0.5793269230769231 0.6730769230769231 0.5793269230769231 0.9447115384615384 0.5072115384615384 0.9447115384615384
8 0.4182692307692308 0.6730769230769231 0.49038461538461536 0.6730769230769231 0.49038461538461536 0.9447115384615384 0.4182692307692308 0.9447115384615384
23 0.3269230769230769 0.6730769230769231 0.4014423076923077 0.6730769230769231 0.4014423076923077 0.8653846153846154 0.3269230769230769 0.8653846153846154
0 0.8461538461538461 0.8629807692307693 0.9423076923076923 0.8629807692307693 0.9423076923076923 0.9447115384615384 0.8461538461538461 0.9447115384615384
0 0.03125 0.8629807692307693 0.15384615384615385 0.8629807692307693 0.15384615384615385 0.9447115384615384 0.03125 0.9447115384615384
0 0.4014423076923077 0.8629807692307693 0.5985576923076923 0.8629807692307693 0.5985576923076923 0.9447115384615384 0.4014423076923077 0.9447115384615384
4 0.04807692307692308 0.625 0.17067307692307693 0.625 0.17067307692307693 0.6490384615384616 0.04807692307692308 0.6490384615384616
4 0.2980769230769231 0.6225961538461539 0.6995192307692307 0.6225961538461539 0.6995192307692307 0.6514423076923077 0.2980769230769231 0.6514423076923077
4 0.8269230769230769 0.625 0.9519230769230769 0.625 0.9519230769230769 0.6490384615384616 0.8269230769230769 0.6490384615384616
21 0.4495192307692308 0.5504807692307693 0.5504807692307693 0.5504807692307693 0.5504807692307693 0.5745192307692307 0.4495192307692308 0.5745192307692307
21 0.8365384615384616 0.5504807692307693 0.9399038461538461 0.5504807692307693 0.9399038461538461 0.5721153846153846 0.8365384615384616 0.5721153846153846
21 0.5841346153846154 0.5504807692307693 0.6850961538461539 0.5504807692307693 0.6850961538461539 0.5721153846153846 0.5841346153846154 0.5721153846153846
21 0.057692307692307696 0.5504807692307693 0.16105769230769232 0.5504807692307693 0.16105769230769232 0.5745192307692307 0.057692307692307696 0.5745192307692307
21 0.31490384615384615 0.5504807692307693 0.41586538461538464 0.5504807692307693 0.41586538461538464 0.5745192307692307 0.31490384615384615 0.5745192307692307
21 0.06490384615384616 0.2644230769230769 0.15865384615384615 0.2644230769230769 0.15865384615384615 0.28846153846153844 0.06490384615384616 0.28846153846153844
21 0.8413461538461539 0.2668269230769231 0.9350961538461539 0.2668269230769231 0.9350961538461539 0.28846153846153844 0.8413461538461539 0.28846153846153844
21 0.31971153846153844 0.2668269230769231 0.41346153846153844 0.2668269230769231 0.41346153846153844 0.28846153846153844 0.31971153846153844 0.28846153846153844
21 0.4519230769230769 0.2668269230769231 0.5456730769230769 0.2668269230769231 0.5456730769230769 0.29086538461538464 0.4519230769230769 0.29086538461538464
21 0.5889423076923077 0.2668269230769231 0.6826923076923077 0.2668269230769231 0.6826923076923077 0.29086538461538464 0.5889423076923077 0.29086538461538464
16 0.03365384615384615 0.0625 0.9663461538461539 0.0625 0.9663461538461539 0.11298076923076923 0.03365384615384615 0.11298076923076923
12 0.03365384615384615 0.33653846153846156 0.9639423076923077 0.33653846153846156 0.9639423076923077 0.3605769230769231 0.03365384615384615 0.3605769230769231
12 0.03365384615384615 0.625 0.9639423076923077 0.625 0.9639423076923077 0.6490384615384616 0.03365384615384615 0.6490384615384616
12 0.03365384615384615 0.9447115384615384 0.9639423076923077 0.9447115384615384 0.9639423076923077 0.96875 0.03365384615384615 0.96875
22 0.03365384615384615 0.0625 0.9639423076923077 0.0625 0.9639423076923077 0.33653846153846156 0.03365384615384615 0.33653846153846156
11 0.03365384615384615 0.6490384615384616 0.9639423076923077 0.6490384615384616 0.9639423076923077 0.9447115384615384 0.03365384615384615 0.9447115384615384
11 0.03365384615384615 0.3629807692307692 0.9639423076923077 0.3629807692307692 0.9639423076923077 0.6274038461538461 0.03365384615384615 0.6274038461538461
19 0.028846153846153848 0 0.96875 0 0.96875 0.038461538461538464 0.028846153846153848 0.038461538461538464
2 0 0 0.9903846153846154 0 0.9903846153846154 1 0 1
10 0 0 0.9903846153846154 0 0.9903846153846154 0.9975961538461539 0 0.9975961538461539