23 0.7115384615384616 0.38221153846153844 0.8125 0.38221153846153844 0.8125 0.6298076923076923 0.7115384615384616 0.6298076923076923
23 0.7115384615384616 0.375 0.8197115384615384 0.375 0.8197115384615384 0.6298076923076923 0.7115384615384616 0.6298076923076923
23 0.7091346153846154 0.28125 0.8197115384615384 0.28125 0.8197115384615384 0.31971153846153844 0.7091346153846154 0.31971153846153844
23 0.18028846153846154 0.37259615384615385 0.2860576923076923 0.37259615384615385 0.2860576923076923 0.6298076923076923 0.18028846153846154 0.6298076923076923
23 0.18509615384615385 0.3798076923076923 0.2860576923076923 0.3798076923076923 0.2860576923076923 0.6298076923076923 0.18509615384615385 0.6298076923076923
23 0.7091346153846154 0.29086538461538464 0.8125 0.29086538461538464 0.8125 0.31971153846153844 0.7091346153846154 0.31971153846153844
23 0.1778846153846154 0.28125 0.28846153846153844 0.28125 0.28846153846153844 0.3173076923076923 0.1778846153846154 0.3173076923076923
23 0.18509615384615385 0.29086538461538464 0.2860576923076923 0.29086538461538464 0.2860576923076923 0.3173076923076923 0.18509615384615385 0.3173076923076923
8 0.3942307692307692 0.7908653846153846 0.6057692307692307 0.7908653846153846 0.6057692307692307 0.9903846153846154 0.3942307692307692 0.9903846153846154
8 0.3942307692307692 0.5360576923076923 0.6057692307692307 0.5360576923076923 0.6057692307692307 0.6610576923076923 0.3942307692307692 0.6610576923076923
23 0.3942307692307692 0.49278846153846156 0.6057692307692307 0.49278846153846156 0.6057692307692307 0.5360576923076923 0.3942307692307692 0.5360576923076923
23 0.3942307692307692 0.36538461538461536 0.6057692307692307 0.36538461538461536 0.6057692307692307 0.46875 0.3942307692307692 0.46875
23 0.3918269230769231 0.3581730769230769 0.6057692307692307 0.3581730769230769 0.6057692307692307 0.6610576923076923 0.3918269230769231 0.6610576923076923
23 0.3918269230769231 0.7163461538461539 0.6081730769230769 0.7163461538461539 0.6081730769230769 0.7908653846153846 0.3918269230769231 0.7908653846153846
5 0.39663461538461536 0.6754807692307693 0.6033653846153846 0.6754807692307693 0.6033653846153846 0.7235576923076923 0.39663461538461536 0.7235576923076923
5 0.36778846153846156 0.3076923076923077 0.6322115384615384 0.3076923076923077 0.6322115384615384 0.40865384615384615 0.36778846153846156 0.40865384615384615
23 0.7115384615384616 0.7163461538461539 0.8197115384615384 0.7163461538461539 0.8197115384615384 0.8581730769230769 0.7115384615384616 0.8581730769230769
23 0.1778846153846154 0.7163461538461539 0.2860576923076923 0.7163461538461539 0.2860576923076923 0.8581730769230769 0.1778846153846154 0.8581730769230769
4 0.21394230769230768 0.6802884615384616 0.25240384615384615 0.6802884615384616 0.25240384615384615 0.7163461538461539 0.21394230769230768 0.7163461538461539
4 0.7475961538461539 0.6826923076923077 0.7860576923076923 0.6826923076923077 0.7860576923076923 0.7163461538461539 0.7475961538461539 0.7163461538461539
5 0.6081730769230769 0.6778846153846154 0.6466346153846154 0.6778846153846154 0.6466346153846154 0.78125 0.6081730769230769 0.78125
5 0.3557692307692308 0.6778846153846154 0.3918269230769231 0.6778846153846154 0.3918269230769231 0.78125 0.3557692307692308 0.78125
0 0.3317307692307692 0.5985576923076923 0.6658653846153846 0.5985576923076923 0.6658653846153846 0.6634615384615384 0.3317307692307692 0.6634615384615384
5 0.10576923076923077 0.24278846153846154 0.14903846153846154 0.24278846153846154 0.14903846153846154 0.34375 0.10576923076923077 0.34375
5 0.8461538461538461 0.24278846153846154 0.8942307692307693 0.24278846153846154 0.8942307692307693 0.34375 0.8461538461538461 0.34375
5 0.31009615384615385 0.24278846153846154 0.35336538461538464 0.24278846153846154 0.35336538461538464 0.34375 0.31009615384615385 0.34375
5 0.6442307692307693 0.24278846153846154 0.6875 0.24278846153846154 0.6875 0.34375 0.6442307692307693 0.34375
16 0.08413461538461539 0.23557692307692307 0.9158653846153846 0.23557692307692307 0.9158653846153846 0.2644230769230769 0.08413461538461539 0.2644230769230769
16 0.9134615384615384 0.2283653846153846 1 0.2283653846153846 1 0.2644230769230769 0.9134615384615384 0.2644230769230769
16 0 0.23076923076923078 0.08173076923076923 0.23076923076923078 0.08173076923076923 0.2668269230769231 0 0.2668269230769231
16 0.6466346153846154 0.6682692307692307 1 0.6682692307692307 1 0.6899038461538461 0.6466346153846154 0.6899038461538461
16 0.002403846153846154 0.6682692307692307 0.3557692307692308 0.6682692307692307 0.3557692307692308 0.6899038461538461 0.002403846153846154 0.6899038461538461
17 0.6394230769230769 0.10576923076923077 0.6850961538461539 0.10576923076923077 0.6850961538461539 0.23557692307692307 0.6394230769230769 0.23557692307692307
17 0.3125 0.10576923076923077 0.3557692307692308 0.10576923076923077 0.3557692307692308 0.23557692307692307 0.3125 0.23557692307692307
4 0.3004807692307692 0.021634615384615384 0.6947115384615384 0.021634615384615384 0.6947115384615384 0.09615384615384616 0.3004807692307692 0.09615384615384616
4 0.06971153846153846 0.12980769230769232 0.30528846153846156 0.12980769230769232 0.30528846153846156 0.23317307692307693 0.06971153846153846 0.23317307692307693
4 0.6899038461538461 0.12980769230769232 0.9254807692307693 0.12980769230769232 0.9254807692307693 0.23317307692307693 0.6899038461538461 0.23317307692307693
16 0.09134615384615384 0.15144230769230768 0.31009615384615385 0.15144230769230768 0.31009615384615385 0.23317307692307693 0.09134615384615384 0.23317307692307693
16 0.6875 0.15144230769230768 0.9014423076923077 0.15144230769230768 0.9014423076923077 0.23076923076923078 0.6875 0.23076923076923078
5 0.46634615384615385 0.07451923076923077 0.5288461538461539 0.07451923076923077 0.5288461538461539 0.15865384615384615 0.46634615384615385 0.15865384615384615
21 0.6778846153846154 0.8581730769230769 0.8581730769230769 0.8581730769230769 0.8581730769230769 0.8918269230769231 0.6778846153846154 0.8918269230769231
21 0.14182692307692307 0.8581730769230769 0.32211538461538464 0.8581730769230769 0.32211538461538464 0.8918269230769231 0.14182692307692307 0.8918269230769231
21 0.16346153846153846 0.6298076923076923 0.3004807692307692 0.6298076923076923 0.3004807692307692 0.6394230769230769 0.16346153846153846 0.6394230769230769
21 0.6971153846153846 0.6298076923076923 0.8341346153846154 0.6298076923076923 0.8341346153846154 0.6394230769230769 0.6971153846153846 0.6394230769230769
22 0 0.2644230769230769 1 0.2644230769230769 1 0.6682692307692307 0 0.6682692307692307
12 0.002403846153846154 0.6682692307692307 1 0.6682692307692307 1 0.6899038461538461 0.002403846153846154 0.6899038461538461
15 0 0.6899038461538461 1 0.6899038461538461 1 0.9927884615384616 0 0.9927884615384616
2 0 0.019230769230769232 1 0.019230769230769232 1 0.9927884615384616 0 0.9927884615384616
10 0 0.021634615384615384 1 0.021634615384615384 1 0.9927884615384616 0 0.9927884615384616