23 0.021634615384615384 0.7427884615384616 0.08413461538461539 0.7427884615384616 0.08413461538461539 0.8990384615384616 0.021634615384615384 0.8990384615384616
23 0.021634615384615384 0.21634615384615385 0.08413461538461539 0.21634615384615385 0.08413461538461539 0.35336538461538464 0.021634615384615384 0.35336538461538464
23 0.021634615384615384 0.4831730769230769 0.08173076923076923 0.4831730769230769 0.08173076923076923 0.6274038461538461 0.021634615384615384 0.6274038461538461
23 0.6899038461538461 0.7427884615384616 0.7548076923076923 0.7427884615384616 0.7548076923076923 0.8990384615384616 0.6899038461538461 0.8990384615384616
23 0.6899038461538461 0.21634615384615385 0.7548076923076923 0.21634615384615385 0.7548076923076923 0.3557692307692308 0.6899038461538461 0.3557692307692308
23 0.6899038461538461 0.4831730769230769 0.7548076923076923 0.4831730769230769 0.7548076923076923 0.6298076923076923 0.6899038461538461 0.6298076923076923
23 0.15625 0.7427884615384616 0.22115384615384615 0.7427884615384616 0.22115384615384615 0.8990384615384616 0.15625 0.8990384615384616
23 0.15384615384615385 0.21634615384615385 0.21875 0.21634615384615385 0.21875 0.3557692307692308 0.15384615384615385 0.3557692307692308
23 0.15625 0.4831730769230769 0.22115384615384615 0.4831730769230769 0.22115384615384615 0.6274038461538461 0.15625 0.6274038461538461
23 0.28846153846153844 0.7427884615384616 0.35336538461538464 0.7427884615384616 0.35336538461538464 0.8990384615384616 0.28846153846153844 0.8990384615384616
23 0.28846153846153844 0.21634615384615385 0.35336538461538464 0.21634615384615385 0.35336538461538464 0.3557692307692308 0.28846153846153844 0.3557692307692308
23 0.28846153846153844 0.4831730769230769 0.35336538461538464 0.4831730769230769 0.35336538461538464 0.6274038461538461 0.28846153846153844 0.6274038461538461
23 0.4254807692307692 0.7427884615384616 0.49038461538461536 0.7427884615384616 0.49038461538461536 0.8990384615384616 0.4254807692307692 0.8990384615384616
23 0.4254807692307692 0.21634615384615385 0.49038461538461536 0.21634615384615385 0.49038461538461536 0.3557692307692308 0.4254807692307692 0.3557692307692308
23 0.4254807692307692 0.4831730769230769 0.49038461538461536 0.4831730769230769 0.49038461538461536 0.6274038461538461 0.4254807692307692 0.6274038461538461
23 0.5600961538461539 0.7427884615384616 0.625 0.7427884615384616 0.625 0.8990384615384616 0.5600961538461539 0.8990384615384616
23 0.5600961538461539 0.21634615384615385 0.625 0.21634615384615385 0.625 0.3557692307692308 0.5600961538461539 0.3557692307692308
23 0.5600961538461539 0.4831730769230769 0.6225961538461539 0.4831730769230769 0.6225961538461539 0.6274038461538461 0.5600961538461539 0.6274038461538461
16 0.02403846153846154 0.9543269230769231 0.8149038461538461 0.9543269230769231 0.8149038461538461 0.9735576923076923 0.02403846153846154 0.9735576923076923
16 0.021634615384615384 0.1201923076923077 0.8076923076923077 0.1201923076923077 0.8076923076923077 0.13942307692307693 0.021634615384615384 0.13942307692307693
4 0.3918269230769231 0.375 0.5192307692307693 0.375 0.5192307692307693 0.47115384615384615 0.3918269230769231 0.47115384615384615
4 0.25240384615384615 0.375 0.38221153846153844 0.375 0.38221153846153844 0.46875 0.25240384615384615 0.46875
4 0.1201923076923077 0.375 0.25240384615384615 0.375 0.25240384615384615 0.47115384615384615 0.1201923076923077 0.47115384615384615
4 0.019230769230769232 0.375 0.11298076923076923 0.375 0.11298076923076923 0.47115384615384615 0.019230769230769232 0.47115384615384615
4 0.5168269230769231 0.33413461538461536 0.8052884615384616 0.33413461538461536 0.8052884615384616 0.53125 0.5168269230769231 0.53125
4 0.12259615384615384 0.6442307692307693 0.25240384615384615 0.6442307692307693 0.25240384615384615 0.7331730769230769 0.12259615384615384 0.7331730769230769
4 0.02403846153846154 0.6442307692307693 0.11538461538461539 0.6442307692307693 0.11538461538461539 0.7307692307692307 0.02403846153846154 0.7307692307692307
4 0.25240384615384615 0.6442307692307693 0.38221153846153844 0.6442307692307693 0.38221153846153844 0.7307692307692307 0.25240384615384615 0.7307692307692307
4 0.3918269230769231 0.6442307692307693 0.5192307692307693 0.6442307692307693 0.5192307692307693 0.7307692307692307 0.3918269230769231 0.7307692307692307
4 0.5192307692307693 0.6730769230769231 0.7980769230769231 0.6730769230769231 0.7980769230769231 0.7331730769230769 0.5192307692307693 0.7331730769230769
5 0.021634615384615384 0.12740384615384615 0.8100961538461539 0.12740384615384615 0.8100961538461539 0.23557692307692307 0.021634615384615384 0.23557692307692307
21 0.019230769230769232 0.35336538461538464 0.10817307692307693 0.35336538461538464 0.10817307692307693 0.37740384615384615 0.019230769230769232 0.37740384615384615
21 0.12980769230769232 0.35336538461538464 0.24278846153846154 0.35336538461538464 0.24278846153846154 0.37740384615384615 0.12980769230769232 0.37740384615384615
21 0.25961538461538464 0.3557692307692308 0.375 0.3557692307692308 0.375 0.3798076923076923 0.25961538461538464 0.3798076923076923
21 0.39903846153846156 0.3557692307692308 0.5144230769230769 0.3557692307692308 0.5144230769230769 0.3798076923076923 0.39903846153846156 0.3798076923076923
21 0.5336538461538461 0.3557692307692308 0.7788461538461539 0.3557692307692308 0.7788461538461539 0.3798076923076923 0.5336538461538461 0.3798076923076923
21 0.019230769230769232 0.6274038461538461 0.10817307692307693 0.6274038461538461 0.10817307692307693 0.6442307692307693 0.019230769230769232 0.6442307692307693
21 0.12980769230769232 0.6274038461538461 0.24759615384615385 0.6274038461538461 0.24759615384615385 0.6442307692307693 0.12980769230769232 0.6442307692307693
21 0.25961538461538464 0.6274038461538461 0.375 0.6274038461538461 0.375 0.6442307692307693 0.25961538461538464 0.6442307692307693
21 0.4014423076923077 0.6274038461538461 0.5144230769230769 0.6274038461538461 0.5144230769230769 0.6442307692307693 0.4014423076923077 0.6442307692307693
21 0.5240384615384616 0.6274038461538461 0.7884615384615384 0.6274038461538461 0.7884615384615384 0.6418269230769231 0.5240384615384616 0.6418269230769231
19 0.021634615384615384 0 0.8221153846153846 0 0.8221153846153846 0.09615384615384616 0.021634615384615384 0.09615384615384616
2 0.019230769230769232 0 0.8245192307692307 0 0.8245192307692307 1 0.019230769230769232 1
11 0.021634615384615384 0.71875 0.8245192307692307 0.71875 0.8245192307692307 0.9519230769230769 0.021634615384615384 0.9519230769230769
12 0.021634615384615384 0.9519230769230769 0.8245192307692307 0.9519230769230769 0.8245192307692307 0.9759615384615384 0.021634615384615384 0.9759615384615384
12 0.021634615384615384 0.6971153846153846 0.8245192307692307 0.6971153846153846 0.8245192307692307 0.7211538461538461 0.021634615384615384 0.7211538461538461
12 0.021634615384615384 0.4326923076923077 0.8269230769230769 0.4326923076923077 0.8269230769230769 0.4567307692307692 0.021634615384615384 0.4567307692307692
22 0.021634615384615384 0.14182692307692307 0.8245192307692307 0.14182692307692307 0.8245192307692307 0.4326923076923077 0.021634615384615384 0.4326923076923077
11 0.021634615384615384 0.4543269230769231 0.8245192307692307 0.4543269230769231 0.8245192307692307 0.6971153846153846 0.021634615384615384 0.6971153846153846
10 0.019230769230769232 0.004807692307692308 0.8245192307692307 0.004807692307692308 0.8245192307692307 0.9951923076923077 0.019230769230769232 0.9951923076923077