23 0.8605769230769231 0.8028846153846154 0.9735576923076923 0.8028846153846154 0.9735576923076923 0.9495192307692307 0.8605769230769231 0.9495192307692307
21 0.8605769230769231 0.9495192307692307 0.9735576923076923 0.9495192307692307 0.9735576923076923 0.9615384615384616 0.8605769230769231 0.9615384615384616
23 0.0625 0.8028846153846154 0.17548076923076922 0.8028846153846154 0.17548076923076922 0.9471153846153846 0.0625 0.9471153846153846
21 0.0625 0.9471153846153846 0.17548076923076922 0.9471153846153846 0.17548076923076922 0.9615384615384616 0.0625 0.9615384615384616
23 0.2644230769230769 0.8028846153846154 0.37740384615384615 0.8028846153846154 0.37740384615384615 0.9495192307692307 0.2644230769230769 0.9495192307692307
21 0.2668269230769231 0.9495192307692307 0.3798076923076923 0.9495192307692307 0.3798076923076923 0.9615384615384616 0.2668269230769231 0.9615384615384616
23 0.8605769230769231 0.05048076923076923 0.9735576923076923 0.05048076923076923 0.9735576923076923 0.1971153846153846 0.8605769230769231 0.1971153846153846
21 0.8605769230769231 0.1971153846153846 0.9735576923076923 0.1971153846153846 0.9735576923076923 0.21153846153846154 0.8605769230769231 0.21153846153846154
23 0.0625 0.05048076923076923 0.17548076923076922 0.05048076923076923 0.17548076923076922 0.1971153846153846 0.0625 0.1971153846153846
21 0.0625 0.1971153846153846 0.17548076923076922 0.1971153846153846 0.17548076923076922 0.2091346153846154 0.0625 0.2091346153846154
23 0.2644230769230769 0.052884615384615384 0.37740384615384615 0.052884615384615384 0.37740384615384615 0.19951923076923078 0.2644230769230769 0.19951923076923078
21 0.2668269230769231 0.1971153846153846 0.3798076923076923 0.1971153846153846 0.3798076923076923 0.21153846153846154 0.2668269230769231 0.21153846153846154
23 0.8605769230769231 0.3004807692307692 0.9735576923076923 0.3004807692307692 0.9735576923076923 0.44711538461538464 0.8605769230769231 0.44711538461538464
21 0.8605769230769231 0.44711538461538464 0.9735576923076923 0.44711538461538464 0.9735576923076923 0.46153846153846156 0.8605769230769231 0.46153846153846156
23 0.0625 0.3004807692307692 0.17548076923076922 0.3004807692307692 0.17548076923076922 0.44711538461538464 0.0625 0.44711538461538464
21 0.0625 0.44711538461538464 0.17548076923076922 0.44711538461538464 0.17548076923076922 0.45913461538461536 0.0625 0.45913461538461536
23 0.2644230769230769 0.3004807692307692 0.37740384615384615 0.3004807692307692 0.37740384615384615 0.44711538461538464 0.2644230769230769 0.44711538461538464
21 0.2668269230769231 0.44711538461538464 0.3798076923076923 0.44711538461538464 0.3798076923076923 0.46153846153846156 0.2668269230769231 0.46153846153846156
23 0.8605769230769231 0.5504807692307693 0.9735576923076923 0.5504807692307693 0.9735576923076923 0.6971153846153846 0.8605769230769231 0.6971153846153846
21 0.8605769230769231 0.6971153846153846 0.9735576923076923 0.6971153846153846 0.9735576923076923 0.7115384615384616 0.8605769230769231 0.7115384615384616
23 0.0625 0.5504807692307693 0.17548076923076922 0.5504807692307693 0.17548076923076922 0.6971153846153846 0.0625 0.6971153846153846
21 0.0625 0.6971153846153846 0.17548076923076922 0.6971153846153846 0.17548076923076922 0.7091346153846154 0.0625 0.7091346153846154
23 0.2644230769230769 0.5528846153846154 0.37740384615384615 0.5528846153846154 0.37740384615384615 0.6995192307692307 0.2644230769230769 0.6995192307692307
21 0.2668269230769231 0.6971153846153846 0.3798076923076923 0.6971153846153846 0.3798076923076923 0.7115384615384616 0.2668269230769231 0.7115384615384616
1 0.8629807692307693 0.8076923076923077 0.9663461538461539 0.8076923076923077 0.9663461538461539 0.9447115384615384 0.8629807692307693 0.9447115384615384
1 0.0673076923076923 0.5576923076923077 0.17067307692307693 0.5576923076923077 0.17067307692307693 0.6682692307692307 0.0673076923076923 0.6682692307692307
1 0.0673076923076923 0.057692307692307696 0.17067307692307693 0.057692307692307696 0.17067307692307693 0.16826923076923078 0.0673076923076923 0.16826923076923078
1 0.0673076923076923 0.8076923076923077 0.17067307692307693 0.8076923076923077 0.17067307692307693 0.9447115384615384 0.0673076923076923 0.9447115384615384
1 0.2668269230769231 0.8076923076923077 0.3701923076923077 0.8076923076923077 0.3701923076923077 0.9447115384615384 0.2668269230769231 0.9447115384615384
1 0.0673076923076923 0.3076923076923077 0.17067307692307693 0.3076923076923077 0.17067307692307693 0.3485576923076923 0.0673076923076923 0.3485576923076923
1 0.2692307692307692 0.30528846153846156 0.375 0.30528846153846156 0.375 0.4375 0.2692307692307692 0.4375
1 0.8629807692307693 0.30528846153846156 0.96875 0.30528846153846156 0.96875 0.37259615384615385 0.8629807692307693 0.37259615384615385
1 0.8629807692307693 0.5552884615384616 0.96875 0.5552884615384616 0.96875 0.6153846153846154 0.8629807692307693 0.6153846153846154
1 0.2668269230769231 0.5552884615384616 0.37259615384615385 0.5552884615384616 0.37259615384615385 0.6706730769230769 0.2668269230769231 0.6706730769230769
12 0.002403846153846154 0.9807692307692307 1 0.9807692307692307 1 1 0.002403846153846154 1
12 0.002403846153846154 0.5048076923076923 1 0.5048076923076923 1 0.5240384615384616 0.002403846153846154 0.5240384615384616
12 0.002403846153846154 0.7524038461538461 1 0.7524038461538461 1 0.7716346153846154 0.002403846153846154 0.7716346153846154
12 0.002403846153846154 0.24519230769230768 1 0.24519230769230768 1 0.2644230769230769 0.002403846153846154 0.2644230769230769
11 0.002403846153846154 0.7692307692307693 1 0.7692307692307693 1 0.9807692307692307 0.002403846153846154 0.9807692307692307
11 0.002403846153846154 0 1 0 1 0.24519230769230768 0.002403846153846154 0.24519230769230768
11 0.002403846153846154 0.2668269230769231 1 0.2668269230769231 1 0.5048076923076923 0.002403846153846154 0.5048076923076923
11 0.002403846153846154 0.5240384615384616 1 0.5240384615384616 1 0.75 0.002403846153846154 0.75
17 0 0.002403846153846154 0.01201923076923077 0.002403846153846154 0.01201923076923077 1 0 1
17 0.18990384615384615 0.002403846153846154 0.21394230769230768 0.002403846153846154 0.21394230769230768 1 0.18990384615384615 1
17 0.3918269230769231 0.002403846153846154 0.4182692307692308 0.002403846153846154 0.4182692307692308 1 0.3918269230769231 1
17 0.6177884615384616 0.002403846153846154 0.6442307692307693 0.002403846153846154 0.6442307692307693 1 0.6177884615384616 1
17 0.9855769230769231 0.002403846153846154 0.9975961538461539 0.002403846153846154 0.9975961538461539 1 0.9855769230769231 1
2 0.002403846153846154 0.002403846153846154 0.9975961538461539 0.002403846153846154 0.9975961538461539 1 0.002403846153846154 1
10 0.002403846153846154 0.002403846153846154 0.9975961538461539 0.002403846153846154 0.9975961538461539 1 0.002403846153846154 1