8 0.7427884615384616 0.20432692307692307 0.8413461538461539 0.20432692307692307 0.8413461538461539 0.5120192307692307 0.7427884615384616 0.5120192307692307
8 0.12740384615384615 0.20432692307692307 0.22355769230769232 0.20432692307692307 0.22355769230769232 0.5120192307692307 0.12740384615384615 0.5120192307692307
8 0.3317307692307692 0.20432692307692307 0.43028846153846156 0.20432692307692307 0.43028846153846156 0.4639423076923077 0.3317307692307692 0.4639423076923077
8 0.7331730769230769 0.6802884615384616 0.8485576923076923 0.6802884615384616 0.8485576923076923 0.9230769230769231 0.7331730769230769 0.9230769230769231
8 0.1201923076923077 0.6826923076923077 0.23317307692307693 0.6826923076923077 0.23317307692307693 0.9254807692307693 0.1201923076923077 0.9254807692307693
8 0.3245192307692308 0.6802884615384616 0.4375 0.6802884615384616 0.4375 0.9254807692307693 0.3245192307692308 0.9254807692307693
23 0.7331730769230769 0.5961538461538461 0.8485576923076923 0.5961538461538461 0.8485576923076923 0.6802884615384616 0.7331730769230769 0.6802884615384616
23 0.11778846153846154 0.5961538461538461 0.23317307692307693 0.5961538461538461 0.23317307692307693 0.6802884615384616 0.11778846153846154 0.6802884615384616
23 0.32211538461538464 0.5961538461538461 0.4375 0.5961538461538461 0.4375 0.6802884615384616 0.32211538461538464 0.6802884615384616
8 0.5288461538461539 0.6802884615384616 0.6442307692307693 0.6802884615384616 0.6442307692307693 0.9230769230769231 0.5288461538461539 0.9230769230769231
23 0.5288461538461539 0.5961538461538461 0.6442307692307693 0.5961538461538461 0.6442307692307693 0.6802884615384616 0.5288461538461539 0.6802884615384616
16 0.6346153846153846 0.1875 0.7427884615384616 0.1875 0.7427884615384616 0.2692307692307692 0.6346153846153846 0.2692307692307692
16 0.014423076923076924 0.1875 0.125 0.1875 0.125 0.2692307692307692 0.014423076923076924 0.2692307692307692
16 0.22355769230769232 0.1875 0.3317307692307692 0.1875 0.3317307692307692 0.2692307692307692 0.22355769230769232 0.2692307692307692
16 0.43028846153846156 0.1875 0.5384615384615384 0.1875 0.5384615384615384 0.2692307692307692 0.43028846153846156 0.2692307692307692
8 0.5360576923076923 0.20432692307692307 0.6346153846153846 0.20432692307692307 0.6346153846153846 0.46153846153846156 0.5360576923076923 0.46153846153846156
16 0.8413461538461539 0.1875 0.9495192307692307 0.1875 0.9495192307692307 0.2692307692307692 0.8413461538461539 0.2692307692307692
16 0 0.10096153846153846 0.9831730769230769 0.10096153846153846 0.9831730769230769 0.1875 0 0.1875
5 0.27403846153846156 0.41346153846153844 0.6923076923076923 0.41346153846153844 0.6923076923076923 0.7139423076923077 0.27403846153846156 0.7139423076923077
0 0.07932692307692307 0.8052884615384616 0.9014423076923077 0.8052884615384616 0.9014423076923077 0.9254807692307693 0.07932692307692307 0.9254807692307693
0 0.11298076923076923 0.40625 0.2403846153846154 0.40625 0.2403846153846154 0.5120192307692307 0.11298076923076923 0.5120192307692307
0 0.7283653846153846 0.40625 0.8533653846153846 0.40625 0.8533653846153846 0.5096153846153846 0.7283653846153846 0.5096153846153846
0 0.53125 0.40384615384615385 0.6418269230769231 0.40384615384615385 0.6418269230769231 0.46153846153846156 0.53125 0.46153846153846156
0 0.3269230769230769 0.40384615384615385 0.4375 0.40384615384615385 0.4375 0.46153846153846156 0.3269230769230769 0.46153846153846156
16 0.016826923076923076 0.9543269230769231 0.9663461538461539 0.9543269230769231 0.9663461538461539 0.9879807692307693 0.016826923076923076 0.9879807692307693
2 0 0 0.9975961538461539 0 0.9975961538461539 0.9975961538461539 0 0.9975961538461539
12 0.002403846153846154 0.10096153846153846 0.9951923076923077 0.10096153846153846 0.9951923076923077 0.15144230769230768 0.002403846153846154 0.15144230769230768
12 0.002403846153846154 0.9375 0.9951923076923077 0.9375 0.9951923076923077 0.9879807692307693 0.002403846153846154 0.9879807692307693
12 0.002403846153846154 0.5096153846153846 0.9951923076923077 0.5096153846153846 0.9951923076923077 0.5600961538461539 0.002403846153846154 0.5600961538461539
11 0.002403846153846154 0.15144230769230768 0.9951923076923077 0.15144230769230768 0.9951923076923077 0.5072115384615384 0.002403846153846154 0.5072115384615384
11 0.002403846153846154 0.5600961538461539 0.9951923076923077 0.5600961538461539 0.9951923076923077 0.9350961538461539 0.002403846153846154 0.9350961538461539
22 0.002403846153846154 0 0.9951923076923077 0 0.9951923076923077 0.10096153846153846 0.002403846153846154 0.10096153846153846
23 0.7548076923076923 0.002403846153846154 0.8245192307692307 0.002403846153846154 0.8245192307692307 0.02403846153846154 0.7548076923076923 0.02403846153846154
23 0.14182692307692307 0.002403846153846154 0.21394230769230768 0.002403846153846154 0.21394230769230768 0.02403846153846154 0.14182692307692307 0.02403846153846154
23 0.3870192307692308 0.002403846153846154 0.45913461538461536 0.002403846153846154 0.45913461538461536 0.02403846153846154 0.3870192307692308 0.02403846153846154
23 0.5072115384615384 0.002403846153846154 0.5769230769230769 0.002403846153846154 0.5769230769230769 0.02403846153846154 0.5072115384615384 0.02403846153846154
19 0 0 0.9855769230769231 0 0.9855769230769231 0.08173076923076923 0 0.08173076923076923
10 0.002403846153846154 0 0.9879807692307693 0 0.9879807692307693 0.9975961538461539 0.002403846153846154 0.9975961538461539