23 0.6875 0.4423076923076923 0.8918269230769231 0.4423076923076923 0.8918269230769231 0.8389423076923077 0.6875 0.8389423076923077
23 0.019230769230769232 0.4423076923076923 0.22355769230769232 0.4423076923076923 0.22355769230769232 0.8389423076923077 0.019230769230769232 0.8389423076923077
23 0.3581730769230769 0.4423076923076923 0.5625 0.4423076923076923 0.5625 0.8365384615384616 0.3581730769230769 0.8365384615384616
23 0.6875 0.016826923076923076 0.8918269230769231 0.016826923076923076 0.8918269230769231 0.2620192307692308 0.6875 0.2620192307692308
23 0.019230769230769232 0.016826923076923076 0.22355769230769232 0.016826923076923076 0.22355769230769232 0.2620192307692308 0.019230769230769232 0.2620192307692308
23 0.3581730769230769 0.016826923076923076 0.5625 0.016826923076923076 0.5625 0.2620192307692308 0.3581730769230769 0.2620192307692308
21 0.6754807692307693 0.8365384615384616 0.90625 0.8365384615384616 0.90625 0.8461538461538461 0.6754807692307693 0.8461538461538461
21 0.007211538461538462 0.8365384615384616 0.23798076923076922 0.8365384615384616 0.23798076923076922 0.8461538461538461 0.007211538461538462 0.8461538461538461
21 0.34134615384615385 0.8365384615384616 0.5721153846153846 0.8365384615384616 0.5721153846153846 0.8461538461538461 0.34134615384615385 0.8461538461538461
21 0.6754807692307693 0.25961538461538464 0.90625 0.25961538461538464 0.90625 0.2692307692307692 0.6754807692307693 0.2692307692307692
21 0.007211538461538462 0.25961538461538464 0.23798076923076922 0.25961538461538464 0.23798076923076922 0.2692307692307692 0.007211538461538462 0.2692307692307692
21 0.34134615384615385 0.25961538461538464 0.5721153846153846 0.25961538461538464 0.5721153846153846 0.2692307692307692 0.34134615384615385 0.2692307692307692
12 0 0.9663461538461539 1 0.9663461538461539 1 1 0 1
12 0 0.6274038461538461 1 0.6274038461538461 1 0.6610576923076923 0 0.6610576923076923
12 0 0.34615384615384615 1 0.34615384615384615 1 0.3798076923076923 0 0.3798076923076923
11 0 0 1 0 1 0.34615384615384615 0 0.34615384615384615
11 0 0.37740384615384615 1 0.37740384615384615 1 0.6274038461538461 0 0.6274038461538461
23 0 0.6610576923076923 1 0.6610576923076923 1 0.96875 0 0.96875
2 0 0 1 0 1 1 0 1
10 0 0 1 0 1 1 0 1