23 0.20432692307692307 0.30528846153846156 0.2764423076923077 0.30528846153846156 0.2764423076923077 0.4014423076923077 0.20432692307692307 0.4014423076923077
23 0.46153846153846156 0.30528846153846156 0.5432692307692307 0.30528846153846156 0.5432692307692307 0.4014423076923077 0.46153846153846156 0.4014423076923077
23 0.10576923076923077 0.30528846153846156 0.17548076923076922 0.30528846153846156 0.17548076923076922 0.4014423076923077 0.10576923076923077 0.4014423076923077
23 0.5721153846153846 0.30528846153846156 0.6322115384615384 0.30528846153846156 0.6322115384615384 0.4014423076923077 0.5721153846153846 0.4014423076923077
23 0.375 0.30528846153846156 0.43509615384615385 0.30528846153846156 0.43509615384615385 0.4014423076923077 0.375 0.4014423076923077
23 0.7307692307692307 0.30528846153846156 0.8028846153846154 0.30528846153846156 0.8028846153846154 0.4014423076923077 0.7307692307692307 0.4014423076923077
23 0.8293269230769231 0.30528846153846156 0.9014423076923077 0.30528846153846156 0.9014423076923077 0.4014423076923077 0.8293269230769231 0.4014423076923077
23 0.5697115384615384 0.4807692307692308 0.6322115384615384 0.4807692307692308 0.6322115384615384 0.5264423076923077 0.5697115384615384 0.5264423076923077
23 0.8293269230769231 0.4807692307692308 0.9014423076923077 0.4807692307692308 0.9014423076923077 0.5264423076923077 0.8293269230769231 0.5264423076923077
23 0.7307692307692307 0.4807692307692308 0.8028846153846154 0.4807692307692308 0.8028846153846154 0.5264423076923077 0.7307692307692307 0.5264423076923077
23 0.4639423076923077 0.4807692307692308 0.5432692307692307 0.4807692307692308 0.5432692307692307 0.5240384615384616 0.4639423076923077 0.5240384615384616
23 0.375 0.4807692307692308 0.43509615384615385 0.4807692307692308 0.43509615384615385 0.5264423076923077 0.375 0.5264423076923077
23 0.10336538461538461 0.4807692307692308 0.17548076923076922 0.4807692307692308 0.17548076923076922 0.5264423076923077 0.10336538461538461 0.5264423076923077
23 0.20432692307692307 0.4807692307692308 0.2764423076923077 0.4807692307692308 0.2764423076923077 0.5264423076923077 0.20432692307692307 0.5264423076923077
23 0.37740384615384615 0.5432692307692307 0.4375 0.5432692307692307 0.4375 0.6778846153846154 0.37740384615384615 0.6778846153846154
23 0.10576923076923077 0.5432692307692307 0.1778846153846154 0.5432692307692307 0.1778846153846154 0.6778846153846154 0.10576923076923077 0.6778846153846154
23 0.20432692307692307 0.5432692307692307 0.2764423076923077 0.5432692307692307 0.2764423076923077 0.6778846153846154 0.20432692307692307 0.6778846153846154
23 0.4639423076923077 0.5432692307692307 0.5432692307692307 0.5432692307692307 0.5432692307692307 0.6778846153846154 0.4639423076923077 0.6778846153846154
23 0.5721153846153846 0.5456730769230769 0.6322115384615384 0.5456730769230769 0.6322115384615384 0.6802884615384616 0.5721153846153846 0.6802884615384616
23 0.7307692307692307 0.5456730769230769 0.8004807692307693 0.5456730769230769 0.8004807692307693 0.6802884615384616 0.7307692307692307 0.6802884615384616
23 0.8293269230769231 0.5456730769230769 0.8990384615384616 0.5456730769230769 0.8990384615384616 0.6802884615384616 0.8293269230769231 0.6802884615384616
8 0.4495192307692308 0.9158653846153846 0.5552884615384616 0.9158653846153846 0.5552884615384616 1 0.4495192307692308 1
20 0.4543269230769231 0.8870192307692307 0.5528846153846154 0.8870192307692307 0.5528846153846154 0.9038461538461539 0.4543269230769231 0.9038461538461539
20 0.5625 0.8870192307692307 0.6442307692307693 0.8870192307692307 0.6442307692307693 1 0.5625 1
20 0.3605769230769231 0.8870192307692307 0.44471153846153844 0.8870192307692307 0.44471153846153844 1 0.3605769230769231 1
23 0.1466346153846154 0.9086538461538461 0.16105769230769232 0.9086538461538461 0.16105769230769232 1 0.1466346153846154 1
8 0.16346153846153846 0.9086538461538461 0.28125 0.9086538461538461 0.28125 1 0.16346153846153846 1
23 0.1466346153846154 0.8966346153846154 0.28125 0.8966346153846154 0.28125 0.9086538461538461 0.1466346153846154 0.9086538461538461
8 0.7259615384615384 0.9134615384615384 0.8581730769230769 0.9134615384615384 0.8581730769230769 1 0.7259615384615384 1
23 0.7259615384615384 0.8966346153846154 0.8581730769230769 0.8966346153846154 0.8581730769230769 0.9158653846153846 0.7259615384615384 0.9158653846153846
16 0.019230769230769232 0.21875 0.9783653846153846 0.21875 0.9783653846153846 0.23557692307692307 0.019230769230769232 0.23557692307692307
4 0.06971153846153846 0.4326923076923077 0.31009615384615385 0.4326923076923077 0.31009615384615385 0.4567307692307692 0.06971153846153846 0.4567307692307692
21 0.09134615384615384 0.4014423076923077 0.28846153846153844 0.4014423076923077 0.28846153846153844 0.41346153846153844 0.09134615384615384 0.41346153846153844
21 0.3629807692307692 0.4014423076923077 0.6466346153846154 0.4014423076923077 0.6466346153846154 0.41586538461538464 0.3629807692307692 0.41586538461538464
21 0.71875 0.4014423076923077 0.9182692307692307 0.4014423076923077 0.9182692307692307 0.41586538461538464 0.71875 0.41586538461538464
4 0.6971153846153846 0.4326923076923077 0.9399038461538461 0.4326923076923077 0.9399038461538461 0.4567307692307692 0.6971153846153846 0.4567307692307692
4 0.34134615384615385 0.4326923076923077 0.6658653846153846 0.4326923076923077 0.6658653846153846 0.4567307692307692 0.34134615384615385 0.4567307692307692
21 0.09134615384615384 0.6778846153846154 0.28846153846153844 0.6778846153846154 0.28846153846153844 0.6947115384615384 0.09134615384615384 0.6947115384615384
21 0.3629807692307692 0.6778846153846154 0.6466346153846154 0.6778846153846154 0.6466346153846154 0.6947115384615384 0.3629807692307692 0.6947115384615384
21 0.7163461538461539 0.6778846153846154 0.9158653846153846 0.6778846153846154 0.9158653846153846 0.6947115384615384 0.7163461538461539 0.6947115384615384
8 0.7115384615384616 0.7908653846153846 0.9182692307692307 0.7908653846153846 0.9182692307692307 1 0.7115384615384616 1
8 0.09134615384615384 0.7908653846153846 0.2980769230769231 0.7908653846153846 0.2980769230769231 1 0.09134615384615384 1
8 0.3605769230769231 0.7860576923076923 0.6466346153846154 0.7860576923076923 0.6466346153846154 1 0.3605769230769231 1
19 0.028846153846153848 0.02403846153846154 0.9711538461538461 0.02403846153846154 0.9711538461538461 0.18509615384615385 0.028846153846153848 0.18509615384615385
26 0.1778846153846154 0.9711538461538461 0.3894230769230769 0.9711538461538461 0.3894230769230769 1 0.1778846153846154 1
26 0.5504807692307693 0.9519230769230769 0.7379807692307693 0.9519230769230769 0.7379807692307693 1 0.5504807692307693 1
5 0.24759615384615385 0.7716346153846154 0.40865384615384615 0.7716346153846154 0.40865384615384615 0.7908653846153846 0.24759615384615385 0.7908653846153846
17 0.6442307692307693 0.8461538461538461 0.7115384615384616 0.8461538461538461 0.7115384615384616 1 0.6442307692307693 1
17 0.2956730769230769 0.8461538461538461 0.3605769230769231 0.8461538461538461 0.3605769230769231 1 0.2956730769230769 1
17 0.038461538461538464 0.8461538461538461 0.10817307692307693 0.8461538461538461 0.10817307692307693 1 0.038461538461538464 1
17 0.8966346153846154 0.8269230769230769 0.9399038461538461 0.8269230769230769 0.9399038461538461 1 0.8966346153846154 1
5 0.8533653846153846 0.2764423076923077 0.8798076923076923 0.2764423076923077 0.8798076923076923 0.30528846153846156 0.8533653846153846 0.30528846153846156
5 0.12740384615384615 0.2764423076923077 0.15384615384615385 0.2764423076923077 0.15384615384615385 0.30528846153846156 0.12740384615384615 0.30528846153846156
5 0.22596153846153846 0.2764423076923077 0.25240384615384615 0.2764423076923077 0.25240384615384615 0.30528846153846156 0.22596153846153846 0.30528846153846156
5 0.3918269230769231 0.2764423076923077 0.4182692307692308 0.2764423076923077 0.4182692307692308 0.30528846153846156 0.3918269230769231 0.30528846153846156
5 0.7548076923076923 0.2764423076923077 0.78125 0.2764423076923077 0.78125 0.30528846153846156 0.7548076923076923 0.30528846153846156
5 0.5865384615384616 0.2764423076923077 0.6129807692307693 0.2764423076923077 0.6129807692307693 0.30528846153846156 0.5865384615384616 0.30528846153846156
5 0.49038461538461536 0.2764423076923077 0.5168269230769231 0.2764423076923077 0.5168269230769231 0.30528846153846156 0.49038461538461536 0.30528846153846156
23 0.16105769230769232 0.13221153846153846 0.22596153846153846 0.13221153846153846 0.22596153846153846 0.16105769230769232 0.16105769230769232 0.16105769230769232
1 0.16105769230769232 0.13221153846153846 0.22596153846153846 0.13221153846153846 0.22596153846153846 0.16105769230769232 0.16105769230769232 0.16105769230769232
23 0.4735576923076923 0.13221153846153846 0.5336538461538461 0.13221153846153846 0.5336538461538461 0.16346153846153846 0.4735576923076923 0.16346153846153846
1 0.4735576923076923 0.13221153846153846 0.5336538461538461 0.13221153846153846 0.5336538461538461 0.16346153846153846 0.4735576923076923 0.16346153846153846
23 0.7764423076923077 0.13221153846153846 0.8413461538461539 0.13221153846153846 0.8413461538461539 0.16346153846153846 0.7764423076923077 0.16346153846153846
1 0.7764423076923077 0.13221153846153846 0.8413461538461539 0.13221153846153846 0.8413461538461539 0.16346153846153846 0.7764423076923077 0.16346153846153846
11 0.021634615384615384 0.21634615384615385 0.9735576923076923 0.21634615384615385 0.9735576923076923 0.4326923076923077 0.021634615384615384 0.4326923076923077
12 0.021634615384615384 0.20432692307692307 0.9735576923076923 0.20432692307692307 0.9735576923076923 0.21634615384615385 0.021634615384615384 0.21634615384615385
12 0.026442307692307692 0.7235576923076923 0.9519230769230769 0.7235576923076923 0.9519230769230769 0.7355769230769231 0.026442307692307692 0.7355769230769231
15 0.026442307692307692 0.7355769230769231 0.9519230769230769 0.7355769230769231 0.9519230769230769 0.9975961538461539 0.026442307692307692 0.9975961538461539
11 0.021634615384615384 0.4326923076923077 0.9735576923076923 0.4326923076923077 0.9735576923076923 0.7355769230769231 0.021634615384615384 0.7355769230769231
12 0.021634615384615384 0.4206730769230769 0.9735576923076923 0.4206730769230769 0.9735576923076923 0.4326923076923077 0.021634615384615384 0.4326923076923077
22 0.021634615384615384 0.02403846153846154 0.9735576923076923 0.02403846153846154 0.9735576923076923 0.21634615384615385 0.021634615384615384 0.21634615384615385
2 0.014423076923076924 0.009615384615384616 0.9831730769230769 0.009615384615384616 0.9831730769230769 1 0.014423076923076924 1
10 0.021634615384615384 0.21875 0.9735576923076923 0.21875 0.9735576923076923 0.9975961538461539 0.021634615384615384 0.9975961538461539