23 0.01201923076923077 0.75 0.052884615384615384 0.75 0.052884615384615384 0.9567307692307693 0.01201923076923077 0.9567307692307693
23 0.27403846153846156 0.7235576923076923 0.3557692307692308 0.7235576923076923 0.3557692307692308 0.9375 0.27403846153846156 0.9375
23 0.37740384615384615 0.7235576923076923 0.4182692307692308 0.7235576923076923 0.4182692307692308 0.9375 0.37740384615384615 0.9375
23 0.9134615384615384 0.7524038461538461 0.9927884615384616 0.7524038461538461 0.9927884615384616 0.9615384615384616 0.9134615384615384 0.9615384615384616
23 0.53125 0.7548076923076923 0.5697115384615384 0.7548076923076923 0.5697115384615384 0.9663461538461539 0.53125 0.9663461538461539
23 0.5889423076923077 0.7548076923076923 0.6730769230769231 0.7548076923076923 0.6730769230769231 0.9711538461538461 0.5889423076923077 0.9711538461538461
23 0.01201923076923077 0.07932692307692307 0.052884615384615384 0.07932692307692307 0.052884615384615384 0.28846153846153844 0.01201923076923077 0.28846153846153844
23 0.27403846153846156 0.06009615384615385 0.3557692307692308 0.06009615384615385 0.3557692307692308 0.27403846153846156 0.27403846153846156 0.27403846153846156
23 0.37740384615384615 0.0625 0.4182692307692308 0.0625 0.4182692307692308 0.2764423076923077 0.37740384615384615 0.2764423076923077
23 0.9134615384615384 0.08173076923076923 0.9927884615384616 0.08173076923076923 0.9927884615384616 0.29086538461538464 0.9134615384615384 0.29086538461538464
23 0.53125 0.08413461538461539 0.5697115384615384 0.08413461538461539 0.5697115384615384 0.2956730769230769 0.53125 0.2956730769230769
23 0.5889423076923077 0.08413461538461539 0.6730769230769231 0.08413461538461539 0.6730769230769231 0.2980769230769231 0.5889423076923077 0.2980769230769231
23 0.01201923076923077 0.40865384615384615 0.052884615384615384 0.40865384615384615 0.052884615384615384 0.6225961538461539 0.01201923076923077 0.6225961538461539
23 0.27403846153846156 0.3942307692307692 0.3557692307692308 0.3942307692307692 0.3557692307692308 0.6081730769230769 0.27403846153846156 0.6081730769230769
23 0.37740384615384615 0.39663461538461536 0.4182692307692308 0.39663461538461536 0.4182692307692308 0.6105769230769231 0.37740384615384615 0.6105769230769231
23 0.9110576923076923 0.41346153846153844 0.9927884615384616 0.41346153846153844 0.9927884615384616 0.6274038461538461 0.9110576923076923 0.6274038461538461
23 0.53125 0.41346153846153844 0.5697115384615384 0.41346153846153844 0.5697115384615384 0.6225961538461539 0.53125 0.6225961538461539
23 0.5889423076923077 0.41346153846153844 0.6730769230769231 0.41346153846153844 0.6730769230769231 0.625 0.5889423076923077 0.625
23 0.21394230769230768 0.7235576923076923 0.2548076923076923 0.7235576923076923 0.2548076923076923 0.9375 0.21394230769230768 0.9375
23 0.21394230769230768 0.06009615384615385 0.2548076923076923 0.06009615384615385 0.2548076923076923 0.27403846153846156 0.21394230769230768 0.27403846153846156
23 0.21394230769230768 0.3942307692307692 0.2548076923076923 0.3942307692307692 0.2548076923076923 0.6105769230769231 0.21394230769230768 0.6105769230769231
23 0.6899038461538461 0.7548076923076923 0.7283653846153846 0.7548076923076923 0.7283653846153846 0.96875 0.6899038461538461 0.96875
23 0.6899038461538461 0.08413461538461539 0.7283653846153846 0.08413461538461539 0.7283653846153846 0.2980769230769231 0.6899038461538461 0.2980769230769231
23 0.6899038461538461 0.41346153846153844 0.7283653846153846 0.41346153846153844 0.7283653846153846 0.625 0.6899038461538461 0.625
23 0.8557692307692307 0.7524038461538461 0.8942307692307693 0.7524038461538461 0.8942307692307693 0.9615384615384616 0.8557692307692307 0.9615384615384616
23 0.8557692307692307 0.08173076923076923 0.8942307692307693 0.08173076923076923 0.8942307692307693 0.29086538461538464 0.8557692307692307 0.29086538461538464
23 0.8533653846153846 0.41346153846153844 0.8942307692307693 0.41346153846153844 0.8942307692307693 0.625 0.8533653846153846 0.625
21 0.20673076923076922 0.9375 0.4254807692307692 0.9375 0.4254807692307692 0.9495192307692307 0.20673076923076922 0.9495192307692307
21 0.20673076923076922 0.2764423076923077 0.4254807692307692 0.2764423076923077 0.4254807692307692 0.2860576923076923 0.20673076923076922 0.2860576923076923
21 0.20673076923076922 0.6105769230769231 0.4254807692307692 0.6105769230769231 0.4254807692307692 0.6225961538461539 0.20673076923076922 0.6225961538461539
21 0.8509615384615384 0.29086538461538464 1 0.29086538461538464 1 0.30528846153846156 0.8509615384615384 0.30528846153846156
21 0.8509615384615384 0.9591346153846154 1 0.9591346153846154 1 0.9759615384615384 0.8509615384615384 0.9759615384615384
21 0.8509615384615384 0.6274038461538461 1 0.6274038461538461 1 0.6418269230769231 0.8509615384615384 0.6418269230769231
21 0 0.9591346153846154 0.06009615384615385 0.9591346153846154 0.06009615384615385 0.9711538461538461 0 0.9711538461538461
21 0 0.29086538461538464 0.06009615384615385 0.29086538461538464 0.06009615384615385 0.3076923076923077 0 0.3076923076923077
21 0 0.625 0.06009615384615385 0.625 0.06009615384615385 0.6418269230769231 0 0.6418269230769231
21 0.5264423076923077 0.625 0.7403846153846154 0.625 0.7403846153846154 0.6394230769230769 0.5264423076923077 0.6394230769230769
11 0 0 1 0 1 0.3389423076923077 0 0.3389423076923077
11 0 0.3605769230769231 1 0.3605769230769231 1 0.6730769230769231 0 0.6730769230769231
11 0 0.6923076923076923 1 0.6923076923076923 1 1 0 1
12 0.002403846153846154 0.6706730769230769 1 0.6706730769230769 1 0.6923076923076923 0.002403846153846154 0.6923076923076923
12 0.002403846153846154 0.33653846153846156 1 0.33653846153846156 1 0.3581730769230769 0.002403846153846154 0.3581730769230769
10 0 0.002403846153846154 1 0.002403846153846154 1 1 0 1
2 0 0 1 0 1 0.9975961538461539 0 0.9975961538461539