23 0.08653846153846154 0.16105769230769232 0.1466346153846154 0.16105769230769232 0.1466346153846154 0.2956730769230769 0.08653846153846154 0.2956730769230769
23 0.29086538461538464 0.16105769230769232 0.35096153846153844 0.16105769230769232 0.35096153846153844 0.2956730769230769 0.29086538461538464 0.2956730769230769
23 0.41346153846153844 0.16346153846153846 0.5096153846153846 0.16346153846153846 0.5096153846153846 0.2956730769230769 0.41346153846153844 0.2956730769230769
23 0.7716346153846154 0.16105769230769232 0.8293269230769231 0.16105769230769232 0.8293269230769231 0.2956730769230769 0.7716346153846154 0.2956730769230769
23 0.5697115384615384 0.16105769230769232 0.6274038461538461 0.16105769230769232 0.6274038461538461 0.2956730769230769 0.5697115384615384 0.2956730769230769
23 0.7716346153846154 0.7043269230769231 0.8317307692307693 0.7043269230769231 0.8317307692307693 0.8461538461538461 0.7716346153846154 0.8461538461538461
23 0.0889423076923077 0.7019230769230769 0.14903846153846154 0.7019230769230769 0.14903846153846154 0.8461538461538461 0.0889423076923077 0.8461538461538461
23 0.2932692307692308 0.7019230769230769 0.35336538461538464 0.7019230769230769 0.35336538461538464 0.8461538461538461 0.2932692307692308 0.8461538461538461
23 0.5697115384615384 0.7019230769230769 0.6298076923076923 0.7019230769230769 0.6298076923076923 0.8461538461538461 0.5697115384615384 0.8461538461538461
23 0.7716346153846154 0.4014423076923077 0.8317307692307693 0.4014423076923077 0.8317307692307693 0.43990384615384615 0.7716346153846154 0.43990384615384615
23 0.08653846153846154 0.39903846153846156 0.1466346153846154 0.39903846153846156 0.1466346153846154 0.4375 0.08653846153846154 0.4375
23 0.2932692307692308 0.4014423076923077 0.35336538461538464 0.4014423076923077 0.35336538461538464 0.43990384615384615 0.2932692307692308 0.43990384615384615
23 0.4110576923076923 0.3942307692307692 0.5096153846153846 0.3942307692307692 0.5096153846153846 0.43990384615384615 0.4110576923076923 0.43990384615384615
23 0.41346153846153844 0.6995192307692307 0.5096153846153846 0.6995192307692307 0.5096153846153846 0.7596153846153846 0.41346153846153844 0.7596153846153846
23 0.5673076923076923 0.4014423076923077 0.6274038461538461 0.4014423076923077 0.6274038461538461 0.43990384615384615 0.5673076923076923 0.43990384615384615
16 0.02403846153846154 0.10096153846153846 0.9038461538461539 0.10096153846153846 0.9038461538461539 0.125 0.02403846153846154 0.125
4 0.06490384615384616 0.35336538461538464 0.16826923076923078 0.35336538461538464 0.16826923076923078 0.3629807692307692 0.06490384615384616 0.3629807692307692
4 0.27163461538461536 0.35336538461538464 0.37259615384615385 0.35336538461538464 0.37259615384615385 0.36538461538461536 0.27163461538461536 0.36538461538461536
4 0.3870192307692308 0.35336538461538464 0.5336538461538461 0.35336538461538464 0.5336538461538461 0.3629807692307692 0.3870192307692308 0.3629807692307692
4 0.5480769230769231 0.3557692307692308 0.6514423076923077 0.3557692307692308 0.6514423076923077 0.36538461538461536 0.5480769230769231 0.36538461538461536
4 0.75 0.3557692307692308 0.8533653846153846 0.3557692307692308 0.8533653846153846 0.36538461538461536 0.75 0.36538461538461536
5 0.10817307692307693 0.37259615384615385 0.125 0.37259615384615385 0.125 0.4014423076923077 0.10817307692307693 0.4014423076923077
5 0.3125 0.37259615384615385 0.3317307692307692 0.37259615384615385 0.3317307692307692 0.40384615384615385 0.3125 0.40384615384615385
5 0.4495192307692308 0.3701923076923077 0.47115384615384615 0.3701923076923077 0.47115384615384615 0.4014423076923077 0.4495192307692308 0.4014423076923077
5 0.5913461538461539 0.37740384615384615 0.6105769230769231 0.37740384615384615 0.6105769230769231 0.40625 0.5913461538461539 0.40625
5 0.7956730769230769 0.37740384615384615 0.8125 0.37740384615384615 0.8125 0.40384615384615385 0.7956730769230769 0.40384615384615385
8 0.4110576923076923 0.7620192307692307 0.5096153846153846 0.7620192307692307 0.5096153846153846 0.9206730769230769 0.4110576923076923 0.9206730769230769
5 0.4519230769230769 0.6778846153846154 0.47115384615384615 0.6778846153846154 0.47115384615384615 0.7067307692307693 0.4519230769230769 0.7067307692307693
21 0.04807692307692308 0.6418269230769231 0.18028846153846154 0.6418269230769231 0.18028846153846154 0.6586538461538461 0.04807692307692308 0.6586538461538461
21 0.2548076923076923 0.6418269230769231 0.6682692307692307 0.6418269230769231 0.6682692307692307 0.6586538461538461 0.2548076923076923 0.6586538461538461
21 0.7379807692307693 0.6442307692307693 0.8701923076923077 0.6442307692307693 0.8701923076923077 0.6610576923076923 0.7379807692307693 0.6610576923076923
12 0.028846153846153848 0.10336538461538461 0.8870192307692307 0.10336538461538461 0.8870192307692307 0.11298076923076923 0.028846153846153848 0.11298076923076923
12 0.028846153846153848 0.6490384615384616 0.8870192307692307 0.6490384615384616 0.8870192307692307 0.6586538461538461 0.028846153846153848 0.6586538461538461
22 0.5576923076923077 0.026442307692307692 0.6177884615384616 0.026442307692307692 0.6177884615384616 0.11298076923076923 0.5576923076923077 0.11298076923076923
15 0.028846153846153848 0.6586538461538461 0.8870192307692307 0.6586538461538461 0.8870192307692307 0.9543269230769231 0.028846153846153848 0.9543269230769231
11 0.028846153846153848 0.35096153846153844 0.8870192307692307 0.35096153846153844 0.8870192307692307 0.6586538461538461 0.028846153846153848 0.6586538461538461
2 0.004807692307692308 0 0.9158653846153846 0 0.9158653846153846 0.9543269230769231 0.004807692307692308 0.9543269230769231
10 0.004807692307692308 0 0.9158653846153846 0 0.9158653846153846 0.9639423076923077 0.004807692307692308 0.9639423076923077
8 0.41346153846153844 0.49759615384615385 0.5096153846153846 0.49759615384615385 0.5096153846153846 0.6466346153846154 0.41346153846153844 0.6466346153846154
23 0.41346153846153844 0.44471153846153844 0.5096153846153846 0.44471153846153844 0.5096153846153846 0.49759615384615385 0.41346153846153844 0.49759615384615385
8 0.7716346153846154 0.44711538461538464 0.8317307692307693 0.44711538461538464 0.8317307692307693 0.6490384615384616 0.7716346153846154 0.6490384615384616
8 0.0889423076923077 0.44711538461538464 0.14903846153846154 0.44711538461538464 0.14903846153846154 0.6490384615384616 0.0889423076923077 0.6490384615384616
8 0.5673076923076923 0.44711538461538464 0.6274038461538461 0.44711538461538464 0.6274038461538461 0.6490384615384616 0.5673076923076923 0.6490384615384616
8 0.2932692307692308 0.44711538461538464 0.35336538461538464 0.44711538461538464 0.35336538461538464 0.6490384615384616 0.2932692307692308 0.6490384615384616
12 0.028846153846153848 0.34375 0.8870192307692307 0.34375 0.8870192307692307 0.35336538461538464 0.028846153846153848 0.35336538461538464
11 0.028846153846153848 0.10336538461538461 0.8870192307692307 0.10336538461538461 0.8870192307692307 0.35336538461538464 0.028846153846153848 0.35336538461538464