23 0.2620192307692308 0.4543269230769231 0.30288461538461536 0.4543269230769231 0.30288461538461536 0.6466346153846154 0.2620192307692308 0.6466346153846154
23 0.7307692307692307 0.4543269230769231 0.7716346153846154 0.4543269230769231 0.7716346153846154 0.6442307692307693 0.7307692307692307 0.6442307692307693
23 0.02403846153846154 0.15865384615384615 0.06490384615384616 0.15865384615384615 0.06490384615384616 0.29086538461538464 0.02403846153846154 0.29086538461538464
23 0.16105769230769232 0.1658653846153846 0.20192307692307693 0.1658653846153846 0.20192307692307693 0.2980769230769231 0.16105769230769232 0.2980769230769231
23 0.4951923076923077 0.1658653846153846 0.5360576923076923 0.1658653846153846 0.5360576923076923 0.32211538461538464 0.4951923076923077 0.32211538461538464
23 0.96875 0.15865384615384615 1 0.15865384615384615 1 0.29086538461538464 0.96875 0.29086538461538464
23 0.7307692307692307 0.1658653846153846 0.7716346153846154 0.1658653846153846 0.7716346153846154 0.2980769230769231 0.7307692307692307 0.2980769230769231
23 0.8341346153846154 0.1658653846153846 0.875 0.1658653846153846 0.875 0.2980769230769231 0.8341346153846154 0.2980769230769231
23 0.02403846153846154 0.4519230769230769 0.0673076923076923 0.4519230769230769 0.0673076923076923 0.6105769230769231 0.02403846153846154 0.6105769230769231
23 0.3629807692307692 0.4543269230769231 0.40384615384615385 0.4543269230769231 0.40384615384615385 0.6129807692307693 0.3629807692307692 0.6129807692307693
23 0.15865384615384615 0.4543269230769231 0.20192307692307693 0.4543269230769231 0.20192307692307693 0.6129807692307693 0.15865384615384615 0.6129807692307693
23 0.4951923076923077 0.4495192307692308 0.5360576923076923 0.4495192307692308 0.5360576923076923 0.6081730769230769 0.4951923076923077 0.6081730769230769
23 0.6274038461538461 0.4543269230769231 0.6682692307692307 0.4543269230769231 0.6682692307692307 0.6129807692307693 0.6274038461538461 0.6129807692307693
23 0.8341346153846154 0.4543269230769231 0.875 0.4543269230769231 0.875 0.6129807692307693 0.8341346153846154 0.6129807692307693
23 0.3629807692307692 0.1658653846153846 0.40625 0.1658653846153846 0.40625 0.2980769230769231 0.3629807692307692 0.2980769230769231
23 0.2620192307692308 0.1658653846153846 0.30288461538461536 0.1658653846153846 0.30288461538461536 0.2980769230769231 0.2620192307692308 0.2980769230769231
23 0.6274038461538461 0.1658653846153846 0.6658653846153846 0.1658653846153846 0.6658653846153846 0.2980769230769231 0.6274038461538461 0.2980769230769231
4 0.13942307692307693 0.3918269230769231 0.21875 0.3918269230769231 0.21875 0.4735576923076923 0.13942307692307693 0.4735576923076923
4 0.8149038461538461 0.3918269230769231 0.8942307692307693 0.3918269230769231 0.8942307692307693 0.4735576923076923 0.8149038461538461 0.4735576923076923
4 0.9543269230769231 0.11057692307692307 0.9975961538461539 0.11057692307692307 0.9975961538461539 0.18269230769230768 0.9543269230769231 0.18269230769230768
4 0.6081730769230769 0.3918269230769231 0.6875 0.3918269230769231 0.6875 0.4735576923076923 0.6081730769230769 0.4735576923076923
4 0.24519230769230768 0.11778846153846154 0.31971153846153844 0.11778846153846154 0.31971153846153844 0.19230769230769232 0.24519230769230768 0.19230769230769232
4 0.007211538461538462 0.11057692307692307 0.08173076923076923 0.11057692307692307 0.08173076923076923 0.18509615384615385 0.007211538461538462 0.18509615384615385
4 0.34375 0.3918269230769231 0.4230769230769231 0.3918269230769231 0.4230769230769231 0.4735576923076923 0.34375 0.4735576923076923
4 0.007211538461538462 0.38461538461538464 0.07932692307692307 0.38461538461538464 0.07932692307692307 0.46634615384615385 0.007211538461538462 0.46634615384615385
4 0.24278846153846154 0.3918269230769231 0.32211538461538464 0.3918269230769231 0.32211538461538464 0.4735576923076923 0.24278846153846154 0.4735576923076923
4 0.47836538461538464 0.11538461538461539 0.5504807692307693 0.11538461538461539 0.5504807692307693 0.18990384615384615 0.47836538461538464 0.18990384615384615
23 0.96875 0.44711538461538464 1 0.44711538461538464 1 0.6057692307692307 0.96875 0.6057692307692307
4 0.7115384615384616 0.3918269230769231 0.7908653846153846 0.3918269230769231 0.7908653846153846 0.4735576923076923 0.7115384615384616 0.4735576923076923
4 0.7139423076923077 0.11778846153846154 0.7860576923076923 0.11778846153846154 0.7860576923076923 0.19230769230769232 0.7139423076923077 0.19230769230769232
4 0.8149038461538461 0.1201923076923077 0.8894230769230769 0.1201923076923077 0.8894230769230769 0.19230769230769232 0.8149038461538461 0.19230769230769232
4 0.6105769230769231 0.1201923076923077 0.6850961538461539 0.1201923076923077 0.6850961538461539 0.19230769230769232 0.6105769230769231 0.19230769230769232
4 0.34615384615384615 0.1201923076923077 0.4206730769230769 0.1201923076923077 0.4206730769230769 0.19230769230769232 0.34615384615384615 0.19230769230769232
4 0.14182692307692307 0.1201923076923077 0.21634615384615385 0.1201923076923077 0.21634615384615385 0.19230769230769232 0.14182692307692307 0.19230769230769232
4 0.47836538461538464 0.38461538461538464 0.5504807692307693 0.38461538461538464 0.5504807692307693 0.46634615384615385 0.47836538461538464 0.46634615384615385
4 0.9567307692307693 0.38461538461538464 1 0.38461538461538464 1 0.4639423076923077 0.9567307692307693 0.4639423076923077
17 0 0.10817307692307693 0.01201923076923077 0.10817307692307693 0.01201923076923077 0.3317307692307692 0 0.3317307692307692
17 0.9375 0.10817307692307693 0.9591346153846154 0.10817307692307693 0.9591346153846154 0.3293269230769231 0.9375 0.3293269230769231
17 0.5456730769230769 0.10817307692307693 0.5673076923076923 0.10817307692307693 0.5673076923076923 0.3293269230769231 0.5456730769230769 0.3293269230769231
17 0.4639423076923077 0.10817307692307693 0.4855769230769231 0.10817307692307693 0.4855769230769231 0.3293269230769231 0.4639423076923077 0.3293269230769231
17 0.22115384615384615 0.1201923076923077 0.2403846153846154 0.1201923076923077 0.2403846153846154 0.3389423076923077 0.22115384615384615 0.3389423076923077
17 0.7908653846153846 0.1201923076923077 0.8125 0.1201923076923077 0.8125 0.3389423076923077 0.7908653846153846 0.3389423076923077
17 0.4230769230769231 0.10817307692307693 0.44471153846153844 0.10817307692307693 0.44471153846153844 0.3293269230769231 0.4230769230769231 0.3293269230769231
17 0.11298076923076923 0.11057692307692307 0.1346153846153846 0.11057692307692307 0.1346153846153846 0.3317307692307692 0.11298076923076923 0.3317307692307692
17 0.07451923076923077 0.11057692307692307 0.09615384615384616 0.11057692307692307 0.09615384615384616 0.3317307692307692 0.07451923076923077 0.3317307692307692
17 0.32211538461538464 0.1201923076923077 0.34375 0.1201923076923077 0.34375 0.3389423076923077 0.32211538461538464 0.3389423076923077
17 0.6875 0.1201923076923077 0.7091346153846154 0.1201923076923077 0.7091346153846154 0.3389423076923077 0.6875 0.3389423076923077
17 0.5841346153846154 0.10817307692307693 0.6057692307692307 0.10817307692307693 0.6057692307692307 0.3293269230769231 0.5841346153846154 0.3293269230769231
17 0.8990384615384616 0.10817307692307693 0.9206730769230769 0.10817307692307693 0.9206730769230769 0.3293269230769231 0.8990384615384616 0.3293269230769231
17 0.8990384615384616 0.38221153846153844 0.9230769230769231 0.38221153846153844 0.9230769230769231 0.65625 0.8990384615384616 0.65625
17 0.4230769230769231 0.38221153846153844 0.44471153846153844 0.38221153846153844 0.44471153846153844 0.65625 0.4230769230769231 0.65625
17 0.4639423076923077 0.38221153846153844 0.4855769230769231 0.38221153846153844 0.4855769230769231 0.65625 0.4639423076923077 0.65625
17 0.5841346153846154 0.38221153846153844 0.6057692307692307 0.38221153846153844 0.6057692307692307 0.65625 0.5841346153846154 0.65625
17 0.5456730769230769 0.38221153846153844 0.5673076923076923 0.38221153846153844 0.5673076923076923 0.65625 0.5456730769230769 0.65625
17 0.9423076923076923 0.38221153846153844 0.9639423076923077 0.38221153846153844 0.9639423076923077 0.65625 0.9423076923076923 0.65625
17 0 0.38221153846153844 0.01201923076923077 0.38221153846153844 0.01201923076923077 0.65625 0 0.65625
17 0.11298076923076923 0.38221153846153844 0.1346153846153846 0.38221153846153844 0.1346153846153846 0.65625 0.11298076923076923 0.65625
17 0.07451923076923077 0.38221153846153844 0.09615384615384616 0.38221153846153844 0.09615384615384616 0.65625 0.07451923076923077 0.65625
17 0.21875 0.3918269230769231 0.24278846153846154 0.3918269230769231 0.24278846153846154 0.65625 0.21875 0.65625
17 0.6875 0.3918269230769231 0.7115384615384616 0.3918269230769231 0.7115384615384616 0.65625 0.6875 0.65625
17 0.7908653846153846 0.3918269230769231 0.8149038461538461 0.3918269230769231 0.8149038461538461 0.65625 0.7908653846153846 0.65625
17 0.31971153846153844 0.3918269230769231 0.34375 0.3918269230769231 0.34375 0.65625 0.31971153846153844 0.65625
17 0.5432692307692307 0.7067307692307693 0.5697115384615384 0.7067307692307693 0.5697115384615384 1 0.5432692307692307 1
17 0.9399038461538461 0.7067307692307693 0.96875 0.7067307692307693 0.96875 1 0.9399038461538461 1
17 0 0.7043269230769231 0.014423076923076924 0.7043269230769231 0.014423076923076924 1 0 1
17 0.46153846153846156 0.7067307692307693 0.4879807692307692 0.7067307692307693 0.4879807692307692 1 0.46153846153846156 1
17 0.5817307692307693 0.7067307692307693 0.6105769230769231 0.7067307692307693 0.6105769230769231 1 0.5817307692307693 1
17 0.6875 0.7067307692307693 0.7163461538461539 0.7067307692307693 0.7163461538461539 1 0.6875 1
17 0.7932692307692307 0.7067307692307693 0.8221153846153846 0.7067307692307693 0.8221153846153846 1 0.7932692307692307 1
17 0.9014423076923077 0.7067307692307693 0.9278846153846154 0.7067307692307693 0.9278846153846154 1 0.9014423076923077 1
17 0.4206730769230769 0.7067307692307693 0.4495192307692308 0.7067307692307693 0.4495192307692308 1 0.4206730769230769 1
17 0.3173076923076923 0.7067307692307693 0.34375 0.7067307692307693 0.34375 1 0.3173076923076923 1
17 0.21153846153846154 0.7067307692307693 0.2403846153846154 0.7067307692307693 0.2403846153846154 1 0.21153846153846154 1
17 0.10817307692307693 0.7067307692307693 0.13701923076923078 0.7067307692307693 0.13701923076923078 1 0.10817307692307693 1
17 0.06971153846153846 0.7067307692307693 0.09615384615384616 0.7067307692307693 0.09615384615384616 1 0.06971153846153846 1
23 0.8221153846153846 0.7211538461538461 0.8990384615384616 0.7211538461538461 0.8990384615384616 1 0.8221153846153846 1
23 0.13701923076923078 0.7211538461538461 0.21634615384615385 0.7211538461538461 0.21634615384615385 1 0.13701923076923078 1
23 0.7163461538461539 0.7211538461538461 0.7932692307692307 0.7211538461538461 0.7932692307692307 1 0.7163461538461539 1
23 0.6105769230769231 0.7211538461538461 0.6899038461538461 0.7211538461538461 0.6899038461538461 1 0.6105769230769231 1
23 0.34615384615384615 0.7211538461538461 0.4230769230769231 0.7211538461538461 0.4230769230769231 1 0.34615384615384615 1
23 0.2403846153846154 0.7211538461538461 0.31971153846153844 0.7211538461538461 0.31971153846153844 1 0.2403846153846154 1
23 0.15865384615384615 0.7331730769230769 0.19951923076923078 0.7331730769230769 0.19951923076923078 0.9350961538461539 0.15865384615384615 0.9350961538461539
23 0.8365384615384616 0.7307692307692307 0.8798076923076923 0.7307692307692307 0.8798076923076923 0.9326923076923077 0.8365384615384616 0.9326923076923077
23 0.25961538461538464 0.7331730769230769 0.30288461538461536 0.7331730769230769 0.30288461538461536 0.9350961538461539 0.25961538461538464 0.9350961538461539
23 0.3629807692307692 0.7331730769230769 0.40625 0.7331730769230769 0.40625 0.9350961538461539 0.3629807692307692 0.9350961538461539
23 0.6274038461538461 0.7307692307692307 0.6706730769230769 0.7307692307692307 0.6706730769230769 0.9326923076923077 0.6274038461538461 0.9326923076923077
4 0.4831730769230769 0.7980769230769231 0.5480769230769231 0.7980769230769231 0.5480769230769231 0.8317307692307693 0.4831730769230769 0.8317307692307693
4 0.009615384615384616 0.7980769230769231 0.07451923076923077 0.7980769230769231 0.07451923076923077 0.8317307692307693 0.009615384615384616 0.8317307692307693
4 0.9615384615384616 0.7956730769230769 1 0.7956730769230769 1 0.8293269230769231 0.9615384615384616 0.8293269230769231
5 0.9254807692307693 0.8341346153846154 0.9447115384615384 0.8341346153846154 0.9447115384615384 0.9110576923076923 0.9254807692307693 0.9110576923076923
5 0.09615384615384616 0.8317307692307693 0.11538461538461539 0.8317307692307693 0.11538461538461539 0.9134615384615384 0.09615384615384616 0.9134615384615384
5 0.4495192307692308 0.5264423076923077 0.46153846153846156 0.5264423076923077 0.46153846153846156 0.5865384615384616 0.4495192307692308 0.5865384615384616
5 0.5673076923076923 0.5240384615384616 0.5841346153846154 0.5240384615384616 0.5841346153846154 0.5865384615384616 0.5673076923076923 0.5865384615384616
23 0.9783653846153846 0.7163461538461539 1 0.7163461538461539 1 0.7668269230769231 0.9783653846153846 0.7668269230769231
5 0.44711538461538464 0.8341346153846154 0.46634615384615385 0.8341346153846154 0.46634615384615385 0.9134615384615384 0.44711538461538464 0.9134615384615384
5 0.5673076923076923 0.8341346153846154 0.5865384615384616 0.8341346153846154 0.5865384615384616 0.9134615384615384 0.5673076923076923 0.9134615384615384
16 0 0.057692307692307696 1 0.057692307692307696 1 0.1201923076923077 0 0.1201923076923077
16 0 0.3317307692307692 1 0.3317307692307692 1 0.3942307692307692 0 0.3942307692307692
16 0 0.6586538461538461 1 0.6586538461538461 1 0.7067307692307693 0 0.7067307692307693
5 0.9182692307692307 0.3870192307692308 0.9423076923076923 0.3870192307692308 0.9423076923076923 0.4735576923076923 0.9182692307692307 0.4735576923076923
5 0.9206730769230769 0.7259615384615384 0.9471153846153846 0.7259615384615384 0.9471153846153846 0.7764423076923077 0.9206730769230769 0.7764423076923077
5 0.5625 0.3870192307692308 0.5889423076923077 0.3870192307692308 0.5889423076923077 0.4735576923076923 0.5625 0.4735576923076923
5 0.4423076923076923 0.3870192307692308 0.46634615384615385 0.3870192307692308 0.46634615384615385 0.4735576923076923 0.4423076923076923 0.4735576923076923
5 0.9182692307692307 0.11778846153846154 0.9399038461538461 0.11778846153846154 0.9399038461538461 0.18990384615384615 0.9182692307692307 0.18990384615384615
5 0.09134615384615384 0.7067307692307693 0.11778846153846154 0.7067307692307693 0.11778846153846154 0.7764423076923077 0.09134615384615384 0.7764423076923077
5 0.4423076923076923 0.7259615384615384 0.46634615384615385 0.7259615384615384 0.46634615384615385 0.7764423076923077 0.4423076923076923 0.7764423076923077
5 0.5625 0.7259615384615384 0.5889423076923077 0.7259615384615384 0.5889423076923077 0.7764423076923077 0.5625 0.7764423076923077
23 0.7307692307692307 0.7307692307692307 0.7740384615384616 0.7307692307692307 0.7740384615384616 0.9326923076923077 0.7307692307692307 0.9326923076923077
8 0.9735576923076923 0.8485576923076923 1 0.8485576923076923 1 0.9903846153846154 0.9735576923076923 0.9903846153846154
8 0.021634615384615384 0.8509615384615384 0.06490384615384616 0.8509615384615384 0.06490384615384616 0.9903846153846154 0.021634615384615384 0.9903846153846154
8 0.4951923076923077 0.8509615384615384 0.5360576923076923 0.8509615384615384 0.5360576923076923 0.9927884615384616 0.4951923076923077 0.9927884615384616
5 0.09134615384615384 0.3870192307692308 0.11778846153846154 0.3870192307692308 0.11778846153846154 0.4735576923076923 0.09134615384615384 0.4735576923076923
5 0.09615384615384616 0.11298076923076923 0.11778846153846154 0.11298076923076923 0.11778846153846154 0.18990384615384615 0.09615384615384616 0.18990384615384615
5 0.44471153846153844 0.125 0.46634615384615385 0.125 0.46634615384615385 0.1971153846153846 0.44471153846153844 0.1971153846153846
5 0.5625 0.125 0.5865384615384616 0.125 0.5865384615384616 0.1971153846153846 0.5625 0.1971153846153846
22 0 0.06971153846153846 1 0.06971153846153846 1 0.3317307692307692 0 0.3317307692307692
12 0 0.65625 1 0.65625 1 0.6899038461538461 0 0.6899038461538461
12 0 0.3317307692307692 1 0.3317307692307692 1 0.3629807692307692 0 0.3629807692307692
15 0 0.6899038461538461 1 0.6899038461538461 1 0.9975961538461539 0 0.9975961538461539
11 0 0.3629807692307692 1 0.3629807692307692 1 0.65625 0 0.65625
0 0 0.01201923076923077 1 0.01201923076923077 1 0.06971153846153846 0 0.06971153846153846
2 0 0.01201923076923077 1 0.01201923076923077 1 1 0 1
10 0 0.009615384615384616 1 0.009615384615384616 1 0.9975961538461539 0 0.9975961538461539