23 0.7788461538461539 0.6658653846153846 0.9014423076923077 0.6658653846153846 0.9014423076923077 0.7403846153846154 0.7788461538461539 0.7403846153846154
23 0.07692307692307693 0.6586538461538461 0.1875 0.6586538461538461 0.1875 0.8533653846153846 0.07692307692307693 0.8533653846153846
23 0.31009615384615385 0.65625 0.4254807692307692 0.65625 0.4254807692307692 0.8509615384615384 0.31009615384615385 0.8509615384615384
23 0.5456730769230769 0.65625 0.6610576923076923 0.65625 0.6610576923076923 0.8509615384615384 0.5456730769230769 0.8509615384615384
23 0.5552884615384616 0.8918269230769231 0.6538461538461539 0.8918269230769231 0.6538461538461539 0.9759615384615384 0.5552884615384616 0.9759615384615384
23 0.08413461538461539 0.8918269230769231 0.18269230769230768 0.8918269230769231 0.18269230769230768 0.9759615384615384 0.08413461538461539 0.9759615384615384
23 0.31971153846153844 0.8918269230769231 0.4182692307692308 0.8918269230769231 0.4182692307692308 0.9759615384615384 0.31971153846153844 0.9759615384615384
8 0.7788461538461539 0.7403846153846154 0.9014423076923077 0.7403846153846154 0.9014423076923077 0.9519230769230769 0.7788461538461539 0.9519230769230769
23 0.08653846153846154 0 0.1778846153846154 0 0.1778846153846154 0.12259615384615384 0.08653846153846154 0.12259615384615384
23 0.08653846153846154 0.3004807692307692 0.1778846153846154 0.3004807692307692 0.1778846153846154 0.4951923076923077 0.08653846153846154 0.4951923076923077
23 0.3245192307692308 0.2980769230769231 0.41586538461538464 0.2980769230769231 0.41586538461538464 0.49278846153846156 0.3245192307692308 0.49278846153846156
23 0.5576923076923077 0.2980769230769231 0.6514423076923077 0.2980769230769231 0.6514423076923077 0.49278846153846156 0.5576923076923077 0.49278846153846156
23 0.7932692307692307 0.2980769230769231 0.8846153846153846 0.2980769230769231 0.8846153846153846 0.4951923076923077 0.7932692307692307 0.4951923076923077
23 0.7956730769230769 0 0.8870192307692307 0 0.8870192307692307 0.12259615384615384 0.7956730769230769 0.12259615384615384
23 0.5600961538461539 0 0.6514423076923077 0 0.6514423076923077 0.12259615384615384 0.5600961538461539 0.12259615384615384
23 0.3245192307692308 0 0.41586538461538464 0 0.41586538461538464 0.12259615384615384 0.3245192307692308 0.12259615384615384
21 0.036057692307692304 0.12980769230769232 0.22115384615384615 0.12980769230769232 0.22115384615384615 0.19471153846153846 0.036057692307692304 0.19471153846153846
21 0.27884615384615385 0.12980769230769232 0.45913461538461536 0.12980769230769232 0.45913461538461536 0.19230769230769232 0.27884615384615385 0.19230769230769232
21 0.5144230769230769 0.12980769230769232 0.6971153846153846 0.12980769230769232 0.6971153846153846 0.19230769230769232 0.5144230769230769 0.19230769230769232
21 0.75 0.12980769230769232 0.9350961538461539 0.12980769230769232 0.9350961538461539 0.19230769230769232 0.75 0.19230769230769232
4 0.026442307692307692 0.21153846153846154 0.23076923076923078 0.21153846153846154 0.23076923076923078 0.2980769230769231 0.026442307692307692 0.2980769230769231
4 0.2668269230769231 0.21394230769230768 0.46634615384615385 0.21394230769230768 0.46634615384615385 0.2980769230769231 0.2668269230769231 0.2980769230769231
4 0.5048076923076923 0.21394230769230768 0.7067307692307693 0.21394230769230768 0.7067307692307693 0.2980769230769231 0.5048076923076923 0.2980769230769231
4 0.7403846153846154 0.21394230769230768 0.9447115384615384 0.21394230769230768 0.9447115384615384 0.2956730769230769 0.7403846153846154 0.2956730769230769
21 0.040865384615384616 0.5048076923076923 0.22115384615384615 0.5048076923076923 0.22115384615384615 0.5192307692307693 0.040865384615384616 0.5192307692307693
21 0.27884615384615385 0.5024038461538461 0.45913461538461536 0.5024038461538461 0.45913461538461536 0.5192307692307693 0.27884615384615385 0.5192307692307693
21 0.5144230769230769 0.5048076923076923 0.6947115384615384 0.5048076923076923 0.6947115384615384 0.5192307692307693 0.5144230769230769 0.5192307692307693
21 0.7475961538461539 0.5048076923076923 0.9302884615384616 0.5048076923076923 0.9302884615384616 0.5192307692307693 0.7475961538461539 0.5192307692307693
16 0 0.5673076923076923 1 0.5673076923076923 1 0.5961538461538461 0 0.5961538461538461
11 0 0 1 0 1 0.21875 0 0.21875
12 0 0.5721153846153846 1 0.5721153846153846 1 0.59375 0 0.59375
12 0 0.21875 1 0.21875 1 0.2403846153846154 0 0.2403846153846154
15 0 0.5961538461538461 1 0.5961538461538461 1 0.9927884615384616 0 0.9927884615384616
11 0 0.2403846153846154 1 0.2403846153846154 1 0.5721153846153846 0 0.5721153846153846
10 0.002403846153846154 0.002403846153846154 1 0.002403846153846154 1 0.9927884615384616 0.002403846153846154 0.9927884615384616
2 0 0 1 0 1 0.9927884615384616 0 0.9927884615384616