23 0.08413461538461539 0.5721153846153846 0.15384615384615385 0.5721153846153846 0.15384615384615385 0.6730769230769231 0.08413461538461539 0.6730769230769231
1 0.08413461538461539 0.5721153846153846 0.15384615384615385 0.5721153846153846 0.15384615384615385 0.6730769230769231 0.08413461538461539 0.6730769230769231
23 0.7235576923076923 0.37740384615384615 0.7932692307692307 0.37740384615384615 0.7932692307692307 0.47836538461538464 0.7235576923076923 0.47836538461538464
1 0.7235576923076923 0.37740384615384615 0.7932692307692307 0.37740384615384615 0.7932692307692307 0.47836538461538464 0.7235576923076923 0.47836538461538464
23 0.5360576923076923 0.19951923076923078 0.59375 0.19951923076923078 0.59375 0.27884615384615385 0.5360576923076923 0.27884615384615385
1 0.5360576923076923 0.19951923076923078 0.59375 0.19951923076923078 0.59375 0.27884615384615385 0.5360576923076923 0.27884615384615385
23 0.27884615384615385 0.19951923076923078 0.33413461538461536 0.19951923076923078 0.33413461538461536 0.28365384615384615 0.27884615384615385 0.28365384615384615
1 0.27884615384615385 0.19951923076923078 0.33413461538461536 0.19951923076923078 0.33413461538461536 0.28365384615384615 0.27884615384615385 0.28365384615384615
8 0.2283653846153846 0.36778846153846156 0.38221153846153844 0.36778846153846156 0.38221153846153844 0.5384615384615384 0.2283653846153846 0.5384615384615384
8 0.2283653846153846 0.5649038461538461 0.38461538461538464 0.5649038461538461 0.38461538461538464 0.7307692307692307 0.2283653846153846 0.7307692307692307
8 0.07451923076923077 0.7644230769230769 0.1658653846153846 0.7644230769230769 0.1658653846153846 0.9399038461538461 0.07451923076923077 0.9399038461538461
23 0.7235576923076923 0.5793269230769231 0.7980769230769231 0.5793269230769231 0.7980769230769231 0.6706730769230769 0.7235576923076923 0.6706730769230769
23 0.08413461538461539 0.375 0.15384615384615385 0.375 0.15384615384615385 0.47836538461538464 0.08413461538461539 0.47836538461538464
1 0.08413461538461539 0.375 0.15384615384615385 0.375 0.15384615384615385 0.47836538461538464 0.08413461538461539 0.47836538461538464
8 0.7211538461538461 0.7620192307692307 0.8076923076923077 0.7620192307692307 0.8076923076923077 0.9375 0.7211538461538461 0.9375
23 0.5024038461538461 0.5649038461538461 0.5384615384615384 0.5649038461538461 0.5384615384615384 0.7307692307692307 0.5024038461538461 0.7307692307692307
23 0.5384615384615384 0.5649038461538461 0.6081730769230769 0.5649038461538461 0.6081730769230769 0.5985576923076923 0.5384615384615384 0.5985576923076923
23 0.6081730769230769 0.5649038461538461 0.6394230769230769 0.5649038461538461 0.6394230769230769 0.7307692307692307 0.6081730769230769 0.7307692307692307
8 0.5384615384615384 0.5985576923076923 0.6081730769230769 0.5985576923076923 0.6081730769230769 0.7307692307692307 0.5384615384615384 0.7307692307692307
23 0.5024038461538461 0.7572115384615384 0.5384615384615384 0.7572115384615384 0.5384615384615384 0.9399038461538461 0.5024038461538461 0.9399038461538461
23 0.5384615384615384 0.7572115384615384 0.6081730769230769 0.7572115384615384 0.6081730769230769 0.8028846153846154 0.5384615384615384 0.8028846153846154
23 0.6081730769230769 0.7572115384615384 0.6394230769230769 0.7572115384615384 0.6394230769230769 0.9423076923076923 0.6081730769230769 0.9423076923076923
8 0.5384615384615384 0.8028846153846154 0.6081730769230769 0.8028846153846154 0.6081730769230769 0.9399038461538461 0.5384615384615384 0.9399038461538461
8 0.49038461538461536 0.36538461538461536 0.6442307692307693 0.36538461538461536 0.6442307692307693 0.5384615384615384 0.49038461538461536 0.5384615384615384
0 0.4855769230769231 0.6754807692307693 0.6586538461538461 0.6754807692307693 0.6586538461538461 0.7307692307692307 0.4855769230769231 0.7307692307692307
0 0.47836538461538464 0.46875 0.6586538461538461 0.46875 0.6586538461538461 0.5384615384615384 0.47836538461538464 0.5384615384615384
0 0.21634615384615385 0.47115384615384615 0.3918269230769231 0.47115384615384615 0.3918269230769231 0.5384615384615384 0.21634615384615385 0.5384615384615384
0 0.21875 0.6754807692307693 0.3918269230769231 0.6754807692307693 0.3918269230769231 0.7307692307692307 0.21875 0.7307692307692307
0 0.21634615384615385 0.8725961538461539 0.3942307692307692 0.8725961538461539 0.3942307692307692 0.9471153846153846 0.21634615384615385 0.9471153846153846
0 0.46634615384615385 0.8701923076923077 0.6850961538461539 0.8701923076923077 0.6850961538461539 0.9447115384615384 0.46634615384615385 0.9447115384615384
4 0.057692307692307696 0.35336538461538464 0.18028846153846154 0.35336538461538464 0.18028846153846154 0.39903846153846156 0.057692307692307696 0.39903846153846156
4 0.06490384615384616 0.5576923076923077 0.17067307692307693 0.5576923076923077 0.17067307692307693 0.59375 0.06490384615384616 0.59375
8 0.2283653846153846 0.7572115384615384 0.3894230769230769 0.7572115384615384 0.3894230769230769 0.9447115384615384 0.2283653846153846 0.9447115384615384
4 0.6923076923076923 0.6802884615384616 0.8365384615384616 0.6802884615384616 0.8365384615384616 0.7355769230769231 0.6923076923076923 0.7355769230769231
4 0.04567307692307692 0.6802884615384616 0.18990384615384615 0.6802884615384616 0.18990384615384615 0.7355769230769231 0.04567307692307692 0.7355769230769231
4 0.6995192307692307 0.35336538461538464 0.8173076923076923 0.35336538461538464 0.8173076923076923 0.3798076923076923 0.6995192307692307 0.3798076923076923
4 0.7235576923076923 0.5552884615384616 0.7980769230769231 0.5552884615384616 0.7980769230769231 0.5745192307692307 0.7235576923076923 0.5745192307692307
16 0.17548076923076922 0.28846153846153844 0.6923076923076923 0.28846153846153844 0.6923076923076923 0.34375 0.17548076923076922 0.34375
16 0.05048076923076923 0.32211538461538464 0.1875 0.32211538461538464 0.1875 0.35336538461538464 0.05048076923076923 0.35336538461538464
16 0.6826923076923077 0.31490384615384615 0.8317307692307693 0.31490384615384615 0.8317307692307693 0.35096153846153844 0.6826923076923077 0.35096153846153844
5 0.7331730769230769 0.49278846153846156 0.7860576923076923 0.49278846153846156 0.7860576923076923 0.5384615384615384 0.7331730769230769 0.5384615384615384
5 0.09134615384615384 0.49038461538461536 0.14423076923076922 0.49038461538461536 0.14423076923076922 0.5360576923076923 0.09134615384615384 0.5360576923076923
19 0.04567307692307692 0.09134615384615384 0.8269230769230769 0.09134615384615384 0.8269230769230769 0.3125 0.04567307692307692 0.3125
26 0 0.8942307692307693 0.24519230769230768 0.8942307692307693 0.24519230769230768 1 0 1
26 0.2764423076923077 0.8533653846153846 0.32211538461538464 0.8533653846153846 0.32211538461538464 1 0.2764423076923077 1
26 0.59375 0.9471153846153846 0.6153846153846154 0.9471153846153846 0.6153846153846154 1 0.59375 1
26 0.7524038461538461 0.9495192307692307 0.7740384615384616 0.9495192307692307 0.7740384615384616 1 0.7524038461538461 1
26 0.8221153846153846 0.9014423076923077 1 0.9014423076923077 1 1 0.8221153846153846 1
15 0.04326923076923077 0.7451923076923077 0.8509615384615384 0.7451923076923077 0.8509615384615384 1 0.04326923076923077 1
12 0.04567307692307692 0.7331730769230769 0.8509615384615384 0.7331730769230769 0.8509615384615384 0.7475961538461539 0.04567307692307692 0.7475961538461539
12 0.04567307692307692 0.5408653846153846 0.8509615384615384 0.5408653846153846 0.8509615384615384 0.5552884615384616 0.04567307692307692 0.5552884615384616
12 0.04567307692307692 0.32211538461538464 0.8461538461538461 0.32211538461538464 0.8461538461538461 0.33653846153846156 0.04567307692307692 0.33653846153846156
22 0.04567307692307692 0.19230769230769232 0.8461538461538461 0.19230769230769232 0.8461538461538461 0.33653846153846156 0.04567307692307692 0.33653846153846156
11 0.04326923076923077 0.33653846153846156 0.8509615384615384 0.33653846153846156 0.8509615384615384 0.5528846153846154 0.04326923076923077 0.5528846153846154
11 0.04326923076923077 0.5528846153846154 0.8509615384615384 0.5528846153846154 0.8509615384615384 0.7451923076923077 0.04326923076923077 0.7451923076923077
2 0.04326923076923077 0.014423076923076924 0.8509615384615384 0.014423076923076924 0.8509615384615384 1 0.04326923076923077 1
10 0.04567307692307692 0.3125 0.8509615384615384 0.3125 0.8509615384615384 1 0.04567307692307692 1
4 0.07451923076923077 0.22355769230769232 0.17067307692307693 0.22355769230769232 0.17067307692307693 0.2620192307692308 0.07451923076923077 0.2620192307692308
4 0.7019230769230769 0.22115384615384615 0.7980769230769231 0.22115384615384615 0.7980769230769231 0.2548076923076923 0.7019230769230769 0.2548076923076923