23 0.8581730769230769 0.5817307692307693 0.9110576923076923 0.5817307692307693 0.9110576923076923 0.6947115384615384 0.8581730769230769 0.6947115384615384
23 0.07932692307692307 0.5817307692307693 0.13221153846153846 0.5817307692307693 0.13221153846153846 0.6947115384615384 0.07932692307692307 0.6947115384615384
23 0.2403846153846154 0.8173076923076923 0.2932692307692308 0.8173076923076923 0.2932692307692308 0.9399038461538461 0.2403846153846154 0.9399038461538461
23 0.6466346153846154 0.5817307692307693 0.6995192307692307 0.5817307692307693 0.6995192307692307 0.6947115384615384 0.6466346153846154 0.6947115384615384
23 0.6370192307692307 0.8221153846153846 0.6995192307692307 0.8221153846153846 0.6995192307692307 0.9423076923076923 0.6370192307692307 0.9423076923076923
23 0.8557692307692307 0.8221153846153846 0.9182692307692307 0.8221153846153846 0.9182692307692307 0.9447115384615384 0.8557692307692307 0.9447115384615384
23 0.39903846153846156 0.8173076923076923 0.45913461538461536 0.8173076923076923 0.45913461538461536 0.9375 0.39903846153846156 0.9375
23 0.47836538461538464 0.8173076923076923 0.5360576923076923 0.8173076923076923 0.5360576923076923 0.9375 0.47836538461538464 0.9375
23 0.24759615384615385 0.5817307692307693 0.3004807692307692 0.5817307692307693 0.3004807692307692 0.6947115384615384 0.24759615384615385 0.6947115384615384
23 0.08173076923076923 0.8197115384615384 0.1346153846153846 0.8197115384615384 0.1346153846153846 0.9423076923076923 0.08173076923076923 0.9423076923076923
23 0.47836538461538464 0.5817307692307693 0.5384615384615384 0.5817307692307693 0.5384615384615384 0.7379807692307693 0.47836538461538464 0.7379807692307693
23 0.39903846153846156 0.5817307692307693 0.45913461538461536 0.5817307692307693 0.45913461538461536 0.7379807692307693 0.39903846153846156 0.7379807692307693
23 0.07932692307692307 0.38461538461538464 0.13221153846153846 0.38461538461538464 0.13221153846153846 0.4855769230769231 0.07932692307692307 0.4855769230769231
23 0.8557692307692307 0.38461538461538464 0.9110576923076923 0.38461538461538464 0.9110576923076923 0.4855769230769231 0.8557692307692307 0.4855769230769231
23 0.6466346153846154 0.38461538461538464 0.6995192307692307 0.38461538461538464 0.6995192307692307 0.4855769230769231 0.6466346153846154 0.4855769230769231
23 0.4807692307692308 0.38461538461538464 0.5360576923076923 0.38461538461538464 0.5360576923076923 0.4855769230769231 0.4807692307692308 0.4855769230769231
23 0.4014423076923077 0.38461538461538464 0.4567307692307692 0.38461538461538464 0.4567307692307692 0.4855769230769231 0.4014423076923077 0.4855769230769231
23 0.24519230769230768 0.38461538461538464 0.2980769230769231 0.38461538461538464 0.2980769230769231 0.4855769230769231 0.24519230769230768 0.4855769230769231
23 0.8581730769230769 0.1875 0.9110576923076923 0.1875 0.9110576923076923 0.27884615384615385 0.8581730769230769 0.27884615384615385
23 0.07932692307692307 0.1875 0.13221153846153846 0.1875 0.13221153846153846 0.27884615384615385 0.07932692307692307 0.27884615384615385
23 0.24759615384615385 0.1875 0.3004807692307692 0.1875 0.3004807692307692 0.27884615384615385 0.24759615384615385 0.27884615384615385
23 0.4014423076923077 0.1875 0.4543269230769231 0.1875 0.4543269230769231 0.27884615384615385 0.4014423076923077 0.27884615384615385
23 0.4831730769230769 0.1875 0.5360576923076923 0.1875 0.5360576923076923 0.27884615384615385 0.4831730769230769 0.27884615384615385
23 0.6466346153846154 0.1875 0.6995192307692307 0.1875 0.6995192307692307 0.27884615384615385 0.6466346153846154 0.27884615384615385
22 0.040865384615384616 0.13942307692307693 0.9663461538461539 0.13942307692307693 0.9663461538461539 0.34134615384615385 0.040865384615384616 0.34134615384615385
12 0.040865384615384616 0.3293269230769231 0.9663461538461539 0.3293269230769231 0.9663461538461539 0.34375 0.040865384615384616 0.34375
12 0.040865384615384616 0.5288461538461539 0.9663461538461539 0.5288461538461539 0.9663461538461539 0.5432692307692307 0.040865384615384616 0.5432692307692307
12 0.040865384615384616 0.96875 0.9663461538461539 0.96875 0.9663461538461539 0.9831730769230769 0.040865384615384616 0.9831730769230769
11 0.040865384615384616 0.7788461538461539 0.9663461538461539 0.7788461538461539 0.9663461538461539 1 0.040865384615384616 1
11 0.040865384615384616 0.5432692307692307 0.9663461538461539 0.5432692307692307 0.9663461538461539 0.7788461538461539 0.040865384615384616 0.7788461538461539
11 0.040865384615384616 0.34134615384615385 0.9663461538461539 0.34134615384615385 0.9663461538461539 0.5432692307692307 0.040865384615384616 0.5432692307692307
16 0.04326923076923077 0.1201923076923077 0.9663461538461539 0.1201923076923077 0.9663461538461539 0.14423076923076922 0.04326923076923077 0.14423076923076922
2 0.040865384615384616 0 0.9663461538461539 0 0.9663461538461539 1 0.040865384615384616 1
10 0.040865384615384616 0 0.96875 0 0.96875 1 0.040865384615384616 1
12 0.040865384615384616 0.7668269230769231 0.9663461538461539 0.7668269230769231 0.9663461538461539 0.78125 0.040865384615384616 0.78125