23 0.8653846153846154 0.8389423076923077 0.9567307692307693 0.8389423076923077 0.9567307692307693 0.9086538461538461 0.8653846153846154 0.9086538461538461
23 0.8653846153846154 0.007211538461538462 0.9567307692307693 0.007211538461538462 0.9567307692307693 0.07692307692307693 0.8653846153846154 0.07692307692307693
23 0.8653846153846154 0.17067307692307693 0.9567307692307693 0.17067307692307693 0.9567307692307693 0.2403846153846154 0.8653846153846154 0.2403846153846154
23 0.8653846153846154 0.34134615384615385 0.9567307692307693 0.34134615384615385 0.9567307692307693 0.4110576923076923 0.8653846153846154 0.4110576923076923
23 0.8653846153846154 0.5096153846153846 0.9567307692307693 0.5096153846153846 0.9567307692307693 0.5793269230769231 0.8653846153846154 0.5793269230769231
23 0.8653846153846154 0.6706730769230769 0.9567307692307693 0.6706730769230769 0.9567307692307693 0.7403846153846154 0.8653846153846154 0.7403846153846154
23 0.05048076923076923 0.8365384615384616 0.14182692307692307 0.8365384615384616 0.14182692307692307 0.90625 0.05048076923076923 0.90625
23 0.05048076923076923 0.004807692307692308 0.14182692307692307 0.004807692307692308 0.14182692307692307 0.07451923076923077 0.05048076923076923 0.07451923076923077
23 0.05048076923076923 0.17067307692307693 0.14182692307692307 0.17067307692307693 0.14182692307692307 0.2403846153846154 0.05048076923076923 0.2403846153846154
23 0.05048076923076923 0.3389423076923077 0.14182692307692307 0.3389423076923077 0.14182692307692307 0.40865384615384615 0.05048076923076923 0.40865384615384615
23 0.05048076923076923 0.5072115384615384 0.14182692307692307 0.5072115384615384 0.14182692307692307 0.5769230769230769 0.05048076923076923 0.5769230769230769
23 0.05048076923076923 0.6706730769230769 0.14182692307692307 0.6706730769230769 0.14182692307692307 0.7403846153846154 0.05048076923076923 0.7403846153846154
23 0.5336538461538461 0.8365384615384616 0.625 0.8365384615384616 0.625 0.90625 0.5336538461538461 0.90625
23 0.5336538461538461 0.004807692307692308 0.625 0.004807692307692308 0.625 0.07451923076923077 0.5336538461538461 0.07451923076923077
23 0.5336538461538461 0.17067307692307693 0.625 0.17067307692307693 0.625 0.2403846153846154 0.5336538461538461 0.2403846153846154
23 0.5336538461538461 0.3389423076923077 0.625 0.3389423076923077 0.625 0.40865384615384615 0.5336538461538461 0.40865384615384615
23 0.5336538461538461 0.5072115384615384 0.625 0.5072115384615384 0.625 0.5769230769230769 0.5336538461538461 0.5769230769230769
23 0.5336538461538461 0.6706730769230769 0.625 0.6706730769230769 0.625 0.7403846153846154 0.5336538461538461 0.7403846153846154
23 0.38461538461538464 0.9447115384615384 0.4326923076923077 0.9447115384615384 0.4326923076923077 0.9759615384615384 0.38461538461538464 0.9759615384615384
23 0.2403846153846154 0.9471153846153846 0.3629807692307692 0.9471153846153846 0.3629807692307692 0.9759615384615384 0.2403846153846154 0.9759615384615384
23 0.38461538461538464 0.11298076923076923 0.4326923076923077 0.11298076923076923 0.4326923076923077 0.14423076923076922 0.38461538461538464 0.14423076923076922
23 0.24519230769230768 0.11298076923076923 0.36538461538461536 0.11298076923076923 0.36538461538461536 0.14423076923076922 0.24519230769230768 0.14423076923076922
23 0.38461538461538464 0.28125 0.4326923076923077 0.28125 0.4326923076923077 0.31009615384615385 0.38461538461538464 0.31009615384615385
23 0.2403846153846154 0.28125 0.3629807692307692 0.28125 0.3629807692307692 0.3125 0.2403846153846154 0.3125
23 0.38461538461538464 0.44711538461538464 0.4326923076923077 0.44711538461538464 0.4326923076923077 0.47836538461538464 0.38461538461538464 0.47836538461538464
23 0.2403846153846154 0.44711538461538464 0.3629807692307692 0.44711538461538464 0.3629807692307692 0.47836538461538464 0.2403846153846154 0.47836538461538464
23 0.38461538461538464 0.6105769230769231 0.4326923076923077 0.6105769230769231 0.4326923076923077 0.6418269230769231 0.38461538461538464 0.6418269230769231
23 0.2403846153846154 0.6105769230769231 0.3629807692307692 0.6105769230769231 0.3629807692307692 0.6418269230769231 0.2403846153846154 0.6418269230769231
23 0.38461538461538464 0.7788461538461539 0.4326923076923077 0.7788461538461539 0.4326923076923077 0.8076923076923077 0.38461538461538464 0.8076923076923077
23 0.2403846153846154 0.7788461538461539 0.3629807692307692 0.7788461538461539 0.3629807692307692 0.8076923076923077 0.2403846153846154 0.8076923076923077
23 0.8004807692307693 0.8389423076923077 0.8052884615384616 0.8389423076923077 0.8052884615384616 0.8605769230769231 0.8004807692307693 0.8605769230769231
23 0.8004807692307693 0.8918269230769231 0.8052884615384616 0.8918269230769231 0.8052884615384616 0.9134615384615384 0.8004807692307693 0.9134615384615384
23 0.8004807692307693 0.8653846153846154 0.8052884615384616 0.8653846153846154 0.8052884615384616 0.8870192307692307 0.8004807692307693 0.8870192307692307
23 0.6826923076923077 0.8389423076923077 0.6899038461538461 0.8389423076923077 0.6899038461538461 0.8605769230769231 0.6826923076923077 0.8605769230769231
23 0.6971153846153846 0.8389423076923077 0.7043269230769231 0.8389423076923077 0.7043269230769231 0.8605769230769231 0.6971153846153846 0.8605769230769231
23 0.6826923076923077 0.8918269230769231 0.6899038461538461 0.8918269230769231 0.6899038461538461 0.9134615384615384 0.6826923076923077 0.9134615384615384
23 0.6971153846153846 0.8918269230769231 0.7043269230769231 0.8918269230769231 0.7043269230769231 0.9134615384615384 0.6971153846153846 0.9134615384615384
23 0.6826923076923077 0.8653846153846154 0.6899038461538461 0.8653846153846154 0.6899038461538461 0.8870192307692307 0.6826923076923077 0.8870192307692307
23 0.6971153846153846 0.8653846153846154 0.7043269230769231 0.8653846153846154 0.7043269230769231 0.8870192307692307 0.6971153846153846 0.8870192307692307
23 0.7115384615384616 0.8389423076923077 0.71875 0.8389423076923077 0.71875 0.8605769230769231 0.7115384615384616 0.8605769230769231
23 0.7259615384615384 0.8389423076923077 0.7331730769230769 0.8389423076923077 0.7331730769230769 0.8605769230769231 0.7259615384615384 0.8605769230769231
23 0.7115384615384616 0.8918269230769231 0.71875 0.8918269230769231 0.71875 0.9134615384615384 0.7115384615384616 0.9134615384615384
23 0.7259615384615384 0.8918269230769231 0.7331730769230769 0.8918269230769231 0.7331730769230769 0.9134615384615384 0.7259615384615384 0.9134615384615384
23 0.7115384615384616 0.8653846153846154 0.71875 0.8653846153846154 0.71875 0.8870192307692307 0.7115384615384616 0.8870192307692307
23 0.7259615384615384 0.8653846153846154 0.7331730769230769 0.8653846153846154 0.7331730769230769 0.8870192307692307 0.7259615384615384 0.8870192307692307
23 0.7403846153846154 0.8389423076923077 0.7475961538461539 0.8389423076923077 0.7475961538461539 0.8605769230769231 0.7403846153846154 0.8605769230769231
23 0.7548076923076923 0.8389423076923077 0.7620192307692307 0.8389423076923077 0.7620192307692307 0.8605769230769231 0.7548076923076923 0.8605769230769231
23 0.7403846153846154 0.8918269230769231 0.7475961538461539 0.8918269230769231 0.7475961538461539 0.9134615384615384 0.7403846153846154 0.9134615384615384
23 0.7548076923076923 0.8918269230769231 0.7620192307692307 0.8918269230769231 0.7620192307692307 0.9134615384615384 0.7548076923076923 0.9134615384615384
23 0.7403846153846154 0.8653846153846154 0.7475961538461539 0.8653846153846154 0.7475961538461539 0.8870192307692307 0.7403846153846154 0.8870192307692307
23 0.7548076923076923 0.8653846153846154 0.7620192307692307 0.8653846153846154 0.7620192307692307 0.8870192307692307 0.7548076923076923 0.8870192307692307
23 0.7692307692307693 0.8389423076923077 0.7764423076923077 0.8389423076923077 0.7764423076923077 0.8605769230769231 0.7692307692307693 0.8605769230769231
23 0.7836538461538461 0.8389423076923077 0.7908653846153846 0.8389423076923077 0.7908653846153846 0.8605769230769231 0.7836538461538461 0.8605769230769231
23 0.7692307692307693 0.8918269230769231 0.7764423076923077 0.8918269230769231 0.7764423076923077 0.9134615384615384 0.7692307692307693 0.9134615384615384
23 0.7836538461538461 0.8918269230769231 0.7908653846153846 0.8918269230769231 0.7908653846153846 0.9134615384615384 0.7836538461538461 0.9134615384615384
23 0.7692307692307693 0.8653846153846154 0.7764423076923077 0.8653846153846154 0.7764423076923077 0.8870192307692307 0.7692307692307693 0.8870192307692307
23 0.7836538461538461 0.8653846153846154 0.7908653846153846 0.8653846153846154 0.7908653846153846 0.8870192307692307 0.7836538461538461 0.8870192307692307
23 0.8004807692307693 0.007211538461538462 0.8052884615384616 0.007211538461538462 0.8052884615384616 0.026442307692307692 0.8004807692307693 0.026442307692307692
23 0.8004807692307693 0.06009615384615385 0.8052884615384616 0.06009615384615385 0.8052884615384616 0.08173076923076923 0.8004807692307693 0.08173076923076923
23 0.8004807692307693 0.03365384615384615 0.8052884615384616 0.03365384615384615 0.8052884615384616 0.055288461538461536 0.8004807692307693 0.055288461538461536
23 0.6826923076923077 0.007211538461538462 0.6899038461538461 0.007211538461538462 0.6899038461538461 0.026442307692307692 0.6826923076923077 0.026442307692307692
23 0.6971153846153846 0.007211538461538462 0.7043269230769231 0.007211538461538462 0.7043269230769231 0.026442307692307692 0.6971153846153846 0.026442307692307692
23 0.6826923076923077 0.06009615384615385 0.6899038461538461 0.06009615384615385 0.6899038461538461 0.08173076923076923 0.6826923076923077 0.08173076923076923
23 0.6971153846153846 0.06009615384615385 0.7043269230769231 0.06009615384615385 0.7043269230769231 0.08173076923076923 0.6971153846153846 0.08173076923076923
23 0.6826923076923077 0.03365384615384615 0.6899038461538461 0.03365384615384615 0.6899038461538461 0.055288461538461536 0.6826923076923077 0.055288461538461536
23 0.6971153846153846 0.03365384615384615 0.7043269230769231 0.03365384615384615 0.7043269230769231 0.055288461538461536 0.6971153846153846 0.055288461538461536
23 0.7115384615384616 0.007211538461538462 0.71875 0.007211538461538462 0.71875 0.026442307692307692 0.7115384615384616 0.026442307692307692
23 0.7259615384615384 0.007211538461538462 0.7331730769230769 0.007211538461538462 0.7331730769230769 0.026442307692307692 0.7259615384615384 0.026442307692307692
23 0.7115384615384616 0.06009615384615385 0.71875 0.06009615384615385 0.71875 0.08173076923076923 0.7115384615384616 0.08173076923076923
23 0.7259615384615384 0.06009615384615385 0.7331730769230769 0.06009615384615385 0.7331730769230769 0.08173076923076923 0.7259615384615384 0.08173076923076923
23 0.7115384615384616 0.03365384615384615 0.71875 0.03365384615384615 0.71875 0.055288461538461536 0.7115384615384616 0.055288461538461536
23 0.7259615384615384 0.03365384615384615 0.7331730769230769 0.03365384615384615 0.7331730769230769 0.055288461538461536 0.7259615384615384 0.055288461538461536
23 0.7403846153846154 0.007211538461538462 0.7475961538461539 0.007211538461538462 0.7475961538461539 0.026442307692307692 0.7403846153846154 0.026442307692307692
23 0.7548076923076923 0.007211538461538462 0.7620192307692307 0.007211538461538462 0.7620192307692307 0.026442307692307692 0.7548076923076923 0.026442307692307692
23 0.7403846153846154 0.06009615384615385 0.7475961538461539 0.06009615384615385 0.7475961538461539 0.08173076923076923 0.7403846153846154 0.08173076923076923
23 0.7548076923076923 0.06009615384615385 0.7620192307692307 0.06009615384615385 0.7620192307692307 0.08173076923076923 0.7548076923076923 0.08173076923076923
23 0.7403846153846154 0.03365384615384615 0.7475961538461539 0.03365384615384615 0.7475961538461539 0.055288461538461536 0.7403846153846154 0.055288461538461536
23 0.7548076923076923 0.03365384615384615 0.7620192307692307 0.03365384615384615 0.7620192307692307 0.055288461538461536 0.7548076923076923 0.055288461538461536
23 0.7692307692307693 0.007211538461538462 0.7764423076923077 0.007211538461538462 0.7764423076923077 0.026442307692307692 0.7692307692307693 0.026442307692307692
23 0.7836538461538461 0.007211538461538462 0.7908653846153846 0.007211538461538462 0.7908653846153846 0.026442307692307692 0.7836538461538461 0.026442307692307692
23 0.7692307692307693 0.06009615384615385 0.7764423076923077 0.06009615384615385 0.7764423076923077 0.08173076923076923 0.7692307692307693 0.08173076923076923
23 0.7836538461538461 0.06009615384615385 0.7908653846153846 0.06009615384615385 0.7908653846153846 0.08173076923076923 0.7836538461538461 0.08173076923076923
23 0.7692307692307693 0.03365384615384615 0.7764423076923077 0.03365384615384615 0.7764423076923077 0.055288461538461536 0.7692307692307693 0.055288461538461536
23 0.7836538461538461 0.03365384615384615 0.7908653846153846 0.03365384615384615 0.7908653846153846 0.055288461538461536 0.7836538461538461 0.055288461538461536
23 0.8004807692307693 0.17307692307692307 0.8052884615384616 0.17307692307692307 0.8052884615384616 0.19230769230769232 0.8004807692307693 0.19230769230769232
23 0.8004807692307693 0.22596153846153846 0.8052884615384616 0.22596153846153846 0.8052884615384616 0.24519230769230768 0.8004807692307693 0.24519230769230768
23 0.8004807692307693 0.19951923076923078 0.8052884615384616 0.19951923076923078 0.8052884615384616 0.21875 0.8004807692307693 0.21875
23 0.6826923076923077 0.17307692307692307 0.6875 0.17307692307692307 0.6875 0.19230769230769232 0.6826923076923077 0.19230769230769232
23 0.6971153846153846 0.17307692307692307 0.7019230769230769 0.17307692307692307 0.7019230769230769 0.19230769230769232 0.6971153846153846 0.19230769230769232
23 0.6826923076923077 0.22596153846153846 0.6875 0.22596153846153846 0.6875 0.24519230769230768 0.6826923076923077 0.24519230769230768
23 0.6971153846153846 0.22596153846153846 0.7019230769230769 0.22596153846153846 0.7019230769230769 0.24519230769230768 0.6971153846153846 0.24519230769230768
23 0.6826923076923077 0.19951923076923078 0.6875 0.19951923076923078 0.6875 0.21875 0.6826923076923077 0.21875
23 0.6971153846153846 0.19951923076923078 0.7019230769230769 0.19951923076923078 0.7019230769230769 0.21875 0.6971153846153846 0.21875
23 0.7115384615384616 0.17307692307692307 0.71875 0.17307692307692307 0.71875 0.19230769230769232 0.7115384615384616 0.19230769230769232
23 0.7259615384615384 0.17307692307692307 0.7307692307692307 0.17307692307692307 0.7307692307692307 0.19230769230769232 0.7259615384615384 0.19230769230769232
23 0.7115384615384616 0.22596153846153846 0.71875 0.22596153846153846 0.71875 0.24519230769230768 0.7115384615384616 0.24519230769230768
23 0.7259615384615384 0.22596153846153846 0.7307692307692307 0.22596153846153846 0.7307692307692307 0.24519230769230768 0.7259615384615384 0.24519230769230768
23 0.7115384615384616 0.19951923076923078 0.71875 0.19951923076923078 0.71875 0.21875 0.7115384615384616 0.21875
23 0.7259615384615384 0.19951923076923078 0.7307692307692307 0.19951923076923078 0.7307692307692307 0.21875 0.7259615384615384 0.21875
23 0.7403846153846154 0.17307692307692307 0.7475961538461539 0.17307692307692307 0.7475961538461539 0.19230769230769232 0.7403846153846154 0.19230769230769232
23 0.7548076923076923 0.17307692307692307 0.7620192307692307 0.17307692307692307 0.7620192307692307 0.19230769230769232 0.7548076923076923 0.19230769230769232
23 0.7403846153846154 0.22596153846153846 0.7475961538461539 0.22596153846153846 0.7475961538461539 0.24519230769230768 0.7403846153846154 0.24519230769230768
23 0.7548076923076923 0.22596153846153846 0.7620192307692307 0.22596153846153846 0.7620192307692307 0.24519230769230768 0.7548076923076923 0.24519230769230768
23 0.7403846153846154 0.19951923076923078 0.7475961538461539 0.19951923076923078 0.7475961538461539 0.21875 0.7403846153846154 0.21875
23 0.7548076923076923 0.19951923076923078 0.7620192307692307 0.19951923076923078 0.7620192307692307 0.21875 0.7548076923076923 0.21875
23 0.7692307692307693 0.17307692307692307 0.7764423076923077 0.17307692307692307 0.7764423076923077 0.19230769230769232 0.7692307692307693 0.19230769230769232
23 0.7836538461538461 0.17307692307692307 0.7908653846153846 0.17307692307692307 0.7908653846153846 0.19230769230769232 0.7836538461538461 0.19230769230769232
23 0.7692307692307693 0.22596153846153846 0.7764423076923077 0.22596153846153846 0.7764423076923077 0.24519230769230768 0.7692307692307693 0.24519230769230768
23 0.7836538461538461 0.22596153846153846 0.7908653846153846 0.22596153846153846 0.7908653846153846 0.24519230769230768 0.7836538461538461 0.24519230769230768
23 0.7692307692307693 0.19951923076923078 0.7764423076923077 0.19951923076923078 0.7764423076923077 0.21875 0.7692307692307693 0.21875
23 0.7836538461538461 0.19951923076923078 0.7908653846153846 0.19951923076923078 0.7908653846153846 0.21875 0.7836538461538461 0.21875
23 0.7980769230769231 0.34134615384615385 0.8052884615384616 0.34134615384615385 0.8052884615384616 0.3605769230769231 0.7980769230769231 0.3605769230769231
23 0.7980769230769231 0.3942307692307692 0.8052884615384616 0.3942307692307692 0.8052884615384616 0.41346153846153844 0.7980769230769231 0.41346153846153844
23 0.7980769230769231 0.36778846153846156 0.8052884615384616 0.36778846153846156 0.8052884615384616 0.3870192307692308 0.7980769230769231 0.3870192307692308
23 0.6826923076923077 0.34134615384615385 0.6875 0.34134615384615385 0.6875 0.3605769230769231 0.6826923076923077 0.3605769230769231
23 0.6971153846153846 0.34134615384615385 0.7019230769230769 0.34134615384615385 0.7019230769230769 0.3605769230769231 0.6971153846153846 0.3605769230769231
23 0.6826923076923077 0.3942307692307692 0.6875 0.3942307692307692 0.6875 0.41346153846153844 0.6826923076923077 0.41346153846153844
23 0.6971153846153846 0.3942307692307692 0.7019230769230769 0.3942307692307692 0.7019230769230769 0.41346153846153844 0.6971153846153846 0.41346153846153844
23 0.6826923076923077 0.36778846153846156 0.6875 0.36778846153846156 0.6875 0.3870192307692308 0.6826923076923077 0.3870192307692308
23 0.6971153846153846 0.36778846153846156 0.7019230769230769 0.36778846153846156 0.7019230769230769 0.3870192307692308 0.6971153846153846 0.3870192307692308
23 0.7115384615384616 0.34134615384615385 0.7163461538461539 0.34134615384615385 0.7163461538461539 0.3605769230769231 0.7115384615384616 0.3605769230769231
23 0.7259615384615384 0.34134615384615385 0.7307692307692307 0.34134615384615385 0.7307692307692307 0.3605769230769231 0.7259615384615384 0.3605769230769231
23 0.7115384615384616 0.3942307692307692 0.7163461538461539 0.3942307692307692 0.7163461538461539 0.41346153846153844 0.7115384615384616 0.41346153846153844
23 0.7259615384615384 0.3942307692307692 0.7307692307692307 0.3942307692307692 0.7307692307692307 0.41346153846153844 0.7259615384615384 0.41346153846153844
23 0.7115384615384616 0.36778846153846156 0.7163461538461539 0.36778846153846156 0.7163461538461539 0.3870192307692308 0.7115384615384616 0.3870192307692308
23 0.7259615384615384 0.36778846153846156 0.7307692307692307 0.36778846153846156 0.7307692307692307 0.3870192307692308 0.7259615384615384 0.3870192307692308
23 0.7403846153846154 0.34134615384615385 0.7451923076923077 0.34134615384615385 0.7451923076923077 0.3605769230769231 0.7403846153846154 0.3605769230769231
23 0.7548076923076923 0.34134615384615385 0.7596153846153846 0.34134615384615385 0.7596153846153846 0.3605769230769231 0.7548076923076923 0.3605769230769231
23 0.7403846153846154 0.3942307692307692 0.7451923076923077 0.3942307692307692 0.7451923076923077 0.41346153846153844 0.7403846153846154 0.41346153846153844
23 0.7548076923076923 0.3942307692307692 0.7596153846153846 0.3942307692307692 0.7596153846153846 0.41346153846153844 0.7548076923076923 0.41346153846153844
23 0.7403846153846154 0.36778846153846156 0.7451923076923077 0.36778846153846156 0.7451923076923077 0.3870192307692308 0.7403846153846154 0.3870192307692308
23 0.7548076923076923 0.36778846153846156 0.7596153846153846 0.36778846153846156 0.7596153846153846 0.3870192307692308 0.7548076923076923 0.3870192307692308
23 0.7692307692307693 0.34134615384615385 0.7764423076923077 0.34134615384615385 0.7764423076923077 0.3605769230769231 0.7692307692307693 0.3605769230769231
23 0.7836538461538461 0.34134615384615385 0.7908653846153846 0.34134615384615385 0.7908653846153846 0.3605769230769231 0.7836538461538461 0.3605769230769231
23 0.7692307692307693 0.3942307692307692 0.7764423076923077 0.3942307692307692 0.7764423076923077 0.41346153846153844 0.7692307692307693 0.41346153846153844
23 0.7836538461538461 0.3942307692307692 0.7908653846153846 0.3942307692307692 0.7908653846153846 0.41346153846153844 0.7836538461538461 0.41346153846153844
23 0.7692307692307693 0.36778846153846156 0.7764423076923077 0.36778846153846156 0.7764423076923077 0.3870192307692308 0.7692307692307693 0.3870192307692308
23 0.7836538461538461 0.36778846153846156 0.7908653846153846 0.36778846153846156 0.7908653846153846 0.3870192307692308 0.7836538461538461 0.3870192307692308
23 0.7980769230769231 0.5096153846153846 0.8052884615384616 0.5096153846153846 0.8052884615384616 0.5288461538461539 0.7980769230769231 0.5288461538461539
23 0.7980769230769231 0.5625 0.8052884615384616 0.5625 0.8052884615384616 0.5817307692307693 0.7980769230769231 0.5817307692307693
23 0.7980769230769231 0.5360576923076923 0.8052884615384616 0.5360576923076923 0.8052884615384616 0.5552884615384616 0.7980769230769231 0.5552884615384616
23 0.6826923076923077 0.5096153846153846 0.6875 0.5096153846153846 0.6875 0.5288461538461539 0.6826923076923077 0.5288461538461539
23 0.6947115384615384 0.5096153846153846 0.7019230769230769 0.5096153846153846 0.7019230769230769 0.5288461538461539 0.6947115384615384 0.5288461538461539
23 0.6826923076923077 0.5625 0.6875 0.5625 0.6875 0.5817307692307693 0.6826923076923077 0.5817307692307693
23 0.6947115384615384 0.5625 0.7019230769230769 0.5625 0.7019230769230769 0.5817307692307693 0.6947115384615384 0.5817307692307693
23 0.6826923076923077 0.5360576923076923 0.6875 0.5360576923076923 0.6875 0.5552884615384616 0.6826923076923077 0.5552884615384616
23 0.6947115384615384 0.5360576923076923 0.7019230769230769 0.5360576923076923 0.7019230769230769 0.5552884615384616 0.6947115384615384 0.5552884615384616
23 0.7115384615384616 0.5096153846153846 0.7163461538461539 0.5096153846153846 0.7163461538461539 0.5288461538461539 0.7115384615384616 0.5288461538461539
23 0.7259615384615384 0.5096153846153846 0.7307692307692307 0.5096153846153846 0.7307692307692307 0.5288461538461539 0.7259615384615384 0.5288461538461539
23 0.7115384615384616 0.5625 0.7163461538461539 0.5625 0.7163461538461539 0.5817307692307693 0.7115384615384616 0.5817307692307693
23 0.7259615384615384 0.5625 0.7307692307692307 0.5625 0.7307692307692307 0.5817307692307693 0.7259615384615384 0.5817307692307693
23 0.7115384615384616 0.5360576923076923 0.7163461538461539 0.5360576923076923 0.7163461538461539 0.5552884615384616 0.7115384615384616 0.5552884615384616
23 0.7259615384615384 0.5360576923076923 0.7307692307692307 0.5360576923076923 0.7307692307692307 0.5552884615384616 0.7259615384615384 0.5552884615384616
23 0.7403846153846154 0.5096153846153846 0.7451923076923077 0.5096153846153846 0.7451923076923077 0.5288461538461539 0.7403846153846154 0.5288461538461539
23 0.7548076923076923 0.5096153846153846 0.7596153846153846 0.5096153846153846 0.7596153846153846 0.5288461538461539 0.7548076923076923 0.5288461538461539
23 0.7403846153846154 0.5625 0.7451923076923077 0.5625 0.7451923076923077 0.5817307692307693 0.7403846153846154 0.5817307692307693
23 0.7548076923076923 0.5625 0.7596153846153846 0.5625 0.7596153846153846 0.5817307692307693 0.7548076923076923 0.5817307692307693
23 0.7403846153846154 0.5360576923076923 0.7451923076923077 0.5360576923076923 0.7451923076923077 0.5552884615384616 0.7403846153846154 0.5552884615384616
23 0.7548076923076923 0.5360576923076923 0.7596153846153846 0.5360576923076923 0.7596153846153846 0.5552884615384616 0.7548076923076923 0.5552884615384616
23 0.7692307692307693 0.5096153846153846 0.7740384615384616 0.5096153846153846 0.7740384615384616 0.5288461538461539 0.7692307692307693 0.5288461538461539
23 0.7836538461538461 0.5096153846153846 0.7884615384615384 0.5096153846153846 0.7884615384615384 0.5288461538461539 0.7836538461538461 0.5288461538461539
23 0.7692307692307693 0.5625 0.7740384615384616 0.5625 0.7740384615384616 0.5817307692307693 0.7692307692307693 0.5817307692307693
23 0.7836538461538461 0.5625 0.7884615384615384 0.5625 0.7884615384615384 0.5817307692307693 0.7836538461538461 0.5817307692307693
23 0.7692307692307693 0.5360576923076923 0.7740384615384616 0.5360576923076923 0.7740384615384616 0.5552884615384616 0.7692307692307693 0.5552884615384616
23 0.7836538461538461 0.5360576923076923 0.7884615384615384 0.5360576923076923 0.7884615384615384 0.5552884615384616 0.7836538461538461 0.5552884615384616
23 0.8004807692307693 0.6730769230769231 0.8052884615384616 0.6730769230769231 0.8052884615384616 0.6923076923076923 0.8004807692307693 0.6923076923076923
23 0.8004807692307693 0.7259615384615384 0.8052884615384616 0.7259615384615384 0.8052884615384616 0.7451923076923077 0.8004807692307693 0.7451923076923077
23 0.8004807692307693 0.6995192307692307 0.8052884615384616 0.6995192307692307 0.8052884615384616 0.71875 0.8004807692307693 0.71875
23 0.6826923076923077 0.6730769230769231 0.6899038461538461 0.6730769230769231 0.6899038461538461 0.6923076923076923 0.6826923076923077 0.6923076923076923
23 0.6971153846153846 0.6730769230769231 0.7043269230769231 0.6730769230769231 0.7043269230769231 0.6923076923076923 0.6971153846153846 0.6923076923076923
23 0.6826923076923077 0.7259615384615384 0.6899038461538461 0.7259615384615384 0.6899038461538461 0.7451923076923077 0.6826923076923077 0.7451923076923077
23 0.6971153846153846 0.7259615384615384 0.7043269230769231 0.7259615384615384 0.7043269230769231 0.7451923076923077 0.6971153846153846 0.7451923076923077
23 0.6826923076923077 0.6995192307692307 0.6899038461538461 0.6995192307692307 0.6899038461538461 0.71875 0.6826923076923077 0.71875
23 0.6971153846153846 0.6995192307692307 0.7043269230769231 0.6995192307692307 0.7043269230769231 0.71875 0.6971153846153846 0.71875
23 0.7115384615384616 0.6730769230769231 0.71875 0.6730769230769231 0.71875 0.6923076923076923 0.7115384615384616 0.6923076923076923
23 0.7259615384615384 0.6730769230769231 0.7331730769230769 0.6730769230769231 0.7331730769230769 0.6923076923076923 0.7259615384615384 0.6923076923076923
23 0.7115384615384616 0.7259615384615384 0.71875 0.7259615384615384 0.71875 0.7451923076923077 0.7115384615384616 0.7451923076923077
23 0.7259615384615384 0.7259615384615384 0.7331730769230769 0.7259615384615384 0.7331730769230769 0.7451923076923077 0.7259615384615384 0.7451923076923077
23 0.7115384615384616 0.6995192307692307 0.71875 0.6995192307692307 0.71875 0.71875 0.7115384615384616 0.71875
23 0.7259615384615384 0.6995192307692307 0.7331730769230769 0.6995192307692307 0.7331730769230769 0.71875 0.7259615384615384 0.71875
23 0.7403846153846154 0.6730769230769231 0.7475961538461539 0.6730769230769231 0.7475961538461539 0.6923076923076923 0.7403846153846154 0.6923076923076923
23 0.7548076923076923 0.6730769230769231 0.7620192307692307 0.6730769230769231 0.7620192307692307 0.6923076923076923 0.7548076923076923 0.6923076923076923
23 0.7403846153846154 0.7259615384615384 0.7475961538461539 0.7259615384615384 0.7475961538461539 0.7451923076923077 0.7403846153846154 0.7451923076923077
23 0.7548076923076923 0.7259615384615384 0.7620192307692307 0.7259615384615384 0.7620192307692307 0.7451923076923077 0.7548076923076923 0.7451923076923077
23 0.7403846153846154 0.6995192307692307 0.7475961538461539 0.6995192307692307 0.7475961538461539 0.71875 0.7403846153846154 0.71875
23 0.7548076923076923 0.6995192307692307 0.7620192307692307 0.6995192307692307 0.7620192307692307 0.71875 0.7548076923076923 0.71875
23 0.7692307692307693 0.6730769230769231 0.7764423076923077 0.6730769230769231 0.7764423076923077 0.6923076923076923 0.7692307692307693 0.6923076923076923
23 0.7836538461538461 0.6730769230769231 0.7908653846153846 0.6730769230769231 0.7908653846153846 0.6923076923076923 0.7836538461538461 0.6923076923076923
23 0.7692307692307693 0.7259615384615384 0.7764423076923077 0.7259615384615384 0.7764423076923077 0.7451923076923077 0.7692307692307693 0.7451923076923077
23 0.7836538461538461 0.7259615384615384 0.7908653846153846 0.7259615384615384 0.7908653846153846 0.7451923076923077 0.7836538461538461 0.7451923076923077
23 0.7692307692307693 0.6995192307692307 0.7764423076923077 0.6995192307692307 0.7764423076923077 0.71875 0.7692307692307693 0.71875
23 0.7836538461538461 0.6995192307692307 0.7908653846153846 0.6995192307692307 0.7908653846153846 0.71875 0.7836538461538461 0.71875
23 0.6778846153846154 0.8341346153846154 0.8100961538461539 0.8341346153846154 0.8100961538461539 0.9134615384615384 0.6778846153846154 0.9134615384615384
23 0.6778846153846154 0.004807692307692308 0.8100961538461539 0.004807692307692308 0.8100961538461539 0.08173076923076923 0.6778846153846154 0.08173076923076923
23 0.6778846153846154 0.17067307692307693 0.8100961538461539 0.17067307692307693 0.8100961538461539 0.24759615384615385 0.6778846153846154 0.24759615384615385
23 0.6778846153846154 0.33653846153846156 0.8100961538461539 0.33653846153846156 0.8100961538461539 0.41586538461538464 0.6778846153846154 0.41586538461538464
23 0.6778846153846154 0.5048076923076923 0.8100961538461539 0.5048076923076923 0.8100961538461539 0.5817307692307693 0.6778846153846154 0.5817307692307693
23 0.6778846153846154 0.6682692307692307 0.8100961538461539 0.6682692307692307 0.8100961538461539 0.7451923076923077 0.6778846153846154 0.7451923076923077
12 0 0.1466346153846154 0.9975961538461539 0.1466346153846154 0.9975961538461539 0.16346153846153846 0 0.16346153846153846
12 0 0.9831730769230769 0.9975961538461539 0.9831730769230769 0.9975961538461539 1 0 1
12 0 0.8125 0.9975961538461539 0.8125 0.9975961538461539 0.8293269230769231 0 0.8293269230769231
12 0 0.6466346153846154 0.9975961538461539 0.6466346153846154 0.9975961538461539 0.6634615384615384 0 0.6634615384615384
12 0 0.4855769230769231 0.9975961538461539 0.4855769230769231 0.9975961538461539 0.5 0 0.5
12 0 0.3173076923076923 0.9975961538461539 0.3173076923076923 0.9975961538461539 0.33413461538461536 0 0.33413461538461536
11 0 0 0.9951923076923077 0 0.9951923076923077 0.1466346153846154 0 0.1466346153846154
11 0 0.8269230769230769 0.9975961538461539 0.8269230769230769 0.9975961538461539 0.9831730769230769 0 0.9831730769230769
11 0 0.6634615384615384 0.9975961538461539 0.6634615384615384 0.9975961538461539 0.8125 0 0.8125
11 0 0.5 0.9975961538461539 0.5 0.9975961538461539 0.6466346153846154 0 0.6466346153846154
11 0 0.33413461538461536 0.9975961538461539 0.33413461538461536 0.9975961538461539 0.4855769230769231 0 0.4855769230769231
11 0 0.16346153846153846 0.9975961538461539 0.16346153846153846 0.9975961538461539 0.31971153846153844 0 0.31971153846153844
2 0 0 0.9975961538461539 0 0.9975961538461539 0.9975961538461539 0 0.9975961538461539
10 0 0 1 0 1 1 0 1