23 0.9014423076923077 0.8173076923076923 0.9759615384615384 0.8173076923076923 0.9759615384615384 0.9326923076923077 0.9014423076923077 0.9326923076923077
23 0.7764423076923077 0.8173076923076923 0.8509615384615384 0.8173076923076923 0.8509615384615384 0.9326923076923077 0.7764423076923077 0.9326923076923077
23 0.6538461538461539 0.8173076923076923 0.7259615384615384 0.8173076923076923 0.7259615384615384 0.9326923076923077 0.6538461538461539 0.9326923076923077
23 0.5288461538461539 0.8173076923076923 0.6033653846153846 0.8173076923076923 0.6033653846153846 0.9326923076923077 0.5288461538461539 0.9326923076923077
23 0.40384615384615385 0.8173076923076923 0.47836538461538464 0.8173076923076923 0.47836538461538464 0.9326923076923077 0.40384615384615385 0.9326923076923077
23 0.28125 0.8173076923076923 0.35336538461538464 0.8173076923076923 0.35336538461538464 0.9326923076923077 0.28125 0.9326923076923077
23 0.15144230769230768 0.8173076923076923 0.22355769230769232 0.8173076923076923 0.22355769230769232 0.9326923076923077 0.15144230769230768 0.9326923076923077
23 0.026442307692307692 0.8173076923076923 0.10096153846153846 0.8173076923076923 0.10096153846153846 0.9326923076923077 0.026442307692307692 0.9326923076923077
23 0.9014423076923077 0.0673076923076923 0.9759615384615384 0.0673076923076923 0.9759615384615384 0.18269230769230768 0.9014423076923077 0.18269230769230768
23 0.7764423076923077 0.0673076923076923 0.8509615384615384 0.0673076923076923 0.8509615384615384 0.18269230769230768 0.7764423076923077 0.18269230769230768
23 0.6538461538461539 0.0673076923076923 0.7259615384615384 0.0673076923076923 0.7259615384615384 0.18269230769230768 0.6538461538461539 0.18269230769230768
23 0.5288461538461539 0.0673076923076923 0.6033653846153846 0.0673076923076923 0.6033653846153846 0.18269230769230768 0.5288461538461539 0.18269230769230768
23 0.40384615384615385 0.0673076923076923 0.47836538461538464 0.0673076923076923 0.47836538461538464 0.18269230769230768 0.40384615384615385 0.18269230769230768
23 0.28125 0.0673076923076923 0.35336538461538464 0.0673076923076923 0.35336538461538464 0.18269230769230768 0.28125 0.18269230769230768
23 0.15144230769230768 0.0673076923076923 0.22355769230769232 0.0673076923076923 0.22355769230769232 0.18269230769230768 0.15144230769230768 0.18269230769230768
23 0.026442307692307692 0.0673076923076923 0.10096153846153846 0.0673076923076923 0.10096153846153846 0.18269230769230768 0.026442307692307692 0.18269230769230768
23 0.9014423076923077 0.3173076923076923 0.9759615384615384 0.3173076923076923 0.9759615384615384 0.4326923076923077 0.9014423076923077 0.4326923076923077
23 0.7764423076923077 0.3173076923076923 0.8509615384615384 0.3173076923076923 0.8509615384615384 0.4326923076923077 0.7764423076923077 0.4326923076923077
23 0.6538461538461539 0.3173076923076923 0.7259615384615384 0.3173076923076923 0.7259615384615384 0.4326923076923077 0.6538461538461539 0.4326923076923077
23 0.5288461538461539 0.3173076923076923 0.6033653846153846 0.3173076923076923 0.6033653846153846 0.4326923076923077 0.5288461538461539 0.4326923076923077
23 0.40384615384615385 0.3173076923076923 0.47836538461538464 0.3173076923076923 0.47836538461538464 0.4326923076923077 0.40384615384615385 0.4326923076923077
23 0.28125 0.3173076923076923 0.35336538461538464 0.3173076923076923 0.35336538461538464 0.4326923076923077 0.28125 0.4326923076923077
23 0.15144230769230768 0.3173076923076923 0.22355769230769232 0.3173076923076923 0.22355769230769232 0.4326923076923077 0.15144230769230768 0.4326923076923077
23 0.02403846153846154 0.3173076923076923 0.0985576923076923 0.3173076923076923 0.0985576923076923 0.4326923076923077 0.02403846153846154 0.4326923076923077
23 0.9014423076923077 0.5673076923076923 0.9759615384615384 0.5673076923076923 0.9759615384615384 0.6826923076923077 0.9014423076923077 0.6826923076923077
23 0.7764423076923077 0.5673076923076923 0.8509615384615384 0.5673076923076923 0.8509615384615384 0.6826923076923077 0.7764423076923077 0.6826923076923077
23 0.6538461538461539 0.5673076923076923 0.7259615384615384 0.5673076923076923 0.7259615384615384 0.6826923076923077 0.6538461538461539 0.6826923076923077
23 0.5288461538461539 0.5673076923076923 0.6033653846153846 0.5673076923076923 0.6033653846153846 0.6826923076923077 0.5288461538461539 0.6826923076923077
23 0.40384615384615385 0.5673076923076923 0.47836538461538464 0.5673076923076923 0.47836538461538464 0.6826923076923077 0.40384615384615385 0.6826923076923077
23 0.28125 0.5673076923076923 0.35336538461538464 0.5673076923076923 0.35336538461538464 0.6826923076923077 0.28125 0.6826923076923077
23 0.15144230769230768 0.5673076923076923 0.22355769230769232 0.5673076923076923 0.22355769230769232 0.6826923076923077 0.15144230769230768 0.6826923076923077
23 0.026442307692307692 0.5673076923076923 0.10096153846153846 0.5673076923076923 0.10096153846153846 0.6826923076923077 0.026442307692307692 0.6826923076923077
12 0 0.23317307692307693 1 0.23317307692307693 1 0.25 0 0.25
12 0 0.4831730769230769 1 0.4831730769230769 1 0.5 0 0.5
12 0 0.7331730769230769 1 0.7331730769230769 1 0.7475961538461539 0 0.7475961538461539
12 0 0.9831730769230769 1 0.9831730769230769 1 1 0 1
11 0 0 0.9975961538461539 0 0.9975961538461539 0.23317307692307693 0 0.23317307692307693
11 0 0.75 1 0.75 1 0.9855769230769231 0 0.9855769230769231
11 0 0.5 1 0.5 1 0.7307692307692307 0 0.7307692307692307
11 0 0.25 1 0.25 1 0.4831730769230769 0 0.4831730769230769
17 0.7427884615384616 0 0.7644230769230769 0 0.7644230769230769 1 0.7427884615384616 1
17 0.24278846153846154 0 0.2644230769230769 0 0.2644230769230769 1 0.24278846153846154 1
2 0 0 1 0 1 1 0 1
10 0 0 1 0 1 1 0 1