23 0.36778846153846156 0.7572115384615384 0.39903846153846156 0.7572115384615384 0.39903846153846156 0.8533653846153846 0.36778846153846156 0.8533653846153846
23 0.040865384615384616 0.7548076923076923 0.07211538461538461 0.7548076923076923 0.07211538461538461 0.8533653846153846 0.040865384615384616 0.8533653846153846
23 0.10576923076923077 0.7572115384615384 0.13942307692307693 0.7572115384615384 0.13942307692307693 0.8533653846153846 0.10576923076923077 0.8533653846153846
23 0.17307692307692307 0.7572115384615384 0.20432692307692307 0.7572115384615384 0.20432692307692307 0.8557692307692307 0.17307692307692307 0.8557692307692307
23 0.23798076923076922 0.7572115384615384 0.2692307692307692 0.7572115384615384 0.2692307692307692 0.8533653846153846 0.23798076923076922 0.8533653846153846
23 0.30288461538461536 0.7572115384615384 0.33413461538461536 0.7572115384615384 0.33413461538461536 0.8533653846153846 0.30288461538461536 0.8533653846153846
23 0.36778846153846156 0.34375 0.39903846153846156 0.34375 0.39903846153846156 0.4326923076923077 0.36778846153846156 0.4326923076923077
23 0.040865384615384616 0.34134615384615385 0.07211538461538461 0.34134615384615385 0.07211538461538461 0.43028846153846156 0.040865384615384616 0.43028846153846156
23 0.10576923076923077 0.34134615384615385 0.13942307692307693 0.34134615384615385 0.13942307692307693 0.4326923076923077 0.10576923076923077 0.4326923076923077
23 0.17307692307692307 0.34375 0.20432692307692307 0.34375 0.20432692307692307 0.4326923076923077 0.17307692307692307 0.4326923076923077
23 0.23798076923076922 0.34375 0.2692307692307692 0.34375 0.2692307692307692 0.4326923076923077 0.23798076923076922 0.4326923076923077
23 0.30288461538461536 0.34375 0.33413461538461536 0.34375 0.33413461538461536 0.4326923076923077 0.30288461538461536 0.4326923076923077
23 0.36778846153846156 0.47836538461538464 0.39903846153846156 0.47836538461538464 0.39903846153846156 0.5697115384615384 0.36778846153846156 0.5697115384615384
23 0.040865384615384616 0.47596153846153844 0.07211538461538461 0.47596153846153844 0.07211538461538461 0.5673076923076923 0.040865384615384616 0.5673076923076923
23 0.10576923076923077 0.47596153846153844 0.13942307692307693 0.47596153846153844 0.13942307692307693 0.5697115384615384 0.10576923076923077 0.5697115384615384
23 0.17307692307692307 0.47836538461538464 0.20432692307692307 0.47836538461538464 0.20432692307692307 0.5697115384615384 0.17307692307692307 0.5697115384615384
23 0.23798076923076922 0.47596153846153844 0.2692307692307692 0.47596153846153844 0.2692307692307692 0.5697115384615384 0.23798076923076922 0.5697115384615384
23 0.30288461538461536 0.47836538461538464 0.33413461538461536 0.47836538461538464 0.33413461538461536 0.5697115384615384 0.30288461538461536 0.5697115384615384
23 0.36778846153846156 0.6129807692307693 0.39903846153846156 0.6129807692307693 0.39903846153846156 0.7091346153846154 0.36778846153846156 0.7091346153846154
23 0.040865384615384616 0.6105769230769231 0.07211538461538461 0.6105769230769231 0.07211538461538461 0.7091346153846154 0.040865384615384616 0.7091346153846154
23 0.10576923076923077 0.6129807692307693 0.13942307692307693 0.6129807692307693 0.13942307692307693 0.7091346153846154 0.10576923076923077 0.7091346153846154
23 0.17307692307692307 0.6129807692307693 0.20432692307692307 0.6129807692307693 0.20432692307692307 0.7115384615384616 0.17307692307692307 0.7115384615384616
23 0.23798076923076922 0.6129807692307693 0.2692307692307692 0.6129807692307693 0.2692307692307692 0.7091346153846154 0.23798076923076922 0.7091346153846154
23 0.30288461538461536 0.6129807692307693 0.33413461538461536 0.6129807692307693 0.33413461538461536 0.7091346153846154 0.30288461538461536 0.7091346153846154
23 0.36778846153846156 0.9038461538461539 0.39903846153846156 0.9038461538461539 0.39903846153846156 0.9759615384615384 0.36778846153846156 0.9759615384615384
23 0.3004807692307692 0.9038461538461539 0.33413461538461536 0.9038461538461539 0.33413461538461536 0.9759615384615384 0.3004807692307692 0.9759615384615384
23 0.10576923076923077 0.9038461538461539 0.13942307692307693 0.9038461538461539 0.13942307692307693 0.9759615384615384 0.10576923076923077 0.9759615384615384
23 0.040865384615384616 0.9038461538461539 0.07451923076923077 0.9038461538461539 0.07451923076923077 0.9759615384615384 0.040865384615384616 0.9759615384615384
23 0.23557692307692307 0.9038461538461539 0.2692307692307692 0.9038461538461539 0.2692307692307692 0.9759615384615384 0.23557692307692307 0.9759615384615384
23 0.17067307692307693 0.9038461538461539 0.20432692307692307 0.9038461538461539 0.20432692307692307 0.9759615384615384 0.17067307692307693 0.9759615384615384
5 0.10096153846153846 0.7259615384615384 0.34134615384615385 0.7259615384615384 0.34134615384615385 0.7524038461538461 0.10096153846153846 0.7524038461538461
23 0.21394230769230768 0.22596153846153846 0.23798076923076922 0.22596153846153846 0.23798076923076922 0.2692307692307692 0.21394230769230768 0.2692307692307692
23 0.08173076923076923 0.22115384615384615 0.10576923076923077 0.22115384615384615 0.10576923076923077 0.2644230769230769 0.08173076923076923 0.2644230769230769
23 0.34134615384615385 0.22355769230769232 0.36538461538461536 0.22355769230769232 0.36538461538461536 0.2668269230769231 0.34134615384615385 0.2668269230769231
23 0.5985576923076923 0.2644230769230769 0.6274038461538461 0.2644230769230769 0.6274038461538461 0.3389423076923077 0.5985576923076923 0.3389423076923077
23 0.6009615384615384 0.4014423076923077 0.6370192307692307 0.4014423076923077 0.6370192307692307 0.49759615384615385 0.6009615384615384 0.49759615384615385
23 0.4495192307692308 0.5673076923076923 0.5625 0.5673076923076923 0.5625 0.6658653846153846 0.4495192307692308 0.6658653846153846
23 0.6009615384615384 0.5673076923076923 0.6346153846153846 0.5673076923076923 0.6346153846153846 0.6658653846153846 0.6009615384615384 0.6658653846153846
23 0.6009615384615384 0.7283653846153846 0.6370192307692307 0.7283653846153846 0.6370192307692307 0.8341346153846154 0.6009615384615384 0.8341346153846154
23 0.4519230769230769 0.7283653846153846 0.4879807692307692 0.7283653846153846 0.4879807692307692 0.8341346153846154 0.4519230769230769 0.8341346153846154
23 0.5264423076923077 0.7283653846153846 0.5625 0.7283653846153846 0.5625 0.8341346153846154 0.5264423076923077 0.8341346153846154
23 0.4519230769230769 0.8822115384615384 0.5625 0.8822115384615384 0.5625 0.96875 0.4519230769230769 0.96875
23 0.6009615384615384 0.8822115384615384 0.6346153846153846 0.8822115384615384 0.6346153846153846 0.96875 0.6009615384615384 0.96875
23 0.45913461538461536 0.4014423076923077 0.5528846153846154 0.4014423076923077 0.5528846153846154 0.5072115384615384 0.45913461538461536 0.5072115384615384
23 0.6826923076923077 0.14423076923076922 0.7139423076923077 0.14423076923076922 0.7139423076923077 0.2403846153846154 0.6826923076923077 0.2403846153846154
23 0.7475961538461539 0.15865384615384615 0.7644230769230769 0.15865384615384615 0.7644230769230769 0.1971153846153846 0.7475961538461539 0.1971153846153846
23 0.7932692307692307 0.1466346153846154 0.8269230769230769 0.1466346153846154 0.8269230769230769 0.2403846153846154 0.7932692307692307 0.2403846153846154
23 0.90625 0.1466346153846154 0.9399038461538461 0.1466346153846154 0.9399038461538461 0.2403846153846154 0.90625 0.2403846153846154
8 0.90625 0.28125 0.9399038461538461 0.28125 0.9399038461538461 0.38461538461538464 0.90625 0.38461538461538464
8 0.6826923076923077 0.28125 0.71875 0.28125 0.71875 0.38461538461538464 0.6826923076923077 0.38461538461538464
23 0.90625 0.4326923076923077 0.9399038461538461 0.4326923076923077 0.9399038461538461 0.5288461538461539 0.90625 0.5288461538461539
8 0.8245192307692307 0.28125 0.8605769230769231 0.28125 0.8605769230769231 0.38461538461538464 0.8245192307692307 0.38461538461538464
23 0.6826923076923077 0.4326923076923077 0.71875 0.4326923076923077 0.71875 0.5288461538461539 0.6826923076923077 0.5288461538461539
8 0.7620192307692307 0.28125 0.7980769230769231 0.28125 0.7980769230769231 0.38461538461538464 0.7620192307692307 0.38461538461538464
8 0.7620192307692307 0.4326923076923077 0.7980769230769231 0.4326923076923077 0.7980769230769231 0.5360576923076923 0.7620192307692307 0.5360576923076923
8 0.8269230769230769 0.4326923076923077 0.8605769230769231 0.4326923076923077 0.8605769230769231 0.5360576923076923 0.8269230769230769 0.5360576923076923
23 0.90625 0.5865384615384616 0.9399038461538461 0.5865384615384616 0.9399038461538461 0.6826923076923077 0.90625 0.6826923076923077
23 0.8269230769230769 0.5865384615384616 0.8605769230769231 0.5865384615384616 0.8605769230769231 0.6826923076923077 0.8269230769230769 0.6826923076923077
23 0.7644230769230769 0.5865384615384616 0.7980769230769231 0.5865384615384616 0.7980769230769231 0.6826923076923077 0.7644230769230769 0.6826923076923077
23 0.6826923076923077 0.5865384615384616 0.7163461538461539 0.5865384615384616 0.7163461538461539 0.6826923076923077 0.6826923076923077 0.6826923076923077
23 0.90625 0.7379807692307693 0.9399038461538461 0.7379807692307693 0.9399038461538461 0.8365384615384616 0.90625 0.8365384615384616
23 0.6826923076923077 0.7379807692307693 0.7163461538461539 0.7379807692307693 0.7163461538461539 0.8389423076923077 0.6826923076923077 0.8389423076923077
8 0.8269230769230769 0.7379807692307693 0.8605769230769231 0.7379807692307693 0.8605769230769231 0.8485576923076923 0.8269230769230769 0.8485576923076923
8 0.7644230769230769 0.7379807692307693 0.7980769230769231 0.7379807692307693 0.7980769230769231 0.8485576923076923 0.7644230769230769 0.8485576923076923
23 0.90625 0.8918269230769231 0.9399038461538461 0.8918269230769231 0.9399038461538461 0.9879807692307693 0.90625 0.9879807692307693
23 0.8269230769230769 0.8942307692307693 0.8605769230769231 0.8942307692307693 0.8605769230769231 0.9879807692307693 0.8269230769230769 0.9879807692307693
23 0.7644230769230769 0.8942307692307693 0.7980769230769231 0.8942307692307693 0.7980769230769231 0.9903846153846154 0.7644230769230769 0.9903846153846154
23 0.6826923076923077 0.8966346153846154 0.7163461538461539 0.8966346153846154 0.7163461538461539 0.9903846153846154 0.6826923076923077 0.9903846153846154
0 0.6586538461538461 0.33653846153846156 0.9975961538461539 0.33653846153846156 0.9975961538461539 0.3894230769230769 0.6586538461538461 0.3894230769230769
16 0.6610576923076923 0.3894230769230769 0.9879807692307693 0.3894230769230769 0.9879807692307693 0.41346153846153844 0.6610576923076923 0.41346153846153844
16 0.002403846153846154 0.27403846153846156 0.4375 0.27403846153846156 0.4375 0.2956730769230769 0.002403846153846154 0.2956730769230769
4 0.4543269230769231 0.3894230769230769 0.5576923076923077 0.3894230769230769 0.5576923076923077 0.4014423076923077 0.4543269230769231 0.4014423076923077
4 0.7475961538461539 0.6923076923076923 0.8125 0.6923076923076923 0.8125 0.7451923076923077 0.7475961538461539 0.7451923076923077
4 0.6658653846153846 0.6923076923076923 0.7355769230769231 0.6923076923076923 0.7355769230769231 0.7451923076923077 0.6658653846153846 0.7451923076923077
4 0.8918269230769231 0.6923076923076923 0.9567307692307693 0.6923076923076923 0.9567307692307693 0.7451923076923077 0.8918269230769231 0.7451923076923077
4 0.8100961538461539 0.6899038461538461 0.8774038461538461 0.6899038461538461 0.8774038461538461 0.7451923076923077 0.8100961538461539 0.7451923076923077
21 0.6682692307692307 0.8389423076923077 0.7331730769230769 0.8389423076923077 0.7331730769230769 0.8485576923076923 0.6682692307692307 0.8485576923076923
21 0.8894230769230769 0.5288461538461539 0.9567307692307693 0.5288461538461539 0.9567307692307693 0.5408653846153846 0.8894230769230769 0.5408653846153846
21 0.6658653846153846 0.5264423076923077 0.7355769230769231 0.5264423076923077 0.7355769230769231 0.5408653846153846 0.6658653846153846 0.5408653846153846
21 0.8918269230769231 0.8365384615384616 0.9543269230769231 0.8365384615384616 0.9543269230769231 0.8485576923076923 0.8918269230769231 0.8485576923076923
0 0.7451923076923077 0.49038461538461536 0.8798076923076923 0.49038461538461536 0.8798076923076923 0.5456730769230769 0.7451923076923077 0.5456730769230769
0 0.7475961538461539 0.8028846153846154 0.8822115384615384 0.8028846153846154 0.8822115384615384 0.8605769230769231 0.7475961538461539 0.8605769230769231
5 0.8149038461538461 0.5480769230769231 0.8245192307692307 0.5480769230769231 0.8245192307692307 0.5913461538461539 0.8149038461538461 0.5913461538461539
5 0.8389423076923077 0.5528846153846154 0.8485576923076923 0.5528846153846154 0.8485576923076923 0.5841346153846154 0.8389423076923077 0.5841346153846154
5 0.8653846153846154 0.5480769230769231 0.875 0.5480769230769231 0.875 0.5913461538461539 0.8653846153846154 0.5913461538461539
21 0.8918269230769231 0.8365384615384616 0.9543269230769231 0.8365384615384616 0.9543269230769231 0.8485576923076923 0.8918269230769231 0.8485576923076923
5 0.75 0.5504807692307693 0.7596153846153846 0.5504807692307693 0.7596153846153846 0.59375 0.75 0.59375
5 0.7764423076923077 0.5528846153846154 0.7860576923076923 0.5528846153846154 0.7860576923076923 0.5841346153846154 0.7764423076923077 0.5841346153846154
5 0.8028846153846154 0.5480769230769231 0.8125 0.5480769230769231 0.8125 0.5913461538461539 0.8028846153846154 0.5913461538461539
5 0.8149038461538461 0.8605769230769231 0.8245192307692307 0.8605769230769231 0.8245192307692307 0.9014423076923077 0.8149038461538461 0.9014423076923077
5 0.8389423076923077 0.8629807692307693 0.8485576923076923 0.8629807692307693 0.8485576923076923 0.8942307692307693 0.8389423076923077 0.8942307692307693
5 0.8653846153846154 0.8629807692307693 0.875 0.8629807692307693 0.875 0.8990384615384616 0.8653846153846154 0.8990384615384616
5 0.75 0.8605769230769231 0.7596153846153846 0.8605769230769231 0.7596153846153846 0.9014423076923077 0.75 0.9014423076923077
5 0.7764423076923077 0.8629807692307693 0.7860576923076923 0.8629807692307693 0.7860576923076923 0.8942307692307693 0.7764423076923077 0.8942307692307693
5 0.8028846153846154 0.8629807692307693 0.8125 0.8629807692307693 0.8125 0.9014423076923077 0.8028846153846154 0.9014423076923077
21 0.002403846153846154 0.5673076923076923 0.4230769230769231 0.5673076923076923 0.4230769230769231 0.5793269230769231 0.002403846153846154 0.5793269230769231
21 0.002403846153846154 0.43028846153846156 0.4230769230769231 0.43028846153846156 0.4230769230769231 0.43990384615384615 0.002403846153846154 0.43990384615384615
21 0.002403846153846154 0.7091346153846154 0.4206730769230769 0.7091346153846154 0.4206730769230769 0.71875 0.002403846153846154 0.71875
21 0.004807692307692308 0.8509615384615384 0.4206730769230769 0.8509615384615384 0.4206730769230769 0.8629807692307693 0.004807692307692308 0.8629807692307693
23 0.47596153846153844 0.31490384615384615 0.5360576923076923 0.31490384615384615 0.5360576923076923 0.34375 0.47596153846153844 0.34375
23 0.2091346153846154 0.18509615384615385 0.24759615384615385 0.18509615384615385 0.24759615384615385 0.20192307692307693 0.2091346153846154 0.20192307692307693
23 0.29086538461538464 0.18509615384615385 0.3269230769230769 0.18509615384615385 0.3269230769230769 0.19951923076923078 0.29086538461538464 0.19951923076923078
21 0.44471153846153844 0.8341346153846154 0.49278846153846156 0.8341346153846154 0.49278846153846156 0.84375 0.44471153846153844 0.84375
21 0.5961538461538461 0.49759615384615385 0.6418269230769231 0.49759615384615385 0.6418269230769231 0.5096153846153846 0.5961538461538461 0.5096153846153846
21 0.5961538461538461 0.6634615384615384 0.6418269230769231 0.6634615384615384 0.6418269230769231 0.6754807692307693 0.5961538461538461 0.6754807692307693
21 0.5961538461538461 0.8341346153846154 0.6418269230769231 0.8341346153846154 0.6418269230769231 0.84375 0.5961538461538461 0.84375
21 0.5192307692307693 0.8365384615384616 0.5673076923076923 0.8365384615384616 0.5673076923076923 0.8461538461538461 0.5192307692307693 0.8461538461538461
21 0.44711538461538464 0.96875 0.6418269230769231 0.96875 0.6418269230769231 0.9903846153846154 0.44711538461538464 0.9903846153846154
22 0.07692307692307693 0.18028846153846154 0.4182692307692308 0.18028846153846154 0.4182692307692308 0.2980769230769231 0.07692307692307693 0.2980769230769231
12 0.007211538461538462 0.28846153846153844 0.4375 0.28846153846153844 0.4375 0.2980769230769231 0.007211538461538462 0.2980769230769231
12 0.009615384615384616 0.7307692307692307 0.4375 0.7307692307692307 0.4375 0.7403846153846154 0.009615384615384616 0.7403846153846154
12 0.009615384615384616 0.5913461538461539 0.4375 0.5913461538461539 0.4375 0.6009615384615384 0.009615384615384616 0.6009615384615384
12 0.009615384615384616 0.4543269230769231 0.4375 0.4543269230769231 0.4375 0.4639423076923077 0.009615384615384616 0.4639423076923077
12 0.43509615384615385 0.36538461538461536 0.6490384615384616 0.36538461538461536 0.6490384615384616 0.375 0.43509615384615385 0.375
11 0.009615384615384616 0.8846153846153846 0.4375 0.8846153846153846 0.4375 1 0.009615384615384616 1
11 0.009615384615384616 0.6009615384615384 0.4375 0.6009615384615384 0.4375 0.75 0.009615384615384616 0.75
11 0.009615384615384616 0.4639423076923077 0.4375 0.4639423076923077 0.4375 0.6009615384615384 0.009615384615384616 0.6009615384615384
11 0.009615384615384616 0.2956730769230769 0.4375 0.2956730769230769 0.4375 0.4639423076923077 0.009615384615384616 0.4639423076923077
12 0.009615384615384616 0.9855769230769231 0.9855769230769231 0.9855769230769231 0.9855769230769231 0.9951923076923077 0.009615384615384616 0.9951923076923077
22 0.43509615384615385 0.25961538461538464 0.6322115384615384 0.25961538461538464 0.6322115384615384 0.375 0.43509615384615385 0.375
12 0.43509615384615385 0.6826923076923077 0.6538461538461539 0.6826923076923077 0.6538461538461539 0.6923076923076923 0.43509615384615385 0.6923076923076923
11 0.009615384615384616 0.7403846153846154 0.4375 0.7403846153846154 0.4375 0.8846153846153846 0.009615384615384616 0.8846153846153846
11 0.43509615384615385 0.8677884615384616 0.6538461538461539 0.8677884615384616 0.6538461538461539 1 0.43509615384615385 1
11 0.43509615384615385 0.5360576923076923 0.6538461538461539 0.5360576923076923 0.6538461538461539 0.6923076923076923 0.43509615384615385 0.6923076923076923
12 0.43509615384615385 0.5264423076923077 0.6538461538461539 0.5264423076923077 0.6538461538461539 0.5360576923076923 0.43509615384615385 0.5360576923076923
12 0.6490384615384616 0.25240384615384615 0.9807692307692307 0.25240384615384615 0.9807692307692307 0.2620192307692308 0.6490384615384616 0.2620192307692308
11 0.43509615384615385 0.6923076923076923 0.6538461538461539 0.6923076923076923 0.6538461538461539 0.8677884615384616 0.43509615384615385 0.8677884615384616
12 0.43509615384615385 0.8581730769230769 0.6538461538461539 0.8581730769230769 0.6538461538461539 0.8677884615384616 0.43509615384615385 0.8677884615384616
22 0.6490384615384616 0.1201923076923077 0.9735576923076923 0.1201923076923077 0.9735576923076923 0.2620192307692308 0.6490384615384616 0.2620192307692308
12 0.6538461538461539 0.6826923076923077 0.9855769230769231 0.6826923076923077 0.9855769230769231 0.6923076923076923 0.6538461538461539 0.6923076923076923
12 0.6538461538461539 0.5408653846153846 0.9855769230769231 0.5408653846153846 0.9855769230769231 0.5504807692307693 0.6538461538461539 0.5504807692307693
12 0.6490384615384616 0.40384615384615385 0.9855769230769231 0.40384615384615385 0.9855769230769231 0.41346153846153844 0.6490384615384616 0.41346153846153844
12 0.6538461538461539 0.8533653846153846 0.9855769230769231 0.8533653846153846 0.9855769230769231 0.8629807692307693 0.6538461538461539 0.8629807692307693
11 0.6538461538461539 0.8629807692307693 0.9855769230769231 0.8629807692307693 0.9855769230769231 1 0.6538461538461539 1
11 0.6538461538461539 0.6923076923076923 0.9855769230769231 0.6923076923076923 0.9855769230769231 0.8629807692307693 0.6538461538461539 0.8629807692307693
11 0.6538461538461539 0.5504807692307693 0.9855769230769231 0.5504807692307693 0.9855769230769231 0.6923076923076923 0.6538461538461539 0.6923076923076923
11 0.6490384615384616 0.41346153846153844 0.9855769230769231 0.41346153846153844 0.9855769230769231 0.5504807692307693 0.6490384615384616 0.5504807692307693
11 0.6490384615384616 0.2620192307692308 0.9855769230769231 0.2620192307692308 0.9855769230769231 0.41346153846153844 0.6490384615384616 0.41346153846153844
19 0 0.1658653846153846 0.4182692307692308 0.1658653846153846 0.4182692307692308 0.2692307692307692 0 0.2692307692307692
19 0.4375 0.25961538461538464 0.6490384615384616 0.25961538461538464 0.6490384615384616 0.3629807692307692 0.4375 0.3629807692307692
2 0 0.052884615384615384 1 0.052884615384615384 1 1 0 1
10 0 0.052884615384615384 1 0.052884615384615384 1 0.9975961538461539 0 0.9975961538461539
11 0.43509615384615385 0.3629807692307692 0.6538461538461539 0.3629807692307692 0.6538461538461539 0.5336538461538461 0.43509615384615385 0.5336538461538461
12 0.009615384615384616 0.8774038461538461 0.4375 0.8774038461538461 0.4375 0.8870192307692307 0.009615384615384616 0.8870192307692307