23 0.625 0.3701923076923077 0.7475961538461539 0.3701923076923077 0.7475961538461539 0.44711538461538464 0.625 0.44711538461538464
23 0.24519230769230768 0.3701923076923077 0.3629807692307692 0.3701923076923077 0.3629807692307692 0.4495192307692308 0.24519230769230768 0.4495192307692308
23 0.41586538461538464 0.37740384615384615 0.5745192307692307 0.37740384615384615 0.5745192307692307 0.4495192307692308 0.41586538461538464 0.4495192307692308
23 0.11778846153846154 0.5288461538461539 0.34615384615384615 0.5288461538461539 0.34615384615384615 0.6850961538461539 0.11778846153846154 0.6850961538461539
23 0.3798076923076923 0.5288461538461539 0.6081730769230769 0.5288461538461539 0.6081730769230769 0.6850961538461539 0.3798076923076923 0.6850961538461539
23 0.6442307692307693 0.53125 0.8725961538461539 0.53125 0.8725961538461539 0.6850961538461539 0.6442307692307693 0.6850961538461539
23 0.6394230769230769 0.7572115384615384 0.8677884615384616 0.7572115384615384 0.8677884615384616 0.8100961538461539 0.6394230769230769 0.8100961538461539
8 0.38221153846153844 0.8197115384615384 0.6009615384615384 0.8197115384615384 0.6009615384615384 0.9855769230769231 0.38221153846153844 0.9855769230769231
20 0.37259615384615385 0.9014423076923077 0.6129807692307693 0.9014423076923077 0.6129807692307693 0.9230769230769231 0.37259615384615385 0.9230769230769231
14 0.12740384615384615 0.8125 0.3269230769230769 0.8125 0.3269230769230769 0.9230769230769231 0.12740384615384615 0.9230769230769231
14 0.6514423076923077 0.8125 0.8389423076923077 0.8125 0.8389423076923077 0.9254807692307693 0.6514423076923077 0.9254807692307693
23 0.11298076923076923 0.7572115384615384 0.3389423076923077 0.7572115384615384 0.3389423076923077 0.8100961538461539 0.11298076923076923 0.8100961538461539
23 0.37259615384615385 0.7572115384615384 0.6009615384615384 0.7572115384615384 0.6009615384615384 0.8100961538461539 0.37259615384615385 0.8100961538461539
4 0.14423076923076922 0.2956730769230769 0.8557692307692307 0.2956730769230769 0.8557692307692307 0.3245192307692308 0.14423076923076922 0.3245192307692308
21 0.02403846153846154 0.4495192307692308 0.9567307692307693 0.4495192307692308 0.9567307692307693 0.46634615384615385 0.02403846153846154 0.46634615384615385
21 0.0625 0.6875 0.9134615384615384 0.6875 0.9134615384615384 0.6995192307692307 0.0625 0.6995192307692307
4 0.04807692307692308 0.7091346153846154 0.3605769230769231 0.7091346153846154 0.3605769230769231 0.7548076923076923 0.04807692307692308 0.7548076923076923
4 0.3581730769230769 0.7067307692307693 0.6274038461538461 0.7067307692307693 0.6274038461538461 0.7548076923076923 0.3581730769230769 0.7548076923076923
4 0.625 0.7091346153846154 0.9254807692307693 0.7091346153846154 0.9254807692307693 0.7596153846153846 0.625 0.7596153846153846
21 0.6298076923076923 0.9302884615384616 0.9302884615384616 0.9302884615384616 0.9302884615384616 0.9375 0.6298076923076923 0.9375
21 0.038461538461538464 0.9302884615384616 0.3605769230769231 0.9302884615384616 0.3605769230769231 0.9350961538461539 0.038461538461538464 0.9350961538461539
5 0.6442307692307693 0.7235576923076923 0.8677884615384616 0.7235576923076923 0.8677884615384616 0.75 0.6442307692307693 0.75
5 0.11538461538461539 0.7235576923076923 0.33653846153846156 0.7235576923076923 0.33653846153846156 0.7475961538461539 0.11538461538461539 0.7475961538461539
5 0.37740384615384615 0.7235576923076923 0.6009615384615384 0.7235576923076923 0.6009615384615384 0.75 0.37740384615384615 0.75
4 0.39663461538461536 0.23317307692307693 0.59375 0.23317307692307693 0.59375 0.25961538461538464 0.39663461538461536 0.25961538461538464
11 0.05048076923076923 0.49759615384615385 0.9302884615384616 0.49759615384615385 0.9302884615384616 0.7331730769230769 0.05048076923076923 0.7331730769230769
22 0.17067307692307693 0.3173076923076923 0.8173076923076923 0.3173076923076923 0.8173076923076923 0.49759615384615385 0.17067307692307693 0.49759615384615385
12 0.05048076923076923 0.7211538461538461 0.9302884615384616 0.7211538461538461 0.9302884615384616 0.7331730769230769 0.05048076923076923 0.7331730769230769
15 0.05048076923076923 0.7331730769230769 0.9302884615384616 0.7331730769230769 0.9302884615384616 0.9951923076923077 0.05048076923076923 0.9951923076923077
12 0.05048076923076923 0.4831730769230769 0.9278846153846154 0.4831730769230769 0.9278846153846154 0.49759615384615385 0.05048076923076923 0.49759615384615385
2 0.02403846153846154 0.01201923076923077 0.9567307692307693 0.01201923076923077 0.9567307692307693 0.9951923076923077 0.02403846153846154 0.9951923076923077
10 0.04807692307692308 0.4519230769230769 0.9302884615384616 0.4519230769230769 0.9302884615384616 0.9951923076923077 0.04807692307692308 0.9951923076923077
23 0.41586538461538464 0.33413461538461536 0.5769230769230769 0.33413461538461536 0.5769230769230769 0.4495192307692308 0.41586538461538464 0.4495192307692308