23 0.4495192307692308 0.28846153846153844 0.5120192307692307 0.28846153846153844 0.5120192307692307 0.49038461538461536 0.4495192307692308 0.49038461538461536
23 0.14423076923076922 0.28365384615384615 0.20432692307692307 0.28365384615384615 0.20432692307692307 0.4951923076923077 0.14423076923076922 0.4951923076923077
8 0.11778846153846154 0.7379807692307693 0.19230769230769232 0.7379807692307693 0.19230769230769232 0.90625 0.11778846153846154 0.90625
8 0.12740384615384615 0.7451923076923077 0.19951923076923078 0.7451923076923077 0.19951923076923078 0.90625 0.12740384615384615 0.90625
4 0.055288461538461536 0.6298076923076923 0.25721153846153844 0.6298076923076923 0.25721153846153844 0.8269230769230769 0.055288461538461536 0.8269230769230769
16 0.6490384615384616 0.026442307692307692 0.9471153846153846 0.026442307692307692 0.9471153846153846 0.12259615384615384 0.6490384615384616 0.12259615384615384
16 0.03125 0.04326923076923077 0.2692307692307692 0.04326923076923077 0.2692307692307692 0.12980769230769232 0.03125 0.12980769230769232
16 0.34615384615384615 0.040865384615384616 0.5745192307692307 0.040865384615384616 0.5745192307692307 0.12740384615384615 0.34615384615384615 0.12740384615384615
23 0.7451923076923077 0.2860576923076923 0.8076923076923077 0.2860576923076923 0.8076923076923077 0.4879807692307692 0.7451923076923077 0.4879807692307692
17 0.25961538461538464 0 0.3269230769230769 0 0.3269230769230769 0.9086538461538461 0.25961538461538464 0.9086538461538461
17 0.5673076923076923 0 0.6322115384615384 0 0.6322115384615384 0.9110576923076923 0.5673076923076923 0.9110576923076923
17 0.9447115384615384 0 0.9759615384615384 0 0.9759615384615384 0.9086538461538461 0.9447115384615384 0.9086538461538461
12 0.002403846153846154 0.6105769230769231 0.9975961538461539 0.6105769230769231 0.9975961538461539 0.6442307692307693 0.002403846153846154 0.6442307692307693
15 0.002403846153846154 0.6442307692307693 0.9975961538461539 0.6442307692307693 0.9975961538461539 0.9975961538461539 0.002403846153846154 0.9975961538461539
22 0.002403846153846154 0 0.9975961538461539 0 0.9975961538461539 0.6105769230769231 0.002403846153846154 0.6105769230769231