23 0.6899038461538461 0.7067307692307693 0.7548076923076923 0.7067307692307693 0.7548076923076923 0.8533653846153846 0.6899038461538461 0.8533653846153846
23 0.6923076923076923 0.1875 0.7548076923076923 0.1875 0.7548076923076923 0.31971153846153844 0.6923076923076923 0.31971153846153844
23 0.6875 0.44711538461538464 0.7548076923076923 0.44711538461538464 0.7548076923076923 0.5817307692307693 0.6875 0.5817307692307693
23 0.2403846153846154 0.7067307692307693 0.30528846153846156 0.7067307692307693 0.30528846153846156 0.8533653846153846 0.2403846153846154 0.8533653846153846
23 0.2403846153846154 0.18990384615384615 0.30288461538461536 0.18990384615384615 0.30288461538461536 0.31971153846153844 0.2403846153846154 0.31971153846153844
23 0.2403846153846154 0.4495192307692308 0.30528846153846156 0.4495192307692308 0.30528846153846156 0.5817307692307693 0.2403846153846154 0.5817307692307693
23 0.4639423076923077 0.7067307692307693 0.5288461538461539 0.7067307692307693 0.5288461538461539 0.8533653846153846 0.4639423076923077 0.8533653846153846
23 0.46634615384615385 0.18990384615384615 0.5288461538461539 0.18990384615384615 0.5288461538461539 0.31971153846153844 0.46634615384615385 0.31971153846153844
23 0.4639423076923077 0.4495192307692308 0.5288461538461539 0.4495192307692308 0.5288461538461539 0.5817307692307693 0.4639423076923077 0.5817307692307693
4 0.21875 0.1466346153846154 0.3245192307692308 0.1466346153846154 0.3245192307692308 0.16346153846153846 0.21875 0.16346153846153846
4 0.44471153846153844 0.1466346153846154 0.5504807692307693 0.1466346153846154 0.5504807692307693 0.16346153846153846 0.44471153846153844 0.16346153846153846
4 0.6682692307692307 0.1466346153846154 0.7788461538461539 0.1466346153846154 0.7788461538461539 0.16346153846153846 0.6682692307692307 0.16346153846153846
21 0.22355769230769232 0.32211538461538464 0.32211538461538464 0.32211538461538464 0.32211538461538464 0.33413461538461536 0.22355769230769232 0.33413461538461536
21 0.4495192307692308 0.32211538461538464 0.5456730769230769 0.32211538461538464 0.5456730769230769 0.33413461538461536 0.4495192307692308 0.33413461538461536
21 0.6730769230769231 0.32211538461538464 0.7740384615384616 0.32211538461538464 0.7740384615384616 0.33413461538461536 0.6730769230769231 0.33413461538461536
4 0.2644230769230769 0.4230769230769231 0.28125 0.4230769230769231 0.28125 0.44711538461538464 0.2644230769230769 0.44711538461538464
4 0.4423076923076923 0.40625 0.5552884615384616 0.40625 0.5552884615384616 0.4254807692307692 0.4423076923076923 0.4254807692307692
4 0.7139423076923077 0.4206730769230769 0.7331730769230769 0.4206730769230769 0.7331730769230769 0.44711538461538464 0.7139423076923077 0.44711538461538464
21 0.22115384615384615 0.5841346153846154 0.3245192307692308 0.5841346153846154 0.3245192307692308 0.5961538461538461 0.22115384615384615 0.5961538461538461
21 0.44471153846153844 0.5817307692307693 0.5504807692307693 0.5817307692307693 0.5504807692307693 0.5961538461538461 0.44471153846153844 0.5961538461538461
21 0.6706730769230769 0.5817307692307693 0.7764423076923077 0.5817307692307693 0.7764423076923077 0.5961538461538461 0.6706730769230769 0.5961538461538461
4 0.6658653846153846 0.6658653846153846 0.78125 0.6658653846153846 0.78125 0.6826923076923077 0.6658653846153846 0.6826923076923077
21 0.6682692307692307 0.8533653846153846 0.7788461538461539 0.8533653846153846 0.7788461538461539 0.9014423076923077 0.6682692307692307 0.9014423076923077
21 0.44471153846153844 0.8533653846153846 0.5528846153846154 0.8533653846153846 0.5528846153846154 0.9014423076923077 0.44471153846153844 0.9014423076923077
21 0.21875 0.8533653846153846 0.3269230769230769 0.8533653846153846 0.3269230769230769 0.9014423076923077 0.21875 0.9014423076923077
4 0.21634615384615385 0.6682692307692307 0.3293269230769231 0.6682692307692307 0.3293269230769231 0.6826923076923077 0.21634615384615385 0.6826923076923077
4 0.43990384615384615 0.6298076923076923 0.5552884615384616 0.6298076923076923 0.5552884615384616 0.6826923076923077 0.43990384615384615 0.6826923076923077
19 0.014423076923076924 0.01201923076923077 0.9879807692307693 0.01201923076923077 0.9879807692307693 0.07692307692307693 0.014423076923076924 0.07692307692307693
23 0.6850961538461539 0.9903846153846154 0.7524038461538461 0.9903846153846154 0.7524038461538461 1 0.6850961538461539 1
23 0.23798076923076922 0.9903846153846154 0.30528846153846156 0.9903846153846154 0.30528846153846156 1 0.23798076923076922 1
23 0.46153846153846156 0.9903846153846154 0.5288461538461539 0.9903846153846154 0.5288461538461539 1 0.46153846153846156 1
22 0.036057692307692304 0.10576923076923077 0.9591346153846154 0.10576923076923077 0.9591346153846154 0.375 0.036057692307692304 0.375
12 0.036057692307692304 0.375 0.9591346153846154 0.375 0.9591346153846154 0.3894230769230769 0.036057692307692304 0.3894230769230769
12 0.036057692307692304 0.6418269230769231 0.9591346153846154 0.6418269230769231 0.9591346153846154 0.65625 0.036057692307692304 0.65625
12 0.036057692307692304 0.9350961538461539 0.9591346153846154 0.9350961538461539 0.9591346153846154 0.9495192307692307 0.036057692307692304 0.9495192307692307
11 0.036057692307692304 0.9495192307692307 0.9591346153846154 0.9495192307692307 0.9591346153846154 1 0.036057692307692304 1
11 0.036057692307692304 0.65625 0.9591346153846154 0.65625 0.9591346153846154 0.9326923076923077 0.036057692307692304 0.9326923076923077
11 0.036057692307692304 0.3894230769230769 0.9591346153846154 0.3894230769230769 0.9591346153846154 0.6418269230769231 0.036057692307692304 0.6418269230769231
2 0.01201923076923077 0.004807692307692308 0.9879807692307693 0.004807692307692308 0.9879807692307693 1 0.01201923076923077 1
10 0.03365384615384615 0.0673076923076923 0.9591346153846154 0.0673076923076923 0.9591346153846154 1 0.03365384615384615 1