23 0.14903846153846154 0.23798076923076922 0.21394230769230768 0.23798076923076922 0.21394230769230768 0.41586538461538464 0.14903846153846154 0.41586538461538464
23 0.37259615384615385 0.23798076923076922 0.4375 0.23798076923076922 0.4375 0.4110576923076923 0.37259615384615385 0.4110576923076923
23 0.5961538461538461 0.23798076923076922 0.6634615384615384 0.23798076923076922 0.6634615384615384 0.4110576923076923 0.5961538461538461 0.4110576923076923
23 0.8197115384615384 0.23798076923076922 0.8846153846153846 0.23798076923076922 0.8846153846153846 0.41586538461538464 0.8197115384615384 0.41586538461538464
23 0.8197115384615384 0.47836538461538464 0.8846153846153846 0.47836538461538464 0.8846153846153846 0.6923076923076923 0.8197115384615384 0.6923076923076923
8 0.5961538461538461 0.47836538461538464 0.6610576923076923 0.47836538461538464 0.6610576923076923 0.7067307692307693 0.5961538461538461 0.7067307692307693
8 0.37259615384615385 0.47836538461538464 0.4375 0.47836538461538464 0.4375 0.7067307692307693 0.37259615384615385 0.7067307692307693
23 0.1466346153846154 0.47836538461538464 0.21394230769230768 0.47836538461538464 0.21394230769230768 0.6923076923076923 0.1466346153846154 0.6923076923076923
8 0.3629807692307692 0.8245192307692307 0.44711538461538464 0.8245192307692307 0.44711538461538464 0.9879807692307693 0.3629807692307692 0.9879807692307693
23 0.8125 0.7836538461538461 0.8918269230769231 0.7836538461538461 0.8918269230769231 0.9038461538461539 0.8125 0.9038461538461539
23 0.14182692307692307 0.7860576923076923 0.22115384615384615 0.7860576923076923 0.22115384615384615 0.90625 0.14182692307692307 0.90625
1 0.14903846153846154 0.47836538461538464 0.21394230769230768 0.47836538461538464 0.21394230769230768 0.6923076923076923 0.14903846153846154 0.6923076923076923
1 0.8197115384615384 0.4807692307692308 0.8365384615384616 0.4807692307692308 0.8365384615384616 0.6514423076923077 0.8197115384615384 0.6514423076923077
1 0.875 0.47836538461538464 0.8822115384615384 0.47836538461538464 0.8822115384615384 0.6418269230769231 0.875 0.6418269230769231
23 0.3629807692307692 0.78125 0.44711538461538464 0.78125 0.44711538461538464 0.8245192307692307 0.3629807692307692 0.8245192307692307
1 0.1466346153846154 0.7932692307692307 0.21875 0.7932692307692307 0.21875 0.90625 0.1466346153846154 0.90625
1 0.8149038461538461 0.7932692307692307 0.8846153846153846 0.7932692307692307 0.8846153846153846 0.90625 0.8149038461538461 0.90625
1 0.14903846153846154 0.23798076923076922 0.21394230769230768 0.23798076923076922 0.21394230769230768 0.41586538461538464 0.14903846153846154 0.41586538461538464
1 0.37259615384615385 0.23798076923076922 0.4375 0.23798076923076922 0.4375 0.4110576923076923 0.37259615384615385 0.4110576923076923
1 0.5961538461538461 0.23798076923076922 0.6634615384615384 0.23798076923076922 0.6634615384615384 0.4110576923076923 0.5961538461538461 0.4110576923076923
1 0.8197115384615384 0.23798076923076922 0.8846153846153846 0.23798076923076922 0.8846153846153846 0.41586538461538464 0.8197115384615384 0.41586538461538464
4 0.3581730769230769 0.17307692307692307 0.4543269230769231 0.17307692307692307 0.4543269230769231 0.21634615384615385 0.3581730769230769 0.21634615384615385
4 0.13221153846153846 0.17307692307692307 0.23076923076923078 0.17307692307692307 0.23076923076923078 0.21634615384615385 0.13221153846153846 0.21634615384615385
4 0.8052884615384616 0.17307692307692307 0.9014423076923077 0.17307692307692307 0.9014423076923077 0.21394230769230768 0.8052884615384616 0.21394230769230768
4 0.5793269230769231 0.17307692307692307 0.6754807692307693 0.17307692307692307 0.6754807692307693 0.21394230769230768 0.5793269230769231 0.21394230769230768
4 0.13221153846153846 0.43990384615384615 0.23076923076923078 0.43990384615384615 0.23076923076923078 0.49759615384615385 0.13221153846153846 0.49759615384615385
4 0.8028846153846154 0.43990384615384615 0.9014423076923077 0.43990384615384615 0.9014423076923077 0.49759615384615385 0.8028846153846154 0.49759615384615385
4 0.5793269230769231 0.43990384615384615 0.6778846153846154 0.43990384615384615 0.6778846153846154 0.49759615384615385 0.5793269230769231 0.49759615384615385
4 0.3557692307692308 0.43990384615384615 0.4543269230769231 0.43990384615384615 0.4543269230769231 0.49759615384615385 0.3557692307692308 0.49759615384615385
5 0.4879807692307692 0.17307692307692307 0.5456730769230769 0.17307692307692307 0.5456730769230769 0.30288461538461536 0.4879807692307692 0.30288461538461536
21 0.10096153846153846 0.41586538461538464 0.25721153846153844 0.41586538461538464 0.25721153846153844 0.43509615384615385 0.10096153846153846 0.43509615384615385
21 0.3245192307692308 0.40865384615384615 0.7115384615384616 0.40865384615384615 0.7115384615384616 0.42788461538461536 0.3245192307692308 0.42788461538461536
21 0.7740384615384616 0.41346153846153844 0.9326923076923077 0.41346153846153844 0.9326923076923077 0.4326923076923077 0.7740384615384616 0.4326923076923077
21 0.8197115384615384 0.6923076923076923 0.8870192307692307 0.6923076923076923 0.8870192307692307 0.7067307692307693 0.8197115384615384 0.7067307692307693
21 0.1466346153846154 0.6923076923076923 0.21394230769230768 0.6923076923076923 0.21394230769230768 0.7067307692307693 0.1466346153846154 0.7067307692307693
0 0.25961538461538464 0.6201923076923077 0.7692307692307693 0.6201923076923077 0.7692307692307693 0.7235576923076923 0.25961538461538464 0.7235576923076923
5 0.46875 0.004807692307692308 0.5649038461538461 0.004807692307692308 0.5649038461538461 0.08413461538461539 0.46875 0.08413461538461539
5 0.46634615384615385 0.4254807692307692 0.5673076923076923 0.4254807692307692 0.5673076923076923 0.53125 0.46634615384615385 0.53125
5 0.3870192307692308 0.7259615384615384 0.4206730769230769 0.7259615384615384 0.4206730769230769 0.7596153846153846 0.3870192307692308 0.7596153846153846
5 0.6129807692307693 0.7259615384615384 0.6442307692307693 0.7259615384615384 0.6442307692307693 0.7596153846153846 0.6129807692307693 0.7596153846153846
5 0.15865384615384615 0.7091346153846154 0.20192307692307693 0.7091346153846154 0.20192307692307693 0.7620192307692307 0.15865384615384615 0.7620192307692307
5 0.8317307692307693 0.7067307692307693 0.8725961538461539 0.7067307692307693 0.8725961538461539 0.7596153846153846 0.8317307692307693 0.7596153846153846
4 0.7740384615384616 0.7596153846153846 0.9278846153846154 0.7596153846153846 0.9278846153846154 0.8004807692307693 0.7740384615384616 0.8004807692307693
4 0.10576923076923077 0.7596153846153846 0.25721153846153844 0.7596153846153846 0.25721153846153844 0.8004807692307693 0.10576923076923077 0.8004807692307693
4 0.3293269230769231 0.7596153846153846 0.4831730769230769 0.7596153846153846 0.4831730769230769 0.8004807692307693 0.3293269230769231 0.8004807692307693
4 0.5504807692307693 0.7596153846153846 0.7043269230769231 0.7596153846153846 0.7043269230769231 0.8004807692307693 0.5504807692307693 0.8004807692307693
5 0.7307692307692307 0.7644230769230769 0.7524038461538461 0.7644230769230769 0.7524038461538461 0.8221153846153846 0.7307692307692307 0.8221153846153846
5 0.28125 0.7644230769230769 0.30288461538461536 0.7644230769230769 0.30288461538461536 0.8221153846153846 0.28125 0.8221153846153846
5 0.5048076923076923 0.7644230769230769 0.5288461538461539 0.7644230769230769 0.5288461538461539 0.8221153846153846 0.5048076923076923 0.8221153846153846
26 0.014423076923076924 0.6370192307692307 0.18509615384615385 0.6370192307692307 0.18509615384615385 1 0.014423076923076924 1
26 0.03125 0.9302884615384616 0.040865384615384616 0.9302884615384616 0.040865384615384616 1 0.03125 1
26 0.23076923076923078 0.9326923076923077 0.23557692307692307 0.9326923076923077 0.23557692307692307 1 0.23076923076923078 1
26 0.125 0.9278846153846154 0.12980769230769232 0.9278846153846154 0.12980769230769232 1 0.125 1
26 0.1346153846153846 0.9326923076923077 0.13942307692307693 0.9326923076923077 0.13942307692307693 1 0.1346153846153846 1
26 0.18509615384615385 0.9326923076923077 0.18990384615384615 0.9326923076923077 0.18990384615384615 1 0.18509615384615385 1
26 0.22596153846153846 0.9278846153846154 0.23076923076923078 0.9278846153846154 0.23076923076923078 1 0.22596153846153846 1
26 0.33413461538461536 0.9350961538461539 0.3389423076923077 0.9350961538461539 0.3389423076923077 1 0.33413461538461536 1
26 0.27403846153846156 0.9326923076923077 0.27884615384615385 0.9326923076923077 0.27884615384615385 1 0.27403846153846156 1
26 0.32211538461538464 0.9278846153846154 0.3269230769230769 0.9278846153846154 0.3269230769230769 1 0.32211538461538464 1
26 0.3605769230769231 0.9326923076923077 0.36538461538461536 0.9326923076923077 0.36538461538461536 1 0.3605769230769231 1
26 0.9879807692307693 0.9423076923076923 0.9927884615384616 0.9423076923076923 0.9927884615384616 1 0.9879807692307693 1
26 0.4206730769230769 0.9278846153846154 0.4254807692307692 0.9278846153846154 0.4254807692307692 1 0.4206730769230769 1
26 0.4375 0.9350961538461539 0.4423076923076923 0.9350961538461539 0.4423076923076923 1 0.4375 1
26 0.5168269230769231 0.9326923076923077 0.5216346153846154 0.9326923076923077 0.5216346153846154 0.9975961538461539 0.5168269230769231 0.9975961538461539
26 0.5384615384615384 0.9326923076923077 0.5432692307692307 0.9326923076923077 0.5432692307692307 0.9831730769230769 0.5384615384615384 0.9831730769230769
26 0.5432692307692307 0.9375 0.5480769230769231 0.9375 0.5480769230769231 0.9831730769230769 0.5432692307692307 0.9831730769230769
26 0.6129807692307693 0.9326923076923077 0.6177884615384616 0.9326923076923077 0.6177884615384616 0.9831730769230769 0.6129807692307693 0.9831730769230769
26 0.6274038461538461 0.9326923076923077 0.6322115384615384 0.9326923076923077 0.6322115384615384 0.9831730769230769 0.6274038461538461 0.9831730769230769
8 0.5841346153846154 0.78125 0.6730769230769231 0.78125 0.6730769230769231 0.9879807692307693 0.5841346153846154 0.9879807692307693
26 0.6514423076923077 0.9375 0.65625 0.9375 0.65625 0.9831730769230769 0.6514423076923077 0.9831730769230769
26 0.7091346153846154 0.9326923076923077 0.7139423076923077 0.9326923076923077 0.7139423076923077 0.9855769230769231 0.7091346153846154 0.9855769230769231
26 0.7163461538461539 0.9326923076923077 0.7211538461538461 0.9326923076923077 0.7211538461538461 0.9855769230769231 0.7163461538461539 0.9855769230769231
26 0.7620192307692307 0.9399038461538461 0.7668269230769231 0.9399038461538461 0.7668269230769231 0.9951923076923077 0.7620192307692307 0.9951923076923077
26 0.8028846153846154 0.9326923076923077 0.8076923076923077 0.9326923076923077 0.8076923076923077 1 0.8028846153846154 1
26 0.8725961538461539 0.9423076923076923 0.8798076923076923 0.9423076923076923 0.8798076923076923 1 0.8725961538461539 1
26 0.8918269230769231 0.9350961538461539 0.8990384615384616 0.9350961538461539 0.8990384615384616 1 0.8918269230769231 1
26 0.9014423076923077 0.9326923076923077 0.9086538461538461 0.9326923076923077 0.9086538461538461 1 0.9014423076923077 1
26 0.9807692307692307 0.9326923076923077 0.9855769230769231 0.9326923076923077 0.9855769230769231 1 0.9807692307692307 1
26 0.4254807692307692 0.9831730769230769 0.7764423076923077 0.9831730769230769 0.7764423076923077 1 0.4254807692307692 1
16 0.021634615384615384 0.17307692307692307 1 0.17307692307692307 1 0.2283653846153846 0.021634615384615384 0.2283653846153846
15 0.02403846153846154 0.7259615384615384 1 0.7259615384615384 1 0.9975961538461539 0.02403846153846154 0.9975961538461539
12 0.02403846153846154 0.7067307692307693 1 0.7067307692307693 1 0.7259615384615384 0.02403846153846154 0.7259615384615384
12 0.02403846153846154 0.41586538461538464 1 0.41586538461538464 1 0.43509615384615385 0.02403846153846154 0.43509615384615385
22 0.02403846153846154 0.15144230769230768 1 0.15144230769230768 1 0.43509615384615385 0.02403846153846154 0.43509615384615385
11 0.02403846153846154 0.43509615384615385 1 0.43509615384615385 1 0.7259615384615384 0.02403846153846154 0.7259615384615384
2 0 0 1 0 1 0.9975961538461539 0 0.9975961538461539
10 0.02403846153846154 0.15144230769230768 0.9975961538461539 0.15144230769230768 0.9975961538461539 0.9975961538461539 0.02403846153846154 0.9975961538461539