8 0.23798076923076922 0.90625 0.27163461538461536 0.90625 0.27163461538461536 0.9975961538461539 0.23798076923076922 0.9975961538461539
8 0.6538461538461539 0.8701923076923077 0.71875 0.8701923076923077 0.71875 1 0.6538461538461539 1
8 0.8125 0.9038461538461539 0.8605769230769231 0.9038461538461539 0.8605769230769231 1 0.8125 1
23 0.8076923076923077 0.32211538461538464 0.8365384615384616 0.32211538461538464 0.8365384615384616 0.39903846153846156 0.8076923076923077 0.39903846153846156
23 0.8413461538461539 0.32211538461538464 0.8701923076923077 0.32211538461538464 0.8701923076923077 0.39903846153846156 0.8413461538461539 0.39903846153846156
23 0.6322115384615384 0.27163461538461536 0.65625 0.27163461538461536 0.65625 0.31009615384615385 0.6322115384615384 0.31009615384615385
23 0.46153846153846156 0.31490384615384615 0.49278846153846156 0.31490384615384615 0.49278846153846156 0.39903846153846156 0.46153846153846156 0.39903846153846156
23 0.28846153846153844 0.3173076923076923 0.31971153846153844 0.3173076923076923 0.31971153846153844 0.39663461538461536 0.28846153846153844 0.39663461538461536
23 0.375 0.5480769230769231 0.40625 0.5480769230769231 0.40625 0.625 0.375 0.625
23 0.45913461538461536 0.5384615384615384 0.4951923076923077 0.5384615384615384 0.4951923076923077 0.6225961538461539 0.45913461538461536 0.6225961538461539
8 0.37259615384615385 0.3317307692307692 0.40625 0.3317307692307692 0.40625 0.43990384615384615 0.37259615384615385 0.43990384615384615
8 0.5576923076923077 0.3317307692307692 0.5913461538461539 0.3317307692307692 0.5913461538461539 0.43990384615384615 0.5576923076923077 0.43990384615384615
23 0.2860576923076923 0.8942307692307693 0.3125 0.8942307692307693 0.3125 0.9471153846153846 0.2860576923076923 0.9471153846153846
23 0.45913461538461536 0.8942307692307693 0.49278846153846156 0.8942307692307693 0.49278846153846156 0.9471153846153846 0.45913461538461536 0.9471153846153846
23 0.3701923076923077 0.8942307692307693 0.40384615384615385 0.8942307692307693 0.40384615384615385 0.9471153846153846 0.3701923076923077 0.9471153846153846
23 0.5504807692307693 0.8942307692307693 0.59375 0.8942307692307693 0.59375 0.9471153846153846 0.5504807692307693 0.9471153846153846
23 0.6538461538461539 0.7716346153846154 0.7211538461538461 0.7716346153846154 0.7211538461538461 0.8509615384615384 0.6538461538461539 0.8509615384615384
23 0.2860576923076923 0.6971153846153846 0.31490384615384615 0.6971153846153846 0.31490384615384615 0.7932692307692307 0.2860576923076923 0.7932692307692307
23 0.8221153846153846 0.6995192307692307 0.8509615384615384 0.6995192307692307 0.8509615384615384 0.7956730769230769 0.8221153846153846 0.7956730769230769
23 0.4639423076923077 0.6971153846153846 0.49038461538461536 0.6971153846153846 0.49038461538461536 0.7932692307692307 0.4639423076923077 0.7932692307692307
23 0.375 0.6971153846153846 0.4014423076923077 0.6971153846153846 0.4014423076923077 0.7932692307692307 0.375 0.7932692307692307
23 0.23798076923076922 0.8605769230769231 0.27163461538461536 0.8605769230769231 0.27163461538461536 0.8918269230769231 0.23798076923076922 0.8918269230769231
23 0.8125 0.8581730769230769 0.8605769230769231 0.8581730769230769 0.8605769230769231 0.8870192307692307 0.8125 0.8870192307692307
23 0.7091346153846154 0.1466346153846154 0.7379807692307693 0.1466346153846154 0.7379807692307693 0.2091346153846154 0.7091346153846154 0.2091346153846154
23 0.3918269230769231 0.14903846153846154 0.4206730769230769 0.14903846153846154 0.4206730769230769 0.21153846153846154 0.3918269230769231 0.21153846153846154
23 0.44471153846153844 0.15144230769230768 0.4735576923076923 0.15144230769230768 0.4735576923076923 0.21394230769230768 0.44471153846153844 0.21394230769230768
23 0.5144230769230769 0.15144230769230768 0.5456730769230769 0.15144230769230768 0.5456730769230769 0.21394230769230768 0.5144230769230769 0.21394230769230768
23 0.5697115384615384 0.15144230769230768 0.5985576923076923 0.15144230769230768 0.5985576923076923 0.21153846153846154 0.5697115384615384 0.21153846153846154
23 0.6538461538461539 0.14903846153846154 0.6850961538461539 0.14903846153846154 0.6850961538461539 0.2091346153846154 0.6538461538461539 0.2091346153846154
8 0.6947115384615384 0.3317307692307692 0.7283653846153846 0.3317307692307692 0.7283653846153846 0.43990384615384615 0.6947115384615384 0.43990384615384615
23 0.6947115384615384 0.3125 0.7283653846153846 0.3125 0.7283653846153846 0.3317307692307692 0.6947115384615384 0.3317307692307692
23 0.5576923076923077 0.3125 0.5913461538461539 0.3125 0.5913461538461539 0.3293269230769231 0.5576923076923077 0.3293269230769231
23 0.8221153846153846 0.5360576923076923 0.8557692307692307 0.5360576923076923 0.8557692307692307 0.6225961538461539 0.8221153846153846 0.6225961538461539
8 0.6923076923076923 0.5360576923076923 0.7283653846153846 0.5360576923076923 0.7283653846153846 0.6682692307692307 0.6923076923076923 0.6682692307692307
8 0.5552884615384616 0.5336538461538461 0.59375 0.5336538461538461 0.59375 0.6658653846153846 0.5552884615384616 0.6658653846153846
8 0.6490384615384616 0.5360576923076923 0.6850961538461539 0.5360576923076923 0.6850961538461539 0.6682692307692307 0.6490384615384616 0.6682692307692307
23 0.23798076923076922 0.6971153846153846 0.2692307692307692 0.6971153846153846 0.2692307692307692 0.7932692307692307 0.23798076923076922 0.7932692307692307
8 0.2860576923076923 0.5504807692307693 0.3173076923076923 0.5504807692307693 0.3173076923076923 0.6658653846153846 0.2860576923076923 0.6658653846153846
8 0.2403846153846154 0.5504807692307693 0.27163461538461536 0.5504807692307693 0.27163461538461536 0.6658653846153846 0.2403846153846154 0.6658653846153846
23 0.20673076923076922 0.7019230769230769 0.22355769230769232 0.7019230769230769 0.22355769230769232 0.7956730769230769 0.20673076923076922 0.7956730769230769
23 0.2403846153846154 0.4879807692307692 0.27163461538461536 0.4879807692307692 0.27163461538461536 0.5504807692307693 0.2403846153846154 0.5504807692307693
23 0.2860576923076923 0.49038461538461536 0.3173076923076923 0.49038461538461536 0.3173076923076923 0.5504807692307693 0.2860576923076923 0.5504807692307693
23 0.2091346153846154 0.28365384615384615 0.2283653846153846 0.28365384615384615 0.2283653846153846 0.3293269230769231 0.2091346153846154 0.3293269230769231
8 0.20673076923076922 0.5552884615384616 0.22596153846153846 0.5552884615384616 0.22596153846153846 0.6682692307692307 0.20673076923076922 0.6682692307692307
23 0.37259615384615385 0.5096153846153846 0.40625 0.5096153846153846 0.40625 0.5480769230769231 0.37259615384615385 0.5480769230769231
23 0.46153846153846156 0.49278846153846156 0.4951923076923077 0.49278846153846156 0.4951923076923077 0.5384615384615384 0.46153846153846156 0.5384615384615384
23 0.5745192307692307 0.7139423076923077 0.6033653846153846 0.7139423076923077 0.6033653846153846 0.7956730769230769 0.5745192307692307 0.7956730769230769
23 0.5408653846153846 0.7115384615384616 0.5697115384615384 0.7115384615384616 0.5697115384615384 0.7932692307692307 0.5408653846153846 0.7932692307692307
23 0.6971153846153846 0.27403846153846156 0.7283653846153846 0.27403846153846156 0.7283653846153846 0.3125 0.6971153846153846 0.3125
23 0.28846153846153844 0.2764423076923077 0.3173076923076923 0.2764423076923077 0.3173076923076923 0.3173076923076923 0.28846153846153844 0.3173076923076923
23 0.375 0.27163461538461536 0.40625 0.27163461538461536 0.40625 0.31009615384615385 0.375 0.31009615384615385
23 0.37259615384615385 0.3125 0.40625 0.3125 0.40625 0.3293269230769231 0.37259615384615385 0.3293269230769231
23 0.5576923076923077 0.27403846153846156 0.5889423076923077 0.27403846153846156 0.5889423076923077 0.3125 0.5576923076923077 0.3125
23 0.84375 0.28365384615384615 0.8701923076923077 0.28365384615384615 0.8701923076923077 0.31971153846153844 0.84375 0.31971153846153844
23 0.8076923076923077 0.28365384615384615 0.8341346153846154 0.28365384615384615 0.8341346153846154 0.31971153846153844 0.8076923076923077 0.31971153846153844
21 0.8004807692307693 0.39903846153846156 0.8774038461538461 0.39903846153846156 0.8774038461538461 0.41586538461538464 0.8004807692307693 0.41586538461538464
21 0.8125 0.6225961538461539 0.8653846153846154 0.6225961538461539 0.8653846153846154 0.6442307692307693 0.8125 0.6442307692307693
21 0.8149038461538461 0.7884615384615384 0.8605769230769231 0.7884615384615384 0.8605769230769231 0.8028846153846154 0.8149038461538461 0.8028846153846154
16 0.19951923076923078 0.4182692307692308 0.9086538461538461 0.4182692307692308 0.9086538461538461 0.44471153846153844 0.19951923076923078 0.44471153846153844
16 0.3245192307692308 0.6442307692307693 0.9086538461538461 0.6442307692307693 0.9086538461538461 0.65625 0.3245192307692308 0.65625
16 0.19951923076923078 0.8197115384615384 0.9086538461538461 0.8197115384615384 0.9086538461538461 0.8317307692307693 0.19951923076923078 0.8317307692307693
5 0.18990384615384615 0.22115384615384615 0.9206730769230769 0.22115384615384615 0.9206730769230769 0.2668269230769231 0.18990384615384615 0.2668269230769231
23 0.46153846153846156 0.2764423076923077 0.4951923076923077 0.2764423076923077 0.4951923076923077 0.31490384615384615 0.46153846153846156 0.31490384615384615
23 0.5552884615384616 0.4879807692307692 0.5913461538461539 0.4879807692307692 0.5913461538461539 0.5336538461538461 0.5552884615384616 0.5336538461538461
23 0.6947115384615384 0.4879807692307692 0.7283653846153846 0.4879807692307692 0.7283653846153846 0.5336538461538461 0.6947115384615384 0.5336538461538461
23 0.6490384615384616 0.4879807692307692 0.6826923076923077 0.4879807692307692 0.6826923076923077 0.5336538461538461 0.6490384615384616 0.5336538461538461
21 0.4519230769230769 0.6225961538461539 0.5024038461538461 0.6225961538461539 0.5024038461538461 0.6466346153846154 0.4519230769230769 0.6466346153846154
21 0.36778846153846156 0.6225961538461539 0.4110576923076923 0.6225961538461539 0.4110576923076923 0.6322115384615384 0.36778846153846156 0.6322115384615384
21 0.36778846153846156 0.7932692307692307 0.4110576923076923 0.7932692307692307 0.4110576923076923 0.8028846153846154 0.36778846153846156 0.8028846153846154
21 0.4543269230769231 0.7956730769230769 0.49759615384615385 0.7956730769230769 0.49759615384615385 0.8028846153846154 0.4543269230769231 0.8028846153846154
21 0.5336538461538461 0.7956730769230769 0.6105769230769231 0.7956730769230769 0.6105769230769231 0.8100961538461539 0.5336538461538461 0.8100961538461539
5 0.24759615384615385 0.21875 0.25721153846153844 0.21875 0.25721153846153844 0.23317307692307693 0.24759615384615385 0.23317307692307693
5 0.43028846153846156 0.21875 0.43990384615384615 0.21875 0.43990384615384615 0.23317307692307693 0.43028846153846156 0.23317307692307693
5 0.6394230769230769 0.21875 0.6490384615384616 0.21875 0.6490384615384616 0.23317307692307693 0.6394230769230769 0.23317307692307693
5 0.8365384615384616 0.21875 0.8461538461538461 0.21875 0.8461538461538461 0.23317307692307693 0.8365384615384616 0.23317307692307693
5 0.8317307692307693 0.25240384615384615 0.8485576923076923 0.25240384615384615 0.8485576923076923 0.28365384615384615 0.8317307692307693 0.28365384615384615
5 0.7620192307692307 0.49038461538461536 0.7908653846153846 0.49038461538461536 0.7908653846153846 0.5336538461538461 0.7620192307692307 0.5336538461538461
5 0.5480769230769231 0.6754807692307693 0.5552884615384616 0.6754807692307693 0.5552884615384616 0.7019230769230769 0.5480769230769231 0.7019230769230769
5 0.5889423076923077 0.6754807692307693 0.5985576923076923 0.6754807692307693 0.5985576923076923 0.6995192307692307 0.5889423076923077 0.6995192307692307
5 0.6418269230769231 0.6754807692307693 0.6514423076923077 0.6754807692307693 0.6514423076923077 0.6995192307692307 0.6418269230769231 0.6995192307692307
5 0.6850961538461539 0.6754807692307693 0.6947115384615384 0.6754807692307693 0.6947115384615384 0.6995192307692307 0.6850961538461539 0.6995192307692307
5 0.7259615384615384 0.6754807692307693 0.7379807692307693 0.6754807692307693 0.7379807692307693 0.7019230769230769 0.7259615384615384 0.7019230769230769
5 0.6802884615384616 0.7163461538461539 0.6995192307692307 0.7163461538461539 0.6995192307692307 0.7524038461538461 0.6802884615384616 0.7524038461538461
5 0.5480769230769231 0.6033653846153846 0.5552884615384616 0.6033653846153846 0.5552884615384616 0.6225961538461539 0.5480769230769231 0.6225961538461539
5 0.5961538461538461 0.6033653846153846 0.6009615384615384 0.6033653846153846 0.6009615384615384 0.6201923076923077 0.5961538461538461 0.6201923076923077
5 0.4735576923076923 0.4567307692307692 0.4855769230769231 0.4567307692307692 0.4855769230769231 0.4831730769230769 0.4735576923076923 0.4831730769230769
5 0.8341346153846154 0.4567307692307692 0.84375 0.4567307692307692 0.84375 0.4807692307692308 0.8341346153846154 0.4807692307692308
0 0.5456730769230769 0.6177884615384616 0.7403846153846154 0.6177884615384616 0.7403846153846154 0.6754807692307693 0.5456730769230769 0.6754807692307693
5 0.23798076923076922 0.27163461538461536 0.27403846153846156 0.27163461538461536 0.27403846153846156 0.3173076923076923 0.23798076923076922 0.3173076923076923
23 0.2091346153846154 0.49278846153846156 0.22596153846153846 0.49278846153846156 0.22596153846153846 0.5576923076923077 0.2091346153846154 0.5576923076923077
23 0.2091346153846154 0.32211538461538464 0.2283653846153846 0.32211538461538464 0.2283653846153846 0.40384615384615385 0.2091346153846154 0.40384615384615385
21 0.27884615384615385 0.39903846153846156 0.3245192307692308 0.39903846153846156 0.3245192307692308 0.41346153846153844 0.27884615384615385 0.41346153846153844
21 0.27884615384615385 0.7932692307692307 0.31971153846153844 0.7932692307692307 0.31971153846153844 0.8100961538461539 0.27884615384615385 0.8100961538461539
21 0.23076923076923078 0.7932692307692307 0.2764423076923077 0.7932692307692307 0.2764423076923077 0.8100961538461539 0.23076923076923078 0.8100961538461539
21 0.1971153846153846 0.7932692307692307 0.22596153846153846 0.7932692307692307 0.22596153846153846 0.8100961538461539 0.1971153846153846 0.8100961538461539
16 0.3629807692307692 0.10336538461538461 0.7836538461538461 0.10336538461538461 0.7836538461538461 0.125 0.3629807692307692 0.125
4 0.3870192307692308 0.13701923076923078 0.42788461538461536 0.13701923076923078 0.42788461538461536 0.14903846153846154 0.3870192307692308 0.14903846153846154
4 0.43990384615384615 0.14182692307692307 0.47836538461538464 0.14182692307692307 0.47836538461538464 0.15144230769230768 0.43990384615384615 0.15144230769230768
4 0.5120192307692307 0.14182692307692307 0.5504807692307693 0.14182692307692307 0.5504807692307693 0.15384615384615385 0.5120192307692307 0.15384615384615385
4 0.5649038461538461 0.13942307692307693 0.6057692307692307 0.13942307692307693 0.6057692307692307 0.14903846153846154 0.5649038461538461 0.14903846153846154
4 0.6490384615384616 0.13701923076923078 0.6899038461538461 0.13701923076923078 0.6899038461538461 0.1466346153846154 0.6490384615384616 0.1466346153846154
4 0.7043269230769231 0.13701923076923078 0.7451923076923077 0.13701923076923078 0.7451923076923077 0.14903846153846154 0.7043269230769231 0.14903846153846154
0 0.36538461538461536 0.3894230769230769 0.41346153846153844 0.3894230769230769 0.41346153846153844 0.4519230769230769 0.36538461538461536 0.4519230769230769
0 0.6899038461538461 0.3918269230769231 0.7379807692307693 0.3918269230769231 0.7379807692307693 0.4519230769230769 0.6899038461538461 0.4519230769230769
0 0.5504807692307693 0.3942307692307692 0.5985576923076923 0.3942307692307692 0.5985576923076923 0.4495192307692308 0.5504807692307693 0.4495192307692308
0 0.27884615384615385 0.6177884615384616 0.32211538461538464 0.6177884615384616 0.32211538461538464 0.6754807692307693 0.27884615384615385 0.6754807692307693
0 0.22596153846153846 0.6177884615384616 0.27884615384615385 0.6177884615384616 0.27884615384615385 0.6754807692307693 0.22596153846153846 0.6754807692307693
0 0.19471153846153846 0.6201923076923077 0.23076923076923078 0.6201923076923077 0.23076923076923078 0.6778846153846154 0.19471153846153846 0.6778846153846154
5 0.2956730769230769 0.4543269230769231 0.3076923076923077 0.4543269230769231 0.3076923076923077 0.4807692307692308 0.2956730769230769 0.4807692307692308
5 0.25 0.4543269230769231 0.2620192307692308 0.4543269230769231 0.2620192307692308 0.47836538461538464 0.25 0.47836538461538464
5 0.2091346153846154 0.45913461538461536 0.22115384615384615 0.45913461538461536 0.22115384615384615 0.4831730769230769 0.2091346153846154 0.4831730769230769
4 0.5384615384615384 0.47115384615384615 0.7451923076923077 0.47115384615384615 0.7451923076923077 0.4855769230769231 0.5384615384615384 0.4855769230769231
12 0.1971153846153846 0.24519230769230768 0.9038461538461539 0.24519230769230768 0.9038461538461539 0.2548076923076923 0.1971153846153846 0.2548076923076923
22 0.3605769230769231 0.10576923076923077 0.7740384615384616 0.10576923076923077 0.7740384615384616 0.2548076923076923 0.3605769230769231 0.2548076923076923
12 0.1971153846153846 0.6658653846153846 0.9038461538461539 0.6658653846153846 0.9038461538461539 0.6754807692307693 0.1971153846153846 0.6754807692307693
12 0.1971153846153846 0.43990384615384615 0.9038461538461539 0.43990384615384615 0.9038461538461539 0.4495192307692308 0.1971153846153846 0.4495192307692308
12 0.1971153846153846 0.8221153846153846 0.9038461538461539 0.8221153846153846 0.9038461538461539 0.8317307692307693 0.1971153846153846 0.8317307692307693
15 0.1971153846153846 0.8317307692307693 0.9038461538461539 0.8317307692307693 0.9038461538461539 0.9975961538461539 0.1971153846153846 0.9975961538461539
11 0.1971153846153846 0.6754807692307693 0.9038461538461539 0.6754807692307693 0.9038461538461539 0.8317307692307693 0.1971153846153846 0.8317307692307693
11 0.1971153846153846 0.4519230769230769 0.9038461538461539 0.4519230769230769 0.9038461538461539 0.6754807692307693 0.1971153846153846 0.6754807692307693
11 0.1971153846153846 0.2548076923076923 0.9038461538461539 0.2548076923076923 0.9038461538461539 0.4495192307692308 0.1971153846153846 0.4495192307692308
19 0.20192307692307693 0.15625 0.3629807692307692 0.15625 0.3629807692307692 0.23076923076923078 0.20192307692307693 0.23076923076923078
19 0.3605769230769231 0.04807692307692308 0.7764423076923077 0.04807692307692308 0.7764423076923077 0.10576923076923077 0.3605769230769231 0.10576923076923077
19 0.7740384615384616 0.16826923076923078 0.9110576923076923 0.16826923076923078 0.9110576923076923 0.22115384615384615 0.7740384615384616 0.22115384615384615
2 0.18990384615384615 0.04807692307692308 0.9206730769230769 0.04807692307692308 0.9206730769230769 1 0.18990384615384615 1
10 0.1875 0.04807692307692308 0.9206730769230769 0.04807692307692308 0.9206730769230769 1 0.1875 1