23 0.5889423076923077 0.15384615384615385 0.6418269230769231 0.15384615384615385 0.6418269230769231 0.20192307692307693 0.5889423076923077 0.20192307692307693
23 0.35096153846153844 0.15384615384615385 0.40625 0.15384615384615385 0.40625 0.20192307692307693 0.35096153846153844 0.20192307692307693
8 0.09615384615384616 0.33413461538461536 0.1658653846153846 0.33413461538461536 0.1658653846153846 0.4326923076923077 0.09615384615384616 0.4326923076923077
8 0.34375 0.33413461538461536 0.41346153846153844 0.33413461538461536 0.41346153846153844 0.4326923076923077 0.34375 0.4326923076923077
8 0.4639423076923077 0.33413461538461536 0.5336538461538461 0.33413461538461536 0.5336538461538461 0.4326923076923077 0.4639423076923077 0.4326923076923077
8 0.8413461538461539 0.33653846153846156 0.9110576923076923 0.33653846153846156 0.9110576923076923 0.4326923076923077 0.8413461538461539 0.4326923076923077
8 0.5817307692307693 0.33653846153846156 0.6514423076923077 0.33653846153846156 0.6514423076923077 0.4326923076923077 0.5817307692307693 0.4326923076923077
8 0.8413461538461539 0.4951923076923077 0.9110576923076923 0.4951923076923077 0.9110576923076923 0.6129807692307693 0.8413461538461539 0.6129807692307693
8 0.09615384615384616 0.49278846153846156 0.1658653846153846 0.49278846153846156 0.1658653846153846 0.6105769230769231 0.09615384615384616 0.6105769230769231
8 0.34375 0.4951923076923077 0.41346153846153844 0.4951923076923077 0.41346153846153844 0.6129807692307693 0.34375 0.6129807692307693
8 0.4639423076923077 0.4951923076923077 0.5336538461538461 0.4951923076923077 0.5336538461538461 0.6129807692307693 0.4639423076923077 0.6129807692307693
8 0.5841346153846154 0.4951923076923077 0.6538461538461539 0.4951923076923077 0.6538461538461539 0.6129807692307693 0.5841346153846154 0.6129807692307693
8 0.0985576923076923 0.6490384615384616 0.16826923076923078 0.6490384615384616 0.16826923076923078 0.7620192307692307 0.0985576923076923 0.7620192307692307
8 0.8389423076923077 0.6514423076923077 0.9086538461538461 0.6514423076923077 0.9086538461538461 0.7620192307692307 0.8389423076923077 0.7620192307692307
8 0.5841346153846154 0.6514423076923077 0.6538461538461539 0.6514423076923077 0.6538461538461539 0.7644230769230769 0.5841346153846154 0.7644230769230769
8 0.4639423076923077 0.6514423076923077 0.5336538461538461 0.6514423076923077 0.5336538461538461 0.7644230769230769 0.4639423076923077 0.7644230769230769
8 0.34375 0.6514423076923077 0.41346153846153844 0.6514423076923077 0.41346153846153844 0.7620192307692307 0.34375 0.7620192307692307
8 0.8221153846153846 0.8509615384615384 0.9158653846153846 0.8509615384615384 0.9158653846153846 0.9423076923076923 0.8221153846153846 0.9423076923076923
8 0.08653846153846154 0.8509615384615384 0.18269230769230768 0.8509615384615384 0.18269230769230768 0.9399038461538461 0.08653846153846154 0.9399038461538461
8 0.5745192307692307 0.8509615384615384 0.6706730769230769 0.8509615384615384 0.6706730769230769 0.9519230769230769 0.5745192307692307 0.9519230769230769
8 0.3293269230769231 0.8509615384615384 0.4254807692307692 0.8509615384615384 0.4254807692307692 0.9519230769230769 0.3293269230769231 0.9519230769230769
5 0.21634615384615385 0.6514423076923077 0.2980769230769231 0.6514423076923077 0.2980769230769231 0.6706730769230769 0.21634615384615385 0.6706730769230769
5 0.7067307692307693 0.6538461538461539 0.7884615384615384 0.6538461538461539 0.7884615384615384 0.6730769230769231 0.7067307692307693 0.6730769230769231
4 0.3317307692307692 0.06009615384615385 0.6634615384615384 0.06009615384615385 0.6634615384615384 0.11778846153846154 0.3317307692307692 0.11778846153846154
4 0.19471153846153846 0.2668269230769231 0.3125 0.2668269230769231 0.3125 0.31490384615384615 0.19471153846153846 0.31490384615384615
4 0.6899038461538461 0.2668269230769231 0.8052884615384616 0.2668269230769231 0.8052884615384616 0.31490384615384615 0.6899038461538461 0.31490384615384615
0 0.8197115384615384 0.3942307692307692 0.9326923076923077 0.3942307692307692 0.9326923076923077 0.43990384615384615 0.8197115384615384 0.43990384615384615
0 0.07451923076923077 0.3918269230769231 0.1875 0.3918269230769231 0.1875 0.43990384615384615 0.07451923076923077 0.43990384615384615
0 0.07692307692307693 0.5721153846153846 0.9326923076923077 0.5721153846153846 0.9326923076923077 0.6201923076923077 0.07692307692307693 0.6201923076923077
0 0.04326923076923077 0.7235576923076923 0.9615384615384616 0.7235576923076923 0.9615384615384616 0.7716346153846154 0.04326923076923077 0.7716346153846154
23 0.8389423076923077 0.3004807692307692 0.9110576923076923 0.3004807692307692 0.9110576923076923 0.33653846153846156 0.8389423076923077 0.33653846153846156
23 0.09375 0.3004807692307692 0.16346153846153846 0.3004807692307692 0.16346153846153846 0.33413461538461536 0.09375 0.33413461538461536
23 0.34375 0.3004807692307692 0.41346153846153844 0.3004807692307692 0.41346153846153844 0.33413461538461536 0.34375 0.33413461538461536
23 0.46153846153846156 0.30288461538461536 0.5336538461538461 0.30288461538461536 0.5336538461538461 0.33653846153846156 0.46153846153846156 0.33653846153846156
23 0.5817307692307693 0.3004807692307692 0.6514423076923077 0.3004807692307692 0.6514423076923077 0.33653846153846156 0.5817307692307693 0.33653846153846156
0 0.03125 0.20192307692307693 0.3269230769230769 0.20192307692307693 0.3269230769230769 0.24278846153846154 0.03125 0.24278846153846154
0 0.6658653846153846 0.20192307692307693 0.9639423076923077 0.20192307692307693 0.9639423076923077 0.24278846153846154 0.6658653846153846 0.24278846153846154
17 0.9230769230769231 0.8028846153846154 0.9567307692307693 0.8028846153846154 0.9567307692307693 0.9615384615384616 0.9230769230769231 0.9615384615384616
17 0.18509615384615385 0.8028846153846154 0.22115384615384615 0.8028846153846154 0.22115384615384615 0.9615384615384616 0.18509615384615385 0.9615384615384616
17 0.5336538461538461 0.8028846153846154 0.5697115384615384 0.8028846153846154 0.5697115384615384 0.9615384615384616 0.5336538461538461 0.9615384615384616
17 0.6754807692307693 0.8028846153846154 0.7115384615384616 0.8028846153846154 0.7115384615384616 0.9615384615384616 0.6754807692307693 0.9615384615384616
17 0.78125 0.8028846153846154 0.8173076923076923 0.8028846153846154 0.8173076923076923 0.9615384615384616 0.78125 0.9615384615384616
17 0.42788461538461536 0.8028846153846154 0.4639423076923077 0.8028846153846154 0.4639423076923077 0.9615384615384616 0.42788461538461536 0.9615384615384616
17 0.29086538461538464 0.8028846153846154 0.3245192307692308 0.8028846153846154 0.3245192307692308 0.9615384615384616 0.29086538461538464 0.9615384615384616
17 0.04567307692307692 0.8028846153846154 0.08173076923076923 0.8028846153846154 0.08173076923076923 0.9615384615384616 0.04567307692307692 0.9615384615384616
23 0.8197115384615384 0.8149038461538461 0.9182692307692307 0.8149038461538461 0.9182692307692307 0.8509615384615384 0.8197115384615384 0.8509615384615384
23 0.08653846153846154 0.8125 0.18269230769230768 0.8125 0.18269230769230768 0.8509615384615384 0.08653846153846154 0.8509615384615384
23 0.3293269230769231 0.8125 0.4254807692307692 0.8125 0.4254807692307692 0.8509615384615384 0.3293269230769231 0.8509615384615384
16 0.014423076923076924 0.24278846153846154 0.9711538461538461 0.24278846153846154 0.9711538461538461 0.2620192307692308 0.014423076923076924 0.2620192307692308
5 0.23317307692307693 0.31490384615384615 0.27403846153846156 0.31490384615384615 0.27403846153846156 0.375 0.23317307692307693 0.375
5 0.7259615384615384 0.31490384615384615 0.7692307692307693 0.31490384615384615 0.7692307692307693 0.375 0.7259615384615384 0.375
23 0.8389423076923077 0.4639423076923077 0.9110576923076923 0.4639423076923077 0.9110576923076923 0.49278846153846156 0.8389423076923077 0.49278846153846156
23 0.5841346153846154 0.4639423076923077 0.6538461538461539 0.4639423076923077 0.6538461538461539 0.49278846153846156 0.5841346153846154 0.49278846153846156
23 0.34375 0.4639423076923077 0.41346153846153844 0.4639423076923077 0.41346153846153844 0.49278846153846156 0.34375 0.49278846153846156
23 0.34375 0.4639423076923077 0.41346153846153844 0.4639423076923077 0.41346153846153844 0.49278846153846156 0.34375 0.49278846153846156
23 0.4639423076923077 0.4639423076923077 0.5336538461538461 0.4639423076923077 0.5336538461538461 0.49278846153846156 0.4639423076923077 0.49278846153846156
5 0.7163461538461539 0.8125 0.7740384615384616 0.8125 0.7740384615384616 0.9230769230769231 0.7163461538461539 0.9230769230769231
5 0.22596153846153846 0.8125 0.28365384615384615 0.8125 0.28365384615384615 0.9230769230769231 0.22596153846153846 0.9230769230769231
5 0.46875 0.8125 0.5288461538461539 0.8125 0.5288461538461539 0.9230769230769231 0.46875 0.9230769230769231
4 0.4182692307692308 0.21875 0.5769230769230769 0.21875 0.5769230769230769 0.24759615384615385 0.4182692307692308 0.24759615384615385
19 0.055288461538461536 0.14182692307692307 0.2980769230769231 0.14182692307692307 0.2980769230769231 0.16826923076923078 0.055288461538461536 0.16826923076923078
19 0.6947115384615384 0.1346153846153846 0.9038461538461539 0.1346153846153846 0.9038461538461539 0.16346153846153846 0.6947115384615384 0.16346153846153846
12 0.04567307692307692 0.24278846153846154 0.9567307692307693 0.24278846153846154 0.9567307692307693 0.25240384615384615 0.04567307692307692 0.25240384615384615
11 0.04567307692307692 0.11538461538461539 0.9567307692307693 0.11538461538461539 0.9567307692307693 0.25240384615384615 0.04567307692307692 0.25240384615384615
12 0.04807692307692308 0.6129807692307693 0.9591346153846154 0.6129807692307693 0.9591346153846154 0.6225961538461539 0.04807692307692308 0.6225961538461539
12 0.04567307692307692 0.4326923076923077 0.9567307692307693 0.4326923076923077 0.9567307692307693 0.4423076923076923 0.04567307692307692 0.4423076923076923
12 0.04567307692307692 0.7932692307692307 0.9567307692307693 0.7932692307692307 0.9567307692307693 0.8028846153846154 0.04567307692307692 0.8028846153846154
15 0.04567307692307692 0.8028846153846154 0.9567307692307693 0.8028846153846154 0.9567307692307693 0.9615384615384616 0.04567307692307692 0.9615384615384616
11 0.04567307692307692 0.6225961538461539 0.9567307692307693 0.6225961538461539 0.9567307692307693 0.8028846153846154 0.04567307692307692 0.8028846153846154
11 0.04567307692307692 0.4326923076923077 0.9567307692307693 0.4326923076923077 0.9567307692307693 0.6225961538461539 0.04567307692307692 0.6225961538461539
11 0.04567307692307692 0.25240384615384615 0.9567307692307693 0.25240384615384615 0.9567307692307693 0.4423076923076923 0.04567307692307692 0.4423076923076923
21 0.5745192307692307 0.20192307692307693 0.65625 0.20192307692307693 0.65625 0.2091346153846154 0.5745192307692307 0.2091346153846154
21 0.33653846153846156 0.20192307692307693 0.4182692307692308 0.20192307692307693 0.4182692307692308 0.2091346153846154 0.33653846153846156 0.2091346153846154
10 0.014423076923076924 0.04567307692307692 0.9711538461538461 0.04567307692307692 0.9711538461538461 0.96875 0.014423076923076924 0.96875
23 0.5745192307692307 0.8149038461538461 0.6730769230769231 0.8149038461538461 0.6730769230769231 0.8509615384615384 0.5745192307692307 0.8509615384615384