8 0.41586538461538464 0.23076923076923078 0.4879807692307692 0.23076923076923078 0.4879807692307692 0.42788461538461536 0.41586538461538464 0.42788461538461536
8 0.16346153846153846 0.23317307692307693 0.23317307692307693 0.23317307692307693 0.23317307692307693 0.42788461538461536 0.16346153846153846 0.42788461538461536
0 0.41586538461538464 0.5480769230769231 0.49038461538461536 0.5480769230769231 0.49038461538461536 0.7692307692307693 0.41586538461538464 0.7692307692307693
0 0.16105769230769232 0.5480769230769231 0.23317307692307693 0.5480769230769231 0.23317307692307693 0.7668269230769231 0.16105769230769232 0.7668269230769231
23 0.16346153846153846 0.8293269230769231 0.23076923076923078 0.8293269230769231 0.23076923076923078 0.9615384615384616 0.16346153846153846 0.9615384615384616
23 0.28125 0.8293269230769231 0.35096153846153844 0.8293269230769231 0.35096153846153844 0.9639423076923077 0.28125 0.9639423076923077
23 0.4182692307692308 0.8293269230769231 0.4855769230769231 0.8293269230769231 0.4855769230769231 0.9134615384615384 0.4182692307692308 0.9134615384615384
23 0.5841346153846154 0.8509615384615384 0.6490384615384616 0.8509615384615384 0.6490384615384616 0.9350961538461539 0.5841346153846154 0.9350961538461539
23 0.7403846153846154 0.8533653846153846 0.8052884615384616 0.8533653846153846 0.8052884615384616 0.9350961538461539 0.7403846153846154 0.9350961538461539
23 0.6466346153846154 0.07211538461538461 0.7235576923076923 0.07211538461538461 0.7235576923076923 0.11057692307692307 0.6466346153846154 0.11057692307692307
5 0.2620192307692308 0.30288461538461536 0.3894230769230769 0.30288461538461536 0.3894230769230769 0.33653846153846156 0.2620192307692308 0.33653846153846156
23 0.41586538461538464 0.1778846153846154 0.4879807692307692 0.1778846153846154 0.4879807692307692 0.2283653846153846 0.41586538461538464 0.2283653846153846
23 0.16105769230769232 0.1778846153846154 0.23557692307692307 0.1778846153846154 0.23557692307692307 0.2283653846153846 0.16105769230769232 0.2283653846153846
23 0.16105769230769232 0.49278846153846156 0.23557692307692307 0.49278846153846156 0.23557692307692307 0.5456730769230769 0.16105769230769232 0.5456730769230769
23 0.41586538461538464 0.4951923076923077 0.49038461538461536 0.4951923076923077 0.49038461538461536 0.5480769230769231 0.41586538461538464 0.5480769230769231
23 0.7379807692307693 0.2692307692307692 0.8052884615384616 0.2692307692307692 0.8052884615384616 0.4543269230769231 0.7379807692307693 0.4543269230769231
23 0.5841346153846154 0.2668269230769231 0.6514423076923077 0.2668269230769231 0.6514423076923077 0.4519230769230769 0.5841346153846154 0.4519230769230769
23 0.6610576923076923 0.2668269230769231 0.7283653846153846 0.2668269230769231 0.7283653846153846 0.4519230769230769 0.6610576923076923 0.4519230769230769
23 0.6658653846153846 0.5625 0.7307692307692307 0.5625 0.7307692307692307 0.7932692307692307 0.6658653846153846 0.7932692307692307
23 0.5841346153846154 0.5625 0.6490384615384616 0.5625 0.6490384615384616 0.7932692307692307 0.5841346153846154 0.7932692307692307
17 0.7235576923076923 0.3076923076923077 0.7427884615384616 0.3076923076923077 0.7427884615384616 0.4519230769230769 0.7235576923076923 0.4519230769230769
17 0.6466346153846154 0.3076923076923077 0.6634615384615384 0.3076923076923077 0.6634615384615384 0.4519230769230769 0.6466346153846154 0.4519230769230769
17 0.8004807692307693 0.3076923076923077 0.8173076923076923 0.3076923076923077 0.8173076923076923 0.4543269230769231 0.8004807692307693 0.4543269230769231
17 0.5745192307692307 0.3076923076923077 0.5865384615384616 0.3076923076923077 0.5865384615384616 0.4519230769230769 0.5745192307692307 0.4519230769230769
17 0.6466346153846154 0.5985576923076923 0.6682692307692307 0.5985576923076923 0.6682692307692307 0.7932692307692307 0.6466346153846154 0.7932692307692307
17 0.7259615384615384 0.6009615384615384 0.7451923076923077 0.6009615384615384 0.7451923076923077 0.7932692307692307 0.7259615384615384 0.7932692307692307
17 0.5721153846153846 0.5985576923076923 0.5889423076923077 0.5985576923076923 0.5889423076923077 0.7908653846153846 0.5721153846153846 0.7908653846153846
16 0.08173076923076923 0.07451923076923077 0.5552884615384616 0.07451923076923077 0.5552884615384616 0.11298076923076923 0.08173076923076923 0.11298076923076923
16 0.5456730769230769 0.13701923076923078 0.8509615384615384 0.13701923076923078 0.8509615384615384 0.16826923076923078 0.5456730769230769 0.16826923076923078
4 0.5649038461538461 0.5288461538461539 0.75 0.5288461538461539 0.75 0.5456730769230769 0.5649038461538461 0.5456730769230769
21 0.5745192307692307 0.4519230769230769 0.8173076923076923 0.4519230769230769 0.8173076923076923 0.46634615384615385 0.5745192307692307 0.46634615384615385
21 0.5697115384615384 0.7908653846153846 0.7475961538461539 0.7908653846153846 0.7475961538461539 0.8028846153846154 0.5697115384615384 0.8028846153846154
0 0.14182692307692307 0.35336538461538464 0.24759615384615385 0.35336538461538464 0.24759615384615385 0.4375 0.14182692307692307 0.4375
0 0.39903846153846156 0.35096153846153844 0.5 0.35096153846153844 0.5 0.4375 0.39903846153846156 0.4375
0 0.14423076923076922 0.6995192307692307 0.25 0.6995192307692307 0.25 0.78125 0.14423076923076922 0.78125
0 0.39903846153846156 0.6971153846153846 0.5024038461538461 0.6971153846153846 0.5024038461538461 0.7788461538461539 0.39903846153846156 0.7788461538461539
11 0.09615384615384616 0.46875 0.5480769230769231 0.46875 0.5480769230769231 0.8052884615384616 0.09615384615384616 0.8052884615384616
12 0.5480769230769231 0.17548076923076922 0.8365384615384616 0.17548076923076922 0.8365384615384616 0.18990384615384615 0.5480769230769231 0.18990384615384615
12 0.09615384615384616 0.7932692307692307 0.5480769230769231 0.7932692307692307 0.5480769230769231 0.8076923076923077 0.09615384615384616 0.8076923076923077
22 0.6298076923076923 0.03125 0.7379807692307693 0.03125 0.7379807692307693 0.18990384615384615 0.6298076923076923 0.18990384615384615
12 0.5480769230769231 0.5 0.8365384615384616 0.5 0.8365384615384616 0.5144230769230769 0.5480769230769231 0.5144230769230769
12 0.09615384615384616 0.4543269230769231 0.5480769230769231 0.4543269230769231 0.5480769230769231 0.46875 0.09615384615384616 0.46875
11 0.09615384615384616 0.8076923076923077 0.5480769230769231 0.8076923076923077 0.5480769230769231 0.9759615384615384 0.09615384615384616 0.9759615384615384
22 0.09615384615384616 0.11298076923076923 0.5480769230769231 0.11298076923076923 0.5480769230769231 0.46875 0.09615384615384616 0.46875
12 0.09615384615384616 0.9735576923076923 0.8365384615384616 0.9735576923076923 0.8365384615384616 0.9903846153846154 0.09615384615384616 0.9903846153846154
11 0.5480769230769231 0.8461538461538461 0.8365384615384616 0.8461538461538461 0.8365384615384616 0.9735576923076923 0.5480769230769231 0.9735576923076923
11 0.5480769230769231 0.5144230769230769 0.8365384615384616 0.5144230769230769 0.8365384615384616 0.8461538461538461 0.5480769230769231 0.8461538461538461
11 0.5480769230769231 0.18990384615384615 0.8365384615384616 0.18990384615384615 0.8365384615384616 0.5144230769230769 0.5480769230769231 0.5144230769230769
2 0.08173076923076923 0 0.8509615384615384 0 0.8509615384615384 0.9735576923076923 0.08173076923076923 0.9735576923076923
10 0.08173076923076923 0.002403846153846154 0.8509615384615384 0.002403846153846154 0.8509615384615384 0.9759615384615384 0.08173076923076923 0.9759615384615384
12 0.5480769230769231 0.8317307692307693 0.8365384615384616 0.8317307692307693 0.8365384615384616 0.8461538461538461 0.5480769230769231 0.8461538461538461