23 0.19951923076923078 0.5504807692307693 0.28846153846153844 0.5504807692307693 0.28846153846153844 0.7067307692307693 0.19951923076923078 0.7067307692307693
23 0.7764423076923077 0.5480769230769231 0.8918269230769231 0.5480769230769231 0.8918269230769231 0.8052884615384616 0.7764423076923077 0.8052884615384616
4 0.18509615384615385 0.46634615384615385 0.2980769230769231 0.46634615384615385 0.2980769230769231 0.5480769230769231 0.18509615384615385 0.5480769230769231
4 0.7716346153846154 0.46875 0.9014423076923077 0.46875 0.9014423076923077 0.5480769230769231 0.7716346153846154 0.5480769230769231
23 0.40625 0.2668269230769231 0.5144230769230769 0.2668269230769231 0.5144230769230769 0.4326923076923077 0.40625 0.4326923076923077
8 0.37740384615384615 0.5649038461538461 0.5120192307692307 0.5649038461538461 0.5120192307692307 0.96875 0.37740384615384615 0.96875
8 0.5697115384615384 0.5504807692307693 0.7019230769230769 0.5504807692307693 0.7019230769230769 0.9735576923076923 0.5697115384615384 0.9735576923076923
19 0.026442307692307692 0.028846153846153848 0.9711538461538461 0.028846153846153848 0.9711538461538461 0.27163461538461536 0.026442307692307692 0.27163461538461536
2 0.026442307692307692 0 0.9711538461538461 0 0.9711538461538461 0.9831730769230769 0.026442307692307692 0.9831730769230769
15 0.08173076923076923 0.5216346153846154 0.9519230769230769 0.5216346153846154 0.9519230769230769 0.9855769230769231 0.08173076923076923 0.9855769230769231
12 0.08173076923076923 0.49759615384615385 0.9519230769230769 0.49759615384615385 0.9519230769230769 0.5216346153846154 0.08173076923076923 0.5216346153846154
22 0.08173076923076923 0.23798076923076922 0.9519230769230769 0.23798076923076922 0.9519230769230769 0.4951923076923077 0.08173076923076923 0.4951923076923077
10 0.08173076923076923 0.125 0.9519230769230769 0.125 0.9519230769230769 0.9831730769230769 0.08173076923076923 0.9831730769230769
7 0.7764423076923077 0.7764423076923077 0.9855769230769231 0.7764423076923077 0.9855769230769231 1 0.7764423076923077 1
7 0.8629807692307693 0.0985576923076923 0.9783653846153846 0.0985576923076923 0.9783653846153846 0.3076923076923077 0.8629807692307693 0.3076923076923077