23 0.8389423076923077 0.4206730769230769 0.9879807692307693 0.4206730769230769 0.9879807692307693 0.4879807692307692 0.8389423076923077 0.4879807692307692
23 0.8389423076923077 0.1778846153846154 0.9879807692307693 0.1778846153846154 0.9879807692307693 0.24278846153846154 0.8389423076923077 0.24278846153846154
23 0.8389423076923077 0.7572115384615384 0.9879807692307693 0.7572115384615384 0.9879807692307693 0.90625 0.8389423076923077 0.90625
23 0.07932692307692307 0.4206730769230769 0.2283653846153846 0.4206730769230769 0.2283653846153846 0.4879807692307692 0.07932692307692307 0.4879807692307692
23 0.07932692307692307 0.1778846153846154 0.2283653846153846 0.1778846153846154 0.2283653846153846 0.24278846153846154 0.07932692307692307 0.24278846153846154
23 0.07932692307692307 0.7572115384615384 0.2283653846153846 0.7572115384615384 0.2283653846153846 0.90625 0.07932692307692307 0.90625
23 0.3557692307692308 0.4206730769230769 0.5048076923076923 0.4206730769230769 0.5048076923076923 0.4879807692307692 0.3557692307692308 0.4879807692307692
23 0.3557692307692308 0.1778846153846154 0.5048076923076923 0.1778846153846154 0.5048076923076923 0.24278846153846154 0.3557692307692308 0.24278846153846154
23 0.3557692307692308 0.7572115384615384 0.5048076923076923 0.7572115384615384 0.5048076923076923 0.90625 0.3557692307692308 0.90625
23 0.5961538461538461 0.4206730769230769 0.7451923076923077 0.4206730769230769 0.7451923076923077 0.4879807692307692 0.5961538461538461 0.4879807692307692
23 0.5961538461538461 0.1778846153846154 0.7451923076923077 0.1778846153846154 0.7451923076923077 0.24278846153846154 0.5961538461538461 0.24278846153846154
23 0.5961538461538461 0.7572115384615384 0.7451923076923077 0.7572115384615384 0.7451923076923077 0.90625 0.5961538461538461 0.90625
23 0.8389423076923077 0.2548076923076923 0.9879807692307693 0.2548076923076923 0.9879807692307693 0.40625 0.8389423076923077 0.40625
23 0.07932692307692307 0.2548076923076923 0.2283653846153846 0.2548076923076923 0.2283653846153846 0.40625 0.07932692307692307 0.40625
23 0.3557692307692308 0.2548076923076923 0.5048076923076923 0.2548076923076923 0.5048076923076923 0.40625 0.3557692307692308 0.40625
23 0.5961538461538461 0.2548076923076923 0.7451923076923077 0.2548076923076923 0.7451923076923077 0.40625 0.5961538461538461 0.40625
12 0 0.96875 1 0.96875 1 1 0 1
12 0 0.5600961538461539 1 0.5600961538461539 1 0.5913461538461539 0 0.5913461538461539
11 0.002403846153846154 0.002403846153846154 1 0.002403846153846154 1 0.5600961538461539 0.002403846153846154 0.5600961538461539
11 0.002403846153846154 0.5889423076923077 1 0.5889423076923077 1 0.96875 0.002403846153846154 0.96875
2 0.002403846153846154 0.002403846153846154 1 0.002403846153846154 1 1 0.002403846153846154 1
10 0.002403846153846154 0.002403846153846154 1 0.002403846153846154 1 1 0.002403846153846154 1