23 0.7163461538461539 0.12740384615384615 0.7475961538461539 0.12740384615384615 0.7475961538461539 0.18028846153846154 0.7163461538461539 0.18028846153846154
23 0.25721153846153844 0.12740384615384615 0.29086538461538464 0.12740384615384615 0.29086538461538464 0.18028846153846154 0.25721153846153844 0.18028846153846154
23 0.34134615384615385 0.12740384615384615 0.375 0.12740384615384615 0.375 0.18028846153846154 0.34134615384615385 0.18028846153846154
23 0.44711538461538464 0.12740384615384615 0.4807692307692308 0.12740384615384615 0.4807692307692308 0.18028846153846154 0.44711538461538464 0.18028846153846154
23 0.4951923076923077 0.12740384615384615 0.5288461538461539 0.12740384615384615 0.5288461538461539 0.18028846153846154 0.4951923076923077 0.18028846153846154
23 0.5745192307692307 0.12740384615384615 0.6081730769230769 0.12740384615384615 0.6081730769230769 0.18028846153846154 0.5745192307692307 0.18028846153846154
23 0.6177884615384616 0.12740384615384615 0.6490384615384616 0.12740384615384615 0.6490384615384616 0.18028846153846154 0.6177884615384616 0.18028846153846154
23 0.44471153846153844 0.2644230769230769 0.4807692307692308 0.2644230769230769 0.4807692307692308 0.3581730769230769 0.44471153846153844 0.3581730769230769
23 0.7163461538461539 0.2644230769230769 0.7475961538461539 0.2644230769230769 0.7475961538461539 0.3581730769230769 0.7163461538461539 0.3581730769230769
23 0.6177884615384616 0.2644230769230769 0.6490384615384616 0.2644230769230769 0.6490384615384616 0.3581730769230769 0.6177884615384616 0.3581730769230769
23 0.25721153846153844 0.2620192307692308 0.29086538461538464 0.2620192307692308 0.29086538461538464 0.3581730769230769 0.25721153846153844 0.3581730769230769
23 0.3389423076923077 0.2620192307692308 0.37259615384615385 0.2620192307692308 0.37259615384615385 0.3581730769230769 0.3389423076923077 0.3581730769230769
23 0.44471153846153844 0.44471153846153844 0.47836538461538464 0.44471153846153844 0.47836538461538464 0.5408653846153846 0.44471153846153844 0.5408653846153846
23 0.25721153846153844 0.4423076923076923 0.29086538461538464 0.4423076923076923 0.29086538461538464 0.5360576923076923 0.25721153846153844 0.5360576923076923
23 0.3389423076923077 0.44471153846153844 0.37259615384615385 0.44471153846153844 0.37259615384615385 0.5384615384615384 0.3389423076923077 0.5384615384615384
23 0.6177884615384616 0.44471153846153844 0.6490384615384616 0.44471153846153844 0.6490384615384616 0.5384615384615384 0.6177884615384616 0.5384615384615384
23 0.7139423076923077 0.44471153846153844 0.7451923076923077 0.44471153846153844 0.7451923076923077 0.5408653846153846 0.7139423076923077 0.5408653846153846
23 0.7139423076923077 0.6081730769230769 0.7451923076923077 0.6081730769230769 0.7451923076923077 0.6778846153846154 0.7139423076923077 0.6778846153846154
23 0.25721153846153844 0.6081730769230769 0.29086538461538464 0.6081730769230769 0.29086538461538464 0.6754807692307693 0.25721153846153844 0.6754807692307693
23 0.6177884615384616 0.6081730769230769 0.6490384615384616 0.6081730769230769 0.6490384615384616 0.6778846153846154 0.6177884615384616 0.6778846153846154
23 0.44471153846153844 0.6105769230769231 0.47836538461538464 0.6105769230769231 0.47836538461538464 0.6778846153846154 0.44471153846153844 0.6778846153846154
23 0.3389423076923077 0.6081730769230769 0.37259615384615385 0.6081730769230769 0.37259615384615385 0.6778846153846154 0.3389423076923077 0.6778846153846154
23 0.25240384615384615 0.7451923076923077 0.2980769230769231 0.7451923076923077 0.2980769230769231 0.7788461538461539 0.25240384615384615 0.7788461538461539
23 0.3389423076923077 0.7475961538461539 0.37259615384615385 0.7475961538461539 0.37259615384615385 0.8221153846153846 0.3389423076923077 0.8221153846153846
23 0.4423076923076923 0.7451923076923077 0.47836538461538464 0.7451923076923077 0.47836538461538464 0.8221153846153846 0.4423076923076923 0.8221153846153846
23 0.49278846153846156 0.7475961538461539 0.5168269230769231 0.7475961538461539 0.5168269230769231 0.8221153846153846 0.49278846153846156 0.8221153846153846
23 0.5793269230769231 0.7475961538461539 0.6057692307692307 0.7475961538461539 0.6057692307692307 0.8245192307692307 0.5793269230769231 0.8245192307692307
23 0.6322115384615384 0.7740384615384616 0.65625 0.7740384615384616 0.65625 0.8245192307692307 0.6322115384615384 0.8245192307692307
23 0.6658653846153846 0.7716346153846154 0.6971153846153846 0.7716346153846154 0.6971153846153846 0.8028846153846154 0.6658653846153846 0.8028846153846154
23 0.7043269230769231 0.7740384615384616 0.7307692307692307 0.7740384615384616 0.7307692307692307 0.8245192307692307 0.7043269230769231 0.8245192307692307
8 0.6658653846153846 0.8076923076923077 0.6971153846153846 0.8076923076923077 0.6971153846153846 0.9086538461538461 0.6658653846153846 0.9086538461538461
23 0.5745192307692307 0.6105769230769231 0.6081730769230769 0.6105769230769231 0.6081730769230769 0.6995192307692307 0.5745192307692307 0.6995192307692307
23 0.49278846153846156 0.6105769230769231 0.5264423076923077 0.6105769230769231 0.5264423076923077 0.6995192307692307 0.49278846153846156 0.6995192307692307
23 0.5336538461538461 0.6105769230769231 0.5649038461538461 0.6105769230769231 0.5649038461538461 0.6995192307692307 0.5336538461538461 0.6995192307692307
8 0.49278846153846156 0.4519230769230769 0.5264423076923077 0.4519230769230769 0.5264423076923077 0.5769230769230769 0.49278846153846156 0.5769230769230769
8 0.5745192307692307 0.4519230769230769 0.6081730769230769 0.4519230769230769 0.6081730769230769 0.5793269230769231 0.5745192307692307 0.5793269230769231
0 0.4831730769230769 0.53125 0.6177884615384616 0.53125 0.6177884615384616 0.5865384615384616 0.4831730769230769 0.5865384615384616
23 0.4519230769230769 0.04326923076923077 0.47596153846153844 0.04326923076923077 0.47596153846153844 0.07211538461538461 0.4519230769230769 0.07211538461538461
23 0.5408653846153846 0.055288461538461536 0.5673076923076923 0.055288461538461536 0.5673076923076923 0.07932692307692307 0.5408653846153846 0.07932692307692307
8 0.7644230769230769 0.7836538461538461 0.8149038461538461 0.7836538461538461 0.8149038461538461 0.9086538461538461 0.7644230769230769 0.9086538461538461
8 0.8822115384615384 0.7860576923076923 0.9254807692307693 0.7860576923076923 0.9254807692307693 0.90625 0.8822115384615384 0.90625
23 0.7716346153846154 0.5625 0.8076923076923077 0.5625 0.8076923076923077 0.6634615384615384 0.7716346153846154 0.6634615384615384
23 0.8870192307692307 0.5649038461538461 0.9206730769230769 0.5649038461538461 0.9206730769230769 0.6658653846153846 0.8870192307692307 0.6658653846153846
23 0.7740384615384616 0.3942307692307692 0.8076923076923077 0.3942307692307692 0.8076923076923077 0.49278846153846156 0.7740384615384616 0.49278846153846156
23 0.8870192307692307 0.39663461538461536 0.9206730769230769 0.39663461538461536 0.9206730769230769 0.4951923076923077 0.8870192307692307 0.4951923076923077
23 0.5721153846153846 0.2620192307692308 0.6153846153846154 0.2620192307692308 0.6153846153846154 0.33653846153846156 0.5721153846153846 0.33653846153846156
23 0.4855769230769231 0.2620192307692308 0.5288461538461539 0.2620192307692308 0.5288461538461539 0.33653846153846156 0.4855769230769231 0.33653846153846156
23 0.5288461538461539 0.2620192307692308 0.5721153846153846 0.2620192307692308 0.5721153846153846 0.33653846153846156 0.5288461538461539 0.33653846153846156
23 0.7644230769230769 0.7379807692307693 0.8149038461538461 0.7379807692307693 0.8149038461538461 0.7836538461538461 0.7644230769230769 0.7836538461538461
23 0.8822115384615384 0.7355769230769231 0.9254807692307693 0.7355769230769231 0.9254807692307693 0.7860576923076923 0.8822115384615384 0.7860576923076923
21 0.7668269230769231 0.6634615384615384 0.8149038461538461 0.6634615384615384 0.8149038461538461 0.6778846153846154 0.7668269230769231 0.6778846153846154
21 0.8798076923076923 0.6658653846153846 0.9302884615384616 0.6658653846153846 0.9302884615384616 0.6778846153846154 0.8798076923076923 0.6778846153846154
21 0.8798076923076923 0.4951923076923077 0.9278846153846154 0.4951923076923077 0.9278846153846154 0.5096153846153846 0.8798076923076923 0.5096153846153846
21 0.7668269230769231 0.4951923076923077 0.8149038461538461 0.4951923076923077 0.8149038461538461 0.5096153846153846 0.7668269230769231 0.5096153846153846
4 0.7644230769230769 0.37740384615384615 0.8173076923076923 0.37740384615384615 0.8173076923076923 0.3870192307692308 0.7644230769230769 0.3870192307692308
4 0.8774038461538461 0.37740384615384615 0.9302884615384616 0.37740384615384615 0.9302884615384616 0.3894230769230769 0.8774038461538461 0.3894230769230769
4 0.875 0.5384615384615384 0.9350961538461539 0.5384615384615384 0.9350961538461539 0.5480769230769231 0.875 0.5480769230769231
4 0.7596153846153846 0.5384615384615384 0.8197115384615384 0.5384615384615384 0.8197115384615384 0.5480769230769231 0.7596153846153846 0.5480769230769231
21 0.4855769230769231 0.6995192307692307 0.6153846153846154 0.6995192307692307 0.6153846153846154 0.7115384615384616 0.4855769230769231 0.7115384615384616
8 0.5240384615384616 0.7740384615384616 0.5721153846153846 0.7740384615384616 0.5721153846153846 0.9014423076923077 0.5240384615384616 0.9014423076923077
8 0.38221153846153844 0.7740384615384616 0.43028846153846156 0.7740384615384616 0.43028846153846156 0.8942307692307693 0.38221153846153844 0.8942307692307693
5 0.5745192307692307 0.23557692307692307 0.6081730769230769 0.23557692307692307 0.6081730769230769 0.2548076923076923 0.5745192307692307 0.2548076923076923
5 0.49278846153846156 0.23557692307692307 0.5288461538461539 0.23557692307692307 0.5288461538461539 0.2548076923076923 0.49278846153846156 0.2548076923076923
5 0.5336538461538461 0.23557692307692307 0.5697115384615384 0.23557692307692307 0.5697115384615384 0.2548076923076923 0.5336538461538461 0.2548076923076923
4 0.4807692307692308 0.21875 0.6201923076923077 0.21875 0.6201923076923077 0.23076923076923078 0.4807692307692308 0.23076923076923078
21 0.4831730769230769 0.3918269230769231 0.6153846153846154 0.3918269230769231 0.6153846153846154 0.4182692307692308 0.4831730769230769 0.4182692307692308
5 0.5793269230769231 0.4230769230769231 0.6057692307692307 0.4230769230769231 0.6057692307692307 0.4495192307692308 0.5793269230769231 0.4495192307692308
5 0.49759615384615385 0.4230769230769231 0.5240384615384616 0.4230769230769231 0.5240384615384616 0.4495192307692308 0.49759615384615385 0.4495192307692308
21 0.4855769230769231 0.5793269230769231 0.6177884615384616 0.5793269230769231 0.6177884615384616 0.6033653846153846 0.4855769230769231 0.6033653846153846
16 0.7596153846153846 0.34615384615384615 0.9567307692307693 0.34615384615384615 0.9567307692307693 0.3605769230769231 0.7596153846153846 0.3605769230769231
16 0.21634615384615385 0.09134615384615384 0.7692307692307693 0.09134615384615384 0.7692307692307693 0.11298076923076923 0.21634615384615385 0.11298076923076923
16 0.7596153846153846 0.5048076923076923 0.9495192307692307 0.5048076923076923 0.9495192307692307 0.5192307692307693 0.7596153846153846 0.5192307692307693
19 0.7620192307692307 0.30528846153846156 0.9495192307692307 0.30528846153846156 0.9495192307692307 0.3485576923076923 0.7620192307692307 0.3485576923076923
22 0.22596153846153846 0.016826923076923076 0.7596153846153846 0.016826923076923076 0.7596153846153846 0.09615384615384616 0.22596153846153846 0.09615384615384616
12 0.22355769230769232 0.0985576923076923 0.7596153846153846 0.0985576923076923 0.7596153846153846 0.11057692307692307 0.22355769230769232 0.11057692307692307
22 0.4375 0.026442307692307692 0.5793269230769231 0.026442307692307692 0.5793269230769231 0.11057692307692307 0.4375 0.11057692307692307
12 0.2283653846153846 0.5793269230769231 0.7596153846153846 0.5793269230769231 0.7596153846153846 0.5913461538461539 0.2283653846153846 0.5913461538461539
12 0.2283653846153846 0.3942307692307692 0.7620192307692307 0.3942307692307692 0.7620192307692307 0.40625 0.2283653846153846 0.40625
22 0.7596153846153846 0.3605769230769231 0.9471153846153846 0.3605769230769231 0.9471153846153846 0.5192307692307693 0.7596153846153846 0.5192307692307693
15 0.2283653846153846 0.7235576923076923 0.7596153846153846 0.7235576923076923 0.7596153846153846 0.9086538461538461 0.2283653846153846 0.9086538461538461
11 0.2283653846153846 0.5913461538461539 0.7596153846153846 0.5913461538461539 0.7596153846153846 0.7235576923076923 0.2283653846153846 0.7235576923076923
11 0.2283653846153846 0.40384615384615385 0.7596153846153846 0.40384615384615385 0.7596153846153846 0.5913461538461539 0.2283653846153846 0.5913461538461539
11 0.22355769230769232 0.23076923076923078 0.7620192307692307 0.23076923076923078 0.7620192307692307 0.40384615384615385 0.22355769230769232 0.40384615384615385
12 0.22355769230769232 0.21875 0.7620192307692307 0.21875 0.7620192307692307 0.23076923076923078 0.22355769230769232 0.23076923076923078
11 0.22355769230769232 0.11057692307692307 0.7620192307692307 0.11057692307692307 0.7620192307692307 0.23076923076923078 0.22355769230769232 0.23076923076923078
12 0.2283653846153846 0.7115384615384616 0.7596153846153846 0.7115384615384616 0.7596153846153846 0.7235576923076923 0.2283653846153846 0.7235576923076923
16 0.7596153846153846 0.6754807692307693 0.9471153846153846 0.6754807692307693 0.9471153846153846 0.6899038461538461 0.7596153846153846 0.6899038461538461
12 0.7596153846153846 0.5096153846153846 0.9471153846153846 0.5096153846153846 0.9471153846153846 0.5192307692307693 0.7596153846153846 0.5192307692307693
12 0.7596153846153846 0.6778846153846154 0.9471153846153846 0.6778846153846154 0.9471153846153846 0.6875 0.7596153846153846 0.6875
15 0.7596153846153846 0.6899038461538461 0.9471153846153846 0.6899038461538461 0.9471153846153846 0.9086538461538461 0.7596153846153846 0.9086538461538461
11 0.7596153846153846 0.5192307692307693 0.9471153846153846 0.5192307692307693 0.9471153846153846 0.6875 0.7596153846153846 0.6875
2 0.21634615384615385 0 0.9567307692307693 0 0.9567307692307693 0.9086538461538461 0.21634615384615385 0.9086538461538461
10 0.21634615384615385 0 0.9567307692307693 0 0.9567307692307693 0.9086538461538461 0.21634615384615385 0.9086538461538461
8 0.25240384615384615 0.7908653846153846 0.2956730769230769 0.7908653846153846 0.2956730769230769 0.9014423076923077 0.25240384615384615 0.9014423076923077