16 0.6346153846153846 0.31490384615384615 1 0.31490384615384615 1 0.34134615384615385 0.6346153846153846 0.34134615384615385
16 0.02403846153846154 0.2764423076923077 0.6322115384615384 0.2764423076923077 0.6322115384615384 0.30288461538461536 0.02403846153846154 0.30288461538461536
23 0.9182692307692307 0.41586538461538464 1 0.41586538461538464 1 0.5913461538461539 0.9182692307692307 0.5913461538461539
23 0.49278846153846156 0.375 0.5625 0.375 0.5625 0.5961538461538461 0.49278846153846156 0.5961538461538461
23 0.09134615384615384 0.7043269230769231 0.1778846153846154 0.7043269230769231 0.1778846153846154 0.9399038461538461 0.09134615384615384 0.9399038461538461
23 0.10096153846153846 0.375 0.16826923076923078 0.375 0.16826923076923078 0.5961538461538461 0.10096153846153846 0.5961538461538461
23 0.29086538461538464 0.7019230769230769 0.37740384615384615 0.7019230769230769 0.37740384615384615 0.9375 0.29086538461538464 0.9375
23 0.2980769230769231 0.375 0.36778846153846156 0.375 0.36778846153846156 0.5961538461538461 0.2980769230769231 0.5961538461538461
23 0.4855769230769231 0.7019230769230769 0.5721153846153846 0.7019230769230769 0.5721153846153846 0.9375 0.4855769230769231 0.9375
23 0.7331730769230769 0.41586538461538464 0.8197115384615384 0.41586538461538464 0.8197115384615384 0.5889423076923077 0.7331730769230769 0.5889423076923077
23 0.9182692307692307 0.7019230769230769 1 0.7019230769230769 1 0.9519230769230769 0.9182692307692307 0.9519230769230769
23 0.2980769230769231 0.10817307692307693 0.3701923076923077 0.10817307692307693 0.3701923076923077 0.25240384615384615 0.2980769230769231 0.25240384615384615
23 0.49278846153846156 0.10817307692307693 0.5649038461538461 0.10817307692307693 0.5649038461538461 0.25240384615384615 0.49278846153846156 0.25240384615384615
23 0.9326923076923077 0.125 1 0.125 1 0.2932692307692308 0.9326923076923077 0.2932692307692308
4 0.9158653846153846 0.0985576923076923 1 0.0985576923076923 1 0.17307692307692307 0.9158653846153846 0.17307692307692307
23 0.09615384615384616 0.10817307692307693 0.16826923076923078 0.10817307692307693 0.16826923076923078 0.25240384615384615 0.09615384615384616 0.25240384615384615
4 0.47115384615384615 0.07932692307692307 0.5865384615384616 0.07932692307692307 0.5865384615384616 0.1201923076923077 0.47115384615384615 0.1201923076923077
4 0.07451923076923077 0.07932692307692307 0.18990384615384615 0.07932692307692307 0.18990384615384615 0.1201923076923077 0.07451923076923077 0.1201923076923077
4 0.27403846153846156 0.07932692307692307 0.3918269230769231 0.07932692307692307 0.3918269230769231 0.1201923076923077 0.27403846153846156 0.1201923076923077
23 0.7427884615384616 0.12740384615384615 0.8100961538461539 0.12740384615384615 0.8100961538461539 0.2956730769230769 0.7427884615384616 0.2956730769230769
4 0.7259615384615384 0.10096153846153846 0.8269230769230769 0.10096153846153846 0.8269230769230769 0.17307692307692307 0.7259615384615384 0.17307692307692307
4 0.8990384615384616 0.6418269230769231 1 0.6418269230769231 1 0.6610576923076923 0.8990384615384616 0.6610576923076923
4 0.2548076923076923 0.9663461538461539 0.40865384615384615 0.9663461538461539 0.40865384615384615 0.9855769230769231 0.2548076923076923 0.9855769230769231
4 0.057692307692307696 0.9663461538461539 0.21153846153846154 0.9663461538461539 0.21153846153846154 0.9855769230769231 0.057692307692307696 0.9855769230769231
4 0.4495192307692308 0.9663461538461539 0.6033653846153846 0.9663461538461539 0.6033653846153846 0.9855769230769231 0.4495192307692308 0.9855769230769231
4 0.8942307692307693 0.9903846153846154 1 0.9903846153846154 1 1 0.8942307692307693 1
23 0.7307692307692307 0.7019230769230769 0.8173076923076923 0.7019230769230769 0.8173076923076923 0.9495192307692307 0.7307692307692307 0.9495192307692307
4 0.2548076923076923 0.6129807692307693 0.4110576923076923 0.6129807692307693 0.4110576923076923 0.6298076923076923 0.2548076923076923 0.6298076923076923
4 0.055288461538461536 0.6129807692307693 0.21153846153846154 0.6129807692307693 0.21153846153846154 0.6298076923076923 0.055288461538461536 0.6298076923076923
4 0.4519230769230769 0.6129807692307693 0.6081730769230769 0.6129807692307693 0.6081730769230769 0.6298076923076923 0.4519230769230769 0.6298076923076923
16 0.47115384615384615 0.6346153846153846 0.5865384615384616 0.6346153846153846 0.5865384615384616 0.6730769230769231 0.47115384615384615 0.6730769230769231
16 0.07692307692307693 0.6346153846153846 0.19230769230769232 0.6346153846153846 0.19230769230769232 0.6730769230769231 0.07692307692307693 0.6730769230769231
16 0.27403846153846156 0.6346153846153846 0.3918269230769231 0.6346153846153846 0.3918269230769231 0.6730769230769231 0.27403846153846156 0.6730769230769231
4 0.7043269230769231 0.9879807692307693 0.84375 0.9879807692307693 0.84375 1 0.7043269230769231 1
4 0.7091346153846154 0.6418269230769231 0.8413461538461539 0.6418269230769231 0.8413461538461539 0.6634615384615384 0.7091346153846154 0.6634615384615384
2 0 0.007211538461538462 1 0.007211538461538462 1 1 0 1
12 0.002403846153846154 0.31490384615384615 1 0.31490384615384615 1 0.34134615384615385 0.002403846153846154 0.34134615384615385
12 0.002403846153846154 0.9567307692307693 1 0.9567307692307693 1 0.9831730769230769 0.002403846153846154 0.9831730769230769
12 0.002403846153846154 0.5961538461538461 1 0.5961538461538461 1 0.6225961538461539 0.002403846153846154 0.6225961538461539
22 0.002403846153846154 0.026442307692307692 1 0.026442307692307692 1 0.31490384615384615 0.002403846153846154 0.31490384615384615
11 0.002403846153846154 0.625 1 0.625 1 0.9567307692307693 0.002403846153846154 0.9567307692307693
11 0.002403846153846154 0.34375 1 0.34375 1 0.5961538461538461 0.002403846153846154 0.5961538461538461
19 0 0.007211538461538462 0.9975961538461539 0.007211538461538462 0.9975961538461539 0.3173076923076923 0 0.3173076923076923
10 0 0.007211538461538462 0.9975961538461539 0.007211538461538462 0.9975961538461539 0.9975961538461539 0 0.9975961538461539