23 0.90625 0.8076923076923077 0.9543269230769231 0.8076923076923077 0.9543269230769231 0.8822115384615384 0.90625 0.8822115384615384
23 0.90625 0.13701923076923078 0.9543269230769231 0.13701923076923078 0.9543269230769231 0.21153846153846154 0.90625 0.21153846153846154
23 0.90625 0.22115384615384615 0.9543269230769231 0.22115384615384615 0.9543269230769231 0.2956730769230769 0.90625 0.2956730769230769
23 0.90625 0.3894230769230769 0.9543269230769231 0.3894230769230769 0.9543269230769231 0.4639423076923077 0.90625 0.4639423076923077
23 0.90625 0.47115384615384615 0.9543269230769231 0.47115384615384615 0.9543269230769231 0.5456730769230769 0.90625 0.5456730769230769
23 0.90625 0.5552884615384616 0.9543269230769231 0.5552884615384616 0.9543269230769231 0.6298076923076923 0.90625 0.6298076923076923
23 0.90625 0.6394230769230769 0.9543269230769231 0.6394230769230769 0.9543269230769231 0.7139423076923077 0.90625 0.7139423076923077
23 0.90625 0.7235576923076923 0.9543269230769231 0.7235576923076923 0.9543269230769231 0.7980769230769231 0.90625 0.7980769230769231
23 0.04567307692307692 0.8076923076923077 0.09375 0.8076923076923077 0.09375 0.8822115384615384 0.04567307692307692 0.8822115384615384
23 0.04567307692307692 0.13701923076923078 0.09375 0.13701923076923078 0.09375 0.21153846153846154 0.04567307692307692 0.21153846153846154
23 0.04567307692307692 0.22115384615384615 0.09375 0.22115384615384615 0.09375 0.2956730769230769 0.04567307692307692 0.2956730769230769
23 0.04567307692307692 0.3894230769230769 0.09375 0.3894230769230769 0.09375 0.4639423076923077 0.04567307692307692 0.4639423076923077
23 0.04567307692307692 0.47115384615384615 0.09375 0.47115384615384615 0.09375 0.5456730769230769 0.04567307692307692 0.5456730769230769
23 0.04567307692307692 0.5552884615384616 0.09375 0.5552884615384616 0.09375 0.6298076923076923 0.04567307692307692 0.6298076923076923
23 0.04567307692307692 0.6394230769230769 0.09375 0.6394230769230769 0.09375 0.7139423076923077 0.04567307692307692 0.7139423076923077
23 0.04567307692307692 0.7235576923076923 0.09375 0.7235576923076923 0.09375 0.7980769230769231 0.04567307692307692 0.7980769230769231
23 0.15384615384615385 0.8076923076923077 0.20192307692307693 0.8076923076923077 0.20192307692307693 0.8822115384615384 0.15384615384615385 0.8822115384615384
23 0.15384615384615385 0.13701923076923078 0.20192307692307693 0.13701923076923078 0.20192307692307693 0.21153846153846154 0.15384615384615385 0.21153846153846154
23 0.15384615384615385 0.22115384615384615 0.20192307692307693 0.22115384615384615 0.20192307692307693 0.2956730769230769 0.15384615384615385 0.2956730769230769
23 0.15384615384615385 0.3894230769230769 0.20192307692307693 0.3894230769230769 0.20192307692307693 0.4639423076923077 0.15384615384615385 0.4639423076923077
23 0.15384615384615385 0.47115384615384615 0.20192307692307693 0.47115384615384615 0.20192307692307693 0.5456730769230769 0.15384615384615385 0.5456730769230769
23 0.15384615384615385 0.5552884615384616 0.20192307692307693 0.5552884615384616 0.20192307692307693 0.6298076923076923 0.15384615384615385 0.6298076923076923
23 0.15384615384615385 0.6394230769230769 0.20192307692307693 0.6394230769230769 0.20192307692307693 0.7139423076923077 0.15384615384615385 0.7139423076923077
23 0.15384615384615385 0.7235576923076923 0.20192307692307693 0.7235576923076923 0.20192307692307693 0.7980769230769231 0.15384615384615385 0.7980769230769231
23 0.25961538461538464 0.8076923076923077 0.3076923076923077 0.8076923076923077 0.3076923076923077 0.8822115384615384 0.25961538461538464 0.8822115384615384
23 0.25961538461538464 0.13701923076923078 0.3076923076923077 0.13701923076923078 0.3076923076923077 0.21153846153846154 0.25961538461538464 0.21153846153846154
23 0.25961538461538464 0.22115384615384615 0.3076923076923077 0.22115384615384615 0.3076923076923077 0.2956730769230769 0.25961538461538464 0.2956730769230769
23 0.25961538461538464 0.3894230769230769 0.3076923076923077 0.3894230769230769 0.3076923076923077 0.4639423076923077 0.25961538461538464 0.4639423076923077
23 0.25961538461538464 0.47115384615384615 0.3076923076923077 0.47115384615384615 0.3076923076923077 0.5456730769230769 0.25961538461538464 0.5456730769230769
23 0.25961538461538464 0.5552884615384616 0.3076923076923077 0.5552884615384616 0.3076923076923077 0.6298076923076923 0.25961538461538464 0.6298076923076923
23 0.25961538461538464 0.6394230769230769 0.3076923076923077 0.6394230769230769 0.3076923076923077 0.7139423076923077 0.25961538461538464 0.7139423076923077
23 0.25961538461538464 0.7235576923076923 0.3076923076923077 0.7235576923076923 0.3076923076923077 0.7980769230769231 0.25961538461538464 0.7980769230769231
23 0.36778846153846156 0.8076923076923077 0.41586538461538464 0.8076923076923077 0.41586538461538464 0.8822115384615384 0.36778846153846156 0.8822115384615384
23 0.36778846153846156 0.13701923076923078 0.41586538461538464 0.13701923076923078 0.41586538461538464 0.21153846153846154 0.36778846153846156 0.21153846153846154
23 0.36778846153846156 0.22115384615384615 0.41586538461538464 0.22115384615384615 0.41586538461538464 0.2956730769230769 0.36778846153846156 0.2956730769230769
23 0.36778846153846156 0.3894230769230769 0.41586538461538464 0.3894230769230769 0.41586538461538464 0.4639423076923077 0.36778846153846156 0.4639423076923077
23 0.36778846153846156 0.47115384615384615 0.41586538461538464 0.47115384615384615 0.41586538461538464 0.5456730769230769 0.36778846153846156 0.5456730769230769
23 0.36778846153846156 0.5552884615384616 0.41586538461538464 0.5552884615384616 0.41586538461538464 0.6298076923076923 0.36778846153846156 0.6298076923076923
23 0.36778846153846156 0.6394230769230769 0.41586538461538464 0.6394230769230769 0.41586538461538464 0.7139423076923077 0.36778846153846156 0.7139423076923077
23 0.36778846153846156 0.7235576923076923 0.41586538461538464 0.7235576923076923 0.41586538461538464 0.7980769230769231 0.36778846153846156 0.7980769230769231
23 0.47596153846153844 0.8076923076923077 0.5240384615384616 0.8076923076923077 0.5240384615384616 0.8822115384615384 0.47596153846153844 0.8822115384615384
23 0.47596153846153844 0.13701923076923078 0.5240384615384616 0.13701923076923078 0.5240384615384616 0.21153846153846154 0.47596153846153844 0.21153846153846154
23 0.47596153846153844 0.22115384615384615 0.5240384615384616 0.22115384615384615 0.5240384615384616 0.2956730769230769 0.47596153846153844 0.2956730769230769
23 0.47596153846153844 0.3894230769230769 0.5240384615384616 0.3894230769230769 0.5240384615384616 0.4639423076923077 0.47596153846153844 0.4639423076923077
23 0.47596153846153844 0.47115384615384615 0.5240384615384616 0.47115384615384615 0.5240384615384616 0.5456730769230769 0.47596153846153844 0.5456730769230769
23 0.47596153846153844 0.5552884615384616 0.5240384615384616 0.5552884615384616 0.5240384615384616 0.6298076923076923 0.47596153846153844 0.6298076923076923
23 0.47596153846153844 0.6394230769230769 0.5240384615384616 0.6394230769230769 0.5240384615384616 0.7139423076923077 0.47596153846153844 0.7139423076923077
23 0.47596153846153844 0.7235576923076923 0.5240384615384616 0.7235576923076923 0.5240384615384616 0.7980769230769231 0.47596153846153844 0.7980769230769231
23 0.5841346153846154 0.8076923076923077 0.6322115384615384 0.8076923076923077 0.6322115384615384 0.8822115384615384 0.5841346153846154 0.8822115384615384
23 0.5841346153846154 0.13701923076923078 0.6322115384615384 0.13701923076923078 0.6322115384615384 0.21153846153846154 0.5841346153846154 0.21153846153846154
23 0.5841346153846154 0.22115384615384615 0.6322115384615384 0.22115384615384615 0.6322115384615384 0.2956730769230769 0.5841346153846154 0.2956730769230769
23 0.5841346153846154 0.3894230769230769 0.6322115384615384 0.3894230769230769 0.6322115384615384 0.4639423076923077 0.5841346153846154 0.4639423076923077
23 0.5841346153846154 0.47115384615384615 0.6322115384615384 0.47115384615384615 0.6322115384615384 0.5456730769230769 0.5841346153846154 0.5456730769230769
23 0.5841346153846154 0.5552884615384616 0.6322115384615384 0.5552884615384616 0.6322115384615384 0.6298076923076923 0.5841346153846154 0.6298076923076923
23 0.5841346153846154 0.6394230769230769 0.6322115384615384 0.6394230769230769 0.6322115384615384 0.7139423076923077 0.5841346153846154 0.7139423076923077
23 0.5841346153846154 0.7235576923076923 0.6322115384615384 0.7235576923076923 0.6322115384615384 0.7980769230769231 0.5841346153846154 0.7980769230769231
23 0.6923076923076923 0.8076923076923077 0.7403846153846154 0.8076923076923077 0.7403846153846154 0.8822115384615384 0.6923076923076923 0.8822115384615384
23 0.6923076923076923 0.13701923076923078 0.7403846153846154 0.13701923076923078 0.7403846153846154 0.21153846153846154 0.6923076923076923 0.21153846153846154
23 0.6923076923076923 0.22115384615384615 0.7403846153846154 0.22115384615384615 0.7403846153846154 0.2956730769230769 0.6923076923076923 0.2956730769230769
23 0.6923076923076923 0.3894230769230769 0.7403846153846154 0.3894230769230769 0.7403846153846154 0.4639423076923077 0.6923076923076923 0.4639423076923077
23 0.6923076923076923 0.47115384615384615 0.7403846153846154 0.47115384615384615 0.7403846153846154 0.5456730769230769 0.6923076923076923 0.5456730769230769
23 0.6923076923076923 0.5552884615384616 0.7403846153846154 0.5552884615384616 0.7403846153846154 0.6298076923076923 0.6923076923076923 0.6298076923076923
23 0.6923076923076923 0.6394230769230769 0.7403846153846154 0.6394230769230769 0.7403846153846154 0.7139423076923077 0.6923076923076923 0.7139423076923077
23 0.6923076923076923 0.7235576923076923 0.7403846153846154 0.7235576923076923 0.7403846153846154 0.7980769230769231 0.6923076923076923 0.7980769230769231
23 0.8004807692307693 0.8076923076923077 0.8485576923076923 0.8076923076923077 0.8485576923076923 0.8822115384615384 0.8004807692307693 0.8822115384615384
23 0.8004807692307693 0.13701923076923078 0.8485576923076923 0.13701923076923078 0.8485576923076923 0.21153846153846154 0.8004807692307693 0.21153846153846154
23 0.8004807692307693 0.22115384615384615 0.8485576923076923 0.22115384615384615 0.8485576923076923 0.2956730769230769 0.8004807692307693 0.2956730769230769
23 0.8004807692307693 0.3894230769230769 0.8485576923076923 0.3894230769230769 0.8485576923076923 0.4639423076923077 0.8004807692307693 0.4639423076923077
23 0.8004807692307693 0.47115384615384615 0.8485576923076923 0.47115384615384615 0.8485576923076923 0.5456730769230769 0.8004807692307693 0.5456730769230769
23 0.8004807692307693 0.5552884615384616 0.8485576923076923 0.5552884615384616 0.8485576923076923 0.6298076923076923 0.8004807692307693 0.6298076923076923
23 0.8004807692307693 0.6394230769230769 0.8485576923076923 0.6394230769230769 0.8485576923076923 0.7139423076923077 0.8004807692307693 0.7139423076923077
23 0.8004807692307693 0.7235576923076923 0.8485576923076923 0.7235576923076923 0.8485576923076923 0.7980769230769231 0.8004807692307693 0.7980769230769231
23 0.8942307692307693 0.10817307692307693 0.9711538461538461 0.10817307692307693 0.9711538461538461 0.8966346153846154 0.8942307692307693 0.8966346153846154
23 0.026442307692307692 0.10817307692307693 0.10336538461538461 0.10817307692307693 0.10336538461538461 0.8966346153846154 0.026442307692307692 0.8966346153846154
23 0.1346153846153846 0.10817307692307693 0.21153846153846154 0.10817307692307693 0.21153846153846154 0.8966346153846154 0.1346153846153846 0.8966346153846154
23 0.24278846153846154 0.10817307692307693 0.31971153846153844 0.10817307692307693 0.31971153846153844 0.8966346153846154 0.24278846153846154 0.8966346153846154
23 0.35096153846153844 0.10817307692307693 0.42788461538461536 0.10817307692307693 0.42788461538461536 0.8966346153846154 0.35096153846153844 0.8966346153846154
23 0.46153846153846156 0.10817307692307693 0.5360576923076923 0.10817307692307693 0.5360576923076923 0.8966346153846154 0.46153846153846156 0.8966346153846154
23 0.5697115384615384 0.10817307692307693 0.6442307692307693 0.10817307692307693 0.6442307692307693 0.8966346153846154 0.5697115384615384 0.8966346153846154
23 0.6778846153846154 0.10817307692307693 0.7524038461538461 0.10817307692307693 0.7524038461538461 0.8966346153846154 0.6778846153846154 0.8966346153846154
23 0.7860576923076923 0.10817307692307693 0.8605769230769231 0.10817307692307693 0.8605769230769231 0.8966346153846154 0.7860576923076923 0.8966346153846154
5 0.8774038461538461 0.9447115384615384 1 0.9447115384615384 1 1 0.8774038461538461 1
12 0.002403846153846154 0.30528846153846156 0.9975961538461539 0.30528846153846156 0.9975961538461539 0.3173076923076923 0.002403846153846154 0.3173076923076923
12 0.002403846153846154 0.7740384615384616 0.9975961538461539 0.7740384615384616 0.9975961538461539 0.7860576923076923 0.002403846153846154 0.7860576923076923
12 0.002403846153846154 0.5192307692307693 0.9975961538461539 0.5192307692307693 0.9975961538461539 0.53125 0.002403846153846154 0.53125
11 0.002403846153846154 0 0.9975961538461539 0 0.9975961538461539 0.30528846153846156 0.002403846153846154 0.30528846153846156
11 0.002403846153846154 0.7860576923076923 0.9975961538461539 0.7860576923076923 0.9975961538461539 0.9975961538461539 0.002403846153846154 0.9975961538461539
11 0.002403846153846154 0.53125 0.9975961538461539 0.53125 0.9975961538461539 0.7740384615384616 0.002403846153846154 0.7740384615384616
11 0.002403846153846154 0.3173076923076923 0.9975961538461539 0.3173076923076923 0.9975961538461539 0.5216346153846154 0.002403846153846154 0.5216346153846154
2 0 0 0.9975961538461539 0 0.9975961538461539 0.9975961538461539 0 0.9975961538461539
10 0 0 0.9975961538461539 0 0.9975961538461539 0.9975961538461539 0 0.9975961538461539