23 0.40865384615384615 0.3076923076923077 0.47115384615384615 0.3076923076923077 0.47115384615384615 0.4326923076923077 0.40865384615384615 0.4326923076923077
23 0.12259615384615384 0.3076923076923077 0.18269230769230768 0.3076923076923077 0.18269230769230768 0.4326923076923077 0.12259615384615384 0.4326923076923077
23 0.2644230769230769 0.3076923076923077 0.3269230769230769 0.3076923076923077 0.3269230769230769 0.4326923076923077 0.2644230769230769 0.4326923076923077
23 0.5504807692307693 0.3076923076923077 0.6129807692307693 0.3076923076923077 0.6129807692307693 0.4326923076923077 0.5504807692307693 0.4326923076923077
23 0.6947115384615384 0.3076923076923077 0.7548076923076923 0.3076923076923077 0.7548076923076923 0.43509615384615385 0.6947115384615384 0.43509615384615385
23 0.8389423076923077 0.3076923076923077 0.9014423076923077 0.3076923076923077 0.9014423076923077 0.4326923076923077 0.8389423076923077 0.4326923076923077
23 0.12259615384615384 0.5504807692307693 0.18509615384615385 0.5504807692307693 0.18509615384615385 0.6899038461538461 0.12259615384615384 0.6899038461538461
23 0.2644230769230769 0.5504807692307693 0.3269230769230769 0.5504807692307693 0.3269230769230769 0.6923076923076923 0.2644230769230769 0.6923076923076923
23 0.40865384615384615 0.5504807692307693 0.46875 0.5504807692307693 0.46875 0.6923076923076923 0.40865384615384615 0.6923076923076923
23 0.5504807692307693 0.5504807692307693 0.6105769230769231 0.5504807692307693 0.6105769230769231 0.6899038461538461 0.5504807692307693 0.6899038461538461
23 0.6923076923076923 0.5504807692307693 0.7524038461538461 0.5504807692307693 0.7524038461538461 0.6923076923076923 0.6923076923076923 0.6923076923076923
23 0.8365384615384616 0.5504807692307693 0.8966346153846154 0.5504807692307693 0.8966346153846154 0.6923076923076923 0.8365384615384616 0.6923076923076923
8 0.6658653846153846 0.8076923076923077 0.7451923076923077 0.8076923076923077 0.7451923076923077 1 0.6658653846153846 1
8 0.5288461538461539 0.8076923076923077 0.6586538461538461 0.8076923076923077 0.6586538461538461 1 0.5288461538461539 1
23 0.40625 0.8028846153846154 0.47115384615384615 0.8028846153846154 0.47115384615384615 0.9447115384615384 0.40625 0.9447115384615384
1 0.40625 0.8028846153846154 0.47115384615384615 0.8028846153846154 0.47115384615384615 0.9447115384615384 0.40625 0.9447115384615384
23 0.2644230769230769 0.8028846153846154 0.3293269230769231 0.8028846153846154 0.3293269230769231 0.9447115384615384 0.2644230769230769 0.9447115384615384
1 0.2644230769230769 0.8028846153846154 0.3293269230769231 0.8028846153846154 0.3293269230769231 0.9447115384615384 0.2644230769230769 0.9447115384615384
23 0.12259615384615384 0.8028846153846154 0.1875 0.8028846153846154 0.1875 0.9447115384615384 0.12259615384615384 0.9447115384615384
1 0.12259615384615384 0.8028846153846154 0.1875 0.8028846153846154 0.1875 0.9447115384615384 0.12259615384615384 0.9447115384615384
23 0.12980769230769232 0.09615384615384616 0.18028846153846154 0.09615384615384616 0.18028846153846154 0.1778846153846154 0.12980769230769232 0.1778846153846154
23 0.3125 0.0985576923076923 0.3605769230769231 0.0985576923076923 0.3605769230769231 0.1778846153846154 0.3125 0.1778846153846154
23 0.37740384615384615 0.0985576923076923 0.42788461538461536 0.0985576923076923 0.42788461538461536 0.1778846153846154 0.37740384615384615 0.1778846153846154
23 0.5961538461538461 0.09615384615384616 0.6442307692307693 0.09615384615384616 0.6442307692307693 0.18028846153846154 0.5961538461538461 0.18028846153846154
23 0.6610576923076923 0.09615384615384616 0.7115384615384616 0.09615384615384616 0.7115384615384616 0.1778846153846154 0.6610576923076923 0.1778846153846154
23 0.8485576923076923 0.0985576923076923 0.8966346153846154 0.0985576923076923 0.8966346153846154 0.18028846153846154 0.8485576923076923 0.18028846153846154
4 0.09134615384615384 0.4735576923076923 0.21153846153846154 0.4735576923076923 0.21153846153846154 0.5192307692307693 0.09134615384615384 0.5192307692307693
4 0.23557692307692307 0.4735576923076923 0.35336538461538464 0.4735576923076923 0.35336538461538464 0.5168269230769231 0.23557692307692307 0.5168269230769231
4 0.5264423076923077 0.4735576923076923 0.6394230769230769 0.4735576923076923 0.6394230769230769 0.5168269230769231 0.5264423076923077 0.5168269230769231
4 0.3798076923076923 0.4735576923076923 0.4951923076923077 0.4735576923076923 0.4951923076923077 0.5168269230769231 0.3798076923076923 0.5168269230769231
4 0.6658653846153846 0.4735576923076923 0.78125 0.4735576923076923 0.78125 0.5168269230769231 0.6658653846153846 0.5168269230769231
4 0.8125 0.4735576923076923 0.9278846153846154 0.4735576923076923 0.9278846153846154 0.5216346153846154 0.8125 0.5216346153846154
4 0.11057692307692307 0.2644230769230769 0.19471153846153846 0.2644230769230769 0.19471153846153846 0.30528846153846156 0.11057692307692307 0.30528846153846156
4 0.2548076923076923 0.2644230769230769 0.3389423076923077 0.2644230769230769 0.3389423076923077 0.30528846153846156 0.2548076923076923 0.30528846153846156
4 0.39663461538461536 0.2644230769230769 0.4831730769230769 0.2644230769230769 0.4831730769230769 0.30528846153846156 0.39663461538461536 0.30528846153846156
4 0.5408653846153846 0.2620192307692308 0.625 0.2620192307692308 0.625 0.3076923076923077 0.5408653846153846 0.3076923076923077
4 0.8269230769230769 0.25721153846153844 0.9158653846153846 0.25721153846153844 0.9158653846153846 0.3076923076923077 0.8269230769230769 0.3076923076923077
4 0.6802884615384616 0.25721153846153844 0.7692307692307693 0.25721153846153844 0.7692307692307693 0.30528846153846156 0.6802884615384616 0.30528846153846156
21 0.8221153846153846 0.4326923076923077 0.9206730769230769 0.4326923076923077 0.9206730769230769 0.46634615384615385 0.8221153846153846 0.46634615384615385
21 0.6778846153846154 0.4326923076923077 0.7740384615384616 0.4326923076923077 0.7740384615384616 0.46634615384615385 0.6778846153846154 0.46634615384615385
21 0.10096153846153846 0.4326923076923077 0.20192307692307693 0.4326923076923077 0.20192307692307693 0.4639423076923077 0.10096153846153846 0.4639423076923077
21 0.5360576923076923 0.4326923076923077 0.6298076923076923 0.4326923076923077 0.6298076923076923 0.46634615384615385 0.5360576923076923 0.46634615384615385
21 0.3894230769230769 0.4326923076923077 0.4879807692307692 0.4326923076923077 0.4879807692307692 0.4639423076923077 0.3894230769230769 0.4639423076923077
21 0.24519230769230768 0.4326923076923077 0.34615384615384615 0.4326923076923077 0.34615384615384615 0.4639423076923077 0.24519230769230768 0.4639423076923077
8 0.7908653846153846 0.8004807692307693 0.9350961538461539 0.8004807692307693 0.9350961538461539 0.8725961538461539 0.7908653846153846 0.8725961538461539
8 0.7884615384615384 0.8725961538461539 0.9350961538461539 0.8725961538461539 0.9350961538461539 1 0.7884615384615384 1
5 0.8533653846153846 0.7668269230769231 0.8798076923076923 0.7668269230769231 0.8798076923076923 0.8004807692307693 0.8533653846153846 0.8004807692307693
16 0.5576923076923077 0.20673076923076922 0.9903846153846154 0.20673076923076922 0.9903846153846154 0.23798076923076922 0.5576923076923077 0.23798076923076922
5 0.6418269230769231 0.22596153846153846 0.6658653846153846 0.22596153846153846 0.6658653846153846 0.3125 0.6418269230769231 0.3125
5 0.7860576923076923 0.22596153846153846 0.8149038461538461 0.22596153846153846 0.8149038461538461 0.3125 0.7860576923076923 0.3125
5 0.9350961538461539 0.22596153846153846 0.9663461538461539 0.22596153846153846 0.9663461538461539 0.3125 0.9350961538461539 0.3125
26 0.3557692307692308 0.9663461538461539 0.5456730769230769 0.9663461538461539 0.5456730769230769 1 0.3557692307692308 1
26 0.78125 0.9711538461538461 0.9951923076923077 0.9711538461538461 0.9951923076923077 1 0.78125 1
19 0.04807692307692308 0.12740384615384615 0.9711538461538461 0.12740384615384615 0.9711538461538461 0.18269230769230768 0.04807692307692308 0.18269230769230768
4 0.0985576923076923 0.021634615384615384 0.20192307692307693 0.021634615384615384 0.20192307692307693 0.0673076923076923 0.0985576923076923 0.0673076923076923
4 0.28125 0.007211538461538462 0.4543269230769231 0.007211538461538462 0.4543269230769231 0.0673076923076923 0.28125 0.0673076923076923
4 0.5697115384615384 0.007211538461538462 0.7403846153846154 0.007211538461538462 0.7403846153846154 0.0673076923076923 0.5697115384615384 0.0673076923076923
12 0.038461538461538464 0.7475961538461539 0.9807692307692307 0.7475961538461539 0.9807692307692307 0.7644230769230769 0.038461538461538464 0.7644230769230769
15 0.038461538461538464 0.7644230769230769 0.9807692307692307 0.7644230769230769 0.9807692307692307 0.9975961538461539 0.038461538461538464 0.9975961538461539
12 0.038461538461538464 0.46875 0.9807692307692307 0.46875 0.9807692307692307 0.4855769230769231 0.038461538461538464 0.4855769230769231
12 0.038461538461538464 0.22115384615384615 0.9807692307692307 0.22115384615384615 0.9807692307692307 0.23557692307692307 0.038461538461538464 0.23557692307692307
11 0.038461538461538464 0.23557692307692307 0.9807692307692307 0.23557692307692307 0.9807692307692307 0.4855769230769231 0.038461538461538464 0.4855769230769231
11 0.038461538461538464 0.4831730769230769 0.9807692307692307 0.4831730769230769 0.9807692307692307 0.7644230769230769 0.038461538461538464 0.7644230769230769
22 0.014423076923076924 0.057692307692307696 0.9903846153846154 0.057692307692307696 0.9903846153846154 0.18509615384615385 0.014423076923076924 0.18509615384615385
4 0.8245192307692307 0.026442307692307692 0.9254807692307693 0.026442307692307692 0.9254807692307693 0.06971153846153846 0.8245192307692307 0.06971153846153846
2 0.01201923076923077 0.002403846153846154 1 0.002403846153846154 1 1 0.01201923076923077 1
5 0.0673076923076923 0.23798076923076922 0.08413461538461539 0.23798076923076922 0.08413461538461539 0.3076923076923077 0.0673076923076923 0.3076923076923077
5 0.5 0.23798076923076922 0.5168269230769231 0.23798076923076922 0.5168269230769231 0.3076923076923077 0.5 0.3076923076923077
5 0.3581730769230769 0.23557692307692307 0.375 0.23557692307692307 0.375 0.3076923076923077 0.3581730769230769 0.3076923076923077
5 0.21634615384615385 0.23798076923076922 0.23317307692307693 0.23798076923076922 0.23317307692307693 0.31009615384615385 0.21634615384615385 0.31009615384615385
1 0.2644230769230769 0.5504807692307693 0.3269230769230769 0.5504807692307693 0.3269230769230769 0.6923076923076923 0.2644230769230769 0.6923076923076923
1 0.12259615384615384 0.5504807692307693 0.18509615384615385 0.5504807692307693 0.18509615384615385 0.6899038461538461 0.12259615384615384 0.6899038461538461
1 0.5504807692307693 0.5504807692307693 0.6105769230769231 0.5504807692307693 0.6105769230769231 0.6899038461538461 0.5504807692307693 0.6899038461538461
1 0.6923076923076923 0.5504807692307693 0.7524038461538461 0.5504807692307693 0.7524038461538461 0.6923076923076923 0.6923076923076923 0.6923076923076923
1 0.8365384615384616 0.5600961538461539 0.8509615384615384 0.5600961538461539 0.8509615384615384 0.6899038461538461 0.8365384615384616 0.6899038461538461
1 0.8701923076923077 0.5576923076923077 0.8894230769230769 0.5576923076923077 0.8894230769230769 0.6899038461538461 0.8701923076923077 0.6899038461538461