23 0.71875 0.2548076923076923 0.8533653846153846 0.2548076923076923 0.8533653846153846 0.43509615384615385 0.71875 0.43509615384615385
23 0.40625 0.2548076923076923 0.5408653846153846 0.2548076923076923 0.5408653846153846 0.43509615384615385 0.40625 0.43509615384615385
1 0.71875 0.2548076923076923 0.8533653846153846 0.2548076923076923 0.8533653846153846 0.43509615384615385 0.71875 0.43509615384615385
1 0.40625 0.2548076923076923 0.5408653846153846 0.2548076923076923 0.5408653846153846 0.43509615384615385 0.40625 0.43509615384615385
23 0.7139423076923077 0.53125 0.8605769230769231 0.53125 0.8605769230769231 0.75 0.7139423076923077 0.75
23 0.09615384615384616 0.2548076923076923 0.23076923076923078 0.2548076923076923 0.23076923076923078 0.43509615384615385 0.09615384615384616 0.43509615384615385
23 0.0889423076923077 0.53125 0.23557692307692307 0.53125 0.23557692307692307 0.75 0.0889423076923077 0.75
23 0.4014423076923077 0.53125 0.5480769230769231 0.53125 0.5480769230769231 0.75 0.4014423076923077 0.75
1 0.4014423076923077 0.53125 0.5480769230769231 0.53125 0.5480769230769231 0.75 0.4014423076923077 0.75
1 0.7139423076923077 0.53125 0.8605769230769231 0.53125 0.8605769230769231 0.75 0.7139423076923077 0.75
1 0.0985576923076923 0.5408653846153846 0.23317307692307693 0.5408653846153846 0.23317307692307693 0.7427884615384616 0.0985576923076923 0.7427884615384616
20 0.38461538461538464 0.8293269230769231 0.5673076923076923 0.8293269230769231 0.5673076923076923 0.9110576923076923 0.38461538461538464 0.9110576923076923
20 0.3894230769230769 0.9158653846153846 0.41586538461538464 0.9158653846153846 0.41586538461538464 1 0.3894230769230769 1
20 0.5360576923076923 0.9158653846153846 0.5625 0.9158653846153846 0.5625 1 0.5360576923076923 1
8 0.4254807692307692 0.9158653846153846 0.5264423076923077 0.9158653846153846 0.5264423076923077 1 0.4254807692307692 1
20 0.08653846153846154 0.8293269230769231 0.23798076923076922 0.8293269230769231 0.23798076923076922 1 0.08653846153846154 1
20 0.6995192307692307 0.8293269230769231 0.8822115384615384 0.8293269230769231 0.8822115384615384 0.9110576923076923 0.6995192307692307 0.9110576923076923
20 0.7019230769230769 0.9158653846153846 0.8798076923076923 0.9158653846153846 0.8798076923076923 1 0.7019230769230769 1
5 0.7019230769230769 0.8461538461538461 0.8798076923076923 0.8461538461538461 0.8798076923076923 0.9038461538461539 0.7019230769230769 0.9038461538461539
5 0.0889423076923077 0.8461538461538461 0.23798076923076922 0.8461538461538461 0.23798076923076922 0.9038461538461539 0.0889423076923077 0.9038461538461539
5 0.11538461538461539 0.22355769230769232 0.2091346153846154 0.22355769230769232 0.2091346153846154 0.25961538461538464 0.11538461538461539 0.25961538461538464
5 0.4254807692307692 0.22355769230769232 0.5216346153846154 0.22355769230769232 0.5216346153846154 0.25961538461538464 0.4254807692307692 0.25961538461538464
5 0.7403846153846154 0.22355769230769232 0.8317307692307693 0.22355769230769232 0.8317307692307693 0.25961538461538464 0.7403846153846154 0.25961538461538464
5 0.7043269230769231 0.4879807692307692 0.8725961538461539 0.4879807692307692 0.8725961538461539 0.5360576923076923 0.7043269230769231 0.5360576923076923
5 0.3894230769230769 0.4879807692307692 0.5600961538461539 0.4879807692307692 0.5600961538461539 0.5336538461538461 0.3894230769230769 0.5336538461538461
5 0.08173076923076923 0.4879807692307692 0.24519230769230768 0.4879807692307692 0.24519230769230768 0.5360576923076923 0.08173076923076923 0.5360576923076923
21 0.08173076923076923 0.75 0.2403846153846154 0.75 0.2403846153846154 0.7620192307692307 0.08173076923076923 0.7620192307692307
21 0.39663461538461536 0.75 0.5528846153846154 0.75 0.5528846153846154 0.7620192307692307 0.39663461538461536 0.7620192307692307
21 0.7091346153846154 0.75 0.8677884615384616 0.75 0.8677884615384616 0.7620192307692307 0.7091346153846154 0.7620192307692307
5 0.7235576923076923 0.7956730769230769 0.8533653846153846 0.7956730769230769 0.8533653846153846 0.8317307692307693 0.7235576923076923 0.8317307692307693
5 0.4110576923076923 0.7956730769230769 0.5408653846153846 0.7956730769230769 0.5408653846153846 0.8317307692307693 0.4110576923076923 0.8317307692307693
5 0.0889423076923077 0.7956730769230769 0.23317307692307693 0.7956730769230769 0.23317307692307693 0.8317307692307693 0.0889423076923077 0.8317307692307693
21 0.0889423076923077 0.43509615384615385 0.23557692307692307 0.43509615384615385 0.23557692307692307 0.44711538461538464 0.0889423076923077 0.44711538461538464
21 0.4014423076923077 0.43509615384615385 0.5480769230769231 0.43509615384615385 0.5480769230769231 0.44711538461538464 0.4014423076923077 0.44711538461538464
21 0.7139423076923077 0.43509615384615385 0.8629807692307693 0.43509615384615385 0.8629807692307693 0.44711538461538464 0.7139423076923077 0.44711538461538464
8 0.42788461538461536 0.057692307692307696 0.5192307692307693 0.057692307692307696 0.5192307692307693 0.18028846153846154 0.42788461538461536 0.18028846153846154
23 0.12740384615384615 0.057692307692307696 0.21875 0.057692307692307696 0.21875 0.18028846153846154 0.12740384615384615 0.18028846153846154
23 0.7307692307692307 0.057692307692307696 0.8245192307692307 0.057692307692307696 0.8245192307692307 0.18028846153846154 0.7307692307692307 0.18028846153846154
19 0 0.007211538461538462 0.9110576923076923 0.007211538461538462 0.9110576923076923 0.15625 0 0.15625
26 0.44711538461538464 0.9927884615384616 0.6947115384615384 0.9927884615384616 0.6947115384615384 1 0.44711538461538464 1
26 0.7091346153846154 0.9711538461538461 0.7860576923076923 0.9711538461538461 0.7860576923076923 1 0.7091346153846154 1
26 0.7884615384615384 0.9663461538461539 0.8413461538461539 0.9663461538461539 0.8413461538461539 1 0.7884615384615384 1
0 0.002403846153846154 0.12259615384615384 0.9447115384615384 0.12259615384615384 0.9447115384615384 0.20673076923076922 0.002403846153846154 0.20673076923076922
22 0.002403846153846154 0.009615384615384616 0.8894230769230769 0.009615384615384616 0.8894230769230769 0.22115384615384615 0.002403846153846154 0.22115384615384615
12 0.002403846153846154 0.20673076923076922 0.9975961538461539 0.20673076923076922 0.9975961538461539 0.22115384615384615 0.002403846153846154 0.22115384615384615
12 0.002403846153846154 0.4807692307692308 0.9975961538461539 0.4807692307692308 0.9975961538461539 0.49759615384615385 0.002403846153846154 0.49759615384615385
12 0.002403846153846154 0.7860576923076923 0.9975961538461539 0.7860576923076923 0.9975961538461539 0.8004807692307693 0.002403846153846154 0.8004807692307693
15 0.002403846153846154 0.8004807692307693 0.9975961538461539 0.8004807692307693 0.9975961538461539 1 0.002403846153846154 1
11 0.002403846153846154 0.49759615384615385 0.9975961538461539 0.49759615384615385 0.9975961538461539 0.8004807692307693 0.002403846153846154 0.8004807692307693
11 0.002403846153846154 0.22115384615384615 1 0.22115384615384615 1 0.49759615384615385 0.002403846153846154 0.49759615384615385
2 0 0 1 0 1 1 0 1
10 0.007211538461538462 0.20673076923076922 0.9975961538461539 0.20673076923076922 0.9975961538461539 0.9975961538461539 0.007211538461538462 0.9975961538461539