23 0.14423076923076922 0.4230769230769231 0.16346153846153846 0.4230769230769231 0.16346153846153846 0.49038461538461536 0.14423076923076922 0.49038461538461536
23 0.0985576923076923 0.4230769230769231 0.1201923076923077 0.4230769230769231 0.1201923076923077 0.49038461538461536 0.0985576923076923 0.49038461538461536
23 0.055288461538461536 0.4230769230769231 0.07692307692307693 0.4230769230769231 0.07692307692307693 0.49038461538461536 0.055288461538461536 0.49038461538461536
23 0.01201923076923077 0.4230769230769231 0.03125 0.4230769230769231 0.03125 0.49038461538461536 0.01201923076923077 0.49038461538461536
23 0.14423076923076922 0.5600961538461539 0.16346153846153846 0.5600961538461539 0.16346153846153846 0.6346153846153846 0.14423076923076922 0.6346153846153846
23 0.10096153846153846 0.5600961538461539 0.1201923076923077 0.5600961538461539 0.1201923076923077 0.6346153846153846 0.10096153846153846 0.6346153846153846
23 0.055288461538461536 0.5600961538461539 0.07451923076923077 0.5600961538461539 0.07451923076923077 0.6346153846153846 0.055288461538461536 0.6346153846153846
23 0.01201923076923077 0.5600961538461539 0.03125 0.5600961538461539 0.03125 0.6346153846153846 0.01201923076923077 0.6346153846153846
23 0.37259615384615385 0.34615384615384615 0.3942307692307692 0.34615384615384615 0.3942307692307692 0.41346153846153844 0.37259615384615385 0.41346153846153844
23 0.31490384615384615 0.34375 0.33653846153846156 0.34375 0.33653846153846156 0.41346153846153844 0.31490384615384615 0.41346153846153844
23 0.2548076923076923 0.34375 0.2764423076923077 0.34375 0.2764423076923077 0.4110576923076923 0.2548076923076923 0.4110576923076923
23 0.20192307692307693 0.34134615384615385 0.22355769230769232 0.34134615384615385 0.22355769230769232 0.4110576923076923 0.20192307692307693 0.4110576923076923
23 0.43028846153846156 0.34615384615384615 0.4519230769230769 0.34615384615384615 0.4519230769230769 0.41346153846153844 0.43028846153846156 0.41346153846153844
23 0.4879807692307692 0.34615384615384615 0.5096153846153846 0.34615384615384615 0.5096153846153846 0.41346153846153844 0.4879807692307692 0.41346153846153844
23 0.5456730769230769 0.3485576923076923 0.5697115384615384 0.3485576923076923 0.5697115384615384 0.41586538461538464 0.5456730769230769 0.41586538461538464
23 0.6057692307692307 0.3485576923076923 0.6274038461538461 0.3485576923076923 0.6274038461538461 0.41586538461538464 0.6057692307692307 0.41586538461538464
23 0.37259615384615385 0.5024038461538461 0.3942307692307692 0.5024038461538461 0.3942307692307692 0.59375 0.37259615384615385 0.59375
23 0.3125 0.5024038461538461 0.33653846153846156 0.5024038461538461 0.33653846153846156 0.59375 0.3125 0.59375
23 0.2548076923076923 0.5048076923076923 0.27884615384615385 0.5048076923076923 0.27884615384615385 0.59375 0.2548076923076923 0.59375
23 0.19951923076923078 0.5024038461538461 0.22355769230769232 0.5024038461538461 0.22355769230769232 0.59375 0.19951923076923078 0.59375
23 0.43028846153846156 0.5024038461538461 0.4519230769230769 0.5024038461538461 0.4519230769230769 0.5913461538461539 0.43028846153846156 0.5913461538461539
23 0.4879807692307692 0.5024038461538461 0.5120192307692307 0.5024038461538461 0.5120192307692307 0.59375 0.4879807692307692 0.59375
23 0.6057692307692307 0.5024038461538461 0.6274038461538461 0.5024038461538461 0.6274038461538461 0.59375 0.6057692307692307 0.59375
23 0.5480769230769231 0.5024038461538461 0.5697115384615384 0.5024038461538461 0.5697115384615384 0.59375 0.5480769230769231 0.59375
23 0.8846153846153846 0.19951923076923078 0.90625 0.19951923076923078 0.90625 0.25961538461538464 0.8846153846153846 0.25961538461538464
23 0.6754807692307693 0.19951923076923078 0.6971153846153846 0.19951923076923078 0.6971153846153846 0.2620192307692308 0.6754807692307693 0.2620192307692308
23 0.7956730769230769 0.19951923076923078 0.8173076923076923 0.19951923076923078 0.8173076923076923 0.2620192307692308 0.7956730769230769 0.2620192307692308
23 0.8846153846153846 0.3557692307692308 0.90625 0.3557692307692308 0.90625 0.4254807692307692 0.8846153846153846 0.4254807692307692
23 0.6754807692307693 0.3557692307692308 0.6995192307692307 0.3557692307692308 0.6995192307692307 0.4254807692307692 0.6754807692307693 0.4254807692307692
23 0.7379807692307693 0.3557692307692308 0.7620192307692307 0.3557692307692308 0.7620192307692307 0.4254807692307692 0.7379807692307693 0.4254807692307692
23 0.7956730769230769 0.3557692307692308 0.8173076923076923 0.3557692307692308 0.8173076923076923 0.4254807692307692 0.7956730769230769 0.4254807692307692
23 0.6754807692307693 0.5048076923076923 0.6995192307692307 0.5048076923076923 0.6995192307692307 0.5961538461538461 0.6754807692307693 0.5961538461538461
23 0.8846153846153846 0.5024038461538461 0.90625 0.5024038461538461 0.90625 0.59375 0.8846153846153846 0.59375
23 0.7980769230769231 0.5024038461538461 0.8197115384615384 0.5024038461538461 0.8197115384615384 0.59375 0.7980769230769231 0.59375
23 0.7379807692307693 0.5048076923076923 0.7620192307692307 0.5048076923076923 0.7620192307692307 0.5961538461538461 0.7379807692307693 0.5961538461538461
23 0.7427884615384616 0.6899038461538461 0.7596153846153846 0.6899038461538461 0.7596153846153846 0.7091346153846154 0.7427884615384616 0.7091346153846154
23 0.6057692307692307 0.6850961538461539 0.6274038461538461 0.6850961538461539 0.6274038461538461 0.7091346153846154 0.6057692307692307 0.7091346153846154
23 0.7379807692307693 0.19951923076923078 0.7596153846153846 0.19951923076923078 0.7596153846153846 0.2620192307692308 0.7379807692307693 0.2620192307692308
23 0.6105769230769231 0.21875 0.6225961538461539 0.21875 0.6225961538461539 0.25 0.6105769230769231 0.25
23 0.14423076923076922 0.6947115384615384 0.16346153846153846 0.6947115384615384 0.16346153846153846 0.7307692307692307 0.14423076923076922 0.7307692307692307
23 0.20192307692307693 0.6850961538461539 0.22355769230769232 0.6850961538461539 0.22355769230769232 0.7067307692307693 0.20192307692307693 0.7067307692307693
23 0.08173076923076923 0.3004807692307692 0.11298076923076923 0.3004807692307692 0.11298076923076923 0.34375 0.08173076923076923 0.34375
23 0.04807692307692308 0.30288461538461536 0.07692307692307693 0.30288461538461536 0.07692307692307693 0.34375 0.04807692307692308 0.34375
23 0.09615384615384616 0.6826923076923077 0.12259615384615384 0.6826923076923077 0.12259615384615384 0.7115384615384616 0.09615384615384616 0.7115384615384616
23 0.4855769230769231 0.6730769230769231 0.5144230769230769 0.6730769230769231 0.5144230769230769 0.7067307692307693 0.4855769230769231 0.7067307692307693
23 0.31009615384615385 0.6754807692307693 0.3389423076923077 0.6754807692307693 0.3389423076923077 0.7091346153846154 0.31009615384615385 0.7091346153846154
23 0.6754807692307693 0.6875 0.7019230769230769 0.6875 0.7019230769230769 0.7115384615384616 0.6754807692307693 0.7115384615384616
23 0.7980769230769231 0.6875 0.8197115384615384 0.6875 0.8197115384615384 0.7067307692307693 0.7980769230769231 0.7067307692307693
8 0.02403846153846154 0.7019230769230769 0.06490384615384616 0.7019230769230769 0.06490384615384616 0.7908653846153846 0.02403846153846154 0.7908653846153846
8 0.0985576923076923 0.7115384615384616 0.12259615384615384 0.7115384615384616 0.12259615384615384 0.7908653846153846 0.0985576923076923 0.7908653846153846
8 0.20192307692307693 0.7139423076923077 0.22355769230769232 0.7139423076923077 0.22355769230769232 0.7908653846153846 0.20192307692307693 0.7908653846153846
23 0.5480769230769231 0.6850961538461539 0.5697115384615384 0.6850961538461539 0.5697115384615384 0.7427884615384616 0.5480769230769231 0.7427884615384616
8 0.31009615384615385 0.7091346153846154 0.3389423076923077 0.7091346153846154 0.3389423076923077 0.7908653846153846 0.31009615384615385 0.7908653846153846
23 0.25721153846153844 0.6850961538461539 0.27884615384615385 0.6850961538461539 0.27884615384615385 0.7403846153846154 0.25721153846153844 0.7403846153846154
23 0.37259615384615385 0.6826923076923077 0.3942307692307692 0.6826923076923077 0.3942307692307692 0.7403846153846154 0.37259615384615385 0.7403846153846154
8 0.4855769230769231 0.7067307692307693 0.5144230769230769 0.7067307692307693 0.5144230769230769 0.7908653846153846 0.4855769230769231 0.7908653846153846
23 0.43028846153846156 0.6826923076923077 0.4519230769230769 0.6826923076923077 0.4519230769230769 0.7403846153846154 0.43028846153846156 0.7403846153846154
8 0.6057692307692307 0.7139423076923077 0.6274038461538461 0.7139423076923077 0.6274038461538461 0.7908653846153846 0.6057692307692307 0.7908653846153846
8 0.6730769230769231 0.7115384615384616 0.7019230769230769 0.7115384615384616 0.7019230769230769 0.7908653846153846 0.6730769230769231 0.7908653846153846
8 0.7980769230769231 0.7091346153846154 0.8197115384615384 0.7091346153846154 0.8197115384615384 0.7908653846153846 0.7980769230769231 0.7908653846153846
8 0.8846153846153846 0.6802884615384616 0.9086538461538461 0.6802884615384616 0.9086538461538461 0.7908653846153846 0.8846153846153846 0.7908653846153846
19 0 0.32211538461538464 0.18028846153846154 0.32211538461538464 0.18028846153846154 0.3870192307692308 0 0.3870192307692308
19 0.17307692307692307 0.18028846153846154 0.6442307692307693 0.18028846153846154 0.6442307692307693 0.27884615384615385 0.17307692307692307 0.27884615384615385
19 0.6442307692307693 0.09615384615384616 0.9543269230769231 0.09615384615384616 0.9543269230769231 0.15865384615384615 0.6442307692307693 0.15865384615384615
12 0 0.3870192307692308 0.1778846153846154 0.3870192307692308 0.1778846153846154 0.39663461538461536 0 0.39663461538461536
22 0 0.23798076923076922 0.1778846153846154 0.23798076923076922 0.1778846153846154 0.39663461538461536 0 0.39663461538461536
15 0 0.6610576923076923 0.1778846153846154 0.6610576923076923 0.1778846153846154 0.7932692307692307 0 0.7932692307692307
11 0 0.5240384615384616 0.1778846153846154 0.5240384615384616 0.1778846153846154 0.6610576923076923 0 0.6610576923076923
12 0 0.5144230769230769 0.1778846153846154 0.5144230769230769 0.1778846153846154 0.5240384615384616 0 0.5240384615384616
11 0 0.39663461538461536 0.1778846153846154 0.39663461538461536 0.1778846153846154 0.5240384615384616 0 0.5240384615384616
12 0 0.6514423076923077 0.1778846153846154 0.6514423076923077 0.1778846153846154 0.6610576923076923 0 0.6610576923076923
12 0.1778846153846154 0.28846153846153844 0.9375 0.28846153846153844 0.9375 0.3004807692307692 0.1778846153846154 0.3004807692307692
22 0.5961538461538461 0.15865384615384615 0.9375 0.15865384615384615 0.9375 0.30288461538461536 0.5961538461538461 0.30288461538461536
12 0.1778846153846154 0.44711538461538464 0.9375 0.44711538461538464 0.9375 0.46153846153846156 0.1778846153846154 0.46153846153846156
12 0.1778846153846154 0.6201923076923077 0.9375 0.6201923076923077 0.9375 0.6322115384615384 0.1778846153846154 0.6322115384615384
15 0.1778846153846154 0.6346153846153846 0.9375 0.6346153846153846 0.9375 0.7932692307692307 0.1778846153846154 0.7932692307692307
11 0.1778846153846154 0.46153846153846156 0.9375 0.46153846153846156 0.9375 0.6346153846153846 0.1778846153846154 0.6346153846153846
11 0.1778846153846154 0.28846153846153844 0.9375 0.28846153846153844 0.9375 0.46153846153846156 0.1778846153846154 0.46153846153846156
2 0 0.05048076923076923 0.9543269230769231 0.05048076923076923 0.9543269230769231 0.7932692307692307 0 0.7932692307692307
10 0 0.05048076923076923 0.9543269230769231 0.05048076923076923 0.9543269230769231 0.7932692307692307 0 0.7932692307692307