23 0.14423076923076922 0.09134615384615384 0.20192307692307693 0.09134615384615384 0.20192307692307693 0.31490384615384615 0.14423076923076922 0.31490384615384615
23 0.9278846153846154 0.09134615384615384 0.9903846153846154 0.09134615384615384 0.9903846153846154 0.3173076923076923 0.9278846153846154 0.3173076923076923
23 0.7475961538461539 0.5024038461538461 0.8173076923076923 0.5024038461538461 0.8173076923076923 0.7091346153846154 0.7475961538461539 0.7091346153846154
23 0.6009615384615384 0.09375 0.6730769230769231 0.09375 0.6730769230769231 0.3173076923076923 0.6009615384615384 0.3173076923076923
23 0.4519230769230769 0.09375 0.5264423076923077 0.09375 0.5264423076923077 0.3173076923076923 0.4519230769230769 0.3173076923076923
23 0.3076923076923077 0.09375 0.3798076923076923 0.09375 0.3798076923076923 0.3173076923076923 0.3076923076923077 0.3173076923076923
23 0.7475961538461539 0.5024038461538461 0.8173076923076923 0.5024038461538461 0.8173076923076923 0.7091346153846154 0.7475961538461539 0.7091346153846154
23 0.6009615384615384 0.5 0.6730769230769231 0.5 0.6730769230769231 0.7139423076923077 0.6009615384615384 0.7139423076923077
23 0.4519230769230769 0.49759615384615385 0.5264423076923077 0.49759615384615385 0.5264423076923077 0.7139423076923077 0.4519230769230769 0.7139423076923077
23 0.3076923076923077 0.5 0.3798076923076923 0.5 0.3798076923076923 0.7139423076923077 0.3076923076923077 0.7139423076923077
23 0.09134615384615384 0.5 0.15144230769230768 0.5 0.15144230769230768 0.7139423076923077 0.09134615384615384 0.7139423076923077
23 0.16105769230769232 0.5 0.22115384615384615 0.5 0.22115384615384615 0.7139423076923077 0.16105769230769232 0.7139423076923077
23 0.07211538461538461 0.09134615384615384 0.12980769230769232 0.09134615384615384 0.12980769230769232 0.31490384615384615 0.07211538461538461 0.31490384615384615
23 0.7475961538461539 0.09375 0.8197115384615384 0.09375 0.8197115384615384 0.3173076923076923 0.7475961538461539 0.3173076923076923
21 0.2980769230769231 0.3173076923076923 0.38461538461538464 0.3173076923076923 0.38461538461538464 0.35096153846153844 0.2980769230769231 0.35096153846153844
21 0.44711538461538464 0.3173076923076923 0.5336538461538461 0.3173076923076923 0.5336538461538461 0.35096153846153844 0.44711538461538464 0.35096153846153844
21 0.5913461538461539 0.3173076923076923 0.6802884615384616 0.3173076923076923 0.6802884615384616 0.35096153846153844 0.5913461538461539 0.35096153846153844
21 0.7403846153846154 0.3173076923076923 0.8293269230769231 0.3173076923076923 0.8293269230769231 0.35096153846153844 0.7403846153846154 0.35096153846153844
21 0.9206730769230769 0.3173076923076923 1 0.3173076923076923 1 0.3485576923076923 0.9206730769230769 0.3485576923076923
21 0.06009615384615385 0.31490384615384615 0.2091346153846154 0.31490384615384615 0.2091346153846154 0.35096153846153844 0.06009615384615385 0.35096153846153844
23 0.7596153846153846 0.7860576923076923 0.7620192307692307 0.7860576923076923 0.7620192307692307 0.9326923076923077 0.7596153846153846 0.9326923076923077
23 0.31490384615384615 0.7620192307692307 0.3701923076923077 0.7620192307692307 0.3701923076923077 0.9447115384615384 0.31490384615384615 0.9447115384615384
23 0.46153846153846156 0.7620192307692307 0.5144230769230769 0.7620192307692307 0.5144230769230769 0.9447115384615384 0.46153846153846156 0.9447115384615384
23 0.6105769230769231 0.7620192307692307 0.6634615384615384 0.7620192307692307 0.6634615384615384 0.9447115384615384 0.6105769230769231 0.9447115384615384
23 0.7572115384615384 0.7668269230769231 0.8100961538461539 0.7668269230769231 0.8100961538461539 0.7764423076923077 0.7572115384615384 0.7764423076923077
23 0.0985576923076923 0.7692307692307693 0.21634615384615385 0.7692307692307693 0.21634615384615385 0.7980769230769231 0.0985576923076923 0.7980769230769231
8 0.0985576923076923 0.8076923076923077 0.21634615384615385 0.8076923076923077 0.21634615384615385 0.9783653846153846 0.0985576923076923 0.9783653846153846
8 0.7668269230769231 0.7860576923076923 0.8076923076923077 0.7860576923076923 0.8076923076923077 0.9783653846153846 0.7668269230769231 0.9783653846153846
23 0.9639423076923077 0.5288461538461539 0.9879807692307693 0.5288461538461539 0.9879807692307693 0.6033653846153846 0.9639423076923077 0.6033653846153846
21 0.7451923076923077 0.7091346153846154 0.8245192307692307 0.7091346153846154 0.8245192307692307 0.7211538461538461 0.7451923076923077 0.7211538461538461
21 0.09134615384615384 0.7115384615384616 0.22115384615384615 0.7115384615384616 0.22115384615384615 0.7211538461538461 0.09134615384615384 0.7211538461538461
21 0.30288461538461536 0.7115384615384616 0.38221153846153844 0.7115384615384616 0.38221153846153844 0.7211538461538461 0.30288461538461536 0.7211538461538461
21 0.4519230769230769 0.7139423076923077 0.53125 0.7139423076923077 0.53125 0.7211538461538461 0.4519230769230769 0.7211538461538461
21 0.5961538461538461 0.7139423076923077 0.6754807692307693 0.7139423076923077 0.6754807692307693 0.7211538461538461 0.5961538461538461 0.7211538461538461
8 0.9615384615384616 0.6346153846153846 1 0.6346153846153846 1 0.9591346153846154 0.9615384615384616 0.9591346153846154
8 0.9615384615384616 0.49278846153846156 1 0.49278846153846156 1 0.96875 0.9615384615384616 0.96875
16 0.01201923076923077 0 0.9975961538461539 0 0.9975961538461539 0.040865384615384616 0.01201923076923077 0.040865384615384616
16 0.01201923076923077 0.4014423076923077 1 0.4014423076923077 1 0.4423076923076923 0.01201923076923077 0.4423076923076923
15 0.01201923076923077 0.7427884615384616 1 0.7427884615384616 1 0.9903846153846154 0.01201923076923077 0.9903846153846154
11 0.01201923076923077 0.040865384615384616 1 0.040865384615384616 1 0.4014423076923077 0.01201923076923077 0.4014423076923077
11 0.01201923076923077 0.4423076923076923 1 0.4423076923076923 1 0.7307692307692307 0.01201923076923077 0.7307692307692307
12 0.01201923076923077 0.7307692307692307 1 0.7307692307692307 1 0.7403846153846154 0.01201923076923077 0.7403846153846154
12 0.01201923076923077 0.4014423076923077 1 0.4014423076923077 1 0.4423076923076923 0.01201923076923077 0.4423076923076923
2 0.01201923076923077 0 1 0 1 0.9903846153846154 0.01201923076923077 0.9903846153846154
10 0.01201923076923077 0 1 0 1 0.9903846153846154 0.01201923076923077 0.9903846153846154