23 0.8245192307692307 0.5625 0.8774038461538461 0.5625 0.8774038461538461 0.7331730769230769 0.8245192307692307 0.7331730769230769
23 0.12259615384615384 0.5600961538461539 0.17548076923076922 0.5600961538461539 0.17548076923076922 0.7307692307692307 0.12259615384615384 0.7307692307692307
23 0.12259615384615384 0.21634615384615385 0.17548076923076922 0.21634615384615385 0.17548076923076922 0.3894230769230769 0.12259615384615384 0.3894230769230769
23 0.2668269230769231 0.21634615384615385 0.31971153846153844 0.21634615384615385 0.31971153846153844 0.3870192307692308 0.2668269230769231 0.3870192307692308
23 0.37259615384615385 0.21634615384615385 0.4254807692307692 0.21634615384615385 0.4254807692307692 0.3870192307692308 0.37259615384615385 0.3870192307692308
23 0.4807692307692308 0.21634615384615385 0.5336538461538461 0.21634615384615385 0.5336538461538461 0.3870192307692308 0.4807692307692308 0.3870192307692308
23 0.8245192307692307 0.21875 0.8774038461538461 0.21875 0.8774038461538461 0.3894230769230769 0.8245192307692307 0.3894230769230769
23 0.6177884615384616 0.5600961538461539 0.6706730769230769 0.5600961538461539 0.6706730769230769 0.7331730769230769 0.6177884615384616 0.7331730769230769
23 0.6177884615384616 0.21634615384615385 0.6706730769230769 0.21634615384615385 0.6706730769230769 0.3870192307692308 0.6177884615384616 0.3870192307692308
8 0.2644230769230769 0.5600961538461539 0.3173076923076923 0.5600961538461539 0.3173076923076923 0.7980769230769231 0.2644230769230769 0.7980769230769231
8 0.47836538461538464 0.5600961538461539 0.53125 0.5600961538461539 0.53125 0.7980769230769231 0.47836538461538464 0.7980769230769231
8 0.3701923076923077 0.5600961538461539 0.4254807692307692 0.5600961538461539 0.4254807692307692 0.7980769230769231 0.3701923076923077 0.7980769230769231
0 0.2283653846153846 0.6995192307692307 0.5504807692307693 0.6995192307692307 0.5504807692307693 0.8004807692307693 0.2283653846153846 0.8004807692307693
16 0 0.11298076923076923 0.9278846153846154 0.11298076923076923 0.9278846153846154 0.18990384615384615 0 0.18990384615384615
12 0.002403846153846154 0.8028846153846154 0.9230769230769231 0.8028846153846154 0.9230769230769231 0.8221153846153846 0.002403846153846154 0.8221153846153846
12 0.002403846153846154 0.5096153846153846 0.9230769230769231 0.5096153846153846 0.9230769230769231 0.5288461538461539 0.002403846153846154 0.5288461538461539
22 0.002403846153846154 0.18269230769230768 0.9230769230769231 0.18269230769230768 0.9230769230769231 0.5096153846153846 0.002403846153846154 0.5096153846153846
11 0.002403846153846154 0.8197115384615384 0.9230769230769231 0.8197115384615384 0.9230769230769231 0.9975961538461539 0.002403846153846154 0.9975961538461539
11 0.002403846153846154 0.5288461538461539 0.9230769230769231 0.5288461538461539 0.9230769230769231 0.8004807692307693 0.002403846153846154 0.8004807692307693
2 0 0 0.9302884615384616 0 0.9302884615384616 0.9975961538461539 0 0.9975961538461539
10 0.002403846153846154 0 0.9326923076923077 0 0.9326923076923077 0.9975961538461539 0.002403846153846154 0.9975961538461539