23 0.7524038461538461 0.0673076923076923 0.8389423076923077 0.0673076923076923 0.8389423076923077 0.14423076923076922 0.7524038461538461 0.14423076923076922
23 0.20192307692307693 0.0673076923076923 0.28846153846153844 0.0673076923076923 0.28846153846153844 0.14423076923076922 0.20192307692307693 0.14423076923076922
23 0.3798076923076923 0.0673076923076923 0.46634615384615385 0.0673076923076923 0.46634615384615385 0.14423076923076922 0.3798076923076923 0.14423076923076922
23 0.5745192307692307 0.0673076923076923 0.6610576923076923 0.0673076923076923 0.6610576923076923 0.14423076923076922 0.5745192307692307 0.14423076923076922
23 0.7548076923076923 0.21634615384615385 0.8509615384615384 0.21634615384615385 0.8509615384615384 0.28846153846153844 0.7548076923076923 0.28846153846153844
23 0.16826923076923078 0.21634615384615385 0.2620192307692308 0.21634615384615385 0.2620192307692308 0.28846153846153844 0.16826923076923078 0.28846153846153844
23 0.3605769230769231 0.21634615384615385 0.4567307692307692 0.21634615384615385 0.4567307692307692 0.28846153846153844 0.3605769230769231 0.28846153846153844
23 0.5576923076923077 0.21634615384615385 0.6538461538461539 0.21634615384615385 0.6538461538461539 0.28846153846153844 0.5576923076923077 0.28846153846153844
23 0.7524038461538461 0.3557692307692308 0.8485576923076923 0.3557692307692308 0.8485576923076923 0.45913461538461536 0.7524038461538461 0.45913461538461536
23 0.16826923076923078 0.3557692307692308 0.2644230769230769 0.3557692307692308 0.2644230769230769 0.45913461538461536 0.16826923076923078 0.45913461538461536
23 0.3605769230769231 0.3557692307692308 0.4567307692307692 0.3557692307692308 0.4567307692307692 0.45913461538461536 0.3605769230769231 0.45913461538461536
23 0.5552884615384616 0.3557692307692308 0.6538461538461539 0.3557692307692308 0.6538461538461539 0.45913461538461536 0.5552884615384616 0.45913461538461536
23 0.7548076923076923 0.5576923076923077 0.8509615384615384 0.5576923076923077 0.8509615384615384 0.6586538461538461 0.7548076923076923 0.6586538461538461
23 0.17067307692307693 0.5576923076923077 0.2668269230769231 0.5576923076923077 0.2668269230769231 0.6586538461538461 0.17067307692307693 0.6586538461538461
8 0.5576923076923077 0.5576923076923077 0.6538461538461539 0.5576923076923077 0.6538461538461539 0.7043269230769231 0.5576923076923077 0.7043269230769231
8 0.3629807692307692 0.5576923076923077 0.45913461538461536 0.5576923076923077 0.45913461538461536 0.7043269230769231 0.3629807692307692 0.7043269230769231
8 0.3317307692307692 0.7788461538461539 0.4951923076923077 0.7788461538461539 0.4951923076923077 0.9326923076923077 0.3317307692307692 0.9326923076923077
23 0.7524038461538461 0.7572115384615384 0.8485576923076923 0.7572115384615384 0.8485576923076923 0.84375 0.7524038461538461 0.84375
23 0.17307692307692307 0.7596153846153846 0.2668269230769231 0.7596153846153846 0.2668269230769231 0.84375 0.17307692307692307 0.84375
23 0.3389423076923077 0.7235576923076923 0.4855769230769231 0.7235576923076923 0.4855769230769231 0.7692307692307693 0.3389423076923077 0.7692307692307693
0 0.23798076923076922 0.6610576923076923 0.78125 0.6610576923076923 0.78125 0.7091346153846154 0.23798076923076922 0.7091346153846154
5 0.47115384615384615 0.4567307692307692 0.5408653846153846 0.4567307692307692 0.5408653846153846 0.53125 0.47115384615384615 0.53125
21 0.7235576923076923 0.45913461538461536 0.875 0.45913461538461536 0.875 0.46634615384615385 0.7235576923076923 0.46634615384615385
21 0.14182692307692307 0.45913461538461536 0.29086538461538464 0.45913461538461536 0.29086538461538464 0.46875 0.14182692307692307 0.46875
21 0.33413461538461536 0.45913461538461536 0.4855769230769231 0.45913461538461536 0.4855769230769231 0.46634615384615385 0.33413461538461536 0.46634615384615385
21 0.5288461538461539 0.45913461538461536 0.6802884615384616 0.45913461538461536 0.6802884615384616 0.46634615384615385 0.5288461538461539 0.46634615384615385
12 0.12980769230769232 0.16105769230769232 0.8942307692307693 0.16105769230769232 0.8942307692307693 0.17307692307692307 0.12980769230769232 0.17307692307692307
16 0.12980769230769232 0.18509615384615385 0.8966346153846154 0.18509615384615385 0.8966346153846154 0.21394230769230768 0.12980769230769232 0.21394230769230768
16 0.1466346153846154 0.3004807692307692 0.8725961538461539 0.3004807692307692 0.8725961538461539 0.34134615384615385 0.1466346153846154 0.34134615384615385
16 0.14423076923076922 0.46875 0.8725961538461539 0.46875 0.8725961538461539 0.5456730769230769 0.14423076923076922 0.5456730769230769
5 0.4831730769230769 0.5456730769230769 0.53125 0.5456730769230769 0.53125 0.6586538461538461 0.4831730769230769 0.6586538461538461
5 0.6778846153846154 0.5456730769230769 0.7259615384615384 0.5456730769230769 0.7259615384615384 0.6586538461538461 0.6778846153846154 0.6586538461538461
5 0.29086538461538464 0.5456730769230769 0.3389423076923077 0.5456730769230769 0.3389423076923077 0.6586538461538461 0.29086538461538464 0.6586538461538461
5 0.6778846153846154 0.34375 0.7283653846153846 0.34375 0.7283653846153846 0.45913461538461536 0.6778846153846154 0.45913461538461536
5 0.28846153846153844 0.34375 0.33653846153846156 0.34375 0.33653846153846156 0.45913461538461536 0.28846153846153844 0.45913461538461536
5 0.4831730769230769 0.34375 0.53125 0.34375 0.53125 0.45913461538461536 0.4831730769230769 0.45913461538461536
5 0.6730769230769231 0.21394230769230768 0.7283653846153846 0.21394230769230768 0.7283653846153846 0.3004807692307692 0.6730769230769231 0.3004807692307692
5 0.2860576923076923 0.21394230769230768 0.34134615384615385 0.21394230769230768 0.34134615384615385 0.3004807692307692 0.2860576923076923 0.3004807692307692
5 0.47836538461538464 0.21394230769230768 0.5336538461538461 0.21394230769230768 0.5336538461538461 0.3004807692307692 0.47836538461538464 0.3004807692307692
22 0.12980769230769232 0.04567307692307692 0.8942307692307693 0.04567307692307692 0.8942307692307693 0.18509615384615385 0.12980769230769232 0.18509615384615385
12 0.12980769230769232 0.49038461538461536 0.8942307692307693 0.49038461538461536 0.8942307692307693 0.5024038461538461 0.12980769230769232 0.5024038461538461
12 0.12980769230769232 0.3125 0.8942307692307693 0.3125 0.8942307692307693 0.3245192307692308 0.12980769230769232 0.3245192307692308
12 0.12980769230769232 0.7043269230769231 0.8942307692307693 0.7043269230769231 0.8942307692307693 0.7163461538461539 0.12980769230769232 0.7163461538461539
15 0.12980769230769232 0.7163461538461539 0.8942307692307693 0.7163461538461539 0.8942307692307693 0.9350961538461539 0.12980769230769232 0.9350961538461539
11 0.12980769230769232 0.5024038461538461 0.8942307692307693 0.5024038461538461 0.8942307692307693 0.7139423076923077 0.12980769230769232 0.7139423076923077
11 0.12980769230769232 0.3245192307692308 0.8942307692307693 0.3245192307692308 0.8942307692307693 0.5024038461538461 0.12980769230769232 0.5024038461538461
11 0.12980769230769232 0.17307692307692307 0.8942307692307693 0.17307692307692307 0.8942307692307693 0.3245192307692308 0.12980769230769232 0.3245192307692308
2 0.10576923076923077 0.04326923076923077 0.8966346153846154 0.04326923076923077 0.8966346153846154 0.9350961538461539 0.10576923076923077 0.9350961538461539
10 0.10336538461538461 0.03365384615384615 0.8942307692307693 0.03365384615384615 0.8942307692307693 0.9326923076923077 0.10336538461538461 0.9326923076923077