23 0.17067307692307693 0.27403846153846156 0.24519230769230768 0.27403846153846156 0.24519230769230768 0.33413461538461536 0.17067307692307693 0.33413461538461536
23 0.7451923076923077 0.27403846153846156 0.8149038461538461 0.27403846153846156 0.8149038461538461 0.3317307692307692 0.7451923076923077 0.3317307692307692
23 0.42788461538461536 0.2548076923076923 0.5600961538461539 0.2548076923076923 0.5600961538461539 0.3701923076923077 0.42788461538461536 0.3701923076923077
23 0.7307692307692307 0.47836538461538464 0.8317307692307693 0.47836538461538464 0.8317307692307693 0.5649038461538461 0.7307692307692307 0.5649038461538461
23 0.7307692307692307 0.45913461538461536 0.8317307692307693 0.45913461538461536 0.8317307692307693 0.47836538461538464 0.7307692307692307 0.47836538461538464
1 0.7307692307692307 0.47836538461538464 0.8317307692307693 0.47836538461538464 0.8317307692307693 0.5649038461538461 0.7307692307692307 0.5649038461538461
23 0.15865384615384615 0.47836538461538464 0.25961538461538464 0.47836538461538464 0.25961538461538464 0.5649038461538461 0.15865384615384615 0.5649038461538461
23 0.15865384615384615 0.45913461538461536 0.25961538461538464 0.45913461538461536 0.25961538461538464 0.47836538461538464 0.15865384615384615 0.47836538461538464
1 0.15865384615384615 0.47836538461538464 0.25961538461538464 0.47836538461538464 0.25961538461538464 0.5649038461538461 0.15865384615384615 0.5649038461538461
8 0.41586538461538464 0.45913461538461536 0.5721153846153846 0.45913461538461536 0.5721153846153846 0.5625 0.41586538461538464 0.5625
8 0.4375 0.6947115384615384 0.5528846153846154 0.6947115384615384 0.5528846153846154 0.7884615384615384 0.4375 0.7884615384615384
23 0.4375 0.6538461538461539 0.5528846153846154 0.6538461538461539 0.5528846153846154 0.6947115384615384 0.4375 0.6947115384615384
8 0.7283653846153846 0.6947115384615384 0.8341346153846154 0.6947115384615384 0.8341346153846154 0.7884615384615384 0.7283653846153846 0.7884615384615384
23 0.7283653846153846 0.6538461538461539 0.8341346153846154 0.6538461538461539 0.8341346153846154 0.6947115384615384 0.7283653846153846 0.6947115384615384
8 0.15144230769230768 0.6947115384615384 0.25961538461538464 0.6947115384615384 0.25961538461538464 0.7884615384615384 0.15144230769230768 0.7884615384615384
23 0.15144230769230768 0.6538461538461539 0.25961538461538464 0.6538461538461539 0.25961538461538464 0.6947115384615384 0.15144230769230768 0.6947115384615384
20 0.4182692307692308 0.8605769230769231 0.5673076923076923 0.8605769230769231 0.5673076923076923 0.8822115384615384 0.4182692307692308 0.8822115384615384
8 0.7211538461538461 0.8629807692307693 0.8413461538461539 0.8629807692307693 0.8413461538461539 0.9735576923076923 0.7211538461538461 0.9735576923076923
8 0.14182692307692307 0.8605769230769231 0.2644230769230769 0.8605769230769231 0.2644230769230769 0.9735576923076923 0.14182692307692307 0.9735576923076923
8 0.38461538461538464 0.8605769230769231 0.6009615384615384 0.8605769230769231 0.6009615384615384 0.9783653846153846 0.38461538461538464 0.9783653846153846
23 0.71875 0.8293269230769231 0.8413461538461539 0.8293269230769231 0.8413461538461539 0.8605769230769231 0.71875 0.8605769230769231
23 0.14182692307692307 0.8293269230769231 0.2668269230769231 0.8293269230769231 0.2668269230769231 0.8605769230769231 0.14182692307692307 0.8605769230769231
23 0.38461538461538464 0.8293269230769231 0.6009615384615384 0.8293269230769231 0.6009615384615384 0.8605769230769231 0.38461538461538464 0.8605769230769231
4 0.7043269230769231 0.21634615384615385 0.8653846153846154 0.21634615384615385 0.8653846153846154 0.24519230769230768 0.7043269230769231 0.24519230769230768
4 0.125 0.21634615384615385 0.2860576923076923 0.21634615384615385 0.2860576923076923 0.24519230769230768 0.125 0.24519230769230768
5 0.7451923076923077 0.23317307692307693 0.8197115384615384 0.23317307692307693 0.8197115384615384 0.2620192307692308 0.7451923076923077 0.2620192307692308
5 0.17067307692307693 0.23317307692307693 0.24519230769230768 0.23317307692307693 0.24519230769230768 0.2620192307692308 0.17067307692307693 0.2620192307692308
4 0.7091346153846154 0.41346153846153844 0.8581730769230769 0.41346153846153844 0.8581730769230769 0.4254807692307692 0.7091346153846154 0.4254807692307692
4 0.3942307692307692 0.41346153846153844 0.5961538461538461 0.41346153846153844 0.5961538461538461 0.4182692307692308 0.3942307692307692 0.4182692307692308
4 0.13221153846153846 0.41586538461538464 0.28125 0.41586538461538464 0.28125 0.42788461538461536 0.13221153846153846 0.42788461538461536
4 0.11538461538461539 0.6177884615384616 0.2956730769230769 0.6177884615384616 0.2956730769230769 0.6298076923076923 0.11538461538461539 0.6298076923076923
4 0.6899038461538461 0.6177884615384616 0.8725961538461539 0.6177884615384616 0.8725961538461539 0.6298076923076923 0.6899038461538461 0.6298076923076923
4 0.3581730769230769 0.59375 0.6322115384615384 0.59375 0.6322115384615384 0.6274038461538461 0.3581730769230769 0.6274038461538461
5 0.34375 0.6514423076923077 0.43509615384615385 0.6514423076923077 0.43509615384615385 0.7596153846153846 0.34375 0.7596153846153846
5 0.35336538461538464 0.5745192307692307 0.6298076923076923 0.5745192307692307 0.6298076923076923 0.6274038461538461 0.35336538461538464 0.6274038461538461
5 0.5600961538461539 0.6490384615384616 0.6418269230769231 0.6490384615384616 0.6418269230769231 0.7596153846153846 0.5600961538461539 0.7596153846153846
17 0.6346153846153846 0.6057692307692307 0.6923076923076923 0.6057692307692307 0.6923076923076923 0.7572115384615384 0.6346153846153846 0.7572115384615384
17 0.8774038461538461 0.6057692307692307 0.9375 0.6057692307692307 0.9375 0.7596153846153846 0.8774038461538461 0.7596153846153846
17 0.2980769230769231 0.6057692307692307 0.3557692307692308 0.6057692307692307 0.3557692307692308 0.7572115384615384 0.2980769230769231 0.7572115384615384
17 0.052884615384615384 0.6057692307692307 0.11298076923076923 0.6057692307692307 0.11298076923076923 0.7572115384615384 0.052884615384615384 0.7572115384615384
5 0.06009615384615385 0.5793269230769231 0.3485576923076923 0.5793269230769231 0.3485576923076923 0.5961538461538461 0.06009615384615385 0.5961538461538461
5 0.6418269230769231 0.5793269230769231 0.9278846153846154 0.5793269230769231 0.9278846153846154 0.5961538461538461 0.6418269230769231 0.5961538461538461
17 0.057692307692307696 0.39663461538461536 0.11298076923076923 0.39663461538461536 0.11298076923076923 0.5360576923076923 0.057692307692307696 0.5360576923076923
17 0.3004807692307692 0.39663461538461536 0.3557692307692308 0.39663461538461536 0.3557692307692308 0.5360576923076923 0.3004807692307692 0.5360576923076923
17 0.6370192307692307 0.39663461538461536 0.6899038461538461 0.39663461538461536 0.6899038461538461 0.5360576923076923 0.6370192307692307 0.5360576923076923
17 0.8774038461538461 0.39663461538461536 0.9302884615384616 0.39663461538461536 0.9302884615384616 0.5360576923076923 0.8774038461538461 0.5360576923076923
5 0.4014423076923077 0.37740384615384615 0.5889423076923077 0.37740384615384615 0.5889423076923077 0.41346153846153844 0.4014423076923077 0.41346153846153844
5 0.43509615384615385 0.4254807692307692 0.5552884615384616 0.4254807692307692 0.5552884615384616 0.4543269230769231 0.43509615384615385 0.4543269230769231
5 0.7307692307692307 0.4254807692307692 0.8341346153846154 0.4254807692307692 0.8341346153846154 0.44711538461538464 0.7307692307692307 0.44711538461538464
5 0.15625 0.4254807692307692 0.25961538461538464 0.4254807692307692 0.25961538461538464 0.44711538461538464 0.15625 0.44711538461538464
5 0.4230769230769231 0.17307692307692307 0.5649038461538461 0.17307692307692307 0.5649038461538461 0.21875 0.4230769230769231 0.21875
4 0.25961538461538464 0.12980769230769232 0.3918269230769231 0.12980769230769232 0.3918269230769231 0.15625 0.25961538461538464 0.15625
4 0.5841346153846154 0.12980769230769232 0.7139423076923077 0.12980769230769232 0.7139423076923077 0.15625 0.5841346153846154 0.15625
5 0.6995192307692307 0.8004807692307693 0.8701923076923077 0.8004807692307693 0.8701923076923077 0.8485576923076923 0.6995192307692307 0.8485576923076923
5 0.1201923076923077 0.8004807692307693 0.28846153846153844 0.8004807692307693 0.28846153846153844 0.8461538461538461 0.1201923076923077 0.8461538461538461
5 0.8774038461538461 0.8004807692307693 0.9350961538461539 0.8004807692307693 0.9350961538461539 0.875 0.8774038461538461 0.875
5 0.052884615384615384 0.8004807692307693 0.10817307692307693 0.8004807692307693 0.10817307692307693 0.875 0.052884615384615384 0.875
5 0.6346153846153846 0.8004807692307693 0.6899038461538461 0.8004807692307693 0.6899038461538461 0.875 0.6346153846153846 0.875
5 0.2956730769230769 0.8004807692307693 0.35336538461538464 0.8004807692307693 0.35336538461538464 0.875 0.2956730769230769 0.875
5 0.3605769230769231 0.7980769230769231 0.625 0.7980769230769231 0.625 0.84375 0.3605769230769231 0.84375
26 0.08173076923076923 0.9399038461538461 0.08653846153846154 0.9399038461538461 0.08653846153846154 0.9831730769230769 0.08173076923076923 0.9831730769230769
26 0.19951923076923078 0.9423076923076923 0.20673076923076922 0.9423076923076923 0.20673076923076922 0.9831730769230769 0.19951923076923078 0.9831730769230769
26 0.9326923076923077 0.9399038461538461 0.9399038461538461 0.9399038461538461 0.9399038461538461 0.9831730769230769 0.9326923076923077 0.9831730769230769
26 0.32211538461538464 0.9399038461538461 0.3293269230769231 0.9399038461538461 0.3293269230769231 0.9831730769230769 0.32211538461538464 0.9831730769230769
26 0.44471153846153844 0.9399038461538461 0.4495192307692308 0.9399038461538461 0.4495192307692308 0.9831730769230769 0.44471153846153844 0.9831730769230769
26 0.5649038461538461 0.9399038461538461 0.5721153846153846 0.9399038461538461 0.5721153846153846 0.9831730769230769 0.5649038461538461 0.9831730769230769
26 0.6875 0.9399038461538461 0.6923076923076923 0.9399038461538461 0.6923076923076923 0.9831730769230769 0.6875 0.9831730769230769
26 0.8100961538461539 0.9399038461538461 0.8173076923076923 0.9399038461538461 0.8173076923076923 0.9831730769230769 0.8100961538461539 0.9831730769230769
26 0 0.9615384615384616 0.15625 0.9615384615384616 0.15625 1 0 1
26 0.9206730769230769 0.9615384615384616 1 0.9615384615384616 1 1 0.9206730769230769 1
19 0.08173076923076923 0.08413461538461539 0.8990384615384616 0.08413461538461539 0.8990384615384616 0.33413461538461536 0.08173076923076923 0.33413461538461536
0 0.02403846153846154 0.7524038461538461 0.9663461538461539 0.7524038461538461 0.9663461538461539 0.7956730769230769 0.02403846153846154 0.7956730769230769
5 0.7331730769230769 0.6370192307692307 0.8293269230769231 0.6370192307692307 0.8293269230769231 0.6538461538461539 0.7331730769230769 0.6538461538461539
5 0.15865384615384615 0.6346153846153846 0.25240384615384615 0.6346153846153846 0.25240384615384615 0.6514423076923077 0.15865384615384615 0.6514423076923077
23 0.4519230769230769 0.1346153846153846 0.5216346153846154 0.1346153846153846 0.5216346153846154 0.18028846153846154 0.4519230769230769 0.18028846153846154
4 0.42788461538461536 0.11298076923076923 0.5480769230769231 0.11298076923076923 0.5480769230769231 0.13221153846153846 0.42788461538461536 0.13221153846153846
0 0.37740384615384615 0.5288461538461539 0.6129807692307693 0.5288461538461539 0.6129807692307693 0.5673076923076923 0.37740384615384615 0.5673076923076923
15 0.002403846153846154 0.7956730769230769 1 0.7956730769230769 1 0.9807692307692307 0.002403846153846154 0.9807692307692307
12 0.002403846153846154 0.7884615384615384 1 0.7884615384615384 1 0.7956730769230769 0.002403846153846154 0.7956730769230769
12 0.002403846153846154 0.5649038461538461 1 0.5649038461538461 1 0.5721153846153846 0.002403846153846154 0.5721153846153846
12 0.04326923076923077 0.3701923076923077 0.9567307692307693 0.3701923076923077 0.9567307692307693 0.37740384615384615 0.04326923076923077 0.37740384615384615
11 0.04326923076923077 0.37740384615384615 0.9447115384615384 0.37740384615384615 0.9447115384615384 0.5721153846153846 0.04326923076923077 0.5721153846153846
11 0.002403846153846154 0.5721153846153846 1 0.5721153846153846 1 0.7956730769230769 0.002403846153846154 0.7956730769230769
22 0.04326923076923077 0.08413461538461539 0.9519230769230769 0.08413461538461539 0.9519230769230769 0.37740384615384615 0.04326923076923077 0.37740384615384615
2 0 0 1 0 1 0.9783653846153846 0 0.9783653846153846
10 0 0.33413461538461536 0.9975961538461539 0.33413461538461536 0.9975961538461539 0.9783653846153846 0 0.9783653846153846