23 0.6346153846153846 0.7788461538461539 0.7211538461538461 0.7788461538461539 0.7211538461538461 0.8918269230769231 0.6346153846153846 0.8918269230769231
23 0.8052884615384616 0.23798076923076922 0.8918269230769231 0.23798076923076922 0.8918269230769231 0.3581730769230769 0.8052884615384616 0.3581730769230769
23 0.09134615384615384 0.7788461538461539 0.1778846153846154 0.7788461538461539 0.1778846153846154 0.8942307692307693 0.09134615384615384 0.8942307692307693
23 0.09375 0.4951923076923077 0.18028846153846154 0.4951923076923077 0.18028846153846154 0.6177884615384616 0.09375 0.6177884615384616
23 0.09134615384615384 0.23798076923076922 0.1778846153846154 0.23798076923076922 0.1778846153846154 0.3581730769230769 0.09134615384615384 0.3581730769230769
23 0.3269230769230769 0.4951923076923077 0.41346153846153844 0.4951923076923077 0.41346153846153844 0.6177884615384616 0.3269230769230769 0.6177884615384616
23 0.3269230769230769 0.23798076923076922 0.41346153846153844 0.23798076923076922 0.41346153846153844 0.3581730769230769 0.3269230769230769 0.3581730769230769
23 0.5649038461538461 0.4951923076923077 0.6514423076923077 0.4951923076923077 0.6514423076923077 0.6177884615384616 0.5649038461538461 0.6177884615384616
23 0.5649038461538461 0.23798076923076922 0.6514423076923077 0.23798076923076922 0.6514423076923077 0.3581730769230769 0.5649038461538461 0.3581730769230769
23 0.8028846153846154 0.4951923076923077 0.8894230769230769 0.4951923076923077 0.8894230769230769 0.6177884615384616 0.8028846153846154 0.6177884615384616
23 0.7451923076923077 0.7788461538461539 0.8317307692307693 0.7788461538461539 0.8317307692307693 0.8918269230769231 0.7451923076923077 0.8918269230769231
8 0.3870192307692308 0.8173076923076923 0.49278846153846156 0.8173076923076923 0.49278846153846156 0.9639423076923077 0.3870192307692308 0.9639423076923077
8 0.23557692307692307 0.8173076923076923 0.3317307692307692 0.8173076923076923 0.3317307692307692 0.9639423076923077 0.23557692307692307 0.9639423076923077
12 0.021634615384615384 0.6730769230769231 0.9735576923076923 0.6730769230769231 0.9735576923076923 0.6947115384615384 0.021634615384615384 0.6947115384615384
12 0.021634615384615384 0.4254807692307692 0.9735576923076923 0.4254807692307692 0.9735576923076923 0.44471153846153844 0.021634615384615384 0.44471153846153844
22 0.021634615384615384 0.04567307692307692 0.9735576923076923 0.04567307692307692 0.9735576923076923 0.4254807692307692 0.021634615384615384 0.4254807692307692
15 0.021634615384615384 0.6947115384615384 0.9735576923076923 0.6947115384615384 0.9735576923076923 1 0.021634615384615384 1
11 0.021634615384615384 0.44471153846153844 0.9735576923076923 0.44471153846153844 0.9735576923076923 0.6754807692307693 0.021634615384615384 0.6754807692307693
2 0.021634615384615384 0 0.9855769230769231 0 0.9855769230769231 1 0.021634615384615384 1
10 0.021634615384615384 0 0.9807692307692307 0 0.9807692307692307 0.9975961538461539 0.021634615384615384 0.9975961538461539