5 0.06971153846153846 0.019230769230769232 0.2764423076923077 0.019230769230769232 0.2764423076923077 0.09134615384615384 0.06971153846153846 0.09134615384615384
5 0.7283653846153846 0.014423076923076924 0.9326923076923077 0.014423076923076924 0.9326923076923077 0.09134615384615384 0.7283653846153846 0.09134615384615384
5 0.04326923076923077 0.028846153846153848 0.09134615384615384 0.028846153846153848 0.09134615384615384 0.10096153846153846 0.04326923076923077 0.10096153846153846
5 0.9182692307692307 0.026442307692307692 0.9663461538461539 0.026442307692307692 0.9663461538461539 0.10096153846153846 0.9182692307692307 0.10096153846153846
5 0.21394230769230768 0.06009615384615385 0.7860576923076923 0.06009615384615385 0.7860576923076923 0.15865384615384615 0.21394230769230768 0.15865384615384615
4 0.007211538461538462 0.007211538461538462 1 0.007211538461538462 1 0.1658653846153846 0.007211538461538462 0.1658653846153846
16 0 0.1658653846153846 0.96875 0.1658653846153846 0.96875 0.1875 0 0.1875
17 0.32211538461538464 0.23557692307692307 0.40865384615384615 0.23557692307692307 0.40865384615384615 0.6274038461538461 0.32211538461538464 0.6274038461538461
17 0.04567307692307692 0.23557692307692307 0.12980769230769232 0.23557692307692307 0.12980769230769232 0.6274038461538461 0.04567307692307692 0.6274038461538461
17 0.6009615384615384 0.23798076923076922 0.6826923076923077 0.23798076923076922 0.6826923076923077 0.6274038461538461 0.6009615384615384 0.6274038461538461
17 0.8798076923076923 0.23798076923076922 0.9615384615384616 0.23798076923076922 0.9615384615384616 0.6274038461538461 0.8798076923076923 0.6274038461538461
5 0.18509615384615385 0.6370192307692307 0.2668269230769231 0.6370192307692307 0.2668269230769231 0.6802884615384616 0.18509615384615385 0.6802884615384616
5 0.4639423076923077 0.6370192307692307 0.5456730769230769 0.6370192307692307 0.5456730769230769 0.6802884615384616 0.4639423076923077 0.6802884615384616
5 0.7427884615384616 0.6370192307692307 0.8221153846153846 0.6370192307692307 0.8221153846153846 0.6802884615384616 0.7427884615384616 0.6802884615384616
23 0.6802884615384616 0.6754807692307693 0.8822115384615384 0.6754807692307693 0.8822115384615384 0.9807692307692307 0.6802884615384616 0.9807692307692307
23 0.125 0.6754807692307693 0.3269230769230769 0.6754807692307693 0.3269230769230769 0.9855769230769231 0.125 0.9855769230769231
26 0.8269230769230769 0.7307692307692307 1 0.7307692307692307 1 1 0.8269230769230769 1
26 0 0.9615384615384616 0.11298076923076923 0.9615384615384616 0.11298076923076923 1 0 1
23 0.7211538461538461 0.2692307692307692 0.8293269230769231 0.2692307692307692 0.8293269230769231 0.37740384615384615 0.7211538461538461 0.37740384615384615
23 0.17548076923076922 0.2692307692307692 0.28365384615384615 0.2692307692307692 0.28365384615384615 0.37740384615384615 0.17548076923076922 0.37740384615384615
23 0.7139423076923077 0.4326923076923077 0.8365384615384616 0.4326923076923077 0.8365384615384616 0.47596153846153844 0.7139423076923077 0.47596153846153844
8 0.7139423076923077 0.47596153846153844 0.8365384615384616 0.47596153846153844 0.8365384615384616 0.6201923076923077 0.7139423076923077 0.6201923076923077
1 0.7139423076923077 0.47596153846153844 0.8365384615384616 0.47596153846153844 0.8365384615384616 0.6201923076923077 0.7139423076923077 0.6201923076923077
23 0.16826923076923078 0.4326923076923077 0.29086538461538464 0.4326923076923077 0.29086538461538464 0.47596153846153844 0.16826923076923078 0.47596153846153844
8 0.16826923076923078 0.47596153846153844 0.29086538461538464 0.47596153846153844 0.29086538461538464 0.6201923076923077 0.16826923076923078 0.6201923076923077
1 0.16826923076923078 0.47596153846153844 0.29086538461538464 0.47596153846153844 0.29086538461538464 0.6201923076923077 0.16826923076923078 0.6201923076923077
8 0.40384615384615385 0.7475961538461539 0.6009615384615384 0.7475961538461539 0.6009615384615384 0.9591346153846154 0.40384615384615385 0.9591346153846154
23 0.4014423076923077 0.6754807692307693 0.6033653846153846 0.6754807692307693 0.6033653846153846 0.7475961538461539 0.4014423076923077 0.7475961538461539
23 0.42788461538461536 0.38221153846153844 0.5769230769230769 0.38221153846153844 0.5769230769230769 0.4326923076923077 0.42788461538461536 0.4326923076923077
8 0.42788461538461536 0.4326923076923077 0.5769230769230769 0.4326923076923077 0.5769230769230769 0.6201923076923077 0.42788461538461536 0.6201923076923077
23 0.7163461538461539 0.6778846153846154 0.8389423076923077 0.6778846153846154 0.8389423076923077 0.9086538461538461 0.7163461538461539 0.9086538461538461
21 0.16105769230769232 0.9086538461538461 0.2956730769230769 0.9086538461538461 0.2956730769230769 0.9206730769230769 0.16105769230769232 0.9206730769230769
23 0.16826923076923078 0.6778846153846154 0.29086538461538464 0.6778846153846154 0.29086538461538464 0.9086538461538461 0.16826923076923078 0.9086538461538461
21 0.7139423076923077 0.9086538461538461 0.8461538461538461 0.9086538461538461 0.8461538461538461 0.9206730769230769 0.7139423076923077 0.9206730769230769
5 0.7163461538461539 0.24278846153846154 0.8389423076923077 0.24278846153846154 0.8389423076923077 0.27403846153846156 0.7163461538461539 0.27403846153846156
5 0.16826923076923078 0.24278846153846154 0.29086538461538464 0.24278846153846154 0.29086538461538464 0.27403846153846156 0.16826923076923078 0.27403846153846156
4 0.6658653846153846 0.3918269230769231 0.8894230769230769 0.3918269230769231 0.8894230769230769 0.47596153846153844 0.6658653846153846 0.47596153846153844
4 0.11778846153846154 0.3918269230769231 0.34134615384615385 0.3918269230769231 0.34134615384615385 0.47596153846153844 0.11778846153846154 0.47596153846153844
5 0.3894230769230769 0.31971153846153844 0.6153846153846154 0.31971153846153844 0.6153846153846154 0.4206730769230769 0.3894230769230769 0.4206730769230769
5 0.24519230769230768 0.1971153846153846 0.7620192307692307 0.1971153846153846 0.7620192307692307 0.22115384615384615 0.24519230769230768 0.22115384615384615
5 0.4182692307692308 0.24278846153846154 0.5889423076923077 0.24278846153846154 0.5889423076923077 0.28125 0.4182692307692308 0.28125
26 0.2644230769230769 0.9783653846153846 0.27403846153846156 0.9783653846153846 0.27403846153846156 1 0.2644230769230769 1
26 0.4423076923076923 0.9783653846153846 0.4495192307692308 0.9783653846153846 0.4495192307692308 1 0.4423076923076923 1
26 0.6225961538461539 0.9783653846153846 0.6322115384615384 0.9783653846153846 0.6322115384615384 1 0.6225961538461539 1
26 0.78125 0.9807692307692307 0.7884615384615384 0.9807692307692307 0.7884615384615384 1 0.78125 1
23 0.7163461538461539 0.04326923076923077 0.7956730769230769 0.04326923076923077 0.7956730769230769 0.11298076923076923 0.7163461538461539 0.11298076923076923
23 0.21153846153846154 0.04326923076923077 0.29086538461538464 0.04326923076923077 0.29086538461538464 0.11298076923076923 0.21153846153846154 0.11298076923076923
19 0 0 1 0 1 0.16105769230769232 0 0.16105769230769232
1 0.42788461538461536 0.4326923076923077 0.5769230769230769 0.4326923076923077 0.5769230769230769 0.6201923076923077 0.42788461538461536 0.6201923076923077
0 0.11778846153846154 0.5721153846153846 0.8918269230769231 0.5721153846153846 0.8918269230769231 0.6274038461538461 0.11778846153846154 0.6274038461538461
15 0.002403846153846154 0.6322115384615384 0.9975961538461539 0.6322115384615384 0.9975961538461539 0.9879807692307693 0.002403846153846154 0.9879807692307693
12 0.002403846153846154 0.6201923076923077 0.9975961538461539 0.6201923076923077 0.9975961538461539 0.6322115384615384 0.002403846153846154 0.6322115384615384
12 0.002403846153846154 0.3918269230769231 0.9975961538461539 0.3918269230769231 0.9975961538461539 0.40384615384615385 0.002403846153846154 0.40384615384615385
12 0.002403846153846154 0.14423076923076922 0.9975961538461539 0.14423076923076922 0.9975961538461539 0.15625 0.002403846153846154 0.15625
22 0.002403846153846154 0 0.9975961538461539 0 0.9975961538461539 0.15625 0.002403846153846154 0.15625
11 0.002403846153846154 0.15625 0.9975961538461539 0.15625 0.9975961538461539 0.40384615384615385 0.002403846153846154 0.40384615384615385
11 0.002403846153846154 0.40384615384615385 0.9975961538461539 0.40384615384615385 0.9975961538461539 0.6322115384615384 0.002403846153846154 0.6322115384615384
23 0.19951923076923078 0.9423076923076923 0.25721153846153844 0.9423076923076923 0.25721153846153844 0.96875 0.19951923076923078 0.96875
23 0.75 0.9423076923076923 0.8076923076923077 0.9423076923076923 0.8076923076923077 0.9735576923076923 0.75 0.9735576923076923
2 0 0 1 0 1 0.9879807692307693 0 0.9879807692307693
10 0 0.15865384615384615 0.9975961538461539 0.15865384615384615 0.9975961538461539 0.9879807692307693 0 0.9879807692307693