23 0.18269230769230768 0.5456730769230769 0.24519230769230768 0.5456730769230769 0.24519230769230768 0.6826923076923077 0.18269230769230768 0.6826923076923077
23 0.0673076923076923 0.5625 0.12740384615384615 0.5625 0.12740384615384615 0.6947115384615384 0.0673076923076923 0.6947115384615384
23 0.18269230769230768 0.33413461538461536 0.24519230769230768 0.33413461538461536 0.24519230769230768 0.4735576923076923 0.18269230769230768 0.4735576923076923
23 0.0673076923076923 0.3557692307692308 0.12740384615384615 0.3557692307692308 0.12740384615384615 0.49038461538461536 0.0673076923076923 0.49038461538461536
23 0.18269230769230768 0.7548076923076923 0.24519230769230768 0.7548076923076923 0.24519230769230768 0.90625 0.18269230769230768 0.90625
23 0.0673076923076923 0.7644230769230769 0.12740384615384615 0.7644230769230769 0.12740384615384615 0.9110576923076923 0.0673076923076923 0.9110576923076923
23 0.7283653846153846 0.5432692307692307 0.7932692307692307 0.5432692307692307 0.7932692307692307 0.6826923076923077 0.7283653846153846 0.6826923076923077
23 0.4495192307692308 0.5456730769230769 0.5240384615384616 0.5456730769230769 0.5240384615384616 0.6826923076923077 0.4495192307692308 0.6826923076923077
23 0.31009615384615385 0.5432692307692307 0.37259615384615385 0.5432692307692307 0.37259615384615385 0.6826923076923077 0.31009615384615385 0.6826923076923077
23 0.6009615384615384 0.5456730769230769 0.6634615384615384 0.5456730769230769 0.6634615384615384 0.6826923076923077 0.6009615384615384 0.6826923076923077
23 0.8461538461538461 0.5625 0.90625 0.5625 0.90625 0.6947115384615384 0.8461538461538461 0.6947115384615384
23 0.7283653846153846 0.33413461538461536 0.7932692307692307 0.33413461538461536 0.7932692307692307 0.47115384615384615 0.7283653846153846 0.47115384615384615
23 0.8461538461538461 0.3581730769230769 0.90625 0.3581730769230769 0.90625 0.49038461538461536 0.8461538461538461 0.49038461538461536
23 0.9567307692307693 0.3581730769230769 1 0.3581730769230769 1 0.49278846153846156 0.9567307692307693 0.49278846153846156
23 0.9591346153846154 0.5625 1 0.5625 1 0.6947115384615384 0.9591346153846154 0.6947115384615384
23 0.9591346153846154 0.7692307692307693 1 0.7692307692307693 1 0.9206730769230769 0.9591346153846154 0.9206730769230769
23 0.8461538461538461 0.7644230769230769 0.90625 0.7644230769230769 0.90625 0.9110576923076923 0.8461538461538461 0.9110576923076923
23 0.7307692307692307 0.7548076923076923 0.7932692307692307 0.7548076923076923 0.7932692307692307 0.90625 0.7307692307692307 0.90625
23 0.43990384615384615 0.8822115384615384 0.5336538461538461 0.8822115384615384 0.5336538461538461 0.9375 0.43990384615384615 0.9375
8 0.43990384615384615 0.9399038461538461 0.5336538461538461 0.9399038461538461 0.5336538461538461 1 0.43990384615384615 1
23 0.45913461538461536 0.1466346153846154 0.5168269230769231 0.1466346153846154 0.5168269230769231 0.19471153846153846 0.45913461538461536 0.19471153846153846
23 0.6081730769230769 0.15865384615384615 0.65625 0.15865384615384615 0.65625 0.19471153846153846 0.6081730769230769 0.19471153846153846
23 0.3173076923076923 0.15625 0.36538461538461536 0.15625 0.36538461538461536 0.19471153846153846 0.3173076923076923 0.19471153846153846
8 0.6009615384615384 0.3269230769230769 0.6634615384615384 0.3269230769230769 0.6634615384615384 0.5096153846153846 0.6009615384615384 0.5096153846153846
8 0.31009615384615385 0.3269230769230769 0.37259615384615385 0.3269230769230769 0.37259615384615385 0.5096153846153846 0.31009615384615385 0.5096153846153846
8 0.4495192307692308 0.3269230769230769 0.5240384615384616 0.3269230769230769 0.5240384615384616 0.5096153846153846 0.4495192307692308 0.5096153846153846
23 0.06971153846153846 0.1778846153846154 0.11298076923076923 0.1778846153846154 0.11298076923076923 0.23557692307692307 0.06971153846153846 0.23557692307692307
23 0.9807692307692307 0.17548076923076922 1 0.17548076923076922 1 0.2403846153846154 0.9807692307692307 0.2403846153846154
23 0.2980769230769231 0.8774038461538461 0.3870192307692308 0.8774038461538461 0.3870192307692308 1 0.2980769230769231 1
23 0.5889423076923077 0.8774038461538461 0.6754807692307693 0.8774038461538461 0.6754807692307693 1 0.5889423076923077 1
23 0.5889423076923077 0.8125 0.6009615384615384 0.8125 0.6009615384615384 0.8581730769230769 0.5889423076923077 0.8581730769230769
23 0.6081730769230769 0.8100961538461539 0.6298076923076923 0.8100961538461539 0.6298076923076923 0.8557692307692307 0.6081730769230769 0.8557692307692307
23 0.6346153846153846 0.8100961538461539 0.65625 0.8100961538461539 0.65625 0.8557692307692307 0.6346153846153846 0.8557692307692307
23 0.6610576923076923 0.8125 0.6778846153846154 0.8125 0.6778846153846154 0.8581730769230769 0.6610576923076923 0.8581730769230769
23 0.6610576923076923 0.7716346153846154 0.6754807692307693 0.7716346153846154 0.6754807692307693 0.8076923076923077 0.6610576923076923 0.8076923076923077
23 0.6346153846153846 0.7716346153846154 0.65625 0.7716346153846154 0.65625 0.8052884615384616 0.6346153846153846 0.8052884615384616
23 0.6081730769230769 0.7716346153846154 0.6298076923076923 0.7716346153846154 0.6298076923076923 0.8052884615384616 0.6081730769230769 0.8052884615384616
23 0.5889423076923077 0.7716346153846154 0.6009615384615384 0.7716346153846154 0.6009615384615384 0.8076923076923077 0.5889423076923077 0.8076923076923077
23 0.4375 0.7716346153846154 0.4519230769230769 0.7716346153846154 0.4519230769230769 0.8076923076923077 0.4375 0.8076923076923077
23 0.45913461538461536 0.7716346153846154 0.47115384615384615 0.7716346153846154 0.47115384615384615 0.8052884615384616 0.45913461538461536 0.8052884615384616
23 0.5024038461538461 0.7716346153846154 0.5168269230769231 0.7716346153846154 0.5168269230769231 0.8052884615384616 0.5024038461538461 0.8052884615384616
23 0.5216346153846154 0.7716346153846154 0.5360576923076923 0.7716346153846154 0.5360576923076923 0.8076923076923077 0.5216346153846154 0.8076923076923077
23 0.5216346153846154 0.8125 0.5360576923076923 0.8125 0.5360576923076923 0.8581730769230769 0.5216346153846154 0.8581730769230769
23 0.5 0.8100961538461539 0.5168269230769231 0.8100961538461539 0.5168269230769231 0.8557692307692307 0.5 0.8557692307692307
23 0.4807692307692308 0.8100961538461539 0.4951923076923077 0.8100961538461539 0.4951923076923077 0.8557692307692307 0.4807692307692308 0.8557692307692307
23 0.45913461538461536 0.8100961538461539 0.4735576923076923 0.8100961538461539 0.4735576923076923 0.8557692307692307 0.45913461538461536 0.8557692307692307
23 0.4375 0.8125 0.4519230769230769 0.8125 0.4519230769230769 0.8581730769230769 0.4375 0.8581730769230769
23 0.2980769230769231 0.8125 0.3125 0.8125 0.3125 0.8557692307692307 0.2980769230769231 0.8557692307692307
23 0.3173076923076923 0.8100961538461539 0.3389423076923077 0.8100961538461539 0.3389423076923077 0.8557692307692307 0.3173076923076923 0.8557692307692307
23 0.34615384615384615 0.8100961538461539 0.36778846153846156 0.8100961538461539 0.36778846153846156 0.8557692307692307 0.34615384615384615 0.8557692307692307
23 0.37259615384615385 0.8125 0.3870192307692308 0.8125 0.3870192307692308 0.8581730769230769 0.37259615384615385 0.8581730769230769
23 0.37259615384615385 0.7716346153846154 0.38461538461538464 0.7716346153846154 0.38461538461538464 0.8052884615384616 0.37259615384615385 0.8052884615384616
23 0.34615384615384615 0.7716346153846154 0.36778846153846156 0.7716346153846154 0.36778846153846156 0.8028846153846154 0.34615384615384615 0.8028846153846154
23 0.31971153846153844 0.7716346153846154 0.3389423076923077 0.7716346153846154 0.3389423076923077 0.8028846153846154 0.31971153846153844 0.8028846153846154
23 0.2980769230769231 0.7692307692307693 0.3125 0.7692307692307693 0.3125 0.8052884615384616 0.2980769230769231 0.8052884615384616
21 0.06009615384615385 0.9110576923076923 0.12980769230769232 0.9110576923076923 0.12980769230769232 0.9206730769230769 0.06009615384615385 0.9206730769230769
21 0.17548076923076922 0.90625 0.24759615384615385 0.90625 0.24759615384615385 0.9182692307692307 0.17548076923076922 0.9182692307692307
21 0.7283653846153846 0.90625 0.8004807692307693 0.90625 0.8004807692307693 0.9182692307692307 0.7283653846153846 0.9182692307692307
21 0.8461538461538461 0.9110576923076923 0.9134615384615384 0.9110576923076923 0.9134615384615384 0.9230769230769231 0.8461538461538461 0.9230769230769231
21 0.9591346153846154 0.9206730769230769 1 0.9206730769230769 1 0.9302884615384616 0.9591346153846154 0.9302884615384616
5 0.0625 0.49278846153846156 0.12740384615384615 0.49278846153846156 0.12740384615384615 0.5552884615384616 0.0625 0.5552884615384616
5 0.17548076923076922 0.4735576923076923 0.24759615384615385 0.4735576923076923 0.24759615384615385 0.5408653846153846 0.17548076923076922 0.5408653846153846
5 0.7283653846153846 0.4735576923076923 0.8004807692307693 0.4735576923076923 0.8004807692307693 0.5408653846153846 0.7283653846153846 0.5408653846153846
5 0.7283653846153846 0.6875 0.7980769230769231 0.6875 0.7980769230769231 0.75 0.7283653846153846 0.75
5 0.5865384615384616 0.6899038461538461 0.6778846153846154 0.6899038461538461 0.6778846153846154 0.7475961538461539 0.5865384615384616 0.7475961538461539
5 0.2956730769230769 0.6899038461538461 0.3870192307692308 0.6899038461538461 0.3870192307692308 0.7475961538461539 0.2956730769230769 0.7475961538461539
5 0.4375 0.6899038461538461 0.5384615384615384 0.6899038461538461 0.5384615384615384 0.7475961538461539 0.4375 0.7475961538461539
5 0.1778846153846154 0.6826923076923077 0.24759615384615385 0.6826923076923077 0.24759615384615385 0.75 0.1778846153846154 0.75
5 0.8461538461538461 0.49278846153846156 0.9110576923076923 0.49278846153846156 0.9110576923076923 0.5576923076923077 0.8461538461538461 0.5576923076923077
5 0.2932692307692308 0.46634615384615385 0.3894230769230769 0.46634615384615385 0.3894230769230769 0.5240384615384616 0.2932692307692308 0.5240384615384616
5 0.5865384615384616 0.46634615384615385 0.6826923076923077 0.46634615384615385 0.6826923076923077 0.5240384615384616 0.5865384615384616 0.5240384615384616
5 0.43509615384615385 0.46634615384615385 0.5408653846153846 0.46634615384615385 0.5408653846153846 0.5240384615384616 0.43509615384615385 0.5240384615384616
21 0.31490384615384615 0.19471153846153846 0.3701923076923077 0.19471153846153846 0.3701923076923077 0.20432692307692307 0.31490384615384615 0.20432692307692307
21 0.4543269230769231 0.19471153846153846 0.5192307692307693 0.19471153846153846 0.5192307692307693 0.20673076923076922 0.4543269230769231 0.20673076923076922
21 0.6057692307692307 0.19471153846153846 0.6586538461538461 0.19471153846153846 0.6586538461538461 0.20673076923076922 0.6057692307692307 0.20673076923076922
5 0.6105769230769231 0.20673076923076922 0.6514423076923077 0.20673076923076922 0.6514423076923077 0.2283653846153846 0.6105769230769231 0.2283653846153846
5 0.46153846153846156 0.20673076923076922 0.5096153846153846 0.20673076923076922 0.5096153846153846 0.2283653846153846 0.46153846153846156 0.2283653846153846
5 0.32211538461538464 0.20432692307692307 0.3605769230769231 0.20432692307692307 0.3605769230769231 0.22596153846153846 0.32211538461538464 0.22596153846153846
17 0.004807692307692308 0.29086538461538464 0.06009615384615385 0.29086538461538464 0.06009615384615385 1 0.004807692307692308 1
17 0.12259615384615384 0.2644230769230769 0.18028846153846154 0.2644230769230769 0.18028846153846154 1 0.12259615384615384 1
17 0.23798076923076922 0.2620192307692308 0.2980769230769231 0.2620192307692308 0.2980769230769231 1 0.23798076923076922 1
17 0.3798076923076923 0.2620192307692308 0.43990384615384615 0.2620192307692308 0.43990384615384615 0.9975961538461539 0.3798076923076923 0.9975961538461539
17 0.5336538461538461 0.2620192307692308 0.59375 0.2620192307692308 0.59375 0.9975961538461539 0.5336538461538461 0.9975961538461539
17 0.6778846153846154 0.2644230769230769 0.7379807692307693 0.2644230769230769 0.7379807692307693 1 0.6778846153846154 1
17 0.7908653846153846 0.2644230769230769 0.8557692307692307 0.2644230769230769 0.8557692307692307 1 0.7908653846153846 1
17 0.90625 0.29086538461538464 0.96875 0.29086538461538464 0.96875 1 0.90625 1
23 0.8485576923076923 0.9879807692307693 0.9014423076923077 0.9879807692307693 0.9014423076923077 1 0.8485576923076923 1
5 0.9567307692307693 0.6971153846153846 1 0.6971153846153846 1 0.7644230769230769 0.9567307692307693 0.7644230769230769
19 0.002403846153846154 0.009615384615384616 1 0.009615384615384616 1 0.24519230769230768 0.002403846153846154 0.24519230769230768
15 0 0.7548076923076923 1 0.7548076923076923 1 1 0 1
12 0 0.7427884615384616 1 0.7427884615384616 1 0.7548076923076923 0 0.7548076923076923
12 0 0.5240384615384616 1 0.5240384615384616 1 0.5360576923076923 0 0.5360576923076923
12 0 0.2644230769230769 1 0.2644230769230769 1 0.2764423076923077 0 0.2764423076923077
22 0 0.15144230769230768 1 0.15144230769230768 1 0.2764423076923077 0 0.2764423076923077
11 0 0.27403846153846156 1 0.27403846153846156 1 0.5360576923076923 0 0.5360576923076923
11 0 0.5360576923076923 1 0.5360576923076923 1 0.7524038461538461 0 0.7524038461538461
2 0 0.007211538461538462 1 0.007211538461538462 1 1 0 1
10 0.002403846153846154 0.24519230769230768 0.9975961538461539 0.24519230769230768 0.9975961538461539 0.9975961538461539 0.002403846153846154 0.9975961538461539
23 0.8629807692307693 0.17548076923076922 0.9038461538461539 0.17548076923076922 0.9038461538461539 0.2403846153846154 0.8629807692307693 0.2403846153846154