23 0.6754807692307693 0.6370192307692307 0.78125 0.6370192307692307 0.78125 0.7451923076923077 0.6754807692307693 0.7451923076923077
23 0.22115384615384615 0.6370192307692307 0.3269230769230769 0.6370192307692307 0.3269230769230769 0.7403846153846154 0.22115384615384615 0.7403846153846154
23 0.44471153846153844 0.6346153846153846 0.5552884615384616 0.6346153846153846 0.5552884615384616 0.7427884615384616 0.44471153846153844 0.7427884615384616
8 0.6754807692307693 0.7427884615384616 0.78125 0.7427884615384616 0.78125 0.9759615384615384 0.6754807692307693 0.9759615384615384
8 0.22355769230769232 0.7403846153846154 0.3269230769230769 0.7403846153846154 0.3269230769230769 0.9735576923076923 0.22355769230769232 0.9735576923076923
8 0.44471153846153844 0.7427884615384616 0.5552884615384616 0.7427884615384616 0.5552884615384616 0.9759615384615384 0.44471153846153844 0.9759615384615384
4 0.21153846153846154 0.1778846153846154 0.33653846153846156 0.1778846153846154 0.33653846153846156 0.3389423076923077 0.21153846153846154 0.3389423076923077
4 0.43990384615384615 0.1778846153846154 0.5625 0.1778846153846154 0.5625 0.33653846153846156 0.43990384615384615 0.33653846153846156
4 0.6658653846153846 0.18028846153846154 0.7932692307692307 0.18028846153846154 0.7932692307692307 0.33653846153846156 0.6658653846153846 0.33653846153846156
17 0.39903846153846156 0.6009615384615384 0.4375 0.6009615384615384 0.4375 0.9783653846153846 0.39903846153846156 0.9783653846153846
17 0.5625 0.6009615384615384 0.6033653846153846 0.6009615384615384 0.6033653846153846 0.9783653846153846 0.5625 0.9783653846153846
17 0.6274038461538461 0.6009615384615384 0.6682692307692307 0.6009615384615384 0.6682692307692307 0.9831730769230769 0.6274038461538461 0.9831730769230769
17 0.7908653846153846 0.6009615384615384 0.8317307692307693 0.6009615384615384 0.8317307692307693 0.9831730769230769 0.7908653846153846 0.9831730769230769
17 0.9206730769230769 0.6033653846153846 0.9615384615384616 0.6033653846153846 0.9615384615384616 0.9807692307692307 0.9206730769230769 0.9807692307692307
17 0.040865384615384616 0.6009615384615384 0.08173076923076923 0.6009615384615384 0.08173076923076923 0.9831730769230769 0.040865384615384616 0.9831730769230769
17 0.17067307692307693 0.6009615384615384 0.21153846153846154 0.6009615384615384 0.21153846153846154 0.9783653846153846 0.17067307692307693 0.9783653846153846
17 0.33413461538461536 0.6009615384615384 0.37259615384615385 0.6009615384615384 0.37259615384615385 0.9807692307692307 0.33413461538461536 0.9807692307692307
17 0.9302884615384616 0.15144230769230768 0.9519230769230769 0.15144230769230768 0.9519230769230769 0.4735576923076923 0.9302884615384616 0.4735576923076923
17 0.052884615384615384 0.15144230769230768 0.07451923076923077 0.15144230769230768 0.07451923076923077 0.4735576923076923 0.052884615384615384 0.4735576923076923
17 0.18269230769230768 0.15144230769230768 0.20432692307692307 0.15144230769230768 0.20432692307692307 0.4735576923076923 0.18269230769230768 0.4735576923076923
17 0.34615384615384615 0.15144230769230768 0.36778846153846156 0.15144230769230768 0.36778846153846156 0.4735576923076923 0.34615384615384615 0.4735576923076923
17 0.4110576923076923 0.15144230769230768 0.4326923076923077 0.15144230769230768 0.4326923076923077 0.4735576923076923 0.4110576923076923 0.4735576923076923
17 0.5721153846153846 0.15144230769230768 0.59375 0.15144230769230768 0.59375 0.4735576923076923 0.5721153846153846 0.4735576923076923
17 0.6370192307692307 0.15144230769230768 0.6586538461538461 0.15144230769230768 0.6586538461538461 0.4735576923076923 0.6370192307692307 0.4735576923076923
17 0.8004807692307693 0.15144230769230768 0.8221153846153846 0.15144230769230768 0.8221153846153846 0.4735576923076923 0.8004807692307693 0.4735576923076923
21 0.2548076923076923 0.34615384615384615 0.29086538461538464 0.34615384615384615 0.29086538461538464 0.3605769230769231 0.2548076923076923 0.3605769230769231
21 0.4831730769230769 0.34375 0.5192307692307693 0.34375 0.5192307692307693 0.3605769230769231 0.4831730769230769 0.3605769230769231
21 0.7115384615384616 0.34615384615384615 0.7451923076923077 0.34615384615384615 0.7451923076923077 0.3605769230769231 0.7115384615384616 0.3605769230769231
16 0.007211538461538462 0.37259615384615385 0.9951923076923077 0.37259615384615385 0.9951923076923077 0.3942307692307692 0.007211538461538462 0.3942307692307692
16 0.002403846153846154 0.11057692307692307 1 0.11057692307692307 1 0.15625 0.002403846153846154 0.15625
2 0 0 1 0 1 0.9807692307692307 0 0.9807692307692307
16 0.016826923076923076 0.036057692307692304 0.9879807692307693 0.036057692307692304 0.9879807692307693 0.06490384615384616 0.016826923076923076 0.06490384615384616
16 0 0.5048076923076923 1 0.5048076923076923 1 0.5480769230769231 0 0.5480769230769231
22 0.021634615384615384 0.06490384615384616 0.9807692307692307 0.06490384615384616 0.9807692307692307 0.5048076923076923 0.021634615384615384 0.5048076923076923
12 0.014423076923076924 0.5048076923076923 0.9927884615384616 0.5048076923076923 0.9927884615384616 0.5480769230769231 0.014423076923076924 0.5480769230769231
15 0.014423076923076924 0.5456730769230769 0.9927884615384616 0.5456730769230769 0.9927884615384616 0.9807692307692307 0.014423076923076924 0.9807692307692307
19 0.01201923076923077 0 0.9951923076923077 0 0.9951923076923077 0.04567307692307692 0.01201923076923077 0.04567307692307692
10 0.002403846153846154 0.002403846153846154 1 0.002403846153846154 1 0.9831730769230769 0.002403846153846154 0.9831730769230769