23 0.08173076923076923 0.5432692307692307 0.18509615384615385 0.5432692307692307 0.18509615384615385 0.8413461538461539 0.08173076923076923 0.8413461538461539
23 0.78125 0.5480769230769231 0.8846153846153846 0.5480769230769231 0.8846153846153846 0.84375 0.78125 0.84375
21 0.7692307692307693 0.8413461538461539 0.8966346153846154 0.8413461538461539 0.8966346153846154 0.8605769230769231 0.7692307692307693 0.8605769230769231
21 0.06971153846153846 0.8365384615384616 0.1971153846153846 0.8365384615384616 0.1971153846153846 0.8581730769230769 0.06971153846153846 0.8581730769230769
8 0.5793269230769231 0.4567307692307692 0.7115384615384616 0.4567307692307692 0.7115384615384616 0.9519230769230769 0.5793269230769231 0.9519230769230769
8 0.2548076923076923 0.4567307692307692 0.38461538461538464 0.4567307692307692 0.38461538461538464 0.9519230769230769 0.2548076923076923 0.9519230769230769
8 0.41586538461538464 0.4567307692307692 0.5480769230769231 0.4567307692307692 0.5480769230769231 0.9543269230769231 0.41586538461538464 0.9543269230769231
4 0.18028846153846154 0.007211538461538462 0.78125 0.007211538461538462 0.78125 0.25961538461538464 0.18028846153846154 0.25961538461538464
4 0.7716346153846154 0.5024038461538461 0.8942307692307693 0.5024038461538461 0.8942307692307693 0.5480769230769231 0.7716346153846154 0.5480769230769231
4 0.07211538461538461 0.5024038461538461 0.19230769230769232 0.5024038461538461 0.19230769230769232 0.5432692307692307 0.07211538461538461 0.5432692307692307
23 0.45913461538461536 0.5721153846153846 0.5264423076923077 0.5721153846153846 0.5264423076923077 0.6490384615384616 0.45913461538461536 0.6490384615384616
8 0.45913461538461536 0.6490384615384616 0.5264423076923077 0.6490384615384616 0.5264423076923077 0.9182692307692307 0.45913461538461536 0.9182692307692307
16 0.016826923076923076 0.2620192307692308 0.9350961538461539 0.2620192307692308 0.9350961538461539 0.37259615384615385 0.016826923076923076 0.37259615384615385
17 0.2091346153846154 0.5504807692307693 0.27163461538461536 0.5504807692307693 0.27163461538461536 0.9495192307692307 0.2091346153846154 0.9495192307692307
17 0.375 0.5504807692307693 0.4326923076923077 0.5504807692307693 0.4326923076923077 0.9495192307692307 0.375 0.9495192307692307
17 0.5384615384615384 0.5504807692307693 0.5913461538461539 0.5504807692307693 0.5913461538461539 0.9495192307692307 0.5384615384615384 0.9495192307692307
17 0.6971153846153846 0.5480769230769231 0.7548076923076923 0.5480769230769231 0.7548076923076923 0.9495192307692307 0.6971153846153846 0.9495192307692307
26 0.7259615384615384 0.8846153846153846 0.8990384615384616 0.8846153846153846 0.8990384615384616 1 0.7259615384615384 1
15 0.02403846153846154 0.25721153846153844 0.9447115384615384 0.25721153846153844 0.9447115384615384 0.9711538461538461 0.02403846153846154 0.9711538461538461
12 0.02403846153846154 0.23798076923076922 0.9447115384615384 0.23798076923076922 0.9447115384615384 0.25961538461538464 0.02403846153846154 0.25961538461538464
22 0.2283653846153846 0.055288461538461536 0.7355769230769231 0.055288461538461536 0.7355769230769231 0.25721153846153844 0.2283653846153846 0.25721153846153844
2 0 0.007211538461538462 0.9783653846153846 0.007211538461538462 0.9783653846153846 0.9759615384615384 0 0.9759615384615384
10 0.02403846153846154 0.23798076923076922 0.9423076923076923 0.23798076923076922 0.9423076923076923 0.9711538461538461 0.02403846153846154 0.9711538461538461