23 0.7379807692307693 0.7644230769230769 0.9302884615384616 0.7644230769230769 0.9302884615384616 0.9471153846153846 0.7379807692307693 0.9471153846153846
23 0.7379807692307693 0.007211538461538462 0.9302884615384616 0.007211538461538462 0.9302884615384616 0.19471153846153846 0.7379807692307693 0.19471153846153846
23 0.7379807692307693 0.2644230769230769 0.9302884615384616 0.2644230769230769 0.9302884615384616 0.44471153846153844 0.7379807692307693 0.44471153846153844
23 0.7379807692307693 0.5072115384615384 0.9302884615384616 0.5072115384615384 0.9302884615384616 0.6947115384615384 0.7379807692307693 0.6947115384615384
23 0.06971153846153846 0.7620192307692307 0.2620192307692308 0.7620192307692307 0.2620192307692308 0.9423076923076923 0.06971153846153846 0.9423076923076923
23 0.06971153846153846 0.009615384615384616 0.2620192307692308 0.009615384615384616 0.2620192307692308 0.1971153846153846 0.06971153846153846 0.1971153846153846
23 0.06971153846153846 0.2644230769230769 0.2620192307692308 0.2644230769230769 0.2620192307692308 0.44471153846153844 0.06971153846153846 0.44471153846153844
23 0.06971153846153846 0.5072115384615384 0.2620192307692308 0.5072115384615384 0.2620192307692308 0.6947115384615384 0.06971153846153846 0.6947115384615384
23 0.40384615384615385 0.7596153846153846 0.5961538461538461 0.7596153846153846 0.5961538461538461 0.9447115384615384 0.40384615384615385 0.9447115384615384
23 0.40384615384615385 0.01201923076923077 0.5961538461538461 0.01201923076923077 0.5961538461538461 0.19471153846153846 0.40384615384615385 0.19471153846153846
23 0.40384615384615385 0.25961538461538464 0.5961538461538461 0.25961538461538464 0.5961538461538461 0.44711538461538464 0.40384615384615385 0.44711538461538464
23 0.40625 0.5120192307692307 0.5985576923076923 0.5120192307692307 0.5985576923076923 0.6947115384615384 0.40625 0.6947115384615384
12 0.002403846153846154 0.24278846153846154 1 0.24278846153846154 1 0.25961538461538464 0.002403846153846154 0.25961538461538464
12 0.002403846153846154 0.49278846153846156 1 0.49278846153846156 1 0.5072115384615384 0.002403846153846154 0.5072115384615384
12 0.002403846153846154 0.7403846153846154 1 0.7403846153846154 1 0.7572115384615384 0.002403846153846154 0.7572115384615384
11 0.002403846153846154 0 1 0 1 0.24519230769230768 0.002403846153846154 0.24519230769230768
11 0.002403846153846154 0.7572115384615384 1 0.7572115384615384 1 1 0.002403846153846154 1
11 0.002403846153846154 0.5072115384615384 1 0.5072115384615384 1 0.7403846153846154 0.002403846153846154 0.7403846153846154
11 0.002403846153846154 0.25961538461538464 1 0.25961538461538464 1 0.49278846153846156 0.002403846153846154 0.49278846153846156
2 0 0 1 0 1 1 0 1
10 0.002403846153846154 0 1 0 1 0.9975961538461539 0.002403846153846154 0.9975961538461539