23 0.6850961538461539 0.5649038461538461 0.7860576923076923 0.5649038461538461 0.7860576923076923 0.8293269230769231 0.6850961538461539 0.8293269230769231
23 0.6875 0.12740384615384615 0.7860576923076923 0.12740384615384615 0.7860576923076923 0.3870192307692308 0.6875 0.3870192307692308
23 0.20673076923076922 0.5649038461538461 0.3076923076923077 0.5649038461538461 0.3076923076923077 0.8293269230769231 0.20673076923076922 0.8293269230769231
23 0.2091346153846154 0.12740384615384615 0.3076923076923077 0.12740384615384615 0.3076923076923077 0.3870192307692308 0.2091346153846154 0.3870192307692308
23 0.44711538461538464 0.5649038461538461 0.5456730769230769 0.5649038461538461 0.5456730769230769 0.8293269230769231 0.44711538461538464 0.8293269230769231
23 0.44711538461538464 0.12740384615384615 0.5456730769230769 0.12740384615384615 0.5456730769230769 0.3870192307692308 0.44711538461538464 0.3870192307692308
21 0.6778846153846154 0.8317307692307693 0.7980769230769231 0.8317307692307693 0.7980769230769231 0.8581730769230769 0.6778846153846154 0.8581730769230769
21 0.1971153846153846 0.3894230769230769 0.3173076923076923 0.3894230769230769 0.3173076923076923 0.4182692307692308 0.1971153846153846 0.4182692307692308
21 0.1971153846153846 0.8317307692307693 0.31971153846153844 0.8317307692307693 0.31971153846153844 0.8581730769230769 0.1971153846153846 0.8581730769230769
21 0.4375 0.8317307692307693 0.5576923076923077 0.8317307692307693 0.5576923076923077 0.8581730769230769 0.4375 0.8581730769230769
21 0.4375 0.3894230769230769 0.5576923076923077 0.3894230769230769 0.5576923076923077 0.41586538461538464 0.4375 0.41586538461538464
21 0.6754807692307693 0.3894230769230769 0.7980769230769231 0.3894230769230769 0.7980769230769231 0.41586538461538464 0.6754807692307693 0.41586538461538464
11 0 0.002403846153846154 1 0.002403846153846154 1 0.5048076923076923 0 0.5048076923076923
12 0 0.5024038461538461 1 0.5024038461538461 1 0.5360576923076923 0 0.5360576923076923
12 0 0.9663461538461539 0.9975961538461539 0.9663461538461539 0.9975961538461539 1 0 1
11 0 0.5360576923076923 1 0.5360576923076923 1 0.9663461538461539 0 0.9663461538461539
2 0 0 0.9975961538461539 0 0.9975961538461539 0.9975961538461539 0 0.9975961538461539
10 0 0 0.9975961538461539 0 0.9975961538461539 0.9975961538461539 0 0.9975961538461539