23 0.42788461538461536 0.21634615384615385 0.5288461538461539 0.21634615384615385 0.5288461538461539 0.4326923076923077 0.42788461538461536 0.4326923076923077
23 0.20192307692307693 0.21634615384615385 0.2980769230769231 0.21634615384615385 0.2980769230769231 0.4326923076923077 0.20192307692307693 0.4326923076923077
23 0.1971153846153846 0.20673076923076922 0.2980769230769231 0.20673076923076922 0.2980769230769231 0.4326923076923077 0.1971153846153846 0.4326923076923077
23 0.6586538461538461 0.5673076923076923 0.7620192307692307 0.5673076923076923 0.7620192307692307 0.7596153846153846 0.6586538461538461 0.7596153846153846
23 0.20192307692307693 0.5673076923076923 0.2980769230769231 0.5673076923076923 0.2980769230769231 0.7596153846153846 0.20192307692307693 0.7596153846153846
23 0.6610576923076923 0.8341346153846154 0.7548076923076923 0.8341346153846154 0.7548076923076923 0.9807692307692307 0.6610576923076923 0.9807692307692307
23 0.4326923076923077 0.6057692307692307 0.5288461538461539 0.6057692307692307 0.5288461538461539 0.6706730769230769 0.4326923076923077 0.6706730769230769
23 0.42788461538461536 0.2091346153846154 0.5288461538461539 0.2091346153846154 0.5288461538461539 0.43509615384615385 0.42788461538461536 0.43509615384615385
8 0.4326923076923077 0.5985576923076923 0.5288461538461539 0.5985576923076923 0.5288461538461539 0.9711538461538461 0.4326923076923077 0.9711538461538461
8 0.4326923076923077 0.6706730769230769 0.5288461538461539 0.6706730769230769 0.5288461538461539 0.9326923076923077 0.4326923076923077 0.9326923076923077
4 0.16105769230769232 0.49759615384615385 0.3293269230769231 0.49759615384615385 0.3293269230769231 0.5192307692307693 0.16105769230769232 0.5192307692307693
4 0.625 0.5 0.7932692307692307 0.5 0.7932692307692307 0.5192307692307693 0.625 0.5192307692307693
4 0.3894230769230769 0.49759615384615385 0.5649038461538461 0.49759615384615385 0.5649038461538461 0.5625 0.3894230769230769 0.5625
4 0.15865384615384615 0.11057692307692307 0.3269230769230769 0.11057692307692307 0.3269230769230769 0.1346153846153846 0.15865384615384615 0.1346153846153846
4 0.3918269230769231 0.11057692307692307 0.5600961538461539 0.11057692307692307 0.5600961538461539 0.13221153846153846 0.3918269230769231 0.13221153846153846
4 0.625 0.11057692307692307 0.7932692307692307 0.11057692307692307 0.7932692307692307 0.13221153846153846 0.625 0.13221153846153846
23 0.1971153846153846 0.5625 0.3004807692307692 0.5625 0.3004807692307692 0.7596153846153846 0.1971153846153846 0.7596153846153846
23 0.6586538461538461 0.5625 0.7620192307692307 0.5625 0.7620192307692307 0.7596153846153846 0.6586538461538461 0.7596153846153846
23 0.1971153846153846 0.8245192307692307 0.2980769230769231 0.8245192307692307 0.2980769230769231 0.9855769230769231 0.1971153846153846 0.9855769230769231
23 0.65625 0.8221153846153846 0.7596153846153846 0.8221153846153846 0.7596153846153846 0.9831730769230769 0.65625 0.9831730769230769
23 0.20673076923076922 0.8341346153846154 0.2980769230769231 0.8341346153846154 0.2980769230769231 0.9807692307692307 0.20673076923076922 0.9807692307692307
4 0.18509615384615385 0.7908653846153846 0.31009615384615385 0.7908653846153846 0.31009615384615385 0.8317307692307693 0.18509615384615385 0.8317307692307693
4 0.6442307692307693 0.7908653846153846 0.7740384615384616 0.7908653846153846 0.7740384615384616 0.8293269230769231 0.6442307692307693 0.8293269230769231
5 0.4375 0.5288461538461539 0.5216346153846154 0.5288461538461539 0.5216346153846154 0.5985576923076923 0.4375 0.5985576923076923
16 0.07932692307692307 0.04807692307692308 0.8725961538461539 0.04807692307692308 0.8725961538461539 0.0673076923076923 0.07932692307692307 0.0673076923076923
16 0.08653846153846154 0.07932692307692307 0.8677884615384616 0.07932692307692307 0.8677884615384616 0.11057692307692307 0.08653846153846154 0.11057692307692307
12 0.11778846153846154 0.46153846153846156 0.8677884615384616 0.46153846153846156 0.8677884615384616 0.5 0.11778846153846154 0.5
15 0.11778846153846154 0.5 0.8677884615384616 0.5 0.8677884615384616 0.9855769230769231 0.11778846153846154 0.9855769230769231
22 0.11778846153846154 0.0673076923076923 0.8677884615384616 0.0673076923076923 0.8677884615384616 0.46153846153846156 0.11778846153846154 0.46153846153846156
2 0.06490384615384616 0.009615384615384616 0.9134615384615384 0.009615384615384616 0.9134615384615384 0.9855769230769231 0.06490384615384616 0.9855769230769231
10 0.0625 0.002403846153846154 0.9134615384615384 0.002403846153846154 0.9134615384615384 0.9855769230769231 0.0625 0.9855769230769231