23 0.7139423076923077 0.17548076923076922 0.7956730769230769 0.17548076923076922 0.7956730769230769 0.25961538461538464 0.7139423076923077 0.25961538461538464
23 0.04567307692307692 0.17548076923076922 0.12980769230769232 0.17548076923076922 0.12980769230769232 0.25961538461538464 0.04567307692307692 0.25961538461538464
23 0.2091346153846154 0.17548076923076922 0.2932692307692308 0.17548076923076922 0.2932692307692308 0.25961538461538464 0.2091346153846154 0.25961538461538464
23 0.37740384615384615 0.17548076923076922 0.45913461538461536 0.17548076923076922 0.45913461538461536 0.25961538461538464 0.37740384615384615 0.25961538461538464
23 0.5432692307692307 0.17548076923076922 0.6274038461538461 0.17548076923076922 0.6274038461538461 0.25961538461538464 0.5432692307692307 0.25961538461538464
23 0.04567307692307692 0.33413461538461536 0.12980769230769232 0.33413461538461536 0.12980769230769232 0.44471153846153844 0.04567307692307692 0.44471153846153844
23 0.7139423076923077 0.33413461538461536 0.7980769230769231 0.33413461538461536 0.7980769230769231 0.44471153846153844 0.7139423076923077 0.44471153846153844
23 0.5456730769230769 0.33413461538461536 0.6298076923076923 0.33413461538461536 0.6298076923076923 0.44471153846153844 0.5456730769230769 0.44471153846153844
23 0.37740384615384615 0.33413461538461536 0.46153846153846156 0.33413461538461536 0.46153846153846156 0.44471153846153844 0.37740384615384615 0.44471153846153844
23 0.21153846153846154 0.33413461538461536 0.2956730769230769 0.33413461538461536 0.2956730769230769 0.44471153846153844 0.21153846153846154 0.44471153846153844
8 0.7139423076923077 0.5625 0.7980769230769231 0.5625 0.7980769230769231 0.6826923076923077 0.7139423076923077 0.6826923076923077
23 0.7139423076923077 0.5240384615384616 0.7980769230769231 0.5240384615384616 0.7980769230769231 0.5625 0.7139423076923077 0.5625
8 0.04807692307692308 0.5625 0.13221153846153846 0.5625 0.13221153846153846 0.6826923076923077 0.04807692307692308 0.6826923076923077
23 0.04807692307692308 0.5240384615384616 0.13221153846153846 0.5240384615384616 0.13221153846153846 0.5625 0.04807692307692308 0.5625
8 0.21394230769230768 0.5625 0.2980769230769231 0.5625 0.2980769230769231 0.6826923076923077 0.21394230769230768 0.6826923076923077
23 0.21394230769230768 0.5240384615384616 0.2980769230769231 0.5240384615384616 0.2980769230769231 0.5625 0.21394230769230768 0.5625
8 0.3798076923076923 0.5625 0.4639423076923077 0.5625 0.4639423076923077 0.6826923076923077 0.3798076923076923 0.6826923076923077
23 0.3798076923076923 0.5240384615384616 0.4639423076923077 0.5240384615384616 0.4639423076923077 0.5625 0.3798076923076923 0.5625
8 0.5456730769230769 0.5625 0.6298076923076923 0.5625 0.6298076923076923 0.6826923076923077 0.5456730769230769 0.6826923076923077
23 0.5456730769230769 0.5240384615384616 0.6298076923076923 0.5240384615384616 0.6298076923076923 0.5625 0.5456730769230769 0.5625
23 0.03365384615384615 0.8413461538461539 0.13942307692307693 0.8413461538461539 0.13942307692307693 0.8774038461538461 0.03365384615384615 0.8774038461538461
8 0.03365384615384615 0.8774038461538461 0.13942307692307693 0.8774038461538461 0.13942307692307693 0.9807692307692307 0.03365384615384615 0.9807692307692307
8 0.7043269230769231 0.8389423076923077 0.8173076923076923 0.8389423076923077 0.8173076923076923 0.9735576923076923 0.7043269230769231 0.9735576923076923
14 0.1971153846153846 0.8389423076923077 0.31009615384615385 0.8389423076923077 0.31009615384615385 0.9735576923076923 0.1971153846153846 0.9735576923076923
14 0.36538461538461536 0.8389423076923077 0.47836538461538464 0.8389423076923077 0.47836538461538464 0.9735576923076923 0.36538461538461536 0.9735576923076923
14 0.5336538461538461 0.8389423076923077 0.6466346153846154 0.8389423076923077 0.6466346153846154 0.9735576923076923 0.5336538461538461 0.9735576923076923
21 0.6947115384615384 0.25961538461538464 0.8173076923076923 0.25961538461538464 0.8173076923076923 0.2668269230769231 0.6947115384615384 0.2668269230769231
21 0.026442307692307692 0.25961538461538464 0.1466346153846154 0.25961538461538464 0.1466346153846154 0.2668269230769231 0.026442307692307692 0.2668269230769231
21 0.19230769230769232 0.25961538461538464 0.3125 0.25961538461538464 0.3125 0.2668269230769231 0.19230769230769232 0.2668269230769231
21 0.3581730769230769 0.25961538461538464 0.47836538461538464 0.25961538461538464 0.47836538461538464 0.2668269230769231 0.3581730769230769 0.2668269230769231
21 0.5240384615384616 0.25961538461538464 0.6490384615384616 0.25961538461538464 0.6490384615384616 0.2668269230769231 0.5240384615384616 0.2668269230769231
4 0.004807692307692308 0.47836538461538464 0.17067307692307693 0.47836538461538464 0.17067307692307693 0.5288461538461539 0.004807692307692308 0.5288461538461539
4 0.6730769230769231 0.47836538461538464 0.8389423076923077 0.47836538461538464 0.8389423076923077 0.5288461538461539 0.6730769230769231 0.5288461538461539
4 0.004807692307692308 0.28846153846153844 0.16826923076923078 0.28846153846153844 0.16826923076923078 0.33413461538461536 0.004807692307692308 0.33413461538461536
4 0.6730769230769231 0.28846153846153844 0.8389423076923077 0.28846153846153844 0.8389423076923077 0.33413461538461536 0.6730769230769231 0.33413461538461536
4 0.5048076923076923 0.28846153846153844 0.6706730769230769 0.28846153846153844 0.6706730769230769 0.33413461538461536 0.5048076923076923 0.33413461538461536
4 0.3389423076923077 0.28846153846153844 0.5024038461538461 0.28846153846153844 0.5024038461538461 0.33413461538461536 0.3389423076923077 0.33413461538461536
4 0.17067307692307693 0.28846153846153844 0.33413461538461536 0.28846153846153844 0.33413461538461536 0.33413461538461536 0.17067307692307693 0.33413461538461536
4 0.17067307692307693 0.47836538461538464 0.33653846153846156 0.47836538461538464 0.33653846153846156 0.5288461538461539 0.17067307692307693 0.5288461538461539
4 0.3389423076923077 0.47836538461538464 0.5024038461538461 0.47836538461538464 0.5024038461538461 0.5288461538461539 0.3389423076923077 0.5288461538461539
4 0.5048076923076923 0.47836538461538464 0.6706730769230769 0.47836538461538464 0.6706730769230769 0.5288461538461539 0.5048076923076923 0.5288461538461539
21 0.02403846153846154 0.44471153846153844 0.15144230769230768 0.44471153846153844 0.15144230769230768 0.4519230769230769 0.02403846153846154 0.4519230769230769
21 0.6923076923076923 0.44471153846153844 0.8173076923076923 0.44471153846153844 0.8173076923076923 0.4519230769230769 0.6923076923076923 0.4519230769230769
21 0.5240384615384616 0.44471153846153844 0.6514423076923077 0.44471153846153844 0.6514423076923077 0.4519230769230769 0.5240384615384616 0.4519230769230769
21 0.3581730769230769 0.44471153846153844 0.4831730769230769 0.44471153846153844 0.4831730769230769 0.4519230769230769 0.3581730769230769 0.4519230769230769
21 0.19230769230769232 0.44471153846153844 0.3173076923076923 0.44471153846153844 0.3173076923076923 0.4519230769230769 0.19230769230769232 0.4519230769230769
5 0.7019230769230769 0.3076923076923077 0.8076923076923077 0.3076923076923077 0.8076923076923077 0.32211538461538464 0.7019230769230769 0.32211538461538464
5 0.036057692307692304 0.3076923076923077 0.14182692307692307 0.3076923076923077 0.14182692307692307 0.32211538461538464 0.036057692307692304 0.32211538461538464
5 0.19951923076923078 0.3076923076923077 0.30528846153846156 0.3076923076923077 0.30528846153846156 0.32211538461538464 0.19951923076923078 0.32211538461538464
5 0.36538461538461536 0.3076923076923077 0.47115384615384615 0.3076923076923077 0.47115384615384615 0.32211538461538464 0.36538461538461536 0.32211538461538464
5 0.5336538461538461 0.3076923076923077 0.6394230769230769 0.3076923076923077 0.6394230769230769 0.32211538461538464 0.5336538461538461 0.32211538461538464
5 0.036057692307692304 0.5 0.13942307692307693 0.5 0.13942307692307693 0.5144230769230769 0.036057692307692304 0.5144230769230769
5 0.7043269230769231 0.49759615384615385 0.8052884615384616 0.49759615384615385 0.8052884615384616 0.5120192307692307 0.7043269230769231 0.5120192307692307
5 0.5384615384615384 0.49759615384615385 0.6394230769230769 0.49759615384615385 0.6394230769230769 0.5120192307692307 0.5384615384615384 0.5120192307692307
5 0.3701923076923077 0.49759615384615385 0.47115384615384615 0.49759615384615385 0.47115384615384615 0.5120192307692307 0.3701923076923077 0.5120192307692307
5 0.20432692307692307 0.49759615384615385 0.30528846153846156 0.49759615384615385 0.30528846153846156 0.5120192307692307 0.20432692307692307 0.5120192307692307
23 0.7019230769230769 0.7283653846153846 0.8149038461538461 0.7283653846153846 0.8149038461538461 0.8076923076923077 0.7019230769230769 0.8076923076923077
23 0.1971153846153846 0.7307692307692307 0.31009615384615385 0.7307692307692307 0.31009615384615385 0.8076923076923077 0.1971153846153846 0.8076923076923077
23 0.36538461538461536 0.7283653846153846 0.47836538461538464 0.7283653846153846 0.47836538461538464 0.8076923076923077 0.36538461538461536 0.8076923076923077
23 0.5336538461538461 0.7307692307692307 0.6466346153846154 0.7307692307692307 0.6466346153846154 0.8076923076923077 0.5336538461538461 0.8076923076923077
23 0.8990384615384616 0.7331730769230769 0.9278846153846154 0.7331730769230769 0.9278846153846154 0.8125 0.8990384615384616 0.8125
23 0.8942307692307693 0.5288461538461539 0.9399038461538461 0.5288461538461539 0.9399038461538461 0.6658653846153846 0.8942307692307693 0.6658653846153846
23 0.8942307692307693 0.3389423076923077 0.9375 0.3389423076923077 0.9375 0.46153846153846156 0.8942307692307693 0.46153846153846156
4 0.8798076923076923 0.29086538461538464 0.9639423076923077 0.29086538461538464 0.9639423076923077 0.34615384615384615 0.8798076923076923 0.34615384615384615
5 0.8966346153846154 0.31490384615384615 0.9399038461538461 0.31490384615384615 0.9399038461538461 0.34134615384615385 0.8966346153846154 0.34134615384615385
21 0.8846153846153846 0.44711538461538464 0.9543269230769231 0.44711538461538464 0.9543269230769231 0.46875 0.8846153846153846 0.46875
4 0.8798076923076923 0.4807692307692308 0.9663461538461539 0.4807692307692308 0.9663461538461539 0.53125 0.8798076923076923 0.53125
5 0.8966346153846154 0.5048076923076923 0.9375 0.5048076923076923 0.9375 0.5288461538461539 0.8966346153846154 0.5288461538461539
5 0.14903846153846154 0.6923076923076923 0.18269230769230768 0.6923076923076923 0.18269230769230768 0.7668269230769231 0.14903846153846154 0.7668269230769231
5 0.32211538461538464 0.6923076923076923 0.35336538461538464 0.6923076923076923 0.35336538461538464 0.7668269230769231 0.32211538461538464 0.7668269230769231
5 0.4951923076923077 0.6923076923076923 0.5288461538461539 0.6923076923076923 0.5288461538461539 0.7668269230769231 0.4951923076923077 0.7668269230769231
5 0.6658653846153846 0.6923076923076923 0.6995192307692307 0.6923076923076923 0.6995192307692307 0.7668269230769231 0.6658653846153846 0.7668269230769231
5 0.8365384615384616 0.6923076923076923 0.8701923076923077 0.6923076923076923 0.8701923076923077 0.7668269230769231 0.8365384615384616 0.7668269230769231
5 0.8798076923076923 0.6947115384615384 0.9423076923076923 0.6947115384615384 0.9423076923076923 0.7668269230769231 0.8798076923076923 0.7668269230769231
5 0.9447115384615384 0.7019230769230769 0.9975961538461539 0.7019230769230769 0.9975961538461539 0.7740384615384616 0.9447115384615384 0.7740384615384616
23 0.8942307692307693 0.18269230769230768 0.9399038461538461 0.18269230769230768 0.9399038461538461 0.28365384615384615 0.8942307692307693 0.28365384615384615
21 0.8846153846153846 0.2644230769230769 0.9519230769230769 0.2644230769230769 0.9519230769230769 0.29086538461538464 0.8846153846153846 0.29086538461538464
26 0.1346153846153846 0.9086538461538461 0.24278846153846154 0.9086538461538461 0.24278846153846154 1 0.1346153846153846 1
26 0.4375 0.9495192307692307 0.49759615384615385 0.9495192307692307 0.49759615384615385 1 0.4375 1
26 0.5144230769230769 0.90625 0.6201923076923077 0.90625 0.6201923076923077 0.9879807692307693 0.5144230769230769 0.9879807692307693
26 0.6225961538461539 0.9134615384615384 0.6658653846153846 0.9134615384615384 0.6658653846153846 0.9879807692307693 0.6225961538461539 0.9879807692307693
26 0.6754807692307693 0.9014423076923077 0.8004807692307693 0.9014423076923077 0.8004807692307693 0.9879807692307693 0.6754807692307693 0.9879807692307693
26 0.84375 0.9014423076923077 1 0.9014423076923077 1 1 0.84375 1
16 0 0.08173076923076923 0.9831730769230769 0.08173076923076923 0.9831730769230769 0.15625 0 0.15625
0 0.002403846153846154 0.6394230769230769 1 0.6394230769230769 1 0.6923076923076923 0.002403846153846154 0.6923076923076923
12 0 0.28365384615384615 0.9543269230769231 0.28365384615384615 0.9543269230769231 0.2956730769230769 0 0.2956730769230769
23 0.05048076923076923 0.7283653846153846 0.11778846153846154 0.7283653846153846 0.11778846153846154 0.8028846153846154 0.05048076923076923 0.8028846153846154
22 0.002403846153846154 0.0985576923076923 0.9567307692307693 0.0985576923076923 0.9567307692307693 0.2956730769230769 0.002403846153846154 0.2956730769230769
12 0 0.6826923076923077 0.9591346153846154 0.6826923076923077 0.9591346153846154 0.6947115384615384 0 0.6947115384615384
12 0 0.46875 0.9567307692307693 0.46875 0.9567307692307693 0.4807692307692308 0 0.4807692307692308
14 0.8918269230769231 0.8413461538461539 0.9447115384615384 0.8413461538461539 0.9447115384615384 0.9711538461538461 0.8918269230769231 0.9711538461538461
12 0 0.8100961538461539 0.9591346153846154 0.8100961538461539 0.9591346153846154 0.8221153846153846 0 0.8221153846153846
15 0 0.8221153846153846 0.9591346153846154 0.8221153846153846 0.9591346153846154 1 0 1
11 0 0.6947115384615384 0.9591346153846154 0.6947115384615384 0.9591346153846154 0.8221153846153846 0 0.8221153846153846
11 0.002403846153846154 0.4807692307692308 0.9567307692307693 0.4807692307692308 0.9567307692307693 0.6947115384615384 0.002403846153846154 0.6947115384615384
11 0.002403846153846154 0.2956730769230769 0.9567307692307693 0.2956730769230769 0.9567307692307693 0.4807692307692308 0.002403846153846154 0.4807692307692308
2 0 0.007211538461538462 1 0.007211538461538462 1 0.9975961538461539 0 0.9975961538461539
10 0.002403846153846154 0.10576923076923077 0.9567307692307693 0.10576923076923077 0.9567307692307693 1 0.002403846153846154 1