8 0.11538461538461539 0.8557692307692307 0.1875 0.8557692307692307 0.1875 0.9831730769230769 0.11538461538461539 0.9831730769230769
8 0.4543269230769231 0.8221153846153846 0.5504807692307693 0.8221153846153846 0.5504807692307693 0.9879807692307693 0.4543269230769231 0.9879807692307693
8 0.8173076923076923 0.8557692307692307 0.8870192307692307 0.8557692307692307 0.8870192307692307 0.9831730769230769 0.8173076923076923 0.9831730769230769
5 0.4807692307692308 0.01201923076923077 0.5216346153846154 0.01201923076923077 0.5216346153846154 0.08653846153846154 0.4807692307692308 0.08653846153846154
5 0.7283653846153846 0.5168269230769231 0.75 0.5168269230769231 0.75 0.5432692307692307 0.7283653846153846 0.5432692307692307
5 0.6057692307692307 0.5192307692307693 0.6274038461538461 0.5192307692307693 0.6274038461538461 0.5456730769230769 0.6057692307692307 0.5456730769230769
5 0.25240384615384615 0.5144230769230769 0.2764423076923077 0.5144230769230769 0.2764423076923077 0.5432692307692307 0.25240384615384615 0.5432692307692307
5 0.38221153846153844 0.5168269230769231 0.40384615384615385 0.5168269230769231 0.40384615384615385 0.5456730769230769 0.38221153846153844 0.5456730769230769
5 0.4879807692307692 0.49759615384615385 0.5240384615384616 0.49759615384615385 0.5240384615384616 0.5697115384615384 0.4879807692307692 0.5697115384615384
5 0.9663461538461539 0.5817307692307693 0.9783653846153846 0.5817307692307693 0.9783653846153846 0.5913461538461539 0.9663461538461539 0.5913461538461539
5 0.026442307692307692 0.5817307692307693 0.038461538461538464 0.5817307692307693 0.038461538461538464 0.5913461538461539 0.026442307692307692 0.5913461538461539
5 0.6105769230769231 0.5841346153846154 0.6225961538461539 0.5841346153846154 0.6225961538461539 0.59375 0.6105769230769231 0.59375
5 0.7331730769230769 0.5817307692307693 0.7451923076923077 0.5817307692307693 0.7451923076923077 0.5913461538461539 0.7331730769230769 0.5913461538461539
5 0.3870192307692308 0.8028846153846154 0.39903846153846156 0.8028846153846154 0.39903846153846156 0.9230769230769231 0.3870192307692308 0.9230769230769231
5 0.6081730769230769 0.9375 0.6225961538461539 0.9375 0.6225961538461539 0.9471153846153846 0.6081730769230769 0.9471153846153846
5 0.6105769230769231 0.8028846153846154 0.6225961538461539 0.8028846153846154 0.6225961538461539 0.9230769230769231 0.6105769230769231 0.9230769230769231
5 0.3870192307692308 0.9375 0.39903846153846156 0.9375 0.39903846153846156 0.9471153846153846 0.3870192307692308 0.9471153846153846
5 0.44471153846153844 0.7908653846153846 0.5600961538461539 0.7908653846153846 0.5600961538461539 0.8004807692307693 0.44471153846153844 0.8004807692307693
5 0.8125 0.8341346153846154 0.8966346153846154 0.8341346153846154 0.8966346153846154 0.8413461538461539 0.8125 0.8413461538461539
5 0.3870192307692308 0.6346153846153846 0.4014423076923077 0.6346153846153846 0.4014423076923077 0.6634615384615384 0.3870192307692308 0.6634615384615384
5 0.6081730769230769 0.6322115384615384 0.6225961538461539 0.6322115384615384 0.6225961538461539 0.6634615384615384 0.6081730769230769 0.6634615384615384
5 0.44711538461538464 0.7740384615384616 0.5576923076923077 0.7740384615384616 0.5576923076923077 0.78125 0.44711538461538464 0.78125
5 0.6105769230769231 0.7307692307692307 0.625 0.7307692307692307 0.625 0.7644230769230769 0.6105769230769231 0.7644230769230769
5 0.38461538461538464 0.7283653846153846 0.39903846153846156 0.7283653846153846 0.39903846153846156 0.7644230769230769 0.38461538461538464 0.7644230769230769
5 0.8485576923076923 0.6610576923076923 0.8629807692307693 0.6610576923076923 0.8629807692307693 0.6923076923076923 0.8485576923076923 0.6923076923076923
5 0.7836538461538461 0.7283653846153846 0.7956730769230769 0.7283653846153846 0.7956730769230769 0.7548076923076923 0.7836538461538461 0.7548076923076923
4 0.31490384615384615 0.15865384615384615 0.6850961538461539 0.15865384615384615 0.6850961538461539 0.31490384615384615 0.31490384615384615 0.31490384615384615
5 0.375 0.2548076923076923 0.4519230769230769 0.2548076923076923 0.4519230769230769 0.3004807692307692 0.375 0.3004807692307692
5 0.5528846153846154 0.25240384615384615 0.6298076923076923 0.25240384615384615 0.6298076923076923 0.3004807692307692 0.5528846153846154 0.3004807692307692
4 0.06490384615384616 0.46875 0.23317307692307693 0.46875 0.23317307692307693 0.5552884615384616 0.06490384615384616 0.5552884615384616
5 0.07451923076923077 0.47596153846153844 0.22115384615384615 0.47596153846153844 0.22115384615384615 0.5504807692307693 0.07451923076923077 0.5504807692307693
5 0.25961538461538464 0.5817307692307693 0.27163461538461536 0.5817307692307693 0.27163461538461536 0.5913461538461539 0.25961538461538464 0.5913461538461539
5 0.3870192307692308 0.5841346153846154 0.39903846153846156 0.5841346153846154 0.39903846153846156 0.59375 0.3870192307692308 0.59375
16 0.06009615384615385 0.5817307692307693 0.23798076923076922 0.5817307692307693 0.23798076923076922 0.6009615384615384 0.06009615384615385 0.6009615384615384
16 0.2932692307692308 0.5817307692307693 0.37740384615384615 0.5817307692307693 0.37740384615384615 0.6009615384615384 0.2932692307692308 0.6009615384615384
16 0.40865384615384615 0.5817307692307693 0.6009615384615384 0.5817307692307693 0.6009615384615384 0.6009615384615384 0.40865384615384615 0.6009615384615384
16 0.6322115384615384 0.5817307692307693 0.7115384615384616 0.5817307692307693 0.7115384615384616 0.6009615384615384 0.6322115384615384 0.6009615384615384
16 0.7668269230769231 0.5817307692307693 0.9447115384615384 0.5817307692307693 0.9447115384615384 0.6009615384615384 0.7668269230769231 0.6009615384615384
5 0.9158653846153846 0.7259615384615384 0.9278846153846154 0.7259615384615384 0.9278846153846154 0.7548076923076923 0.9158653846153846 0.7548076923076923
4 0.7692307692307693 0.46875 0.9399038461538461 0.46875 0.9399038461538461 0.5552884615384616 0.7692307692307693 0.5552884615384616
5 0.78125 0.47596153846153844 0.9302884615384616 0.47596153846153844 0.9302884615384616 0.5504807692307693 0.78125 0.5504807692307693
5 0.20673076923076922 0.7235576923076923 0.22115384615384615 0.7235576923076923 0.22115384615384615 0.7548076923076923 0.20673076923076922 0.7548076923076923
5 0.14182692307692307 0.6634615384615384 0.15625 0.6634615384615384 0.15625 0.6923076923076923 0.14182692307692307 0.6923076923076923
5 0.07451923076923077 0.7283653846153846 0.0889423076923077 0.7283653846153846 0.0889423076923077 0.7548076923076923 0.07451923076923077 0.7548076923076923
16 0.07451923076923077 0.8245192307692307 0.22355769230769232 0.8245192307692307 0.22355769230769232 0.84375 0.07451923076923077 0.84375
16 0.3798076923076923 0.7788461538461539 0.6298076923076923 0.7788461538461539 0.6298076923076923 0.8052884615384616 0.3798076923076923 0.8052884615384616
23 0.40865384615384615 0.6634615384615384 0.5985576923076923 0.6634615384615384 0.5985576923076923 0.7716346153846154 0.40865384615384615 0.7716346153846154
16 0.78125 0.8245192307692307 0.9302884615384616 0.8245192307692307 0.9302884615384616 0.84375 0.78125 0.84375
5 0.3918269230769231 0.5793269230769231 0.6129807692307693 0.5793269230769231 0.6129807692307693 0.7692307692307693 0.3918269230769231 0.7692307692307693
23 0.0889423076923077 0.7548076923076923 0.2091346153846154 0.7548076923076923 0.2091346153846154 0.8269230769230769 0.0889423076923077 0.8269230769230769
5 0.10576923076923077 0.7692307692307693 0.1971153846153846 0.7692307692307693 0.1971153846153846 0.8269230769230769 0.10576923076923077 0.8269230769230769
5 0.8076923076923077 0.7692307692307693 0.8990384615384616 0.7692307692307693 0.8990384615384616 0.8269230769230769 0.8076923076923077 0.8269230769230769
23 0.7956730769230769 0.7524038461538461 0.9158653846153846 0.7524038461538461 0.9158653846153846 0.8269230769230769 0.7956730769230769 0.8269230769230769
5 0.7932692307692307 0.6995192307692307 0.9158653846153846 0.6995192307692307 0.9158653846153846 0.8269230769230769 0.7932692307692307 0.8269230769230769
5 0.08653846153846154 0.6995192307692307 0.2091346153846154 0.6995192307692307 0.2091346153846154 0.8269230769230769 0.08653846153846154 0.8269230769230769
16 0.2932692307692308 0.3269230769230769 0.37740384615384615 0.3269230769230769 0.37740384615384615 0.3389423076923077 0.2932692307692308 0.3389423076923077
16 0.40865384615384615 0.3269230769230769 0.6009615384615384 0.3269230769230769 0.6009615384615384 0.3389423076923077 0.40865384615384615 0.3389423076923077
16 0.6322115384615384 0.3269230769230769 0.7091346153846154 0.3269230769230769 0.7091346153846154 0.3389423076923077 0.6322115384615384 0.3389423076923077
16 0.23557692307692307 0.125 0.7668269230769231 0.125 0.7668269230769231 0.31490384615384615 0.23557692307692307 0.31490384615384615
16 0.8076923076923077 0.8485576923076923 0.8990384615384616 0.8485576923076923 0.8990384615384616 0.9495192307692307 0.8076923076923077 0.9495192307692307
16 0.43990384615384615 0.8125 0.5625 0.8125 0.5625 0.9495192307692307 0.43990384615384615 0.9495192307692307
16 0.10576923076923077 0.8485576923076923 0.1971153846153846 0.8485576923076923 0.1971153846153846 0.9495192307692307 0.10576923076923077 0.9495192307692307
5 0.02403846153846154 0.5072115384615384 0.038461538461538464 0.5072115384615384 0.038461538461538464 0.5216346153846154 0.02403846153846154 0.5216346153846154
5 0.04326923076923077 0.49759615384615385 0.052884615384615384 0.49759615384615385 0.052884615384615384 0.5048076923076923 0.04326923076923077 0.5048076923076923
5 0.009615384615384616 0.49759615384615385 0.019230769230769232 0.49759615384615385 0.019230769230769232 0.5048076923076923 0.009615384615384616 0.5048076923076923
5 0.9663461538461539 0.5048076923076923 0.9807692307692307 0.5048076923076923 0.9807692307692307 0.5216346153846154 0.9663461538461539 0.5216346153846154
5 0.9519230769230769 0.49759615384615385 0.9591346153846154 0.49759615384615385 0.9591346153846154 0.5048076923076923 0.9519230769230769 0.5048076923076923
5 0.9855769230769231 0.49759615384615385 0.9927884615384616 0.49759615384615385 0.9927884615384616 0.5048076923076923 0.9855769230769231 0.5048076923076923
5 0.41346153846153844 0.8052884615384616 0.4326923076923077 0.8052884615384616 0.4326923076923077 0.9230769230769231 0.41346153846153844 0.9230769230769231
5 0.5721153846153846 0.8052884615384616 0.59375 0.8052884615384616 0.59375 0.9230769230769231 0.5721153846153846 0.9230769230769231
5 0.25721153846153844 0.23317307692307693 0.27163461538461536 0.23317307692307693 0.27163461538461536 0.25 0.25721153846153844 0.25
5 0.27884615384615385 0.22355769230769232 0.2860576923076923 0.22355769230769232 0.2860576923076923 0.23076923076923078 0.27884615384615385 0.23076923076923078
5 0.24278846153846154 0.22355769230769232 0.25240384615384615 0.22355769230769232 0.25240384615384615 0.23076923076923078 0.24278846153846154 0.23076923076923078
5 0.7331730769230769 0.23317307692307693 0.7475961538461539 0.23317307692307693 0.7475961538461539 0.24759615384615385 0.7331730769230769 0.24759615384615385
5 0.7524038461538461 0.22355769230769232 0.7620192307692307 0.22355769230769232 0.7620192307692307 0.23317307692307693 0.7524038461538461 0.23317307692307693
5 0.71875 0.22355769230769232 0.7259615384615384 0.22355769230769232 0.7259615384615384 0.23076923076923078 0.71875 0.23076923076923078
22 0.23798076923076922 0.3173076923076923 0.7692307692307693 0.3173076923076923 0.7692307692307693 0.5528846153846154 0.23798076923076922 0.5528846153846154
2 0.002403846153846154 0.01201923076923077 1 0.01201923076923077 1 0.9879807692307693 0.002403846153846154 0.9879807692307693
10 0.002403846153846154 0.01201923076923077 0.9975961538461539 0.01201923076923077 0.9975961538461539 0.9879807692307693 0.002403846153846154 0.9879807692307693
15 0.01201923076923077 0.5528846153846154 0.9927884615384616 0.5528846153846154 0.9927884615384616 0.9855769230769231 0.01201923076923077 0.9855769230769231