23 0.11057692307692307 0.3173076923076923 0.17548076923076922 0.3173076923076923 0.17548076923076922 0.45913461538461536 0.11057692307692307 0.45913461538461536
23 0.8533653846153846 0.0985576923076923 0.9134615384615384 0.0985576923076923 0.9134615384615384 0.21634615384615385 0.8533653846153846 0.21634615384615385
23 0.11057692307692307 0.09615384615384616 0.17067307692307693 0.09615384615384616 0.17067307692307693 0.21634615384615385 0.11057692307692307 0.21634615384615385
23 0.29086538461538464 0.0985576923076923 0.3485576923076923 0.0985576923076923 0.3485576923076923 0.21875 0.29086538461538464 0.21875
23 0.43509615384615385 0.0985576923076923 0.49278846153846156 0.0985576923076923 0.49278846153846156 0.21634615384615385 0.43509615384615385 0.21634615384615385
23 0.5336538461538461 0.0985576923076923 0.5913461538461539 0.0985576923076923 0.5913461538461539 0.21634615384615385 0.5336538461538461 0.21634615384615385
23 0.6778846153846154 0.0985576923076923 0.7355769230769231 0.0985576923076923 0.7355769230769231 0.21634615384615385 0.6778846153846154 0.21634615384615385
23 0.2860576923076923 0.3173076923076923 0.35096153846153844 0.3173076923076923 0.35096153846153844 0.45913461538461536 0.2860576923076923 0.45913461538461536
23 0.43028846153846156 0.3173076923076923 0.4951923076923077 0.3173076923076923 0.4951923076923077 0.4639423076923077 0.43028846153846156 0.4639423076923077
23 0.5288461538461539 0.3173076923076923 0.59375 0.3173076923076923 0.59375 0.4639423076923077 0.5288461538461539 0.4639423076923077
23 0.6730769230769231 0.3173076923076923 0.7379807692307693 0.3173076923076923 0.7379807692307693 0.46153846153846156 0.6730769230769231 0.46153846153846156
23 0.8509615384615384 0.3173076923076923 0.9158653846153846 0.3173076923076923 0.9158653846153846 0.46153846153846156 0.8509615384615384 0.46153846153846156
23 0.8509615384615384 0.5504807692307693 0.9158653846153846 0.5504807692307693 0.9158653846153846 0.6971153846153846 0.8509615384615384 0.6971153846153846
23 0.6730769230769231 0.5504807692307693 0.7379807692307693 0.5504807692307693 0.7379807692307693 0.6971153846153846 0.6730769230769231 0.6971153846153846
23 0.5288461538461539 0.5528846153846154 0.59375 0.5528846153846154 0.59375 0.7019230769230769 0.5288461538461539 0.7019230769230769
23 0.43028846153846156 0.5504807692307693 0.4951923076923077 0.5504807692307693 0.4951923076923077 0.6995192307692307 0.43028846153846156 0.6995192307692307
23 0.2860576923076923 0.5504807692307693 0.35096153846153844 0.5504807692307693 0.35096153846153844 0.6971153846153846 0.2860576923076923 0.6971153846153846
23 0.11057692307692307 0.5480769230769231 0.17307692307692307 0.5480769230769231 0.17307692307692307 0.6947115384615384 0.11057692307692307 0.6947115384615384
23 0.11057692307692307 0.7956730769230769 0.17548076923076922 0.7956730769230769 0.17548076923076922 0.9423076923076923 0.11057692307692307 0.9423076923076923
23 0.2860576923076923 0.7980769230769231 0.35096153846153844 0.7980769230769231 0.35096153846153844 0.9423076923076923 0.2860576923076923 0.9423076923076923
23 0.43028846153846156 0.7956730769230769 0.4951923076923077 0.7956730769230769 0.4951923076923077 0.9399038461538461 0.43028846153846156 0.9399038461538461
23 0.53125 0.7956730769230769 0.59375 0.7956730769230769 0.59375 0.9399038461538461 0.53125 0.9399038461538461
23 0.6730769230769231 0.7956730769230769 0.7379807692307693 0.7956730769230769 0.7379807692307693 0.9423076923076923 0.6730769230769231 0.9423076923076923
23 0.8509615384615384 0.7956730769230769 0.9134615384615384 0.7956730769230769 0.9134615384615384 0.9423076923076923 0.8509615384615384 0.9423076923076923
4 0.6514423076923077 0.7211538461538461 0.7644230769230769 0.7211538461538461 0.7644230769230769 0.7764423076923077 0.6514423076923077 0.7764423076923077
4 0.08413461538461539 0.7211538461538461 0.19230769230769232 0.7211538461538461 0.19230769230769232 0.7764423076923077 0.08413461538461539 0.7764423076923077
4 0.25961538461538464 0.7235576923076923 0.375 0.7235576923076923 0.375 0.7764423076923077 0.25961538461538464 0.7764423076923077
4 0.8293269230769231 0.7211538461538461 0.9423076923076923 0.7211538461538461 0.9423076923076923 0.7764423076923077 0.8293269230769231 0.7764423076923077
4 0.5264423076923077 0.7475961538461539 0.5961538461538461 0.7475961538461539 0.5961538461538461 0.7884615384615384 0.5264423076923077 0.7884615384615384
4 0.42788461538461536 0.7475961538461539 0.49759615384615385 0.7475961538461539 0.49759615384615385 0.7884615384615384 0.42788461538461536 0.7884615384615384
4 0.25961538461538464 0.4807692307692308 0.375 0.4807692307692308 0.375 0.5336538461538461 0.25961538461538464 0.5336538461538461
4 0.08173076923076923 0.47836538461538464 0.20192307692307693 0.47836538461538464 0.20192307692307693 0.5336538461538461 0.08173076923076923 0.5336538461538461
4 0.6490384615384616 0.4807692307692308 0.7644230769230769 0.4807692307692308 0.7644230769230769 0.5336538461538461 0.6490384615384616 0.5336538461538461
4 0.8269230769230769 0.4831730769230769 0.9447115384615384 0.4831730769230769 0.9447115384615384 0.5336538461538461 0.8269230769230769 0.5336538461538461
4 0.8509615384615384 0.27884615384615385 0.9182692307692307 0.27884615384615385 0.9182692307692307 0.30288461538461536 0.8509615384615384 0.30288461538461536
4 0.6730769230769231 0.27884615384615385 0.7427884615384616 0.27884615384615385 0.7427884615384616 0.30288461538461536 0.6730769230769231 0.30288461538461536
4 0.2860576923076923 0.27884615384615385 0.35336538461538464 0.27884615384615385 0.35336538461538464 0.30288461538461536 0.2860576923076923 0.30288461538461536
4 0.13221153846153846 0.28125 0.15144230769230768 0.28125 0.15144230769230768 0.30528846153846156 0.13221153846153846 0.30528846153846156
21 0.10817307692307693 0.21634615384615385 0.17067307692307693 0.21634615384615385 0.17067307692307693 0.21875 0.10817307692307693 0.21875
21 0.29086538461538464 0.21634615384615385 0.35096153846153844 0.21634615384615385 0.35096153846153844 0.22115384615384615 0.29086538461538464 0.22115384615384615
21 0.4326923076923077 0.21634615384615385 0.49278846153846156 0.21634615384615385 0.49278846153846156 0.22115384615384615 0.4326923076923077 0.22115384615384615
21 0.53125 0.21634615384615385 0.5913461538461539 0.21634615384615385 0.5913461538461539 0.22115384615384615 0.53125 0.22115384615384615
21 0.6754807692307693 0.21634615384615385 0.7379807692307693 0.21634615384615385 0.7379807692307693 0.21875 0.6754807692307693 0.21875
21 0.2644230769230769 0.6947115384615384 0.3701923076923077 0.6947115384615384 0.3701923076923077 0.7235576923076923 0.2644230769230769 0.7235576923076923
21 0.08653846153846154 0.6947115384615384 0.19230769230769232 0.6947115384615384 0.19230769230769232 0.7235576923076923 0.08653846153846154 0.7235576923076923
21 0.38461538461538464 0.7019230769230769 0.6418269230769231 0.7019230769230769 0.6418269230769231 0.7283653846153846 0.38461538461538464 0.7283653846153846
21 0.6538461538461539 0.6971153846153846 0.7572115384615384 0.6971153846153846 0.7572115384615384 0.7235576923076923 0.6538461538461539 0.7235576923076923
4 0.3894230769230769 0.49278846153846156 0.6370192307692307 0.49278846153846156 0.6370192307692307 0.5216346153846154 0.3894230769230769 0.5216346153846154
4 0.3798076923076923 0.25 0.6418269230769231 0.25 0.6418269230769231 0.2668269230769231 0.3798076923076923 0.2668269230769231
21 0.8341346153846154 0.46153846153846156 0.9326923076923077 0.46153846153846156 0.9326923076923077 0.4831730769230769 0.8341346153846154 0.4831730769230769
21 0.8317307692307693 0.6971153846153846 0.9350961538461539 0.6971153846153846 0.9350961538461539 0.7235576923076923 0.8317307692307693 0.7235576923076923
21 0.8341346153846154 0.9423076923076923 0.9350961538461539 0.9423076923076923 0.9350961538461539 0.96875 0.8341346153846154 0.96875
21 0.65625 0.9423076923076923 0.7572115384615384 0.9423076923076923 0.7572115384615384 0.96875 0.65625 0.96875
21 0.3918269230769231 0.9375 0.6322115384615384 0.9375 0.6322115384615384 0.9519230769230769 0.3918269230769231 0.9519230769230769
21 0.2692307692307692 0.9399038461538461 0.36778846153846156 0.9399038461538461 0.36778846153846156 0.96875 0.2692307692307692 0.96875
21 0.09134615384615384 0.9423076923076923 0.19230769230769232 0.9423076923076923 0.19230769230769232 0.96875 0.09134615384615384 0.96875
21 0.2692307692307692 0.46153846153846156 0.36778846153846156 0.46153846153846156 0.36778846153846156 0.4831730769230769 0.2692307692307692 0.4831730769230769
21 0.6586538461538461 0.46153846153846156 0.7548076923076923 0.46153846153846156 0.7548076923076923 0.4831730769230769 0.6586538461538461 0.4831730769230769
21 0.8557692307692307 0.21394230769230768 0.9158653846153846 0.21394230769230768 0.9158653846153846 0.21875 0.8557692307692307 0.21875
22 0.026442307692307692 0.040865384615384616 1 0.040865384615384616 1 0.27163461538461536 0.026442307692307692 0.27163461538461536
12 0.028846153846153848 0.49278846153846156 1 0.49278846153846156 1 0.5096153846153846 0.028846153846153848 0.5096153846153846
12 0.028846153846153848 0.25240384615384615 1 0.25240384615384615 1 0.2692307692307692 0.028846153846153848 0.2692307692307692
12 0.026442307692307692 0.7259615384615384 1 0.7259615384615384 1 0.7451923076923077 0.026442307692307692 0.7451923076923077
15 0.026442307692307692 0.9879807692307693 1 0.9879807692307693 1 1 0.026442307692307692 1
11 0.026442307692307692 0.7451923076923077 1 0.7451923076923077 1 0.9879807692307693 0.026442307692307692 0.9879807692307693
11 0.026442307692307692 0.5120192307692307 1 0.5120192307692307 1 0.7451923076923077 0.026442307692307692 0.7451923076923077
11 0.026442307692307692 0.27163461538461536 1 0.27163461538461536 1 0.5096153846153846 0.026442307692307692 0.5096153846153846
12 0.026442307692307692 0.9711538461538461 1 0.9711538461538461 1 0.9879807692307693 0.026442307692307692 0.9879807692307693
2 0.009615384615384616 0.02403846153846154 1 0.02403846153846154 1 1 0.009615384615384616 1
10 0.028846153846153848 0.040865384615384616 1 0.040865384615384616 1 1 0.028846153846153848 1