23 0.028846153846153848 0.4543269230769231 0.11298076923076923 0.4543269230769231 0.11298076923076923 0.6466346153846154 0.028846153846153848 0.6466346153846154
23 0.8004807692307693 0.4543269230769231 0.8846153846153846 0.4543269230769231 0.8846153846153846 0.6490384615384616 0.8004807692307693 0.6490384615384616
23 0.3870192307692308 0.4519230769230769 0.47115384615384615 0.4519230769230769 0.47115384615384615 0.6490384615384616 0.3870192307692308 0.6490384615384616
23 0.5985576923076923 0.4543269230769231 0.6802884615384616 0.4543269230769231 0.6802884615384616 0.6490384615384616 0.5985576923076923 0.6490384615384616
23 0.03125 0.12259615384615384 0.11538461538461539 0.12259615384615384 0.11538461538461539 0.31490384615384615 0.03125 0.31490384615384615
23 0.8052884615384616 0.12259615384615384 0.8894230769230769 0.12259615384615384 0.8894230769230769 0.31490384615384615 0.8052884615384616 0.31490384615384615
23 0.3918269230769231 0.1201923076923077 0.47596153846153844 0.1201923076923077 0.47596153846153844 0.3173076923076923 0.3918269230769231 0.3173076923076923
23 0.5985576923076923 0.12259615384615384 0.6802884615384616 0.12259615384615384 0.6802884615384616 0.31490384615384615 0.5985576923076923 0.31490384615384615
23 0.8028846153846154 0.7884615384615384 0.8846153846153846 0.7884615384615384 0.8846153846153846 0.9831730769230769 0.8028846153846154 0.9831730769230769
23 0.03125 0.7884615384615384 0.11298076923076923 0.7884615384615384 0.11298076923076923 0.9855769230769231 0.03125 0.9855769230769231
23 0.3894230769230769 0.7884615384615384 0.47115384615384615 0.7884615384615384 0.47115384615384615 0.9831730769230769 0.3894230769230769 0.9831730769230769
23 0.5985576923076923 0.7884615384615384 0.6802884615384616 0.7884615384615384 0.6802884615384616 0.9831730769230769 0.5985576923076923 0.9831730769230769
5 0.17307692307692307 0.04567307692307692 0.33653846153846156 0.04567307692307692 0.33653846153846156 0.3173076923076923 0.17307692307692307 0.3173076923076923
5 0.17307692307692307 0.4014423076923077 0.3293269230769231 0.4014423076923077 0.3293269230769231 0.6490384615384616 0.17307692307692307 0.6490384615384616
4 0.5576923076923077 0.6995192307692307 0.71875 0.6995192307692307 0.71875 0.7764423076923077 0.5576923076923077 0.7764423076923077
4 0.7644230769230769 0.4014423076923077 0.9230769230769231 0.4014423076923077 0.9230769230769231 0.49038461538461536 0.7644230769230769 0.49038461538461536
4 0 0.4014423076923077 0.14903846153846154 0.4014423076923077 0.14903846153846154 0.49038461538461536 0 0.49038461538461536
4 0.5625 0.4014423076923077 0.7163461538461539 0.4014423076923077 0.7163461538461539 0.49038461538461536 0.5625 0.49038461538461536
5 0.17307692307692307 0.6995192307692307 0.33413461538461536 0.6995192307692307 0.33413461538461536 0.9831730769230769 0.17307692307692307 0.9831730769230769
4 0.35096153846153844 0.4014423076923077 0.5072115384615384 0.4014423076923077 0.5072115384615384 0.49038461538461536 0.35096153846153844 0.49038461538461536
4 0 0.7379807692307693 0.15384615384615385 0.7379807692307693 0.15384615384615385 0.7764423076923077 0 0.7764423076923077
4 0.3485576923076923 0.7355769230769231 0.5096153846153846 0.7355769230769231 0.5096153846153846 0.7764423076923077 0.3485576923076923 0.7764423076923077
4 0.7644230769230769 0.7355769230769231 0.9254807692307693 0.7355769230769231 0.9254807692307693 0.7764423076923077 0.7644230769230769 0.7764423076923077
4 0 0.004807692307692308 0.16105769230769232 0.004807692307692308 0.16105769230769232 0.13701923076923078 0 0.13701923076923078
4 0.34375 0.002403846153846154 0.5192307692307693 0.002403846153846154 0.5192307692307693 0.13701923076923078 0.34375 0.13701923076923078
4 0.5576923076923077 0.04807692307692308 0.7211538461538461 0.04807692307692308 0.7211538461538461 0.15384615384615385 0.5576923076923077 0.15384615384615385
4 0.7572115384615384 0.002403846153846154 0.9350961538461539 0.002403846153846154 0.9350961538461539 0.13701923076923078 0.7572115384615384 0.13701923076923078
12 0.002403846153846154 0.028846153846153848 0.9975961538461539 0.028846153846153848 0.9975961538461539 0.04567307692307692 0.002403846153846154 0.04567307692307692
12 0.002403846153846154 0.7163461538461539 0.9975961538461539 0.7163461538461539 0.9975961538461539 0.7355769230769231 0.002403846153846154 0.7355769230769231
12 0.002403846153846154 0.38221153846153844 0.9975961538461539 0.38221153846153844 0.9975961538461539 0.4014423076923077 0.002403846153846154 0.4014423076923077
11 0.002403846153846154 0.04567307692307692 0.9975961538461539 0.04567307692307692 0.9975961538461539 0.38461538461538464 0.002403846153846154 0.38461538461538464
11 0.002403846153846154 0.7355769230769231 0.9975961538461539 0.7355769230769231 0.9975961538461539 0.9975961538461539 0.002403846153846154 0.9975961538461539
11 0.002403846153846154 0.4014423076923077 0.9975961538461539 0.4014423076923077 0.9975961538461539 0.7163461538461539 0.002403846153846154 0.7163461538461539
2 0.002403846153846154 0 1 0 1 1 0.002403846153846154 1
10 0.002403846153846154 0 1 0 1 0.9975961538461539 0.002403846153846154 0.9975961538461539