23 0.7860576923076923 0.23557692307692307 0.8197115384615384 0.23557692307692307 0.8197115384615384 0.2956730769230769 0.7860576923076923 0.2956730769230769
23 0.25721153846153844 0.23317307692307693 0.28846153846153844 0.23317307692307693 0.28846153846153844 0.2932692307692308 0.25721153846153844 0.2932692307692308
23 0.41346153846153844 0.23317307692307693 0.44711538461538464 0.23317307692307693 0.44711538461538464 0.2932692307692308 0.41346153846153844 0.2932692307692308
23 0.4879807692307692 0.23317307692307693 0.5216346153846154 0.23317307692307693 0.5216346153846154 0.2932692307692308 0.4879807692307692 0.2932692307692308
23 0.5264423076923077 0.23317307692307693 0.5600961538461539 0.23317307692307693 0.5600961538461539 0.2932692307692308 0.5264423076923077 0.2932692307692308
23 0.5673076923076923 0.23317307692307693 0.5985576923076923 0.23317307692307693 0.5985576923076923 0.2932692307692308 0.5673076923076923 0.2932692307692308
23 0.6057692307692307 0.23317307692307693 0.6370192307692307 0.23317307692307693 0.6370192307692307 0.2932692307692308 0.6057692307692307 0.2932692307692308
23 0.6658653846153846 0.23557692307692307 0.6995192307692307 0.23557692307692307 0.6995192307692307 0.2956730769230769 0.6658653846153846 0.2956730769230769
23 0.2548076923076923 0.6634615384615384 0.28846153846153844 0.6634615384615384 0.28846153846153844 0.75 0.2548076923076923 0.75
23 0.7860576923076923 0.6682692307692307 0.8221153846153846 0.6682692307692307 0.8221153846153846 0.7548076923076923 0.7860576923076923 0.7548076923076923
23 0.6634615384615384 0.6658653846153846 0.6995192307692307 0.6658653846153846 0.6995192307692307 0.7548076923076923 0.6634615384615384 0.7548076923076923
23 0.6057692307692307 0.6658653846153846 0.6370192307692307 0.6658653846153846 0.6370192307692307 0.7524038461538461 0.6057692307692307 0.7524038461538461
23 0.4879807692307692 0.6634615384615384 0.5192307692307693 0.6634615384615384 0.5192307692307693 0.75 0.4879807692307692 0.75
23 0.4110576923076923 0.6634615384615384 0.44711538461538464 0.6634615384615384 0.44711538461538464 0.75 0.4110576923076923 0.75
8 0.5360576923076923 0.6923076923076923 0.5865384615384616 0.6923076923076923 0.5865384615384616 0.8990384615384616 0.5360576923076923 0.8990384615384616
23 0.01201923076923077 0.7596153846153846 0.038461538461538464 0.7596153846153846 0.038461538461538464 0.8293269230769231 0.01201923076923077 0.8293269230769231
23 0.18269230769230768 0.7596153846153846 0.2091346153846154 0.7596153846153846 0.2091346153846154 0.8293269230769231 0.18269230769230768 0.8293269230769231
23 0.07451923076923077 0.7596153846153846 0.10096153846153846 0.7596153846153846 0.10096153846153846 0.8293269230769231 0.07451923076923077 0.8293269230769231
0 0.7764423076923077 0.5769230769230769 0.8317307692307693 0.5769230769230769 0.8317307692307693 0.6322115384615384 0.7764423076923077 0.6322115384615384
0 0.2403846153846154 0.5769230769230769 0.3004807692307692 0.5769230769230769 0.3004807692307692 0.6322115384615384 0.2403846153846154 0.6322115384615384
0 0.47836538461538464 0.5745192307692307 0.6442307692307693 0.5745192307692307 0.6442307692307693 0.6322115384615384 0.47836538461538464 0.6322115384615384
0 0.39903846153846156 0.5769230769230769 0.45913461538461536 0.5769230769230769 0.45913461538461536 0.6322115384615384 0.39903846153846156 0.6322115384615384
5 0.5576923076923077 0.6610576923076923 0.5673076923076923 0.6610576923076923 0.5673076923076923 0.6875 0.5576923076923077 0.6875
8 0.7860576923076923 0.5024038461538461 0.8221153846153846 0.5024038461538461 0.8221153846153846 0.625 0.7860576923076923 0.625
8 0.2548076923076923 0.5024038461538461 0.29086538461538464 0.5024038461538461 0.29086538461538464 0.6225961538461539 0.2548076923076923 0.6225961538461539
8 0.6057692307692307 0.5024038461538461 0.6370192307692307 0.5024038461538461 0.6370192307692307 0.6225961538461539 0.6057692307692307 0.6225961538461539
8 0.6634615384615384 0.5024038461538461 0.6995192307692307 0.5024038461538461 0.6995192307692307 0.625 0.6634615384615384 0.625
0 0.6514423076923077 0.5769230769230769 0.7115384615384616 0.5769230769230769 0.7115384615384616 0.6322115384615384 0.6514423076923077 0.6322115384615384
23 0.7836538461538461 0.4014423076923077 0.8221153846153846 0.4014423076923077 0.8221153846153846 0.4423076923076923 0.7836538461538461 0.4423076923076923
23 0.6634615384615384 0.4014423076923077 0.6995192307692307 0.4014423076923077 0.6995192307692307 0.43990384615384615 0.6634615384615384 0.43990384615384615
23 0.4110576923076923 0.4014423076923077 0.4495192307692308 0.4014423076923077 0.4495192307692308 0.43990384615384615 0.4110576923076923 0.43990384615384615
23 0.2548076923076923 0.4014423076923077 0.29086538461538464 0.4014423076923077 0.29086538461538464 0.43990384615384615 0.2548076923076923 0.43990384615384615
23 0.4110576923076923 0.43990384615384615 0.4495192307692308 0.43990384615384615 0.4495192307692308 0.5024038461538461 0.4110576923076923 0.5024038461538461
23 0.2548076923076923 0.43990384615384615 0.29086538461538464 0.43990384615384615 0.29086538461538464 0.5024038461538461 0.2548076923076923 0.5024038461538461
23 0.6634615384615384 0.43990384615384615 0.6995192307692307 0.43990384615384615 0.6995192307692307 0.5024038461538461 0.6634615384615384 0.5024038461538461
23 0.7860576923076923 0.4423076923076923 0.8221153846153846 0.4423076923076923 0.8221153846153846 0.5024038461538461 0.7860576923076923 0.5024038461538461
8 0.41346153846153844 0.5024038461538461 0.4495192307692308 0.5024038461538461 0.4495192307692308 0.625 0.41346153846153844 0.625
8 0.4879807692307692 0.5024038461538461 0.5168269230769231 0.5024038461538461 0.5168269230769231 0.6225961538461539 0.4879807692307692 0.6225961538461539
8 0.5264423076923077 0.5024038461538461 0.5576923076923077 0.5024038461538461 0.5576923076923077 0.6225961538461539 0.5264423076923077 0.6225961538461539
8 0.5649038461538461 0.5024038461538461 0.5961538461538461 0.5024038461538461 0.5961538461538461 0.6225961538461539 0.5649038461538461 0.6225961538461539
4 0.40384615384615385 0.38461538461538464 0.4567307692307692 0.38461538461538464 0.4567307692307692 0.3942307692307692 0.40384615384615385 0.3942307692307692
4 0.24759615384615385 0.38461538461538464 0.2980769230769231 0.38461538461538464 0.2980769230769231 0.3942307692307692 0.24759615384615385 0.3942307692307692
4 0.47836538461538464 0.3870192307692308 0.6442307692307693 0.3870192307692308 0.6442307692307693 0.39663461538461536 0.47836538461538464 0.39663461538461536
4 0.6538461538461539 0.3870192307692308 0.7067307692307693 0.3870192307692308 0.7067307692307693 0.39663461538461536 0.6538461538461539 0.39663461538461536
4 0.7764423076923077 0.38461538461538464 0.8293269230769231 0.38461538461538464 0.8293269230769231 0.39663461538461536 0.7764423076923077 0.39663461538461536
16 0.22355769230769232 0.20192307692307693 0.8389423076923077 0.20192307692307693 0.8389423076923077 0.22596153846153846 0.22355769230769232 0.22596153846153846
17 0.5961538461538461 0.4375 0.6081730769230769 0.4375 0.6081730769230769 0.6225961538461539 0.5961538461538461 0.6225961538461539
17 0.5144230769230769 0.4375 0.5288461538461539 0.4375 0.5288461538461539 0.6225961538461539 0.5144230769230769 0.6225961538461539
17 0.5552884615384616 0.4375 0.5673076923076923 0.4375 0.5673076923076923 0.6225961538461539 0.5552884615384616 0.6225961538461539
17 0.4807692307692308 0.4375 0.49038461538461536 0.4375 0.49038461538461536 0.6225961538461539 0.4807692307692308 0.6225961538461539
17 0.6346153846153846 0.4375 0.6442307692307693 0.4375 0.6442307692307693 0.6225961538461539 0.6346153846153846 0.6225961538461539
2 0 0.0889423076923077 0.8389423076923077 0.0889423076923077 0.8389423076923077 0.8990384615384616 0 0.8990384615384616
12 0.22355769230769232 0.36778846153846156 0.8389423076923077 0.36778846153846156 0.8389423076923077 0.38461538461538464 0.22355769230769232 0.38461538461538464
22 0.22355769230769232 0.21634615384615385 0.8389423076923077 0.21634615384615385 0.8389423076923077 0.38461538461538464 0.22355769230769232 0.38461538461538464
12 0.22355769230769232 0.6346153846153846 0.8389423076923077 0.6346153846153846 0.8389423076923077 0.6514423076923077 0.22355769230769232 0.6514423076923077
15 0.22355769230769232 0.6514423076923077 0.8389423076923077 0.6514423076923077 0.8389423076923077 0.9014423076923077 0.22355769230769232 0.9014423076923077
11 0.22355769230769232 0.38461538461538464 0.8389423076923077 0.38461538461538464 0.8389423076923077 0.6490384615384616 0.22355769230769232 0.6490384615384616
19 0.22596153846153846 0.0889423076923077 0.8365384615384616 0.0889423076923077 0.8365384615384616 0.20192307692307693 0.22596153846153846 0.20192307692307693
10 0 0.0889423076923077 0.8461538461538461 0.0889423076923077 0.8461538461538461 0.9014423076923077 0 0.9014423076923077
15 0 0.6802884615384616 0.22355769230769232 0.6802884615384616 0.22355769230769232 0.9014423076923077 0 0.9014423076923077