23 0.8485576923076923 0.1201923076923077 0.9038461538461539 0.1201923076923077 0.9038461538461539 0.18509615384615385 0.8485576923076923 0.18509615384615385
23 0.13942307692307693 0.1201923076923077 0.19230769230769232 0.1201923076923077 0.19230769230769232 0.18509615384615385 0.13942307692307693 0.18509615384615385
23 0.29086538461538464 0.1201923076923077 0.34615384615384615 0.1201923076923077 0.34615384615384615 0.18509615384615385 0.29086538461538464 0.18509615384615385
23 0.44711538461538464 0.1201923076923077 0.5024038461538461 0.1201923076923077 0.5024038461538461 0.18509615384615385 0.44711538461538464 0.18509615384615385
23 0.5504807692307693 0.1201923076923077 0.6057692307692307 0.1201923076923077 0.6057692307692307 0.18509615384615385 0.5504807692307693 0.18509615384615385
23 0.6129807692307693 0.1201923076923077 0.6682692307692307 0.1201923076923077 0.6682692307692307 0.18509615384615385 0.6129807692307693 0.18509615384615385
23 0.6778846153846154 0.1201923076923077 0.7307692307692307 0.1201923076923077 0.7307692307692307 0.18509615384615385 0.6778846153846154 0.18509615384615385
23 0.7427884615384616 0.1201923076923077 0.7956730769230769 0.1201923076923077 0.7956730769230769 0.18509615384615385 0.7427884615384616 0.18509615384615385
23 0.44711538461538464 0.3293269230769231 0.5072115384615384 0.3293269230769231 0.5072115384615384 0.4495192307692308 0.44711538461538464 0.4495192307692308
23 0.13942307692307693 0.3269230769230769 0.1971153846153846 0.3269230769230769 0.1971153846153846 0.44711538461538464 0.13942307692307693 0.44711538461538464
23 0.28846153846153844 0.3245192307692308 0.3485576923076923 0.3245192307692308 0.3485576923076923 0.44471153846153844 0.28846153846153844 0.44471153846153844
23 0.7403846153846154 0.3389423076923077 0.7932692307692307 0.3389423076923077 0.7932692307692307 0.43990384615384615 0.7403846153846154 0.43990384615384615
23 0.5504807692307693 0.33653846153846156 0.6033653846153846 0.33653846153846156 0.6033653846153846 0.4375 0.5504807692307693 0.4375
23 0.6129807692307693 0.3389423076923077 0.6658653846153846 0.3389423076923077 0.6658653846153846 0.43990384615384615 0.6129807692307693 0.43990384615384615
23 0.6778846153846154 0.3389423076923077 0.7307692307692307 0.3389423076923077 0.7307692307692307 0.43990384615384615 0.6778846153846154 0.43990384615384615
23 0.8461538461538461 0.33413461538461536 0.9014423076923077 0.33413461538461536 0.9014423076923077 0.4543269230769231 0.8461538461538461 0.4543269230769231
23 0.1346153846153846 0.5721153846153846 0.18990384615384615 0.5721153846153846 0.18990384615384615 0.7043269230769231 0.1346153846153846 0.7043269230769231
23 0.2932692307692308 0.5721153846153846 0.35096153846153844 0.5721153846153846 0.35096153846153844 0.7019230769230769 0.2932692307692308 0.7019230769230769
23 0.4495192307692308 0.5745192307692307 0.5072115384615384 0.5745192307692307 0.5072115384615384 0.7043269230769231 0.4495192307692308 0.7043269230769231
23 0.8485576923076923 0.5745192307692307 0.9038461538461539 0.5745192307692307 0.9038461538461539 0.7043269230769231 0.8485576923076923 0.7043269230769231
23 0.5552884615384616 0.5745192307692307 0.6057692307692307 0.5745192307692307 0.6057692307692307 0.71875 0.5552884615384616 0.71875
23 0.6177884615384616 0.5745192307692307 0.6706730769230769 0.5745192307692307 0.6706730769230769 0.71875 0.6177884615384616 0.71875
23 0.6826923076923077 0.5745192307692307 0.7355769230769231 0.5745192307692307 0.7355769230769231 0.71875 0.6826923076923077 0.71875
23 0.7475961538461539 0.5745192307692307 0.8004807692307693 0.5745192307692307 0.8004807692307693 0.71875 0.7475961538461539 0.71875
8 0.8125 0.7764423076923077 0.9134615384615384 0.7764423076923077 0.9134615384615384 0.9663461538461539 0.8125 0.9663461538461539
23 0.6081730769230769 0.7836538461538461 0.7403846153846154 0.7836538461538461 0.7403846153846154 0.8990384615384616 0.6081730769230769 0.8990384615384616
8 0.43028846153846156 0.7764423076923077 0.5360576923076923 0.7764423076923077 0.5360576923076923 0.9663461538461539 0.43028846153846156 0.9663461538461539
23 0.2956730769230769 0.7644230769230769 0.35096153846153844 0.7644230769230769 0.35096153846153844 0.8485576923076923 0.2956730769230769 0.8485576923076923
23 0.13701923076923078 0.7644230769230769 0.19230769230769232 0.7644230769230769 0.19230769230769232 0.8485576923076923 0.13701923076923078 0.8485576923076923
23 0.13701923076923078 0.90625 0.19230769230769232 0.90625 0.19230769230769232 0.9447115384615384 0.13701923076923078 0.9447115384615384
23 0.2980769230769231 0.90625 0.35096153846153844 0.90625 0.35096153846153844 0.9447115384615384 0.2980769230769231 0.9447115384615384
23 0.22355769230769232 0.5120192307692307 0.2644230769230769 0.5120192307692307 0.2644230769230769 0.5528846153846154 0.22355769230769232 0.5528846153846154
4 0.12740384615384615 0.5072115384615384 0.19951923076923078 0.5072115384615384 0.19951923076923078 0.5697115384615384 0.12740384615384615 0.5697115384615384
4 0.43990384615384615 0.5024038461538461 0.5144230769230769 0.5024038461538461 0.5144230769230769 0.5697115384615384 0.43990384615384615 0.5697115384615384
4 0.7379807692307693 0.27403846153846156 0.8028846153846154 0.27403846153846156 0.8028846153846154 0.33653846153846156 0.7379807692307693 0.33653846153846156
4 0.5480769230769231 0.5096153846153846 0.6105769230769231 0.5096153846153846 0.6105769230769231 0.5721153846153846 0.5480769230769231 0.5721153846153846
4 0.6081730769230769 0.27403846153846156 0.6730769230769231 0.27403846153846156 0.6730769230769231 0.33653846153846156 0.6081730769230769 0.33653846153846156
4 0.6730769230769231 0.27403846153846156 0.7379807692307693 0.27403846153846156 0.7379807692307693 0.33653846153846156 0.6730769230769231 0.33653846153846156
4 0.8389423076923077 0.27163461538461536 0.9086538461538461 0.27163461538461536 0.9086538461538461 0.3317307692307692 0.8389423076923077 0.3317307692307692
4 0.1201923076923077 0.7427884615384616 0.20673076923076922 0.7427884615384616 0.20673076923076922 0.75 0.1201923076923077 0.75
4 0.28365384615384615 0.7451923076923077 0.36778846153846156 0.7451923076923077 0.36778846153846156 0.75 0.28365384615384615 0.75
4 0.28846153846153844 0.5096153846153846 0.3581730769230769 0.5096153846153846 0.3581730769230769 0.5697115384615384 0.28846153846153844 0.5697115384615384
4 0.13221153846153846 0.25961538461538464 0.20432692307692307 0.25961538461538464 0.20432692307692307 0.3245192307692308 0.13221153846153846 0.3245192307692308
4 0.2860576923076923 0.2644230769230769 0.35336538461538464 0.2644230769230769 0.35336538461538464 0.3245192307692308 0.2860576923076923 0.3245192307692308
4 0.4423076923076923 0.2668269230769231 0.5120192307692307 0.2668269230769231 0.5120192307692307 0.3293269230769231 0.4423076923076923 0.3293269230769231
4 0.5456730769230769 0.27163461538461536 0.6057692307692307 0.27163461538461536 0.6057692307692307 0.33413461538461536 0.5456730769230769 0.33413461538461536
4 0.8413461538461539 0.5144230769230769 0.9110576923076923 0.5144230769230769 0.9110576923076923 0.5721153846153846 0.8413461538461539 0.5721153846153846
4 0.6129807692307693 0.5096153846153846 0.6778846153846154 0.5096153846153846 0.6778846153846154 0.5721153846153846 0.6129807692307693 0.5721153846153846
4 0.6778846153846154 0.5096153846153846 0.7427884615384616 0.5096153846153846 0.7427884615384616 0.5721153846153846 0.6778846153846154 0.5721153846153846
4 0.7451923076923077 0.5096153846153846 0.8076923076923077 0.5096153846153846 0.8076923076923077 0.5721153846153846 0.7451923076923077 0.5721153846153846
4 0.43028846153846156 0.0985576923076923 0.5216346153846154 0.0985576923076923 0.5216346153846154 0.11057692307692307 0.43028846153846156 0.11057692307692307
21 0.4375 0.18509615384615385 0.5144230769230769 0.18509615384615385 0.5144230769230769 0.19471153846153846 0.4375 0.19471153846153846
4 0.12259615384615384 0.10096153846153846 0.21394230769230768 0.10096153846153846 0.21394230769230768 0.11298076923076923 0.12259615384615384 0.11298076923076923
21 0.12980769230769232 0.18509615384615385 0.20673076923076922 0.18509615384615385 0.20673076923076922 0.19230769230769232 0.12980769230769232 0.19230769230769232
4 0.27403846153846156 0.10096153846153846 0.36538461538461536 0.10096153846153846 0.36538461538461536 0.11298076923076923 0.27403846153846156 0.11298076923076923
21 0.28125 0.18509615384615385 0.3581730769230769 0.18509615384615385 0.3581730769230769 0.19471153846153846 0.28125 0.19471153846153846
4 0.5336538461538461 0.0985576923076923 0.8149038461538461 0.0985576923076923 0.8149038461538461 0.11298076923076923 0.5336538461538461 0.11298076923076923
21 0.5384615384615384 0.18509615384615385 0.8076923076923077 0.18509615384615385 0.8076923076923077 0.19471153846153846 0.5384615384615384 0.19471153846153846
4 0.8293269230769231 0.0985576923076923 0.9206730769230769 0.0985576923076923 0.9206730769230769 0.11298076923076923 0.8293269230769231 0.11298076923076923
21 0.8365384615384616 0.18509615384615385 0.9158653846153846 0.18509615384615385 0.9158653846153846 0.19230769230769232 0.8365384615384616 0.19230769230769232
23 0.9615384615384616 0.12259615384615384 1 0.12259615384615384 1 0.1875 0.9615384615384616 0.1875
21 0.9519230769230769 0.18509615384615385 1 0.18509615384615385 1 0.19230769230769232 0.9519230769230769 0.19230769230769232
21 0.8341346153846154 0.4543269230769231 0.9230769230769231 0.4543269230769231 0.9230769230769231 0.4807692307692308 0.8341346153846154 0.4807692307692308
21 0.8389423076923077 0.7043269230769231 0.9206730769230769 0.7043269230769231 0.9206730769230769 0.7283653846153846 0.8389423076923077 0.7283653846153846
21 0.4375 0.7019230769230769 0.5216346153846154 0.7019230769230769 0.5216346153846154 0.7283653846153846 0.4375 0.7283653846153846
21 0.28365384615384615 0.7019230769230769 0.36538461538461536 0.7019230769230769 0.36538461538461536 0.7331730769230769 0.28365384615384615 0.7331730769230769
21 0.12259615384615384 0.7019230769230769 0.20673076923076922 0.7019230769230769 0.20673076923076922 0.7307692307692307 0.12259615384615384 0.7307692307692307
21 0.12259615384615384 0.8485576923076923 0.20192307692307693 0.8485576923076923 0.20192307692307693 0.8653846153846154 0.12259615384615384 0.8653846153846154
21 0.28365384615384615 0.8461538461538461 0.36538461538461536 0.8461538461538461 0.36538461538461536 0.8653846153846154 0.28365384615384615 0.8653846153846154
21 0.5961538461538461 0.8966346153846154 0.7548076923076923 0.8966346153846154 0.7548076923076923 0.9230769230769231 0.5961538461538461 0.9230769230769231
23 0.9591346153846154 0.3293269230769231 1 0.3293269230769231 1 0.44471153846153844 0.9591346153846154 0.44471153846153844
4 0.9519230769230769 0.2668269230769231 1 0.2668269230769231 1 0.3293269230769231 0.9519230769230769 0.3293269230769231
21 0.9423076923076923 0.44471153846153844 1 0.44471153846153844 1 0.4567307692307692 0.9423076923076923 0.4567307692307692
5 0.4254807692307692 0.7307692307692307 0.5456730769230769 0.7307692307692307 0.5456730769230769 0.7548076923076923 0.4254807692307692 0.7548076923076923
5 0.8076923076923077 0.7283653846153846 0.9230769230769231 0.7283653846153846 0.9230769230769231 0.7572115384615384 0.8076923076923077 0.7572115384615384
16 0.057692307692307696 0.057692307692307696 1 0.057692307692307696 1 0.0889423076923077 0.057692307692307696 0.0889423076923077
19 0.06971153846153846 0.026442307692307692 1 0.026442307692307692 1 0.0625 0.06971153846153846 0.0625
12 0.07451923076923077 0.22355769230769232 1 0.22355769230769232 1 0.2403846153846154 0.07451923076923077 0.2403846153846154
21 0.125 0.44471153846153844 0.21153846153846154 0.44471153846153844 0.21153846153846154 0.4735576923076923 0.125 0.4735576923076923
21 0.28125 0.44471153846153844 0.3605769230769231 0.44471153846153844 0.3605769230769231 0.46875 0.28125 0.46875
21 0.43509615384615385 0.4495192307692308 0.5216346153846154 0.4495192307692308 0.5216346153846154 0.47836538461538464 0.43509615384615385 0.47836538461538464
12 0.07451923076923077 0.47836538461538464 1 0.47836538461538464 1 0.4951923076923077 0.07451923076923077 0.4951923076923077
12 0.07451923076923077 0.7283653846153846 1 0.7283653846153846 1 0.7451923076923077 0.07451923076923077 0.7451923076923077
15 0.07451923076923077 0.7451923076923077 1 0.7451923076923077 1 0.9711538461538461 0.07451923076923077 0.9711538461538461
11 0.07451923076923077 0.4951923076923077 1 0.4951923076923077 1 0.7451923076923077 0.07451923076923077 0.7451923076923077
22 0.07451923076923077 0.06009615384615385 1 0.06009615384615385 1 0.2403846153846154 0.07451923076923077 0.2403846153846154
2 0.057692307692307696 0.01201923076923077 1 0.01201923076923077 1 0.9711538461538461 0.057692307692307696 0.9711538461538461
10 0.07211538461538461 0.0625 1 0.0625 1 0.9735576923076923 0.07211538461538461 0.9735576923076923
1 0.13701923076923078 0.7644230769230769 0.19230769230769232 0.7644230769230769 0.19230769230769232 0.8485576923076923 0.13701923076923078 0.8485576923076923
1 0.2956730769230769 0.7644230769230769 0.35096153846153844 0.7644230769230769 0.35096153846153844 0.8485576923076923 0.2956730769230769 0.8485576923076923
1 0.2932692307692308 0.5721153846153846 0.35096153846153844 0.5721153846153846 0.35096153846153844 0.7019230769230769 0.2932692307692308 0.7019230769230769
1 0.1346153846153846 0.5721153846153846 0.18990384615384615 0.5721153846153846 0.18990384615384615 0.7043269230769231 0.1346153846153846 0.7043269230769231
1 0.13942307692307693 0.1201923076923077 0.19230769230769232 0.1201923076923077 0.19230769230769232 0.18509615384615385 0.13942307692307693 0.18509615384615385
1 0.7451923076923077 0.11538461538461539 0.75 0.11538461538461539 0.75 0.18509615384615385 0.7451923076923077 0.18509615384615385
1 0.27403846153846156 0.11778846153846154 0.2932692307692308 0.11778846153846154 0.2932692307692308 0.18509615384615385 0.27403846153846156 0.18509615384615385
1 0.34615384615384615 0.11778846153846154 0.36538461538461536 0.11778846153846154 0.36538461538461536 0.1875 0.34615384615384615 0.1875
1 0.44471153846153844 0.1201923076923077 0.45913461538461536 0.1201923076923077 0.45913461538461536 0.18509615384615385 0.44471153846153844 0.18509615384615385
1 0.49038461538461536 0.1201923076923077 0.5072115384615384 0.1201923076923077 0.5072115384615384 0.18509615384615385 0.49038461538461536 0.18509615384615385
1 0.5480769230769231 0.1201923076923077 0.5600961538461539 0.1201923076923077 0.5600961538461539 0.18509615384615385 0.5480769230769231 0.18509615384615385
1 0.5889423076923077 0.1201923076923077 0.6081730769230769 0.1201923076923077 0.6081730769230769 0.18509615384615385 0.5889423076923077 0.18509615384615385
1 0.8894230769230769 0.11538461538461539 0.9038461538461539 0.11538461538461539 0.9038461538461539 0.18509615384615385 0.8894230769230769 0.18509615384615385
1 0.7884615384615384 0.11778846153846154 0.8149038461538461 0.11778846153846154 0.8149038461538461 0.18509615384615385 0.7884615384615384 0.18509615384615385
1 0.8389423076923077 0.11778846153846154 0.8533653846153846 0.11778846153846154 0.8533653846153846 0.18269230769230768 0.8389423076923077 0.18269230769230768
1 0.9615384615384616 0.12259615384615384 1 0.12259615384615384 1 0.1875 0.9615384615384616 0.1875
1 0.9591346153846154 0.3293269230769231 1 0.3293269230769231 1 0.44471153846153844 0.9591346153846154 0.44471153846153844
1 0.8966346153846154 0.33413461538461536 0.9206730769230769 0.33413461538461536 0.9206730769230769 0.4567307692307692 0.8966346153846154 0.4567307692307692
1 0.8317307692307693 0.33413461538461536 0.8509615384615384 0.33413461538461536 0.8509615384615384 0.4543269230769231 0.8317307692307693 0.4543269230769231
1 0.6778846153846154 0.3389423076923077 0.7307692307692307 0.3389423076923077 0.7307692307692307 0.43990384615384615 0.6778846153846154 0.43990384615384615
1 0.65625 0.3389423076923077 0.6658653846153846 0.3389423076923077 0.6658653846153846 0.43990384615384615 0.65625 0.43990384615384615
1 0.7427884615384616 0.33653846153846156 0.7524038461538461 0.33653846153846156 0.7524038461538461 0.43990384615384615 0.7427884615384616 0.43990384615384615
1 0.78125 0.3389423076923077 0.7932692307692307 0.3389423076923077 0.7932692307692307 0.4423076923076923 0.78125 0.4423076923076923
1 0.12740384615384615 0.32211538461538464 0.1466346153846154 0.32211538461538464 0.1466346153846154 0.44471153846153844 0.12740384615384615 0.44471153846153844
1 0.6129807692307693 0.3389423076923077 0.6274038461538461 0.3389423076923077 0.6274038461538461 0.43990384615384615 0.6129807692307693 0.43990384615384615
1 0.5913461538461539 0.33653846153846156 0.6057692307692307 0.33653846153846156 0.6057692307692307 0.4375 0.5913461538461539 0.4375
1 0.5528846153846154 0.33653846153846156 0.5600961538461539 0.33653846153846156 0.5600961538461539 0.4375 0.5528846153846154 0.4375
1 0.5 0.3293269230769231 0.5168269230769231 0.3293269230769231 0.5168269230769231 0.4495192307692308 0.5 0.4495192307692308
1 0.44471153846153844 0.3293269230769231 0.4567307692307692 0.3293269230769231 0.4567307692307692 0.4495192307692308 0.44471153846153844 0.4495192307692308
1 0.33653846153846156 0.3245192307692308 0.35336538461538464 0.3245192307692308 0.35336538461538464 0.44471153846153844 0.33653846153846156 0.44471153846153844
1 0.2860576923076923 0.3245192307692308 0.3004807692307692 0.3245192307692308 0.3004807692307692 0.44471153846153844 0.2860576923076923 0.44471153846153844
1 0.1875 0.3245192307692308 0.2091346153846154 0.3245192307692308 0.2091346153846154 0.44471153846153844 0.1875 0.44471153846153844
1 0.8990384615384616 0.5721153846153846 0.9182692307692307 0.5721153846153846 0.9182692307692307 0.7043269230769231 0.8990384615384616 0.7043269230769231
1 0.4375 0.5697115384615384 0.4567307692307692 0.5697115384615384 0.4567307692307692 0.7019230769230769 0.4375 0.7019230769230769
1 0.5024038461538461 0.5721153846153846 0.5216346153846154 0.5721153846153846 0.5216346153846154 0.7043269230769231 0.5024038461538461 0.7043269230769231
1 0.8413461538461539 0.5721153846153846 0.8557692307692307 0.5721153846153846 0.8557692307692307 0.7043269230769231 0.8413461538461539 0.7043269230769231
1 0.7283653846153846 0.5769230769230769 0.7355769230769231 0.5769230769230769 0.7355769230769231 0.6634615384615384 0.7283653846153846 0.6634615384615384
1 0.65625 0.5769230769230769 0.6706730769230769 0.5769230769230769 0.6706730769230769 0.6634615384615384 0.65625 0.6634615384615384
1 0.6177884615384616 0.5769230769230769 0.625 0.5769230769230769 0.625 0.6634615384615384 0.6177884615384616 0.6634615384615384
1 0.5985576923076923 0.5769230769230769 0.6057692307692307 0.5769230769230769 0.6057692307692307 0.6634615384615384 0.5985576923076923 0.6634615384615384
1 0.5552884615384616 0.5769230769230769 0.5625 0.5769230769230769 0.5625 0.6634615384615384 0.5552884615384616 0.6634615384615384
1 0.6826923076923077 0.5769230769230769 0.6899038461538461 0.5769230769230769 0.6899038461538461 0.6634615384615384 0.6826923076923077 0.6634615384615384
1 0.6081730769230769 0.7836538461538461 0.7403846153846154 0.7836538461538461 0.7403846153846154 0.8990384615384616 0.6081730769230769 0.8990384615384616
11 0.07451923076923077 0.2403846153846154 1 0.2403846153846154 1 0.4951923076923077 0.07451923076923077 0.4951923076923077