23 0.125 0.15625 0.2548076923076923 0.15625 0.2548076923076923 0.6682692307692307 0.125 0.6682692307692307
8 0.4543269230769231 0.15384615384615385 0.59375 0.15384615384615385 0.59375 0.8461538461538461 0.4543269230769231 0.8461538461538461
23 0.28365384615384615 0.15384615384615385 0.42788461538461536 0.15384615384615385 0.42788461538461536 0.6658653846153846 0.28365384615384615 0.6658653846153846
23 0.6201923076923077 0.15144230769230768 0.7572115384615384 0.15144230769230768 0.7572115384615384 0.6634615384615384 0.6201923076923077 0.6634615384615384
23 0.7860576923076923 0.15144230769230768 0.9230769230769231 0.15144230769230768 0.9230769230769231 0.6658653846153846 0.7860576923076923 0.6658653846153846
16 0.07692307692307693 0 0.9783653846153846 0 0.9783653846153846 0.08653846153846154 0.07692307692307693 0.08653846153846154
19 0.10096153846153846 0 0.9519230769230769 0 0.9519230769230769 0.06009615384615385 0.10096153846153846 0.06009615384615385
2 0 0 1 0 1 1 0 1
15 0 0 1 0 1 0.9471153846153846 0 0.9471153846153846
10 0 0 0.9975961538461539 0 0.9975961538461539 0.9206730769230769 0 0.9206730769230769
7 0.05048076923076923 0.7091346153846154 0.23317307692307693 0.7091346153846154 0.23317307692307693 1 0.05048076923076923 1
7 0.25 0.7980769230769231 0.2860576923076923 0.7980769230769231 0.2860576923076923 0.9254807692307693 0.25 0.9254807692307693
7 0.28365384615384615 0.8125 0.31971153846153844 0.8125 0.31971153846153844 0.9206730769230769 0.28365384615384615 0.9206730769230769
7 0.3293269230769231 0.7836538461538461 0.375 0.7836538461538461 0.375 0.9230769230769231 0.3293269230769231 0.9230769230769231
7 0.6875 0.8966346153846154 0.7163461538461539 0.8966346153846154 0.7163461538461539 0.9206730769230769 0.6875 0.9206730769230769
7 0.7283653846153846 0.7836538461538461 0.7884615384615384 0.7836538461538461 0.7884615384615384 0.9326923076923077 0.7283653846153846 0.9326923076923077
7 0.8149038461538461 0.6754807692307693 0.9326923076923077 0.6754807692307693 0.9326923076923077 0.9495192307692307 0.8149038461538461 0.9495192307692307