23 0.5432692307692307 0.2668269230769231 0.5769230769230769 0.2668269230769231 0.5769230769230769 0.4110576923076923 0.5432692307692307 0.4110576923076923
23 0.028846153846153848 0.2620192307692308 0.0625 0.2620192307692308 0.0625 0.4110576923076923 0.028846153846153848 0.4110576923076923
23 0.13221153846153846 0.2692307692307692 0.16826923076923078 0.2692307692307692 0.16826923076923078 0.41346153846153844 0.13221153846153846 0.41346153846153844
23 0.90625 0.2620192307692308 0.9423076923076923 0.2620192307692308 0.9423076923076923 0.40384615384615385 0.90625 0.40384615384615385
23 0.6370192307692307 0.2620192307692308 0.6730769230769231 0.2620192307692308 0.6730769230769231 0.40384615384615385 0.6370192307692307 0.40384615384615385
23 0.7307692307692307 0.2620192307692308 0.7644230769230769 0.2620192307692308 0.7644230769230769 0.40384615384615385 0.7307692307692307 0.40384615384615385
23 0.9038461538461539 0.5216346153846154 0.9423076923076923 0.5216346153846154 0.9423076923076923 0.8317307692307693 0.9038461538461539 0.8317307692307693
23 0.12980769230769232 0.5913461538461539 0.17067307692307693 0.5913461538461539 0.17067307692307693 0.8365384615384616 0.12980769230769232 0.8365384615384616
23 0.026442307692307692 0.5192307692307693 0.0673076923076923 0.5192307692307693 0.0673076923076923 0.8365384615384616 0.026442307692307692 0.8365384615384616
23 0.3629807692307692 0.5096153846153846 0.41346153846153844 0.5096153846153846 0.41346153846153844 0.5913461538461539 0.3629807692307692 0.5913461538461539
23 0.5360576923076923 0.5096153846153846 0.5841346153846154 0.5096153846153846 0.5841346153846154 0.5889423076923077 0.5360576923076923 0.5889423076923077
23 0.4495192307692308 0.5072115384615384 0.49759615384615385 0.5072115384615384 0.49759615384615385 0.5865384615384616 0.4495192307692308 0.5865384615384616
23 0.25 0.5216346153846154 0.29086538461538464 0.5216346153846154 0.29086538461538464 0.8365384615384616 0.25 0.8365384615384616
23 0.6370192307692307 0.5216346153846154 0.6754807692307693 0.5216346153846154 0.6754807692307693 0.8293269230769231 0.6370192307692307 0.8293269230769231
23 0.7259615384615384 0.5216346153846154 0.7644230769230769 0.5216346153846154 0.7644230769230769 0.8293269230769231 0.7259615384615384 0.8293269230769231
23 0.7956730769230769 0.5168269230769231 0.8341346153846154 0.5168269230769231 0.8341346153846154 0.8293269230769231 0.7956730769230769 0.8293269230769231
23 0.8028846153846154 0.2644230769230769 0.8365384615384616 0.2644230769230769 0.8365384615384616 0.4014423076923077 0.8028846153846154 0.4014423076923077
0 0.35336538461538464 0.8052884615384616 0.59375 0.8052884615384616 0.59375 0.9206730769230769 0.35336538461538464 0.9206730769230769
16 0 0.0889423076923077 0.9711538461538461 0.0889423076923077 0.9711538461538461 0.16346153846153846 0 0.16346153846153846
21 0.021634615384615384 0.4110576923076923 0.06971153846153846 0.4110576923076923 0.06971153846153846 0.42788461538461536 0.021634615384615384 0.42788461538461536
21 0.12980769230769232 0.41346153846153844 0.17067307692307693 0.41346153846153844 0.17067307692307693 0.42788461538461536 0.12980769230769232 0.42788461538461536
21 0.24759615384615385 0.41586538461538464 0.29086538461538464 0.41586538461538464 0.29086538461538464 0.43028846153846156 0.24759615384615385 0.43028846153846156
21 0.36538461538461536 0.4110576923076923 0.40865384615384615 0.4110576923076923 0.40865384615384615 0.4254807692307692 0.36538461538461536 0.4254807692307692
21 0.5384615384615384 0.40865384615384615 0.5817307692307693 0.40865384615384615 0.5817307692307693 0.4206730769230769 0.5384615384615384 0.4206730769230769
21 0.6322115384615384 0.40384615384615385 0.6778846153846154 0.40384615384615385 0.6778846153846154 0.4206730769230769 0.6322115384615384 0.4206730769230769
21 0.7235576923076923 0.40384615384615385 0.7716346153846154 0.40384615384615385 0.7716346153846154 0.4182692307692308 0.7235576923076923 0.4182692307692308
21 0.7956730769230769 0.4014423076923077 0.8413461538461539 0.4014423076923077 0.8413461538461539 0.4182692307692308 0.7956730769230769 0.4182692307692308
21 0.9038461538461539 0.4014423076923077 0.9447115384615384 0.4014423076923077 0.9447115384615384 0.4206730769230769 0.9038461538461539 0.4206730769230769
21 0.9014423076923077 0.8317307692307693 0.9447115384615384 0.8317307692307693 0.9447115384615384 0.8485576923076923 0.9014423076923077 0.8485576923076923
21 0.7932692307692307 0.8293269230769231 0.8389423076923077 0.8293269230769231 0.8389423076923077 0.84375 0.7932692307692307 0.84375
21 0.7235576923076923 0.8293269230769231 0.7668269230769231 0.8293269230769231 0.7668269230769231 0.84375 0.7235576923076923 0.84375
21 0.6346153846153846 0.8293269230769231 0.6778846153846154 0.8293269230769231 0.6778846153846154 0.84375 0.6346153846153846 0.84375
21 0.24759615384615385 0.8341346153846154 0.2932692307692308 0.8341346153846154 0.2932692307692308 0.8485576923076923 0.24759615384615385 0.8485576923076923
21 0.12980769230769232 0.8365384615384616 0.17307692307692307 0.8365384615384616 0.17307692307692307 0.8485576923076923 0.12980769230769232 0.8485576923076923
12 0.007211538461538462 0.9110576923076923 0.9639423076923077 0.9110576923076923 0.9639423076923077 0.9302884615384616 0.007211538461538462 0.9302884615384616
23 0.25240384615384615 0.27163461538461536 0.2860576923076923 0.27163461538461536 0.2860576923076923 0.41586538461538464 0.25240384615384615 0.41586538461538464
23 0.3701923076923077 0.2668269230769231 0.40384615384615385 0.2668269230769231 0.40384615384615385 0.4110576923076923 0.3701923076923077 0.4110576923076923
22 0.007211538461538462 0.10576923076923077 0.9639423076923077 0.10576923076923077 0.9639423076923077 0.4855769230769231 0.007211538461538462 0.4855769230769231
11 0.007211538461538462 0.4855769230769231 0.9639423076923077 0.4855769230769231 0.9639423076923077 0.9663461538461539 0.007211538461538462 0.9663461538461539
2 0 0 0.9711538461538461 0 0.9711538461538461 1 0 1
10 0 0.002403846153846154 0.9711538461538461 0.002403846153846154 0.9711538461538461 1 0 1
8 0.5360576923076923 0.65625 0.5841346153846154 0.65625 0.5841346153846154 0.9086538461538461 0.5360576923076923 0.9086538461538461
23 0.5360576923076923 0.5961538461538461 0.5841346153846154 0.5961538461538461 0.5841346153846154 0.65625 0.5360576923076923 0.65625
23 0.36538461538461536 0.5961538461538461 0.41346153846153844 0.5961538461538461 0.41346153846153844 0.65625 0.36538461538461536 0.65625
23 0.4519230769230769 0.5961538461538461 0.5 0.5961538461538461 0.5 0.65625 0.4519230769230769 0.65625
8 0.36538461538461536 0.65625 0.41346153846153844 0.65625 0.41346153846153844 0.9086538461538461 0.36538461538461536 0.9086538461538461
8 0.4519230769230769 0.65625 0.5 0.65625 0.5 0.9086538461538461 0.4519230769230769 0.9086538461538461
12 0.007211538461538462 0.4639423076923077 0.9639423076923077 0.4639423076923077 0.9639423076923077 0.4831730769230769 0.007211538461538462 0.4831730769230769