23 0.15384615384615385 0.4423076923076923 0.23317307692307693 0.4423076923076923 0.23317307692307693 0.5985576923076923 0.15384615384615385 0.5985576923076923
23 0.5625 0.43028846153846156 0.6153846153846154 0.43028846153846156 0.6153846153846154 0.5889423076923077 0.5625 0.5889423076923077
23 0.3918269230769231 0.43028846153846156 0.44471153846153844 0.43028846153846156 0.44471153846153844 0.5889423076923077 0.3918269230769231 0.5889423076923077
23 0.7668269230769231 0.7091346153846154 0.8485576923076923 0.7091346153846154 0.8485576923076923 0.9254807692307693 0.7668269230769231 0.9254807692307693
23 0.8653846153846154 0.7283653846153846 0.9014423076923077 0.7283653846153846 0.9014423076923077 0.9254807692307693 0.8653846153846154 0.9254807692307693
23 0.7115384615384616 0.7307692307692307 0.75 0.7307692307692307 0.75 0.9254807692307693 0.7115384615384616 0.9254807692307693
8 0.4519230769230769 0.78125 0.5576923076923077 0.78125 0.5576923076923077 0.9663461538461539 0.4519230769230769 0.9663461538461539
23 0.4519230769230769 0.6971153846153846 0.5576923076923077 0.6971153846153846 0.5576923076923077 0.7788461538461539 0.4519230769230769 0.7788461538461539
23 0.15384615384615385 0.7115384615384616 0.23317307692307693 0.7115384615384616 0.23317307692307693 0.9278846153846154 0.15384615384615385 0.9278846153846154
23 0.25240384615384615 0.7331730769230769 0.28846153846153844 0.7331730769230769 0.28846153846153844 0.9278846153846154 0.25240384615384615 0.9278846153846154
23 0.0985576923076923 0.7331730769230769 0.1346153846153846 0.7331730769230769 0.1346153846153846 0.9278846153846154 0.0985576923076923 0.9278846153846154
23 0.7668269230769231 0.4423076923076923 0.8461538461538461 0.4423076923076923 0.8461538461538461 0.5961538461538461 0.7668269230769231 0.5961538461538461
23 0.5600961538461539 0.18028846153846154 0.6129807692307693 0.18028846153846154 0.6129807692307693 0.28846153846153844 0.5600961538461539 0.28846153846153844
23 0.46153846153846156 0.18028846153846154 0.5432692307692307 0.18028846153846154 0.5432692307692307 0.28846153846153844 0.46153846153846156 0.28846153846153844
23 0.3894230769230769 0.18028846153846154 0.44471153846153844 0.18028846153846154 0.44471153846153844 0.28846153846153844 0.3894230769230769 0.28846153846153844
8 0.46153846153846156 0.46634615384615385 0.5432692307692307 0.46634615384615385 0.5432692307692307 0.6346153846153846 0.46153846153846156 0.6346153846153846
23 0.46153846153846156 0.43028846153846156 0.5432692307692307 0.43028846153846156 0.5432692307692307 0.46634615384615385 0.46153846153846156 0.46634615384615385
0 0.3581730769230769 0.5793269230769231 0.6490384615384616 0.5793269230769231 0.6490384615384616 0.65625 0.3581730769230769 0.65625
5 0.4543269230769231 0.39903846153846156 0.5528846153846154 0.39903846153846156 0.5528846153846154 0.41346153846153844 0.4543269230769231 0.41346153846153844
19 0.27884615384615385 0.016826923076923076 0.7259615384615384 0.016826923076923076 0.7259615384615384 0.125 0.27884615384615385 0.125
19 0.04567307692307692 0.13701923076923078 0.9350961538461539 0.13701923076923078 0.9350961538461539 0.24278846153846154 0.04567307692307692 0.24278846153846154
23 0.5745192307692307 0.6971153846153846 0.6274038461538461 0.6971153846153846 0.6274038461538461 0.9206730769230769 0.5745192307692307 0.9206730769230769
23 0.3798076923076923 0.6971153846153846 0.4326923076923077 0.6971153846153846 0.4326923076923077 0.9206730769230769 0.3798076923076923 0.9206730769230769
16 0.028846153846153848 0.375 0.2932692307692308 0.375 0.2932692307692308 0.3918269230769231 0.028846153846153848 0.3918269230769231
16 0.7067307692307693 0.37740384615384615 0.96875 0.37740384615384615 0.96875 0.3918269230769231 0.7067307692307693 0.3918269230769231
4 0.7379807692307693 0.6466346153846154 0.8798076923076923 0.6466346153846154 0.8798076923076923 0.6730769230769231 0.7379807692307693 0.6730769230769231
4 0.1201923076923077 0.6490384615384616 0.2644230769230769 0.6490384615384616 0.2644230769230769 0.6754807692307693 0.1201923076923077 0.6754807692307693
21 0.1466346153846154 0.5985576923076923 0.2403846153846154 0.5985576923076923 0.2403846153846154 0.6105769230769231 0.1466346153846154 0.6105769230769231
21 0.7620192307692307 0.5961538461538461 0.8533653846153846 0.5961538461538461 0.8533653846153846 0.6081730769230769 0.7620192307692307 0.6081730769230769
26 0 0.9206730769230769 0.21875 0.9206730769230769 0.21875 1 0 1
26 0.8149038461538461 0.9158653846153846 1 0.9158653846153846 1 1 0.8149038461538461 1
15 0.03365384615384615 0.6706730769230769 0.9663461538461539 0.6706730769230769 0.9663461538461539 0.9663461538461539 0.03365384615384615 0.9663461538461539
12 0.03365384615384615 0.65625 0.9663461538461539 0.65625 0.9663461538461539 0.6706730769230769 0.03365384615384615 0.6706730769230769
12 0.03365384615384615 0.36538461538461536 0.9663461538461539 0.36538461538461536 0.9663461538461539 0.3798076923076923 0.03365384615384615 0.3798076923076923
11 0.03365384615384615 0.3798076923076923 0.9663461538461539 0.3798076923076923 0.9663461538461539 0.6706730769230769 0.03365384615384615 0.6706730769230769
22 0.08173076923076923 0.13701923076923078 0.9038461538461539 0.13701923076923078 0.9038461538461539 0.3798076923076923 0.08173076923076923 0.3798076923076923
2 0.002403846153846154 0.007211538461538462 1 0.007211538461538462 1 0.9663461538461539 0.002403846153846154 0.9663461538461539
10 0.03365384615384615 0.30528846153846156 0.9663461538461539 0.30528846153846156 0.9663461538461539 0.9663461538461539 0.03365384615384615 0.9663461538461539
26 0.3125 0.8197115384615384 0.35336538461538464 0.8197115384615384 0.35336538461538464 0.9759615384615384 0.3125 0.9759615384615384
26 0.6610576923076923 0.8197115384615384 0.7043269230769231 0.8197115384615384 0.7043269230769231 0.9735576923076923 0.6610576923076923 0.9735576923076923