23 0.23076923076923078 0.7403846153846154 0.2860576923076923 0.7403846153846154 0.2860576923076923 0.7788461538461539 0.23076923076923078 0.7788461538461539
23 0.2403846153846154 0.10576923076923077 0.2932692307692308 0.10576923076923077 0.2932692307692308 0.14182692307692307 0.2403846153846154 0.14182692307692307
23 0.23798076923076922 0.31009615384615385 0.29086538461538464 0.31009615384615385 0.29086538461538464 0.4230769230769231 0.23798076923076922 0.4230769230769231
23 0.23557692307692307 0.4543269230769231 0.28846153846153844 0.4543269230769231 0.28846153846153844 0.5697115384615384 0.23557692307692307 0.5697115384615384
23 0.23317307692307693 0.5961538461538461 0.2860576923076923 0.5961538461538461 0.2860576923076923 0.7115384615384616 0.23317307692307693 0.7115384615384616
23 0.23798076923076922 0.16826923076923078 0.29086538461538464 0.16826923076923078 0.29086538461538464 0.2764423076923077 0.23798076923076922 0.2764423076923077
23 0.5192307692307693 0.23798076923076922 0.5745192307692307 0.23798076923076922 0.5745192307692307 0.30288461538461536 0.5192307692307693 0.30288461538461536
23 0.3701923076923077 0.10576923076923077 0.41586538461538464 0.10576923076923077 0.41586538461538464 0.16826923076923078 0.3701923076923077 0.16826923076923078
23 0.3701923076923077 0.24519230769230768 0.41586538461538464 0.24519230769230768 0.41586538461538464 0.31009615384615385 0.3701923076923077 0.31009615384615385
23 0.36778846153846156 0.3870192307692308 0.41586538461538464 0.3870192307692308 0.41586538461538464 0.4519230769230769 0.36778846153846156 0.4519230769230769
23 0.36778846153846156 0.53125 0.41346153846153844 0.53125 0.41346153846153844 0.59375 0.36778846153846156 0.59375
23 0.36538461538461536 0.6730769230769231 0.41346153846153844 0.6730769230769231 0.41346153846153844 0.7379807692307693 0.36538461538461536 0.7379807692307693
23 0.5168269230769231 0.6706730769230769 0.5721153846153846 0.6706730769230769 0.5721153846153846 0.7355769230769231 0.5168269230769231 0.7355769230769231
23 0.5168269230769231 0.5264423076923077 0.5721153846153846 0.5264423076923077 0.5721153846153846 0.5913461538461539 0.5168269230769231 0.5913461538461539
23 0.5168269230769231 0.3798076923076923 0.5721153846153846 0.3798076923076923 0.5721153846153846 0.44471153846153844 0.5168269230769231 0.44471153846153844
23 0.39903846153846156 0.84375 0.6033653846153846 0.84375 0.6033653846153846 0.9591346153846154 0.39903846153846156 0.9591346153846154
8 0.18990384615384615 0.8918269230769231 0.30288461538461536 0.8918269230769231 0.30288461538461536 0.9807692307692307 0.18990384615384615 0.9807692307692307
23 0.1875 0.8221153846153846 0.30288461538461536 0.8221153846153846 0.30288461538461536 0.8870192307692307 0.1875 0.8870192307692307
23 0.6995192307692307 0.6754807692307693 0.8701923076923077 0.6754807692307693 0.8701923076923077 0.7788461538461539 0.6995192307692307 0.7788461538461539
23 0.5192307692307693 0.10576923076923077 0.5745192307692307 0.10576923076923077 0.5745192307692307 0.16826923076923078 0.5192307692307693 0.16826923076923078
23 0.6995192307692307 0.10576923076923077 0.8701923076923077 0.10576923076923077 0.8701923076923077 0.18028846153846154 0.6995192307692307 0.18028846153846154
23 0.6995192307692307 0.24759615384615385 0.8701923076923077 0.24759615384615385 0.8701923076923077 0.35096153846153844 0.6995192307692307 0.35096153846153844
23 0.6995192307692307 0.3894230769230769 0.8701923076923077 0.3894230769230769 0.8701923076923077 0.49278846153846156 0.6995192307692307 0.49278846153846156
23 0.6995192307692307 0.53125 0.8701923076923077 0.53125 0.8701923076923077 0.6370192307692307 0.6995192307692307 0.6370192307692307
8 0.6682692307692307 0.84375 0.9254807692307693 0.84375 0.9254807692307693 0.9807692307692307 0.6682692307692307 0.9807692307692307
23 0.37740384615384615 0.019230769230769232 0.4230769230769231 0.019230769230769232 0.4230769230769231 0.028846153846153848 0.37740384615384615 0.028846153846153848
23 0.5264423076923077 0.021634615384615384 0.5673076923076923 0.021634615384615384 0.5673076923076923 0.03125 0.5264423076923077 0.03125
23 0.8173076923076923 0.019230769230769232 0.8677884615384616 0.019230769230769232 0.8677884615384616 0.03125 0.8173076923076923 0.03125
23 0.6923076923076923 0.019230769230769232 0.7355769230769231 0.019230769230769232 0.7355769230769231 0.03125 0.6923076923076923 0.03125
23 0.7548076923076923 0.019230769230769232 0.8028846153846154 0.019230769230769232 0.8028846153846154 0.03125 0.7548076923076923 0.03125
19 0.18269230769230768 0.007211538461538462 0.9639423076923077 0.007211538461538462 0.9639423076923077 0.040865384615384616 0.18269230769230768 0.040865384615384616
12 0.14423076923076922 0.07211538461538461 0.9639423076923077 0.07211538461538461 0.9639423076923077 0.08173076923076923 0.14423076923076922 0.08173076923076923
12 0.14423076923076922 0.7836538461538461 0.9639423076923077 0.7836538461538461 0.9639423076923077 0.7932692307692307 0.14423076923076922 0.7932692307692307
12 0.14423076923076922 0.6394230769230769 0.9639423076923077 0.6394230769230769 0.9639423076923077 0.6490384615384616 0.14423076923076922 0.6490384615384616
12 0.14423076923076922 0.4951923076923077 0.9639423076923077 0.4951923076923077 0.9639423076923077 0.5048076923076923 0.14423076923076922 0.5048076923076923
12 0.14423076923076922 0.35336538461538464 0.9639423076923077 0.35336538461538464 0.9639423076923077 0.3629807692307692 0.14423076923076922 0.3629807692307692
12 0.14423076923076922 0.2091346153846154 0.9639423076923077 0.2091346153846154 0.9639423076923077 0.21875 0.14423076923076922 0.21875
15 0.14423076923076922 0.7908653846153846 0.9639423076923077 0.7908653846153846 0.9639423076923077 0.9855769230769231 0.14423076923076922 0.9855769230769231
11 0.14423076923076922 0.08413461538461539 0.9639423076923077 0.08413461538461539 0.9639423076923077 0.2091346153846154 0.14423076923076922 0.2091346153846154
11 0.14423076923076922 0.6490384615384616 0.9639423076923077 0.6490384615384616 0.9639423076923077 0.78125 0.14423076923076922 0.78125
11 0.14423076923076922 0.5048076923076923 0.9639423076923077 0.5048076923076923 0.9639423076923077 0.6394230769230769 0.14423076923076922 0.6394230769230769
11 0.14423076923076922 0.3629807692307692 0.9639423076923077 0.3629807692307692 0.9639423076923077 0.49278846153846156 0.14423076923076922 0.49278846153846156
11 0.14423076923076922 0.21875 0.9639423076923077 0.21875 0.9639423076923077 0.35336538461538464 0.14423076923076922 0.35336538461538464
22 0.18028846153846154 0.009615384615384616 0.9639423076923077 0.009615384615384616 0.9639423076923077 0.07211538461538461 0.18028846153846154 0.07211538461538461
2 0 0 0.9663461538461539 0 0.9663461538461539 0.9903846153846154 0 0.9903846153846154
10 0.14182692307692307 0.004807692307692308 0.9663461538461539 0.004807692307692308 0.9663461538461539 0.9879807692307693 0.14182692307692307 0.9879807692307693