23 0.8245192307692307 0.16346153846153846 0.8629807692307693 0.16346153846153846 0.8629807692307693 0.24759615384615385 0.8245192307692307 0.24759615384615385
23 0.21634615384615385 0.8365384615384616 0.2548076923076923 0.8365384615384616 0.2548076923076923 0.9206730769230769 0.21634615384615385 0.9206730769230769
23 0.17067307692307693 0.16346153846153846 0.21153846153846154 0.16346153846153846 0.21153846153846154 0.24759615384615385 0.17067307692307693 0.24759615384615385
23 0.21875 0.16346153846153846 0.25721153846153844 0.16346153846153846 0.25721153846153844 0.24759615384615385 0.21875 0.24759615384615385
23 0.7283653846153846 0.3293269230769231 0.7668269230769231 0.3293269230769231 0.7668269230769231 0.4110576923076923 0.7283653846153846 0.4110576923076923
23 0.7764423076923077 0.3293269230769231 0.8173076923076923 0.3293269230769231 0.8173076923076923 0.4110576923076923 0.7764423076923077 0.4110576923076923
23 0.8245192307692307 0.3293269230769231 0.8653846153846154 0.3293269230769231 0.8653846153846154 0.4110576923076923 0.8245192307692307 0.4110576923076923
23 0.5240384615384616 0.16346153846153846 0.5649038461538461 0.16346153846153846 0.5649038461538461 0.24759615384615385 0.5240384615384616 0.24759615384615385
23 0.5745192307692307 0.16346153846153846 0.6129807692307693 0.16346153846153846 0.6129807692307693 0.24759615384615385 0.5745192307692307 0.24759615384615385
23 0.6201923076923077 0.16346153846153846 0.6610576923076923 0.16346153846153846 0.6610576923076923 0.24759615384615385 0.6201923076923077 0.24759615384615385
23 0.7283653846153846 0.16346153846153846 0.7668269230769231 0.16346153846153846 0.7668269230769231 0.24759615384615385 0.7283653846153846 0.24759615384615385
23 0.7764423076923077 0.16346153846153846 0.8149038461538461 0.16346153846153846 0.8149038461538461 0.24759615384615385 0.7764423076923077 0.24759615384615385
23 0.12259615384615384 0.16346153846153846 0.16346153846153846 0.16346153846153846 0.16346153846153846 0.24759615384615385 0.12259615384615384 0.24759615384615385
23 0.1201923076923077 0.8365384615384616 0.16105769230769232 0.8365384615384616 0.16105769230769232 0.9182692307692307 0.1201923076923077 0.9182692307692307
23 0.16826923076923078 0.8365384615384616 0.2091346153846154 0.8365384615384616 0.2091346153846154 0.9182692307692307 0.16826923076923078 0.9182692307692307
23 0.21634615384615385 0.3293269230769231 0.2548076923076923 0.3293269230769231 0.2548076923076923 0.41346153846153844 0.21634615384615385 0.41346153846153844
23 0.1201923076923077 0.3293269230769231 0.16105769230769232 0.3293269230769231 0.16105769230769232 0.41346153846153844 0.1201923076923077 0.41346153846153844
23 0.16826923076923078 0.3293269230769231 0.2091346153846154 0.3293269230769231 0.2091346153846154 0.41346153846153844 0.16826923076923078 0.41346153846153844
23 0.21634615384615385 0.5 0.2548076923076923 0.5 0.2548076923076923 0.5841346153846154 0.21634615384615385 0.5841346153846154
23 0.1201923076923077 0.5 0.16105769230769232 0.5 0.16105769230769232 0.5817307692307693 0.1201923076923077 0.5817307692307693
23 0.16826923076923078 0.5 0.2091346153846154 0.5 0.2091346153846154 0.5817307692307693 0.16826923076923078 0.5817307692307693
23 0.21634615384615385 0.6658653846153846 0.2548076923076923 0.6658653846153846 0.2548076923076923 0.75 0.21634615384615385 0.75
23 0.1201923076923077 0.6658653846153846 0.16105769230769232 0.6658653846153846 0.16105769230769232 0.75 0.1201923076923077 0.75
23 0.16826923076923078 0.6658653846153846 0.2091346153846154 0.6658653846153846 0.2091346153846154 0.75 0.16826923076923078 0.75
23 0.06971153846153846 0.8341346153846154 0.10336538461538461 0.8341346153846154 0.10336538461538461 0.9182692307692307 0.06971153846153846 0.9182692307692307
23 0.021634615384615384 0.8341346153846154 0.052884615384615384 0.8341346153846154 0.052884615384615384 0.9182692307692307 0.021634615384615384 0.9182692307692307
23 0.06971153846153846 0.3293269230769231 0.10336538461538461 0.3293269230769231 0.10336538461538461 0.4110576923076923 0.06971153846153846 0.4110576923076923
23 0.021634615384615384 0.3293269230769231 0.052884615384615384 0.3293269230769231 0.052884615384615384 0.4110576923076923 0.021634615384615384 0.4110576923076923
23 0.06971153846153846 0.49759615384615385 0.10336538461538461 0.49759615384615385 0.10336538461538461 0.5817307692307693 0.06971153846153846 0.5817307692307693
23 0.021634615384615384 0.49759615384615385 0.052884615384615384 0.49759615384615385 0.052884615384615384 0.5817307692307693 0.021634615384615384 0.5817307692307693
23 0.06971153846153846 0.6658653846153846 0.10336538461538461 0.6658653846153846 0.10336538461538461 0.75 0.06971153846153846 0.75
23 0.021634615384615384 0.6658653846153846 0.052884615384615384 0.6658653846153846 0.052884615384615384 0.75 0.021634615384615384 0.75
23 0.3245192307692308 0.16346153846153846 0.3629807692307692 0.16346153846153846 0.3629807692307692 0.24759615384615385 0.3245192307692308 0.24759615384615385
23 0.37259615384615385 0.16346153846153846 0.4110576923076923 0.16346153846153846 0.4110576923076923 0.24759615384615385 0.37259615384615385 0.24759615384615385
23 0.4206730769230769 0.16346153846153846 0.45913461538461536 0.16346153846153846 0.45913461538461536 0.24759615384615385 0.4206730769230769 0.24759615384615385
23 0.9326923076923077 0.8341346153846154 0.9639423076923077 0.8341346153846154 0.9639423076923077 0.9158653846153846 0.9326923076923077 0.9158653846153846
23 0.3245192307692308 0.3317307692307692 0.3629807692307692 0.3317307692307692 0.3629807692307692 0.41346153846153844 0.3245192307692308 0.41346153846153844
23 0.3701923076923077 0.3317307692307692 0.4110576923076923 0.3317307692307692 0.4110576923076923 0.41346153846153844 0.3701923076923077 0.41346153846153844
23 0.4206730769230769 0.3317307692307692 0.45913461538461536 0.3317307692307692 0.45913461538461536 0.41346153846153844 0.4206730769230769 0.41346153846153844
23 0.9302884615384616 0.3293269230769231 0.9615384615384616 0.3293269230769231 0.9615384615384616 0.41346153846153844 0.9302884615384616 0.41346153846153844
23 0.3245192307692308 0.49759615384615385 0.3629807692307692 0.49759615384615385 0.3629807692307692 0.5817307692307693 0.3245192307692308 0.5817307692307693
23 0.37259615384615385 0.49759615384615385 0.4110576923076923 0.49759615384615385 0.4110576923076923 0.5817307692307693 0.37259615384615385 0.5817307692307693
23 0.4206730769230769 0.49759615384615385 0.45913461538461536 0.49759615384615385 0.45913461538461536 0.5817307692307693 0.4206730769230769 0.5817307692307693
23 0.9326923076923077 0.49759615384615385 0.9639423076923077 0.49759615384615385 0.9639423076923077 0.5793269230769231 0.9326923076923077 0.5793269230769231
23 0.3245192307692308 0.6658653846153846 0.3629807692307692 0.6658653846153846 0.3629807692307692 0.75 0.3245192307692308 0.75
23 0.37259615384615385 0.6658653846153846 0.4110576923076923 0.6658653846153846 0.4110576923076923 0.75 0.37259615384615385 0.75
23 0.4206730769230769 0.6658653846153846 0.45913461538461536 0.6658653846153846 0.45913461538461536 0.75 0.4206730769230769 0.75
23 0.9326923076923077 0.6658653846153846 0.9639423076923077 0.6658653846153846 0.9639423076923077 0.7475961538461539 0.9326923076923077 0.7475961538461539
23 0.27403846153846156 0.8341346153846154 0.30528846153846156 0.8341346153846154 0.30528846153846156 0.9182692307692307 0.27403846153846156 0.9182692307692307
23 0.27403846153846156 0.3317307692307692 0.30528846153846156 0.3317307692307692 0.30528846153846156 0.41346153846153844 0.27403846153846156 0.41346153846153844
23 0.27403846153846156 0.49759615384615385 0.30528846153846156 0.49759615384615385 0.30528846153846156 0.5817307692307693 0.27403846153846156 0.5817307692307693
23 0.27403846153846156 0.6658653846153846 0.30528846153846156 0.6658653846153846 0.30528846153846156 0.75 0.27403846153846156 0.75
23 0.3245192307692308 0.8365384615384616 0.3629807692307692 0.8365384615384616 0.3629807692307692 0.9182692307692307 0.3245192307692308 0.9182692307692307
23 0.37259615384615385 0.8365384615384616 0.4110576923076923 0.8365384615384616 0.4110576923076923 0.9182692307692307 0.37259615384615385 0.9182692307692307
23 0.4206730769230769 0.8365384615384616 0.45913461538461536 0.8365384615384616 0.45913461538461536 0.9182692307692307 0.4206730769230769 0.9182692307692307
23 0.7283653846153846 0.8365384615384616 0.7668269230769231 0.8365384615384616 0.7668269230769231 0.9182692307692307 0.7283653846153846 0.9182692307692307
23 0.7764423076923077 0.8365384615384616 0.8173076923076923 0.8365384615384616 0.8173076923076923 0.9182692307692307 0.7764423076923077 0.9182692307692307
23 0.8245192307692307 0.8365384615384616 0.8653846153846154 0.8365384615384616 0.8653846153846154 0.9182692307692307 0.8245192307692307 0.9182692307692307
23 0.7283653846153846 0.6658653846153846 0.7668269230769231 0.6658653846153846 0.7668269230769231 0.75 0.7283653846153846 0.75
23 0.7764423076923077 0.6658653846153846 0.8173076923076923 0.6658653846153846 0.8173076923076923 0.75 0.7764423076923077 0.75
23 0.8245192307692307 0.6658653846153846 0.8653846153846154 0.6658653846153846 0.8653846153846154 0.75 0.8245192307692307 0.75
23 0.7283653846153846 0.49759615384615385 0.7668269230769231 0.49759615384615385 0.7668269230769231 0.5817307692307693 0.7283653846153846 0.5817307692307693
23 0.7764423076923077 0.49759615384615385 0.8173076923076923 0.49759615384615385 0.8173076923076923 0.5817307692307693 0.7764423076923077 0.5817307692307693
23 0.8245192307692307 0.49759615384615385 0.8653846153846154 0.49759615384615385 0.8653846153846154 0.5817307692307693 0.8245192307692307 0.5817307692307693
23 0.47596153846153844 0.8341346153846154 0.5072115384615384 0.8341346153846154 0.5072115384615384 0.9182692307692307 0.47596153846153844 0.9182692307692307
23 0.47596153846153844 0.3293269230769231 0.5072115384615384 0.3293269230769231 0.5072115384615384 0.41346153846153844 0.47596153846153844 0.41346153846153844
23 0.47596153846153844 0.49759615384615385 0.5072115384615384 0.49759615384615385 0.5072115384615384 0.5817307692307693 0.47596153846153844 0.5817307692307693
23 0.47596153846153844 0.6658653846153846 0.5072115384615384 0.6658653846153846 0.5072115384615384 0.75 0.47596153846153844 0.75
23 0.5240384615384616 0.3293269230769231 0.5649038461538461 0.3293269230769231 0.5649038461538461 0.4110576923076923 0.5240384615384616 0.4110576923076923
23 0.5745192307692307 0.3293269230769231 0.6129807692307693 0.3293269230769231 0.6129807692307693 0.4110576923076923 0.5745192307692307 0.4110576923076923
23 0.6225961538461539 0.3293269230769231 0.6610576923076923 0.3293269230769231 0.6610576923076923 0.4110576923076923 0.6225961538461539 0.4110576923076923
23 0.5240384615384616 0.8365384615384616 0.5649038461538461 0.8365384615384616 0.5649038461538461 0.9182692307692307 0.5240384615384616 0.9182692307692307
23 0.5745192307692307 0.8365384615384616 0.6129807692307693 0.8365384615384616 0.6129807692307693 0.9182692307692307 0.5745192307692307 0.9182692307692307
23 0.6225961538461539 0.8365384615384616 0.6610576923076923 0.8365384615384616 0.6610576923076923 0.9182692307692307 0.6225961538461539 0.9182692307692307
23 0.5240384615384616 0.6658653846153846 0.5649038461538461 0.6658653846153846 0.5649038461538461 0.75 0.5240384615384616 0.75
23 0.5745192307692307 0.6658653846153846 0.6129807692307693 0.6658653846153846 0.6129807692307693 0.75 0.5745192307692307 0.75
23 0.6225961538461539 0.6658653846153846 0.6610576923076923 0.6658653846153846 0.6610576923076923 0.75 0.6225961538461539 0.75
23 0.5240384615384616 0.49759615384615385 0.5649038461538461 0.49759615384615385 0.5649038461538461 0.5817307692307693 0.5240384615384616 0.5817307692307693
23 0.5745192307692307 0.49759615384615385 0.6129807692307693 0.49759615384615385 0.6129807692307693 0.5817307692307693 0.5745192307692307 0.5817307692307693
23 0.6225961538461539 0.49759615384615385 0.6610576923076923 0.49759615384615385 0.6610576923076923 0.5817307692307693 0.6225961538461539 0.5817307692307693
23 0.6802884615384616 0.8341346153846154 0.7115384615384616 0.8341346153846154 0.7115384615384616 0.9158653846153846 0.6802884615384616 0.9158653846153846
23 0.6802884615384616 0.3293269230769231 0.7115384615384616 0.3293269230769231 0.7115384615384616 0.41346153846153844 0.6802884615384616 0.41346153846153844
23 0.6802884615384616 0.49759615384615385 0.7115384615384616 0.49759615384615385 0.7115384615384616 0.5793269230769231 0.6802884615384616 0.5793269230769231
23 0.6802884615384616 0.6658653846153846 0.7115384615384616 0.6658653846153846 0.7115384615384616 0.7475961538461539 0.6802884615384616 0.7475961538461539
23 0.8822115384615384 0.8341346153846154 0.9134615384615384 0.8341346153846154 0.9134615384615384 0.9158653846153846 0.8822115384615384 0.9158653846153846
23 0.8822115384615384 0.3293269230769231 0.9134615384615384 0.3293269230769231 0.9134615384615384 0.41346153846153844 0.8822115384615384 0.41346153846153844
23 0.8822115384615384 0.49759615384615385 0.9134615384615384 0.49759615384615385 0.9134615384615384 0.5793269230769231 0.8822115384615384 0.5793269230769231
23 0.8822115384615384 0.6658653846153846 0.9134615384615384 0.6658653846153846 0.9134615384615384 0.7475961538461539 0.8822115384615384 0.7475961538461539
19 0 0.03125 0.9927884615384616 0.03125 0.9927884615384616 0.28125 0 0.28125
2 0 0.03125 1 0.03125 1 1 0 1
12 0 0.2932692307692308 1 0.2932692307692308 1 0.31009615384615385 0 0.31009615384615385
12 0 0.9831730769230769 1 0.9831730769230769 1 1 0 1
12 0 0.8028846153846154 1 0.8028846153846154 1 0.8173076923076923 0 0.8173076923076923
12 0 0.6370192307692307 1 0.6370192307692307 1 0.6538461538461539 0 0.6538461538461539
12 0 0.46634615384615385 1 0.46634615384615385 1 0.4831730769230769 0 0.4831730769230769
22 0 0.12259615384615384 1 0.12259615384615384 1 0.2932692307692308 0 0.2932692307692308
11 0 0.8173076923076923 1 0.8173076923076923 1 0.9831730769230769 0 0.9831730769230769
11 0 0.6514423076923077 1 0.6514423076923077 1 0.8028846153846154 0 0.8028846153846154
11 0 0.4831730769230769 1 0.4831730769230769 1 0.6370192307692307 0 0.6370192307692307
11 0 0.3076923076923077 1 0.3076923076923077 1 0.46634615384615385 0 0.46634615384615385
1 0.16826923076923078 0.6658653846153846 0.2091346153846154 0.6658653846153846 0.2091346153846154 0.7235576923076923 0.16826923076923078 0.7235576923076923
1 0.21634615384615385 0.6658653846153846 0.2548076923076923 0.6658653846153846 0.2548076923076923 0.71875 0.21634615384615385 0.71875
1 0.1201923076923077 0.6682692307692307 0.16105769230769232 0.6682692307692307 0.16105769230769232 0.7331730769230769 0.1201923076923077 0.7331730769230769
1 0.1201923076923077 0.5 0.16105769230769232 0.5 0.16105769230769232 0.5456730769230769 0.1201923076923077 0.5456730769230769
1 0.27403846153846156 0.49759615384615385 0.30528846153846156 0.49759615384615385 0.30528846153846156 0.5336538461538461 0.27403846153846156 0.5336538461538461
1 0.3245192307692308 0.49759615384615385 0.3629807692307692 0.49759615384615385 0.3629807692307692 0.5456730769230769 0.3245192307692308 0.5456730769230769
1 0.6225961538461539 0.49759615384615385 0.6610576923076923 0.49759615384615385 0.6610576923076923 0.5649038461538461 0.6225961538461539 0.5649038461538461
1 0.6225961538461539 0.6658653846153846 0.6610576923076923 0.6658653846153846 0.6610576923076923 0.7307692307692307 0.6225961538461539 0.7307692307692307
1 0.5745192307692307 0.6682692307692307 0.6129807692307693 0.6682692307692307 0.6129807692307693 0.7331730769230769 0.5745192307692307 0.7331730769230769
1 0.6802884615384616 0.6658653846153846 0.7115384615384616 0.6658653846153846 0.7115384615384616 0.7019230769230769 0.6802884615384616 0.7019230769230769
1 0.6802884615384616 0.49759615384615385 0.7115384615384616 0.49759615384615385 0.7115384615384616 0.5384615384615384 0.6802884615384616 0.5384615384615384
1 0.7283653846153846 0.49759615384615385 0.7668269230769231 0.49759615384615385 0.7668269230769231 0.5817307692307693 0.7283653846153846 0.5817307692307693
1 0.7764423076923077 0.49759615384615385 0.8173076923076923 0.49759615384615385 0.8173076923076923 0.5360576923076923 0.7764423076923077 0.5360576923076923
1 0.8245192307692307 0.3293269230769231 0.8653846153846154 0.3293269230769231 0.8653846153846154 0.3701923076923077 0.8245192307692307 0.3701923076923077
1 0.8822115384615384 0.3293269230769231 0.9134615384615384 0.3293269230769231 0.9134615384615384 0.3605769230769231 0.8822115384615384 0.3605769230769231
1 0.9302884615384616 0.3293269230769231 0.9615384615384616 0.3293269230769231 0.9615384615384616 0.41346153846153844 0.9302884615384616 0.41346153846153844
1 0.8245192307692307 0.1658653846153846 0.8629807692307693 0.1658653846153846 0.8629807692307693 0.21875 0.8245192307692307 0.21875
1 0.7283653846153846 0.1658653846153846 0.7668269230769231 0.1658653846153846 0.7668269230769231 0.21875 0.7283653846153846 0.21875
10 0 0.03125 1 0.03125 1 1 0 1