23 0.18028846153846154 0.47836538461538464 0.21394230769230768 0.47836538461538464 0.21394230769230768 0.6418269230769231 0.18028846153846154 0.6418269230769231
23 0.21875 0.47836538461538464 0.25240384615384615 0.47836538461538464 0.25240384615384615 0.6418269230769231 0.21875 0.6418269230769231
23 0.7259615384615384 0.47836538461538464 0.7596153846153846 0.47836538461538464 0.7596153846153846 0.6418269230769231 0.7259615384615384 0.6418269230769231
23 0.7644230769230769 0.47836538461538464 0.7956730769230769 0.47836538461538464 0.7956730769230769 0.6418269230769231 0.7644230769230769 0.6418269230769231
23 0.3173076923076923 0.47836538461538464 0.35096153846153844 0.47836538461538464 0.35096153846153844 0.6418269230769231 0.3173076923076923 0.6418269230769231
23 0.35336538461538464 0.47836538461538464 0.3870192307692308 0.47836538461538464 0.3870192307692308 0.6418269230769231 0.35336538461538464 0.6418269230769231
23 0.4543269230769231 0.47596153846153844 0.4879807692307692 0.47596153846153844 0.4879807692307692 0.6418269230769231 0.4543269230769231 0.6418269230769231
23 0.49038461538461536 0.47836538461538464 0.5240384615384616 0.47836538461538464 0.5240384615384616 0.6418269230769231 0.49038461538461536 0.6418269230769231
23 0.5889423076923077 0.47836538461538464 0.6225961538461539 0.47836538461538464 0.6225961538461539 0.6418269230769231 0.5889423076923077 0.6418269230769231
23 0.6274038461538461 0.47836538461538464 0.6610576923076923 0.47836538461538464 0.6610576923076923 0.6418269230769231 0.6274038461538461 0.6418269230769231
23 0.18028846153846154 0.18990384615384615 0.21394230769230768 0.18990384615384615 0.21394230769230768 0.3557692307692308 0.18028846153846154 0.3557692307692308
23 0.21875 0.19230769230769232 0.25 0.19230769230769232 0.25 0.3557692307692308 0.21875 0.3557692307692308
23 0.7235576923076923 0.18990384615384615 0.7572115384615384 0.18990384615384615 0.7572115384615384 0.3557692307692308 0.7235576923076923 0.3557692307692308
23 0.7620192307692307 0.19230769230769232 0.7932692307692307 0.19230769230769232 0.7932692307692307 0.3557692307692308 0.7620192307692307 0.3557692307692308
23 0.31490384615384615 0.18990384615384615 0.3485576923076923 0.18990384615384615 0.3485576923076923 0.3557692307692308 0.31490384615384615 0.3557692307692308
23 0.35336538461538464 0.19230769230769232 0.38461538461538464 0.19230769230769232 0.38461538461538464 0.3557692307692308 0.35336538461538464 0.3557692307692308
23 0.4519230769230769 0.18990384615384615 0.4855769230769231 0.18990384615384615 0.4855769230769231 0.3557692307692308 0.4519230769230769 0.3557692307692308
23 0.49038461538461536 0.19230769230769232 0.5216346153846154 0.19230769230769232 0.5216346153846154 0.3557692307692308 0.49038461538461536 0.3557692307692308
23 0.5889423076923077 0.18990384615384615 0.6225961538461539 0.18990384615384615 0.6225961538461539 0.3557692307692308 0.5889423076923077 0.3557692307692308
23 0.6274038461538461 0.19230769230769232 0.6586538461538461 0.19230769230769232 0.6586538461538461 0.3557692307692308 0.6274038461538461 0.3557692307692308
23 0.21153846153846154 0.8100961538461539 0.23317307692307693 0.8100961538461539 0.23317307692307693 0.9158653846153846 0.21153846153846154 0.9158653846153846
23 0.18028846153846154 0.8100961538461539 0.20192307692307693 0.8100961538461539 0.20192307692307693 0.9158653846153846 0.18028846153846154 0.9158653846153846
23 0.7740384615384616 0.8100961538461539 0.7980769230769231 0.8100961538461539 0.7980769230769231 0.9158653846153846 0.7740384615384616 0.9158653846153846
23 0.7427884615384616 0.8100961538461539 0.7668269230769231 0.8100961538461539 0.7668269230769231 0.9158653846153846 0.7427884615384616 0.9158653846153846
23 0.6129807692307693 0.8100961538461539 0.6370192307692307 0.8100961538461539 0.6370192307692307 0.9182692307692307 0.6129807692307693 0.9182692307692307
23 0.5817307692307693 0.8100961538461539 0.6057692307692307 0.8100961538461539 0.6057692307692307 0.9182692307692307 0.5817307692307693 0.9182692307692307
23 0.3701923076923077 0.8100961538461539 0.3942307692307692 0.8100961538461539 0.3942307692307692 0.9158653846153846 0.3701923076923077 0.9158653846153846
23 0.3389423076923077 0.8100961538461539 0.3629807692307692 0.8100961538461539 0.3629807692307692 0.9158653846153846 0.3389423076923077 0.9158653846153846
8 0.4423076923076923 0.7788461538461539 0.5336538461538461 0.7788461538461539 0.5336538461538461 0.9158653846153846 0.4423076923076923 0.9158653846153846
4 0.7427884615384616 0.7644230769230769 0.8004807692307693 0.7644230769230769 0.8004807692307693 0.8221153846153846 0.7427884615384616 0.8221153846153846
4 0.1778846153846154 0.7644230769230769 0.23557692307692307 0.7644230769230769 0.23557692307692307 0.8197115384615384 0.1778846153846154 0.8197115384615384
4 0.3389423076923077 0.7644230769230769 0.3942307692307692 0.7644230769230769 0.3942307692307692 0.8197115384615384 0.3389423076923077 0.8197115384615384
4 0.5817307692307693 0.7644230769230769 0.6370192307692307 0.7644230769230769 0.6370192307692307 0.8221153846153846 0.5817307692307693 0.8221153846153846
2 0.08413461538461539 0.009615384615384616 0.8894230769230769 0.009615384615384616 0.8894230769230769 0.9254807692307693 0.08413461538461539 0.9254807692307693
19 0.09134615384615384 0.009615384615384616 0.8894230769230769 0.009615384615384616 0.8894230769230769 0.04567307692307692 0.09134615384615384 0.04567307692307692
12 0.11778846153846154 0.3870192307692308 0.8581730769230769 0.3870192307692308 0.8581730769230769 0.40384615384615385 0.11778846153846154 0.40384615384615385
12 0.11778846153846154 0.6754807692307693 0.8581730769230769 0.6754807692307693 0.8581730769230769 0.6923076923076923 0.11778846153846154 0.6923076923076923
22 0.11778846153846154 0.0889423076923077 0.8581730769230769 0.0889423076923077 0.8581730769230769 0.3870192307692308 0.11778846153846154 0.3870192307692308
15 0.11778846153846154 0.6923076923076923 0.8581730769230769 0.6923076923076923 0.8581730769230769 0.9230769230769231 0.11778846153846154 0.9230769230769231
11 0.11778846153846154 0.40384615384615385 0.8581730769230769 0.40384615384615385 0.8581730769230769 0.6754807692307693 0.11778846153846154 0.6754807692307693
16 0.08653846153846154 0.04326923076923077 0.8894230769230769 0.04326923076923077 0.8894230769230769 0.08653846153846154 0.08653846153846154 0.08653846153846154
10 0.08413461538461539 0.007211538461538462 0.8918269230769231 0.007211538461538462 0.8918269230769231 0.9254807692307693 0.08413461538461539 0.9254807692307693