23 0.06490384615384616 0.15384615384615385 0.10817307692307693 0.15384615384615385 0.10817307692307693 0.24519230769230768 0.06490384615384616 0.24519230769230768
1 0.06490384615384616 0.15384615384615385 0.10817307692307693 0.15384615384615385 0.10817307692307693 0.24519230769230768 0.06490384615384616 0.24519230769230768
23 0.38461538461538464 0.15384615384615385 0.4254807692307692 0.15384615384615385 0.4254807692307692 0.24519230769230768 0.38461538461538464 0.24519230769230768
1 0.21394230769230768 0.15384615384615385 0.23076923076923078 0.15384615384615385 0.23076923076923078 0.21634615384615385 0.21394230769230768 0.21634615384615385
1 0.2644230769230769 0.15144230769230768 0.28125 0.15144230769230768 0.28125 0.21634615384615385 0.2644230769230769 0.21634615384615385
23 0.2283653846153846 0.15384615384615385 0.2668269230769231 0.15384615384615385 0.2668269230769231 0.24519230769230768 0.2283653846153846 0.24519230769230768
1 0.3701923076923077 0.15144230769230768 0.3870192307692308 0.15144230769230768 0.3870192307692308 0.21634615384615385 0.3701923076923077 0.21634615384615385
1 0.4230769230769231 0.14903846153846154 0.43990384615384615 0.14903846153846154 0.43990384615384615 0.21394230769230768 0.4230769230769231 0.21394230769230768
23 0.4951923076923077 0.15384615384615385 0.5408653846153846 0.15384615384615385 0.5408653846153846 0.24519230769230768 0.4951923076923077 0.24519230769230768
1 0.5336538461538461 0.14903846153846154 0.5480769230769231 0.14903846153846154 0.5480769230769231 0.21634615384615385 0.5336538461538461 0.21634615384615385
1 0.5024038461538461 0.1466346153846154 0.5072115384615384 0.1466346153846154 0.5072115384615384 0.21394230769230768 0.5024038461538461 0.21394230769230768
23 0.6394230769230769 0.15384615384615385 0.6826923076923077 0.15384615384615385 0.6826923076923077 0.24278846153846154 0.6394230769230769 0.24278846153846154
1 0.6274038461538461 0.15144230769230768 0.6466346153846154 0.15144230769230768 0.6466346153846154 0.21394230769230768 0.6274038461538461 0.21394230769230768
1 0.6778846153846154 0.1466346153846154 0.6947115384615384 0.1466346153846154 0.6947115384615384 0.21153846153846154 0.6778846153846154 0.21153846153846154
23 0.7836538461538461 0.15144230769230768 0.8293269230769231 0.15144230769230768 0.8293269230769231 0.24278846153846154 0.7836538461538461 0.24278846153846154
1 0.7692307692307693 0.14903846153846154 0.7884615384615384 0.14903846153846154 0.7884615384615384 0.21153846153846154 0.7692307692307693 0.21153846153846154
1 0.8197115384615384 0.14423076923076922 0.8365384615384616 0.14423076923076922 0.8365384615384616 0.21153846153846154 0.8197115384615384 0.21153846153846154
23 0.0625 0.3245192307692308 0.11057692307692307 0.3245192307692308 0.11057692307692307 0.44471153846153844 0.0625 0.44471153846153844
1 0.0625 0.3245192307692308 0.11057692307692307 0.3245192307692308 0.11057692307692307 0.44471153846153844 0.0625 0.44471153846153844
23 0.0625 0.3245192307692308 0.11057692307692307 0.3245192307692308 0.11057692307692307 0.44471153846153844 0.0625 0.44471153846153844
23 0.22596153846153846 0.3245192307692308 0.27403846153846156 0.3245192307692308 0.27403846153846156 0.44471153846153844 0.22596153846153846 0.44471153846153844
1 0.22596153846153846 0.3245192307692308 0.27403846153846156 0.3245192307692308 0.27403846153846156 0.44471153846153844 0.22596153846153846 0.44471153846153844
23 0.49759615384615385 0.3245192307692308 0.5408653846153846 0.3245192307692308 0.5408653846153846 0.375 0.49759615384615385 0.375
8 0.49759615384615385 0.375 0.5408653846153846 0.375 0.5408653846153846 0.4807692307692308 0.49759615384615385 0.4807692307692308
23 0.43990384615384615 0.3245192307692308 0.4855769230769231 0.3245192307692308 0.4855769230769231 0.375 0.43990384615384615 0.375
1 0.3894230769230769 0.3389423076923077 0.42788461538461536 0.3389423076923077 0.42788461538461536 0.3485576923076923 0.3894230769230769 0.3485576923076923
1 0.44711538461538464 0.33653846153846156 0.4855769230769231 0.33653846153846156 0.4855769230769231 0.34615384615384615 0.44711538461538464 0.34615384615384615
1 0.5024038461538461 0.33653846153846156 0.5408653846153846 0.33653846153846156 0.5408653846153846 0.3485576923076923 0.5024038461538461 0.3485576923076923
23 0.6394230769230769 0.3245192307692308 0.6875 0.3245192307692308 0.6875 0.43990384615384615 0.6394230769230769 0.43990384615384615
1 0.6394230769230769 0.3245192307692308 0.6875 0.3245192307692308 0.6875 0.43990384615384615 0.6394230769230769 0.43990384615384615
23 0.7836538461538461 0.32211538461538464 0.8317307692307693 0.32211538461538464 0.8317307692307693 0.43990384615384615 0.7836538461538461 0.43990384615384615
1 0.7836538461538461 0.32211538461538464 0.8317307692307693 0.32211538461538464 0.8317307692307693 0.43990384615384615 0.7836538461538461 0.43990384615384615
23 0.7836538461538461 0.5721153846153846 0.8317307692307693 0.5721153846153846 0.8317307692307693 0.7091346153846154 0.7836538461538461 0.7091346153846154
1 0.7836538461538461 0.5721153846153846 0.8317307692307693 0.5721153846153846 0.8317307692307693 0.7091346153846154 0.7836538461538461 0.7091346153846154
23 0.6394230769230769 0.5721153846153846 0.6875 0.5721153846153846 0.6875 0.7067307692307693 0.6394230769230769 0.7067307692307693
1 0.6394230769230769 0.5721153846153846 0.6875 0.5721153846153846 0.6875 0.7067307692307693 0.6394230769230769 0.7067307692307693
23 0.22596153846153846 0.5649038461538461 0.27403846153846156 0.5649038461538461 0.27403846153846156 0.7019230769230769 0.22596153846153846 0.7019230769230769
1 0.22596153846153846 0.5649038461538461 0.27403846153846156 0.5649038461538461 0.27403846153846156 0.7019230769230769 0.22596153846153846 0.7019230769230769
23 0.0625 0.5649038461538461 0.11298076923076923 0.5649038461538461 0.11298076923076923 0.7019230769230769 0.0625 0.7019230769230769
1 0.0625 0.5649038461538461 0.11298076923076923 0.5649038461538461 0.11298076923076923 0.7019230769230769 0.0625 0.7019230769230769
20 0.06971153846153846 0.8245192307692307 0.18990384615384615 0.8245192307692307 0.18990384615384615 0.9639423076923077 0.06971153846153846 0.9639423076923077
8 0.21875 0.8197115384615384 0.28365384615384615 0.8197115384615384 0.28365384615384615 0.9975961538461539 0.21875 0.9975961538461539
23 0.5096153846153846 0.8197115384615384 0.5432692307692307 0.8197115384615384 0.5432692307692307 0.9038461538461539 0.5096153846153846 0.9038461538461539
23 0.38461538461538464 0.8197115384615384 0.4182692307692308 0.8197115384615384 0.4182692307692308 0.9038461538461539 0.38461538461538464 0.9038461538461539
23 0.4254807692307692 0.8197115384615384 0.45913461538461536 0.8197115384615384 0.45913461538461536 0.9038461538461539 0.4254807692307692 0.9038461538461539
23 0.46875 0.8197115384615384 0.5024038461538461 0.8197115384615384 0.5024038461538461 0.9038461538461539 0.46875 0.9038461538461539
8 0.6298076923076923 0.8533653846153846 0.6947115384615384 0.8533653846153846 0.6947115384615384 0.9951923076923077 0.6298076923076923 0.9951923076923077
23 0.6298076923076923 0.8173076923076923 0.6947115384615384 0.8173076923076923 0.6947115384615384 0.8533653846153846 0.6298076923076923 0.8533653846153846
23 0.7860576923076923 0.8173076923076923 0.8293269230769231 0.8173076923076923 0.8293269230769231 0.9038461538461539 0.7860576923076923 0.9038461538461539
21 0.4855769230769231 0.24278846153846154 0.5504807692307693 0.24278846153846154 0.5504807692307693 0.2644230769230769 0.4855769230769231 0.2644230769230769
21 0.052884615384615384 0.24519230769230768 0.11538461538461539 0.24519230769230768 0.11538461538461539 0.2644230769230769 0.052884615384615384 0.2644230769230769
21 0.21634615384615385 0.24519230769230768 0.27884615384615385 0.24519230769230768 0.27884615384615385 0.2668269230769231 0.21634615384615385 0.2668269230769231
21 0.37259615384615385 0.24519230769230768 0.4375 0.24519230769230768 0.4375 0.2668269230769231 0.37259615384615385 0.2668269230769231
21 0.6298076923076923 0.24278846153846154 0.6923076923076923 0.24278846153846154 0.6923076923076923 0.2644230769230769 0.6298076923076923 0.2644230769230769
21 0.7764423076923077 0.24278846153846154 0.8365384615384616 0.24278846153846154 0.8365384615384616 0.25961538461538464 0.7764423076923077 0.25961538461538464
4 0.7668269230769231 0.3004807692307692 0.8461538461538461 0.3004807692307692 0.8461538461538461 0.3125 0.7668269230769231 0.3125
4 0.6225961538461539 0.30528846153846156 0.7019230769230769 0.30528846153846156 0.7019230769230769 0.31490384615384615 0.6225961538461539 0.31490384615384615
4 0.37259615384615385 0.30288461538461536 0.5576923076923077 0.30288461538461536 0.5576923076923077 0.31490384615384615 0.37259615384615385 0.31490384615384615
4 0.21153846153846154 0.3076923076923077 0.2860576923076923 0.3076923076923077 0.2860576923076923 0.31971153846153844 0.21153846153846154 0.31971153846153844
4 0.04807692307692308 0.3076923076923077 0.12259615384615384 0.3076923076923077 0.12259615384615384 0.3173076923076923 0.04807692307692308 0.3173076923076923
21 0.21394230769230768 0.44471153846153844 0.28365384615384615 0.44471153846153844 0.28365384615384615 0.4639423076923077 0.21394230769230768 0.4639423076923077
21 0.05048076923076923 0.44471153846153844 0.1201923076923077 0.44471153846153844 0.1201923076923077 0.4639423076923077 0.05048076923076923 0.4639423076923077
23 0.38461538461538464 0.3245192307692308 0.42788461538461536 0.3245192307692308 0.42788461538461536 0.375 0.38461538461538464 0.375
0 0.36778846153846156 0.6947115384615384 0.5552884615384616 0.6947115384615384 0.5552884615384616 0.7596153846153846 0.36778846153846156 0.7596153846153846
8 0.43990384615384615 0.375 0.4855769230769231 0.375 0.4855769230769231 0.4807692307692308 0.43990384615384615 0.4807692307692308
8 0.38461538461538464 0.375 0.42788461538461536 0.375 0.42788461538461536 0.4807692307692308 0.38461538461538464 0.4807692307692308
21 0.7692307692307693 0.43990384615384615 0.84375 0.43990384615384615 0.84375 0.46153846153846156 0.7692307692307693 0.46153846153846156
21 0.6274038461538461 0.43990384615384615 0.6971153846153846 0.43990384615384615 0.6971153846153846 0.46153846153846156 0.6274038461538461 0.46153846153846156
4 0.7668269230769231 0.5504807692307693 0.84375 0.5504807692307693 0.84375 0.5625 0.7668269230769231 0.5625
4 0.6225961538461539 0.5528846153846154 0.7019230769230769 0.5528846153846154 0.7019230769230769 0.5649038461538461 0.6225961538461539 0.5649038461538461
21 0.7716346153846154 0.7091346153846154 0.84375 0.7091346153846154 0.84375 0.7259615384615384 0.7716346153846154 0.7259615384615384
21 0.625 0.7067307692307693 0.6995192307692307 0.7067307692307693 0.6995192307692307 0.7259615384615384 0.625 0.7259615384615384
21 0.052884615384615384 0.7019230769230769 0.12259615384615384 0.7019230769230769 0.12259615384615384 0.7163461538461539 0.052884615384615384 0.7163461538461539
21 0.21634615384615385 0.6995192307692307 0.28365384615384615 0.6995192307692307 0.28365384615384615 0.71875 0.21634615384615385 0.71875
4 0.002403846153846154 0.78125 0.31971153846153844 0.78125 0.31971153846153844 0.8004807692307693 0.002403846153846154 0.8004807692307693
16 0.007211538461538462 0.11298076923076923 0.8653846153846154 0.11298076923076923 0.8653846153846154 0.13221153846153846 0.007211538461538462 0.13221153846153846
23 0.5120192307692307 0.6129807692307693 0.5408653846153846 0.6129807692307693 0.5408653846153846 0.7379807692307693 0.5120192307692307 0.7379807692307693
23 0.3894230769230769 0.6129807692307693 0.41586538461538464 0.6129807692307693 0.41586538461538464 0.7379807692307693 0.3894230769230769 0.7379807692307693
8 0.42788461538461536 0.6129807692307693 0.46153846153846156 0.6129807692307693 0.46153846153846156 0.7379807692307693 0.42788461538461536 0.7379807692307693
8 0.46875 0.6129807692307693 0.5024038461538461 0.6129807692307693 0.5024038461538461 0.7379807692307693 0.46875 0.7379807692307693
23 0.5120192307692307 0.5504807692307693 0.5408653846153846 0.5504807692307693 0.5408653846153846 0.6081730769230769 0.5120192307692307 0.6081730769230769
23 0.4254807692307692 0.5504807692307693 0.45913461538461536 0.5504807692307693 0.45913461538461536 0.6081730769230769 0.4254807692307692 0.6081730769230769
23 0.46875 0.5504807692307693 0.5024038461538461 0.5504807692307693 0.5024038461538461 0.6081730769230769 0.46875 0.6081730769230769
23 0.38461538461538464 0.5480769230769231 0.41586538461538464 0.5480769230769231 0.41586538461538464 0.6105769230769231 0.38461538461538464 0.6105769230769231
4 0.375 0.8028846153846154 0.5528846153846154 0.8028846153846154 0.5528846153846154 0.8125 0.375 0.8125
21 0.375 0.9038461538461539 0.5504807692307693 0.9038461538461539 0.5504807692307693 0.9182692307692307 0.375 0.9182692307692307
0 0.36538461538461536 0.4230769230769231 0.5552884615384616 0.4230769230769231 0.5552884615384616 0.49759615384615385 0.36538461538461536 0.49759615384615385
4 0.05048076923076923 0.5456730769230769 0.125 0.5456730769230769 0.125 0.5576923076923077 0.05048076923076923 0.5576923076923077
4 0.21153846153846154 0.5456730769230769 0.2860576923076923 0.5456730769230769 0.2860576923076923 0.5600961538461539 0.21153846153846154 0.5600961538461539
4 0.6153846153846154 0.7956730769230769 0.7091346153846154 0.7956730769230769 0.7091346153846154 0.8076923076923077 0.6153846153846154 0.8076923076923077
4 0.7716346153846154 0.8004807692307693 0.8413461538461539 0.8004807692307693 0.8413461538461539 0.8125 0.7716346153846154 0.8125
21 0.7740384615384616 0.9038461538461539 0.8413461538461539 0.9038461538461539 0.8413461538461539 0.9206730769230769 0.7740384615384616 0.9206730769230769
22 0.019230769230769232 0.07211538461538461 0.8629807692307693 0.07211538461538461 0.8629807692307693 0.28846153846153844 0.019230769230769232 0.28846153846153844
12 0.019230769230769232 0.27403846153846156 0.8629807692307693 0.27403846153846156 0.8629807692307693 0.28846153846153844 0.019230769230769232 0.28846153846153844
12 0.019230769230769232 0.4807692307692308 0.8629807692307693 0.4807692307692308 0.8629807692307693 0.49759615384615385 0.019230769230769232 0.49759615384615385
5 0.7115384615384616 0.75 0.7716346153846154 0.75 0.7716346153846154 0.8725961538461539 0.7115384615384616 0.8725961538461539
12 0.019230769230769232 0.7475961538461539 0.8629807692307693 0.7475961538461539 0.8629807692307693 0.7644230769230769 0.019230769230769232 0.7644230769230769
15 0.019230769230769232 0.7644230769230769 0.8629807692307693 0.7644230769230769 0.8629807692307693 1 0.019230769230769232 1
11 0.019230769230769232 0.28846153846153844 0.8629807692307693 0.28846153846153844 0.8629807692307693 0.49759615384615385 0.019230769230769232 0.49759615384615385
26 0.03365384615384615 0.9014423076923077 0.125 0.9014423076923077 0.125 1 0.03365384615384615 1
26 0 0.8918269230769231 0.03125 0.8918269230769231 0.03125 1 0 1
26 0.5913461538461539 0.9927884615384616 0.6490384615384616 0.9927884615384616 0.6490384615384616 1 0.5913461538461539 1
26 0.8245192307692307 0.9519230769230769 0.8413461538461539 0.9519230769230769 0.8413461538461539 1 0.8245192307692307 1
2 0 0 0.8701923076923077 0 0.8701923076923077 1 0 1
11 0.019230769230769232 0.49759615384615385 0.8629807692307693 0.49759615384615385 0.8629807692307693 0.7644230769230769 0.019230769230769232 0.7644230769230769
10 0.019230769230769232 0.06971153846153846 0.8653846153846154 0.06971153846153846 0.8653846153846154 1 0.019230769230769232 1
1 0.0625 0.3245192307692308 0.11057692307692307 0.3245192307692308 0.11057692307692307 0.44471153846153844 0.0625 0.44471153846153844
1 0.22596153846153846 0.3245192307692308 0.27403846153846156 0.3245192307692308 0.27403846153846156 0.44471153846153844 0.22596153846153846 0.44471153846153844
1 0.6394230769230769 0.3245192307692308 0.6875 0.3245192307692308 0.6875 0.43990384615384615 0.6394230769230769 0.43990384615384615
1 0.7836538461538461 0.32211538461538464 0.8317307692307693 0.32211538461538464 0.8317307692307693 0.43990384615384615 0.7836538461538461 0.43990384615384615
1 0.7836538461538461 0.5721153846153846 0.8317307692307693 0.5721153846153846 0.8317307692307693 0.7091346153846154 0.7836538461538461 0.7091346153846154
1 0.6394230769230769 0.5721153846153846 0.6875 0.5721153846153846 0.6875 0.7067307692307693 0.6394230769230769 0.7067307692307693
1 0.22596153846153846 0.5649038461538461 0.27403846153846156 0.5649038461538461 0.27403846153846156 0.7019230769230769 0.22596153846153846 0.7019230769230769
1 0.0625 0.5649038461538461 0.11298076923076923 0.5649038461538461 0.11298076923076923 0.7019230769230769 0.0625 0.7019230769230769