23 0.6802884615384616 0.08413461538461539 0.7427884615384616 0.08413461538461539 0.7427884615384616 0.20673076923076922 0.6802884615384616 0.20673076923076922
23 0.6802884615384616 0.3245192307692308 0.7427884615384616 0.3245192307692308 0.7427884615384616 0.4495192307692308 0.6802884615384616 0.4495192307692308
23 0.6802884615384616 0.8052884615384616 0.7427884615384616 0.8052884615384616 0.7427884615384616 0.9278846153846154 0.6802884615384616 0.9278846153846154
23 0.07451923076923077 0.08413461538461539 0.13701923076923078 0.08413461538461539 0.13701923076923078 0.20673076923076922 0.07451923076923077 0.20673076923076922
23 0.07451923076923077 0.3245192307692308 0.13701923076923078 0.3245192307692308 0.13701923076923078 0.4495192307692308 0.07451923076923077 0.4495192307692308
23 0.07451923076923077 0.8052884615384616 0.13701923076923078 0.8052884615384616 0.13701923076923078 0.9278846153846154 0.07451923076923077 0.9278846153846154
23 0.19471153846153846 0.08413461538461539 0.25961538461538464 0.08413461538461539 0.25961538461538464 0.20673076923076922 0.19471153846153846 0.20673076923076922
23 0.19471153846153846 0.3245192307692308 0.25961538461538464 0.3245192307692308 0.25961538461538464 0.4495192307692308 0.19471153846153846 0.4495192307692308
23 0.19471153846153846 0.8052884615384616 0.25961538461538464 0.8052884615384616 0.25961538461538464 0.9278846153846154 0.19471153846153846 0.9278846153846154
23 0.3173076923076923 0.08413461538461539 0.38221153846153844 0.08413461538461539 0.38221153846153844 0.20673076923076922 0.3173076923076923 0.20673076923076922
23 0.3173076923076923 0.3245192307692308 0.38221153846153844 0.3245192307692308 0.38221153846153844 0.4495192307692308 0.3173076923076923 0.4495192307692308
23 0.3173076923076923 0.8052884615384616 0.38221153846153844 0.8052884615384616 0.38221153846153844 0.9278846153846154 0.3173076923076923 0.9278846153846154
23 0.4375 0.08413461538461539 0.5024038461538461 0.08413461538461539 0.5024038461538461 0.20673076923076922 0.4375 0.20673076923076922
23 0.4375 0.3245192307692308 0.5024038461538461 0.3245192307692308 0.5024038461538461 0.4495192307692308 0.4375 0.4495192307692308
23 0.4375 0.8052884615384616 0.5024038461538461 0.8052884615384616 0.5024038461538461 0.9278846153846154 0.4375 0.9278846153846154
23 0.5576923076923077 0.08413461538461539 0.6225961538461539 0.08413461538461539 0.6225961538461539 0.20673076923076922 0.5576923076923077 0.20673076923076922
23 0.5576923076923077 0.3245192307692308 0.6225961538461539 0.3245192307692308 0.6225961538461539 0.4495192307692308 0.5576923076923077 0.4495192307692308
23 0.5576923076923077 0.8052884615384616 0.6225961538461539 0.8052884615384616 0.6225961538461539 0.9278846153846154 0.5576923076923077 0.9278846153846154
12 0 0.9831730769230769 0.8197115384615384 0.9831730769230769 0.8197115384615384 1 0 1
12 0 0.2668269230769231 0.8197115384615384 0.2668269230769231 0.8197115384615384 0.28365384615384615 0 0.28365384615384615
12 0 0.5144230769230769 0.8197115384615384 0.5144230769230769 0.8197115384615384 0.53125 0 0.53125
23 0.6802884615384616 0.5649038461538461 0.7427884615384616 0.5649038461538461 0.7427884615384616 0.6899038461538461 0.6802884615384616 0.6899038461538461
23 0.07451923076923077 0.5649038461538461 0.13701923076923078 0.5649038461538461 0.13701923076923078 0.6899038461538461 0.07451923076923077 0.6899038461538461
23 0.19471153846153846 0.5649038461538461 0.25961538461538464 0.5649038461538461 0.25961538461538464 0.6899038461538461 0.19471153846153846 0.6899038461538461
23 0.3173076923076923 0.5649038461538461 0.38221153846153844 0.5649038461538461 0.38221153846153844 0.6899038461538461 0.3173076923076923 0.6899038461538461
23 0.4375 0.5649038461538461 0.5024038461538461 0.5649038461538461 0.5024038461538461 0.6899038461538461 0.4375 0.6899038461538461
23 0.5576923076923077 0.5649038461538461 0.6225961538461539 0.5649038461538461 0.6225961538461539 0.6899038461538461 0.5576923076923077 0.6899038461538461
12 0 0.7548076923076923 0.8197115384615384 0.7548076923076923 0.8197115384615384 0.7716346153846154 0 0.7716346153846154
11 0 0 0.8197115384615384 0 0.8197115384615384 0.2668269230769231 0 0.2668269230769231
11 0 0.7692307692307693 0.8197115384615384 0.7692307692307693 0.8197115384615384 0.9831730769230769 0 0.9831730769230769
11 0 0.53125 0.8197115384615384 0.53125 0.8197115384615384 0.7524038461538461 0 0.7524038461538461
11 0 0.28365384615384615 0.8197115384615384 0.28365384615384615 0.8197115384615384 0.5144230769230769 0 0.5144230769230769
2 0 0.002403846153846154 0.8197115384615384 0.002403846153846154 0.8197115384615384 1 0 1
10 0 0.002403846153846154 0.8197115384615384 0.002403846153846154 0.8197115384615384 1 0 1