23 0.8918269230769231 0.22596153846153846 0.9230769230769231 0.22596153846153846 0.9230769230769231 0.3076923076923077 0.8918269230769231 0.3076923076923077
23 0.8918269230769231 0.5673076923076923 0.9230769230769231 0.5673076923076923 0.9230769230769231 0.6706730769230769 0.8918269230769231 0.6706730769230769
23 0.1778846153846154 0.3870192307692308 0.21153846153846154 0.3870192307692308 0.21153846153846154 0.47596153846153844 0.1778846153846154 0.47596153846153844
23 0.25 0.22596153846153846 0.28365384615384615 0.22596153846153846 0.28365384615384615 0.30528846153846156 0.25 0.30528846153846156
23 0.10336538461538461 0.22596153846153846 0.1346153846153846 0.22596153846153846 0.1346153846153846 0.30528846153846156 0.10336538461538461 0.30528846153846156
23 0.1778846153846154 0.22596153846153846 0.21153846153846154 0.22596153846153846 0.21153846153846154 0.30528846153846156 0.1778846153846154 0.30528846153846156
23 0.25 0.3870192307692308 0.28365384615384615 0.3870192307692308 0.28365384615384615 0.47596153846153844 0.25 0.47596153846153844
23 0.3245192307692308 0.3870192307692308 0.3557692307692308 0.3870192307692308 0.3557692307692308 0.47596153846153844 0.3245192307692308 0.47596153846153844
23 0.3245192307692308 0.22596153846153846 0.3557692307692308 0.22596153846153846 0.3557692307692308 0.3076923076923077 0.3245192307692308 0.3076923076923077
23 0.4014423076923077 0.22596153846153846 0.43509615384615385 0.22596153846153846 0.43509615384615385 0.3076923076923077 0.4014423076923077 0.3076923076923077
23 0.47115384615384615 0.22596153846153846 0.5048076923076923 0.22596153846153846 0.5048076923076923 0.3076923076923077 0.47115384615384615 0.3076923076923077
23 0.5120192307692307 0.22596153846153846 0.5432692307692307 0.22596153846153846 0.5432692307692307 0.3076923076923077 0.5120192307692307 0.3076923076923077
23 0.5913461538461539 0.22596153846153846 0.6225961538461539 0.22596153846153846 0.6225961538461539 0.3076923076923077 0.5913461538461539 0.3076923076923077
23 0.8918269230769231 0.3894230769230769 0.9230769230769231 0.3894230769230769 0.9230769230769231 0.47836538461538464 0.8918269230769231 0.47836538461538464
23 0.5913461538461539 0.3870192307692308 0.6225961538461539 0.3870192307692308 0.6225961538461539 0.5 0.5913461538461539 0.5
23 0.40384615384615385 0.38461538461538464 0.43509615384615385 0.38461538461538464 0.43509615384615385 0.49759615384615385 0.40384615384615385 0.49759615384615385
23 0.5144230769230769 0.3870192307692308 0.5456730769230769 0.3870192307692308 0.5456730769230769 0.5 0.5144230769230769 0.5
23 0.4735576923076923 0.3870192307692308 0.5048076923076923 0.3870192307692308 0.5048076923076923 0.5 0.4735576923076923 0.5
23 0.6682692307692307 0.22596153846153846 0.6995192307692307 0.22596153846153846 0.6995192307692307 0.3076923076923077 0.6682692307692307 0.3076923076923077
23 0.7427884615384616 0.22596153846153846 0.7740384615384616 0.22596153846153846 0.7740384615384616 0.3076923076923077 0.7427884615384616 0.3076923076923077
23 0.8173076923076923 0.22596153846153846 0.8485576923076923 0.22596153846153846 0.8485576923076923 0.3076923076923077 0.8173076923076923 0.3076923076923077
23 0.6682692307692307 0.3870192307692308 0.6995192307692307 0.3870192307692308 0.6995192307692307 0.47596153846153844 0.6682692307692307 0.47596153846153844
23 0.7427884615384616 0.3894230769230769 0.7740384615384616 0.3894230769230769 0.7740384615384616 0.47836538461538464 0.7427884615384616 0.47836538461538464
23 0.8173076923076923 0.3894230769230769 0.8485576923076923 0.3894230769230769 0.8485576923076923 0.47836538461538464 0.8173076923076923 0.47836538461538464
23 0.10336538461538461 0.3870192307692308 0.1346153846153846 0.3870192307692308 0.1346153846153846 0.47596153846153844 0.10336538461538461 0.47596153846153844
23 0.10336538461538461 0.5721153846153846 0.1346153846153846 0.5721153846153846 0.1346153846153846 0.6730769230769231 0.10336538461538461 0.6730769230769231
23 0.1778846153846154 0.5721153846153846 0.21153846153846154 0.5721153846153846 0.21153846153846154 0.6730769230769231 0.1778846153846154 0.6730769230769231
23 0.25 0.5697115384615384 0.28365384615384615 0.5697115384615384 0.28365384615384615 0.6730769230769231 0.25 0.6730769230769231
23 0.3245192307692308 0.5697115384615384 0.3581730769230769 0.5697115384615384 0.3581730769230769 0.6730769230769231 0.3245192307692308 0.6730769230769231
23 0.4014423076923077 0.5697115384615384 0.43509615384615385 0.5697115384615384 0.43509615384615385 0.6730769230769231 0.4014423076923077 0.6730769230769231
23 0.47115384615384615 0.5697115384615384 0.5048076923076923 0.5697115384615384 0.5048076923076923 0.6730769230769231 0.47115384615384615 0.6730769230769231
23 0.5120192307692307 0.5697115384615384 0.5432692307692307 0.5697115384615384 0.5432692307692307 0.6706730769230769 0.5120192307692307 0.6706730769230769
23 0.5913461538461539 0.5673076923076923 0.625 0.5673076923076923 0.625 0.6706730769230769 0.5913461538461539 0.6706730769230769
1 0.6682692307692307 0.5673076923076923 0.7019230769230769 0.5673076923076923 0.7019230769230769 0.6706730769230769 0.6682692307692307 0.6706730769230769
23 0.7427884615384616 0.5673076923076923 0.7740384615384616 0.5673076923076923 0.7740384615384616 0.6706730769230769 0.7427884615384616 0.6706730769230769
1 0.8173076923076923 0.5673076923076923 0.8485576923076923 0.5673076923076923 0.8485576923076923 0.6706730769230769 0.8173076923076923 0.6706730769230769
23 0.8870192307692307 0.7572115384615384 0.9230769230769231 0.7572115384615384 0.9230769230769231 0.8485576923076923 0.8870192307692307 0.8485576923076923
23 0.59375 0.7548076923076923 0.625 0.7548076923076923 0.625 0.84375 0.59375 0.84375
23 0.8173076923076923 0.7572115384615384 0.8485576923076923 0.7572115384615384 0.8485576923076923 0.8461538461538461 0.8173076923076923 0.8461538461538461
23 0.7427884615384616 0.7548076923076923 0.7740384615384616 0.7548076923076923 0.7740384615384616 0.84375 0.7427884615384616 0.84375
23 0.6706730769230769 0.7548076923076923 0.7019230769230769 0.7548076923076923 0.7019230769230769 0.84375 0.6706730769230769 0.84375
23 0.4879807692307692 0.7403846153846154 0.5288461538461539 0.7403846153846154 0.5288461538461539 0.8918269230769231 0.4879807692307692 0.8918269230769231
23 0.18028846153846154 0.7548076923076923 0.21153846153846154 0.7548076923076923 0.21153846153846154 0.84375 0.18028846153846154 0.84375
23 0.40384615384615385 0.7548076923076923 0.43509615384615385 0.7548076923076923 0.43509615384615385 0.8413461538461539 0.40384615384615385 0.8413461538461539
23 0.3245192307692308 0.7548076923076923 0.3557692307692308 0.7548076923076923 0.3557692307692308 0.84375 0.3245192307692308 0.84375
23 0.25240384615384615 0.7548076923076923 0.28365384615384615 0.7548076923076923 0.28365384615384615 0.8413461538461539 0.25240384615384615 0.8413461538461539
8 0.10096153846153846 0.7596153846153846 0.13942307692307693 0.7596153846153846 0.13942307692307693 0.8990384615384616 0.10096153846153846 0.8990384615384616
23 0.2403846153846154 0.10096153846153846 0.27163461538461536 0.10096153846153846 0.27163461538461536 0.14182692307692307 0.2403846153846154 0.14182692307692307
23 0.31009615384615385 0.10817307692307693 0.3701923076923077 0.10817307692307693 0.3701923076923077 0.1658653846153846 0.31009615384615385 0.1658653846153846
4 0.3918269230769231 0.3557692307692308 0.44471153846153844 0.3557692307692308 0.44471153846153844 0.36778846153846156 0.3918269230769231 0.36778846153846156
4 0.46153846153846156 0.3557692307692308 0.5552884615384616 0.3557692307692308 0.5552884615384616 0.36778846153846156 0.46153846153846156 0.36778846153846156
4 0.5793269230769231 0.3557692307692308 0.6346153846153846 0.3557692307692308 0.6346153846153846 0.3701923076923077 0.5793269230769231 0.3701923076923077
21 0.5841346153846154 0.49759615384615385 0.6322115384615384 0.49759615384615385 0.6322115384615384 0.5216346153846154 0.5841346153846154 0.5216346153846154
21 0.46634615384615385 0.49759615384615385 0.5504807692307693 0.49759615384615385 0.5504807692307693 0.5216346153846154 0.46634615384615385 0.5216346153846154
21 0.3942307692307692 0.49759615384615385 0.43990384615384615 0.49759615384615385 0.43990384615384615 0.5216346153846154 0.3942307692307692 0.5216346153846154
19 0.08173076923076923 0.0625 0.9543269230769231 0.0625 0.9543269230769231 0.16826923076923078 0.08173076923076923 0.16826923076923078
12 0.07211538461538461 0.16826923076923078 0.9543269230769231 0.16826923076923078 0.9543269230769231 0.18028846153846154 0.07211538461538461 0.18028846153846154
12 0.07211538461538461 0.5216346153846154 0.9543269230769231 0.5216346153846154 0.9543269230769231 0.5336538461538461 0.07211538461538461 0.5336538461538461
12 0.07211538461538461 0.3269230769230769 0.9543269230769231 0.3269230769230769 0.9543269230769231 0.3389423076923077 0.07211538461538461 0.3389423076923077
12 0.07211538461538461 0.6947115384615384 0.9543269230769231 0.6947115384615384 0.9543269230769231 0.7067307692307693 0.07211538461538461 0.7067307692307693
15 0.07211538461538461 0.7067307692307693 0.9543269230769231 0.7067307692307693 0.9543269230769231 0.9302884615384616 0.07211538461538461 0.9302884615384616
11 0.07211538461538461 0.5360576923076923 0.9543269230769231 0.5360576923076923 0.9543269230769231 0.7067307692307693 0.07211538461538461 0.7067307692307693
11 0.07211538461538461 0.3389423076923077 0.9543269230769231 0.3389423076923077 0.9543269230769231 0.5336538461538461 0.07211538461538461 0.5336538461538461
11 0.07211538461538461 0.18028846153846154 0.9543269230769231 0.18028846153846154 0.9543269230769231 0.3389423076923077 0.07211538461538461 0.3389423076923077
17 0.038461538461538464 0.7403846153846154 0.055288461538461536 0.7403846153846154 0.055288461538461536 0.9254807692307693 0.038461538461538464 0.9254807692307693
17 0.9543269230769231 0.7355769230769231 0.9735576923076923 0.7355769230769231 0.9735576923076923 0.9254807692307693 0.9543269230769231 0.9254807692307693
2 0.038461538461538464 0.036057692307692304 0.9831730769230769 0.036057692307692304 0.9831730769230769 0.9399038461538461 0.038461538461538464 0.9399038461538461
10 0.06971153846153846 0.16826923076923078 0.9543269230769231 0.16826923076923078 0.9543269230769231 0.9399038461538461 0.06971153846153846 0.9399038461538461
1 0.10336538461538461 0.22596153846153846 0.1346153846153846 0.22596153846153846 0.1346153846153846 0.30528846153846156 0.10336538461538461 0.30528846153846156
1 0.1778846153846154 0.22596153846153846 0.21153846153846154 0.22596153846153846 0.21153846153846154 0.30528846153846156 0.1778846153846154 0.30528846153846156
1 0.25 0.22596153846153846 0.28365384615384615 0.22596153846153846 0.28365384615384615 0.30528846153846156 0.25 0.30528846153846156
1 0.3245192307692308 0.22596153846153846 0.3557692307692308 0.22596153846153846 0.3557692307692308 0.3076923076923077 0.3245192307692308 0.3076923076923077
1 0.4014423076923077 0.22596153846153846 0.43509615384615385 0.22596153846153846 0.43509615384615385 0.3076923076923077 0.4014423076923077 0.3076923076923077
1 0.47115384615384615 0.22596153846153846 0.5048076923076923 0.22596153846153846 0.5048076923076923 0.3076923076923077 0.47115384615384615 0.3076923076923077
1 0.5120192307692307 0.22596153846153846 0.5432692307692307 0.22596153846153846 0.5432692307692307 0.3076923076923077 0.5120192307692307 0.3076923076923077
1 0.5913461538461539 0.22596153846153846 0.6225961538461539 0.22596153846153846 0.6225961538461539 0.3076923076923077 0.5913461538461539 0.3076923076923077
1 0.6682692307692307 0.22596153846153846 0.6995192307692307 0.22596153846153846 0.6995192307692307 0.3076923076923077 0.6682692307692307 0.3076923076923077
1 0.7427884615384616 0.22596153846153846 0.7740384615384616 0.22596153846153846 0.7740384615384616 0.3076923076923077 0.7427884615384616 0.3076923076923077
1 0.8173076923076923 0.22596153846153846 0.8485576923076923 0.22596153846153846 0.8485576923076923 0.3076923076923077 0.8173076923076923 0.3076923076923077
1 0.8918269230769231 0.22596153846153846 0.9230769230769231 0.22596153846153846 0.9230769230769231 0.3076923076923077 0.8918269230769231 0.3076923076923077
1 0.8918269230769231 0.3894230769230769 0.9230769230769231 0.3894230769230769 0.9230769230769231 0.47836538461538464 0.8918269230769231 0.47836538461538464
1 0.8173076923076923 0.3894230769230769 0.8485576923076923 0.3894230769230769 0.8485576923076923 0.47836538461538464 0.8173076923076923 0.47836538461538464
1 0.7427884615384616 0.3894230769230769 0.7740384615384616 0.3894230769230769 0.7740384615384616 0.47836538461538464 0.7427884615384616 0.47836538461538464
1 0.6682692307692307 0.3870192307692308 0.6995192307692307 0.3870192307692308 0.6995192307692307 0.47596153846153844 0.6682692307692307 0.47596153846153844
1 0.5913461538461539 0.3870192307692308 0.6225961538461539 0.3870192307692308 0.6225961538461539 0.5 0.5913461538461539 0.5
1 0.5144230769230769 0.3870192307692308 0.5456730769230769 0.3870192307692308 0.5456730769230769 0.5 0.5144230769230769 0.5
1 0.4735576923076923 0.3870192307692308 0.5048076923076923 0.3870192307692308 0.5048076923076923 0.5 0.4735576923076923 0.5
1 0.40384615384615385 0.38461538461538464 0.43509615384615385 0.38461538461538464 0.43509615384615385 0.49759615384615385 0.40384615384615385 0.49759615384615385
1 0.3245192307692308 0.3870192307692308 0.3557692307692308 0.3870192307692308 0.3557692307692308 0.47596153846153844 0.3245192307692308 0.47596153846153844
1 0.25 0.3870192307692308 0.28365384615384615 0.3870192307692308 0.28365384615384615 0.47596153846153844 0.25 0.47596153846153844
1 0.1778846153846154 0.3870192307692308 0.21153846153846154 0.3870192307692308 0.21153846153846154 0.47596153846153844 0.1778846153846154 0.47596153846153844
1 0.10336538461538461 0.3870192307692308 0.1346153846153846 0.3870192307692308 0.1346153846153846 0.47596153846153844 0.10336538461538461 0.47596153846153844
1 0.10336538461538461 0.5721153846153846 0.1346153846153846 0.5721153846153846 0.1346153846153846 0.6730769230769231 0.10336538461538461 0.6730769230769231
1 0.1778846153846154 0.5721153846153846 0.21153846153846154 0.5721153846153846 0.21153846153846154 0.6730769230769231 0.1778846153846154 0.6730769230769231
1 0.25 0.5697115384615384 0.28365384615384615 0.5697115384615384 0.28365384615384615 0.6730769230769231 0.25 0.6730769230769231
1 0.3245192307692308 0.5697115384615384 0.3581730769230769 0.5697115384615384 0.3581730769230769 0.6730769230769231 0.3245192307692308 0.6730769230769231
1 0.4014423076923077 0.5697115384615384 0.43509615384615385 0.5697115384615384 0.43509615384615385 0.6730769230769231 0.4014423076923077 0.6730769230769231
1 0.47115384615384615 0.5697115384615384 0.5048076923076923 0.5697115384615384 0.5048076923076923 0.6730769230769231 0.47115384615384615 0.6730769230769231
1 0.5120192307692307 0.5697115384615384 0.5432692307692307 0.5697115384615384 0.5432692307692307 0.6706730769230769 0.5120192307692307 0.6706730769230769
1 0.5913461538461539 0.5673076923076923 0.625 0.5673076923076923 0.625 0.6706730769230769 0.5913461538461539 0.6706730769230769
23 0.6682692307692307 0.5673076923076923 0.7019230769230769 0.5673076923076923 0.7019230769230769 0.6706730769230769 0.6682692307692307 0.6706730769230769
1 0.7427884615384616 0.5673076923076923 0.7740384615384616 0.5673076923076923 0.7740384615384616 0.6706730769230769 0.7427884615384616 0.6706730769230769
23 0.8173076923076923 0.5673076923076923 0.8485576923076923 0.5673076923076923 0.8485576923076923 0.6706730769230769 0.8173076923076923 0.6706730769230769
1 0.8918269230769231 0.5673076923076923 0.9230769230769231 0.5673076923076923 0.9230769230769231 0.6706730769230769 0.8918269230769231 0.6706730769230769
1 0.9278846153846154 0.7572115384615384 0.9471153846153846 0.7572115384615384 0.9471153846153846 0.84375 0.9278846153846154 0.84375
1 0.8605769230769231 0.7548076923076923 0.8870192307692307 0.7548076923076923 0.8870192307692307 0.8461538461538461 0.8605769230769231 0.8461538461538461
22 0.23317307692307693 0.07451923076923077 0.27884615384615385 0.07451923076923077 0.27884615384615385 0.18028846153846154 0.23317307692307693 0.18028846153846154
22 0.30288461538461536 0.06971153846153846 0.3798076923076923 0.06971153846153846 0.3798076923076923 0.18028846153846154 0.30288461538461536 0.18028846153846154