23 0.25721153846153844 0.6201923076923077 0.3076923076923077 0.6201923076923077 0.3076923076923077 0.7283653846153846 0.25721153846153844 0.7283653846153846
23 0.47596153846153844 0.6490384615384616 0.5240384615384616 0.6490384615384616 0.5240384615384616 0.7596153846153846 0.47596153846153844 0.7596153846153846
23 0.4855769230769231 0.25961538461538464 0.5336538461538461 0.25961538461538464 0.5336538461538461 0.3605769230769231 0.4855769230769231 0.3605769230769231
23 0.6322115384615384 0.06971153846153846 0.6778846153846154 0.06971153846153846 0.6778846153846154 0.17307692307692307 0.6322115384615384 0.17307692307692307
23 0.7836538461538461 0.25721153846153844 0.8293269230769231 0.25721153846153844 0.8293269230769231 0.3605769230769231 0.7836538461538461 0.3605769230769231
23 0.7908653846153846 0.6490384615384616 0.8389423076923077 0.6490384615384616 0.8389423076923077 0.75 0.7908653846153846 0.75
8 0.5384615384615384 0.6370192307692307 0.7908653846153846 0.6370192307692307 0.7908653846153846 0.9903846153846154 0.5384615384615384 0.9903846153846154
12 0.3701923076923077 0.5600961538461539 0.9447115384615384 0.5600961538461539 0.9447115384615384 0.5793269230769231 0.3701923076923077 0.5793269230769231
23 0.5913461538461539 0.19951923076923078 0.7235576923076923 0.19951923076923078 0.7235576923076923 0.49278846153846156 0.5913461538461539 0.49278846153846156
15 0 0.5793269230769231 0.9447115384615384 0.5793269230769231 0.9447115384615384 0.9927884615384616 0 0.9927884615384616
8 0.040865384615384616 0.625 0.23557692307692307 0.625 0.23557692307692307 0.9927884615384616 0.040865384615384616 0.9927884615384616
22 0.36778846153846156 0.004807692307692308 0.9471153846153846 0.004807692307692308 0.9471153846153846 0.5625 0.36778846153846156 0.5625
2 0 0 0.9759615384615384 0 0.9759615384615384 0.9975961538461539 0 0.9975961538461539
19 0 0.5264423076923077 0.028846153846153848 0.5264423076923077 0.028846153846153848 0.6009615384615384 0 0.6009615384615384
19 0 0.4855769230769231 0.01201923076923077 0.4855769230769231 0.01201923076923077 0.5048076923076923 0 0.5048076923076923
23 0 0.6394230769230769 0.01201923076923077 0.6394230769230769 0.01201923076923077 0.7427884615384616 0 0.7427884615384616
10 0.47836538461538464 0.18269230769230768 0.84375 0.18269230769230768 0.84375 0.9927884615384616 0.47836538461538464 0.9927884615384616