23 0.8413461538461539 0.11538461538461539 0.9206730769230769 0.11538461538461539 0.9206730769230769 0.21634615384615385 0.8413461538461539 0.21634615384615385
23 0.1466346153846154 0.11298076923076923 0.22596153846153846 0.11298076923076923 0.22596153846153846 0.21394230769230768 0.1466346153846154 0.21394230769230768
23 0.3798076923076923 0.11538461538461539 0.45913461538461536 0.11538461538461539 0.45913461538461536 0.21634615384615385 0.3798076923076923 0.21634615384615385
23 0.6081730769230769 0.11538461538461539 0.6875 0.11538461538461539 0.6875 0.21634615384615385 0.6081730769230769 0.21634615384615385
23 0.78125 0.7980769230769231 0.8269230769230769 0.7980769230769231 0.8269230769230769 0.84375 0.78125 0.84375
23 0.17067307692307693 0.7980769230769231 0.21875 0.7980769230769231 0.21875 0.84375 0.17067307692307693 0.84375
23 0.12740384615384615 0.5889423076923077 0.24519230769230768 0.5889423076923077 0.24519230769230768 0.7211538461538461 0.12740384615384615 0.7211538461538461
23 0.8221153846153846 0.5889423076923077 0.9423076923076923 0.5889423076923077 0.9423076923076923 0.7211538461538461 0.8221153846153846 0.7211538461538461
23 0.3581730769230769 0.5889423076923077 0.47596153846153844 0.5889423076923077 0.47596153846153844 0.7211538461538461 0.3581730769230769 0.7211538461538461
23 0.5889423076923077 0.5889423076923077 0.7067307692307693 0.5889423076923077 0.7067307692307693 0.7235576923076923 0.5889423076923077 0.7235576923076923
23 0.125 0.3317307692307692 0.24519230769230768 0.3317307692307692 0.24519230769230768 0.46634615384615385 0.125 0.46634615384615385
23 0.8245192307692307 0.33413461538461536 0.9399038461538461 0.33413461538461536 0.9399038461538461 0.46634615384615385 0.8245192307692307 0.46634615384615385
23 0.3605769230769231 0.3317307692307692 0.47836538461538464 0.3317307692307692 0.47836538461538464 0.46634615384615385 0.3605769230769231 0.46634615384615385
23 0.5889423076923077 0.3317307692307692 0.7067307692307693 0.3317307692307692 0.7067307692307693 0.46634615384615385 0.5889423076923077 0.46634615384615385
23 0 0.6033653846153846 0.014423076923076924 0.6033653846153846 0.014423076923076924 0.7235576923076923 0 0.7235576923076923
23 0 0.34375 0.016826923076923076 0.34375 0.016826923076923076 0.46634615384615385 0 0.46634615384615385
5 0.45913461538461536 0.7596153846153846 0.5456730769230769 0.7596153846153846 0.5456730769230769 0.84375 0.45913461538461536 0.84375
23 0.7355769230769231 0.9254807692307693 0.8629807692307693 0.9254807692307693 0.8629807692307693 1 0.7355769230769231 1
23 0.1346153846153846 0.9254807692307693 0.2668269230769231 0.9254807692307693 0.2668269230769231 1 0.1346153846153846 1
23 0.43509615384615385 0.9254807692307693 0.5649038461538461 0.9254807692307693 0.5649038461538461 1 0.43509615384615385 1
5 0 0.49038461538461536 0.96875 0.49038461538461536 0.96875 0.5504807692307693 0 0.5504807692307693
12 0 0.7764423076923077 1 0.7764423076923077 1 0.7908653846153846 0 0.7908653846153846
12 0 0.27403846153846156 1 0.27403846153846156 1 0.28846153846153844 0 0.28846153846153844
12 0 0.5336538461538461 1 0.5336538461538461 1 0.5480769230769231 0 0.5480769230769231
11 0.002403846153846154 0.7908653846153846 0.9975961538461539 0.7908653846153846 0.9975961538461539 0.9975961538461539 0.002403846153846154 0.9975961538461539
22 0.002403846153846154 0.038461538461538464 0.9975961538461539 0.038461538461538464 0.9975961538461539 0.27403846153846156 0.002403846153846154 0.27403846153846156
11 0.002403846153846154 0.5480769230769231 0.9975961538461539 0.5480769230769231 0.9975961538461539 0.7764423076923077 0.002403846153846154 0.7764423076923077
11 0.002403846153846154 0.28846153846153844 0.9975961538461539 0.28846153846153844 0.9975961538461539 0.5336538461538461 0.002403846153846154 0.5336538461538461
16 0 0.016826923076923076 1 0.016826923076923076 1 0.057692307692307696 0 0.057692307692307696
2 0 0.002403846153846154 1 0.002403846153846154 1 1 0 1
10 0 0.004807692307692308 1 0.004807692307692308 1 1 0 1