23 0.23076923076923078 0.24759615384615385 0.31971153846153844 0.24759615384615385 0.31971153846153844 0.35336538461538464 0.23076923076923078 0.35336538461538464
23 0.10817307692307693 0.41586538461538464 0.20432692307692307 0.41586538461538464 0.20432692307692307 0.5408653846153846 0.10817307692307693 0.5408653846153846
23 0.2283653846153846 0.41586538461538464 0.3245192307692308 0.41586538461538464 0.3245192307692308 0.5408653846153846 0.2283653846153846 0.5408653846153846
23 0.3485576923076923 0.41586538461538464 0.4423076923076923 0.41586538461538464 0.4423076923076923 0.5408653846153846 0.3485576923076923 0.5408653846153846
23 0.11778846153846154 0.6105769230769231 0.19951923076923078 0.6105769230769231 0.19951923076923078 0.7403846153846154 0.11778846153846154 0.7403846153846154
23 0.23557692307692307 0.6081730769230769 0.3173076923076923 0.6081730769230769 0.3173076923076923 0.7379807692307693 0.23557692307692307 0.7379807692307693
23 0.35336538461538464 0.6081730769230769 0.43509615384615385 0.6081730769230769 0.43509615384615385 0.7379807692307693 0.35336538461538464 0.7379807692307693
23 0.47596153846153844 0.5576923076923077 0.5793269230769231 0.5576923076923077 0.5793269230769231 0.6778846153846154 0.47596153846153844 0.6778846153846154
23 0.6057692307692307 0.5552884615384616 0.7139423076923077 0.5552884615384616 0.7139423076923077 0.6802884615384616 0.6057692307692307 0.6802884615384616
23 0.7403846153846154 0.5576923076923077 0.84375 0.5576923076923077 0.84375 0.6802884615384616 0.7403846153846154 0.6802884615384616
23 0.47836538461538464 0.34615384615384615 0.5817307692307693 0.34615384615384615 0.5817307692307693 0.46875 0.47836538461538464 0.46875
23 0.6081730769230769 0.3485576923076923 0.7115384615384616 0.3485576923076923 0.7115384615384616 0.47115384615384615 0.6081730769230769 0.47115384615384615
23 0.7403846153846154 0.3485576923076923 0.84375 0.3485576923076923 0.84375 0.47115384615384615 0.7403846153846154 0.47115384615384615
8 0.32211538461538464 0.84375 0.40625 0.84375 0.40625 0.9879807692307693 0.32211538461538464 0.9879807692307693
23 0.32211538461538464 0.8076923076923077 0.40625 0.8076923076923077 0.40625 0.84375 0.32211538461538464 0.84375
14 0.10576923076923077 0.8076923076923077 0.3173076923076923 0.8076923076923077 0.3173076923076923 0.9495192307692307 0.10576923076923077 0.9495192307692307
20 0.7427884615384616 0.8557692307692307 0.8461538461538461 0.8557692307692307 0.8461538461538461 1 0.7427884615384616 1
20 0.47596153846153844 0.8557692307692307 0.5793269230769231 0.8557692307692307 0.5793269230769231 1 0.47596153846153844 1
20 0.6081730769230769 0.8557692307692307 0.7115384615384616 0.8557692307692307 0.7115384615384616 1 0.6081730769230769 1
20 0.46875 0.8028846153846154 0.5913461538461539 0.8028846153846154 0.5913461538461539 0.8557692307692307 0.46875 0.8557692307692307
20 0.7331730769230769 0.8028846153846154 0.8557692307692307 0.8028846153846154 0.8557692307692307 0.8557692307692307 0.7331730769230769 0.8557692307692307
5 0.7524038461538461 0.6947115384615384 0.8293269230769231 0.6947115384615384 0.8293269230769231 0.7259615384615384 0.7524038461538461 0.7259615384615384
4 0.22355769230769232 0.21875 0.3245192307692308 0.21875 0.3245192307692308 0.23317307692307693 0.22355769230769232 0.23317307692307693
17 0.6995192307692307 0.5336538461538461 0.7548076923076923 0.5336538461538461 0.7548076923076923 0.6802884615384616 0.6995192307692307 0.6802884615384616
17 0.8317307692307693 0.5360576923076923 0.8870192307692307 0.5360576923076923 0.8870192307692307 0.6802884615384616 0.8317307692307693 0.6802884615384616
17 0.5673076923076923 0.5336538461538461 0.6225961538461539 0.5336538461538461 0.6225961538461539 0.6778846153846154 0.5673076923076923 0.6778846153846154
17 0.8365384615384616 0.3269230769230769 0.8822115384615384 0.3269230769230769 0.8822115384615384 0.47115384615384615 0.8365384615384616 0.47115384615384615
17 0.5721153846153846 0.3245192307692308 0.6177884615384616 0.3245192307692308 0.6177884615384616 0.46875 0.5721153846153846 0.46875
17 0.7043269230769231 0.3245192307692308 0.7524038461538461 0.3245192307692308 0.7524038461538461 0.47115384615384615 0.7043269230769231 0.47115384615384615
17 0.4639423076923077 0.3245192307692308 0.4879807692307692 0.3245192307692308 0.4879807692307692 0.46875 0.4639423076923077 0.46875
17 0.4639423076923077 0.5384615384615384 0.4855769230769231 0.5384615384615384 0.4855769230769231 0.6778846153846154 0.4639423076923077 0.6778846153846154
19 0.10817307692307693 0.04807692307692308 0.8701923076923077 0.04807692307692308 0.8701923076923077 0.3076923076923077 0.10817307692307693 0.3076923076923077
15 0.09615384615384616 0.7764423076923077 0.4567307692307692 0.7764423076923077 0.4567307692307692 1 0.09615384615384616 1
15 0.46153846153846156 0.7403846153846154 0.8798076923076923 0.7403846153846154 0.8798076923076923 0.9975961538461539 0.46153846153846156 0.9975961538461539
12 0.09615384615384616 0.5528846153846154 0.4567307692307692 0.5528846153846154 0.4567307692307692 0.5649038461538461 0.09615384615384616 0.5649038461538461
12 0.09615384615384616 0.37740384615384615 0.4567307692307692 0.37740384615384615 0.4567307692307692 0.3894230769230769 0.09615384615384616 0.3894230769230769
22 0.19230769230769232 0.23317307692307693 0.3557692307692308 0.23317307692307693 0.3557692307692308 0.37740384615384615 0.19230769230769232 0.37740384615384615
11 0.09615384615384616 0.5649038461538461 0.4567307692307692 0.5649038461538461 0.4567307692307692 0.7764423076923077 0.09615384615384616 0.7764423076923077
11 0.09615384615384616 0.3894230769230769 0.4567307692307692 0.3894230769230769 0.4567307692307692 0.5649038461538461 0.09615384615384616 0.5649038461538461
12 0.09615384615384616 0.7620192307692307 0.4567307692307692 0.7620192307692307 0.4567307692307692 0.7764423076923077 0.09615384615384616 0.7764423076923077
12 0.46153846153846156 0.7259615384615384 0.8798076923076923 0.7259615384615384 0.8798076923076923 0.7403846153846154 0.46153846153846156 0.7403846153846154
5 0.7548076923076923 0.4855769230769231 0.8341346153846154 0.4855769230769231 0.8341346153846154 0.5192307692307693 0.7548076923076923 0.5192307692307693
5 0.4879807692307692 0.4831730769230769 0.5697115384615384 0.4831730769230769 0.5697115384615384 0.5168269230769231 0.4879807692307692 0.5168269230769231
12 0.46153846153846156 0.5216346153846154 0.8798076923076923 0.5216346153846154 0.8798076923076923 0.5360576923076923 0.46153846153846156 0.5360576923076923
22 0.46153846153846156 0.30288461538461536 0.8798076923076923 0.30288461538461536 0.8798076923076923 0.5360576923076923 0.46153846153846156 0.5360576923076923
11 0.46153846153846156 0.5336538461538461 0.8798076923076923 0.5336538461538461 0.8798076923076923 0.7403846153846154 0.46153846153846156 0.7403846153846154
26 0 0.9254807692307693 0.3629807692307692 0.9254807692307693 0.3629807692307692 1 0 1
26 0.10576923076923077 0.19230769230769232 0.15384615384615385 0.19230769230769232 0.15384615384615385 0.28125 0.10576923076923077 0.28125
2 0.07451923076923077 0.004807692307692308 0.90625 0.004807692307692308 0.90625 1 0.07451923076923077 1
10 0.09615384615384616 0.2956730769230769 0.8798076923076923 0.2956730769230769 0.8798076923076923 1 0.09615384615384616 1
20 0.7572115384615384 0.7620192307692307 0.8245192307692307 0.7620192307692307 0.8245192307692307 0.7788461538461539 0.7572115384615384 0.7788461538461539
4 0.3389423076923077 0.5841346153846154 0.4495192307692308 0.5841346153846154 0.4495192307692308 0.6081730769230769 0.3389423076923077 0.6081730769230769
4 0.0985576923076923 0.5865384615384616 0.2091346153846154 0.5865384615384616 0.2091346153846154 0.6105769230769231 0.0985576923076923 0.6105769230769231
4 0.21634615384615385 0.5841346153846154 0.3269230769230769 0.5841346153846154 0.3269230769230769 0.6081730769230769 0.21634615384615385 0.6081730769230769