23 0.7043269230769231 0.10576923076923077 0.8798076923076923 0.10576923076923077 0.8798076923076923 0.3605769230769231 0.7043269230769231 0.3605769230769231
23 0.0889423076923077 0.9519230769230769 0.2620192307692308 0.9519230769230769 0.2620192307692308 1 0.0889423076923077 1
23 0.34375 0.9519230769230769 0.5192307692307693 0.9519230769230769 0.5192307692307693 1 0.34375 1
23 0.09134615384615384 0.10576923076923077 0.2644230769230769 0.10576923076923077 0.2644230769230769 0.3605769230769231 0.09134615384615384 0.3605769230769231
23 0.34615384615384615 0.10576923076923077 0.5216346153846154 0.10576923076923077 0.5216346153846154 0.3605769230769231 0.34615384615384615 0.3605769230769231
23 0.0889423076923077 0.53125 0.2620192307692308 0.53125 0.2620192307692308 0.8221153846153846 0.0889423076923077 0.8221153846153846
23 0.34375 0.53125 0.5192307692307693 0.53125 0.5192307692307693 0.8221153846153846 0.34375 0.8221153846153846
23 0.6754807692307693 0.53125 0.9230769230769231 0.53125 0.9230769230769231 0.6009615384615384 0.6754807692307693 0.6009615384615384
23 0.6850961538461539 0.6466346153846154 0.7427884615384616 0.6466346153846154 0.7427884615384616 0.875 0.6850961538461539 0.875
8 0.7451923076923077 0.6490384615384616 0.9158653846153846 0.6490384615384616 0.9158653846153846 0.8870192307692307 0.7451923076923077 0.8870192307692307
16 0.002403846153846154 0.4735576923076923 0.9975961538461539 0.4735576923076923 0.9975961538461539 0.5144230769230769 0.002403846153846154 0.5144230769230769
16 0.002403846153846154 0.4254807692307692 0.9975961538461539 0.4254807692307692 0.9975961538461539 0.4543269230769231 0.002403846153846154 0.4543269230769231
16 0.002403846153846154 0.04326923076923077 0.9975961538461539 0.04326923076923077 0.9975961538461539 0.0625 0.002403846153846154 0.0625
17 0 0 0.08173076923076923 0 0.08173076923076923 0.3629807692307692 0 0.3629807692307692
17 0.27163461538461536 0 0.34134615384615385 0 0.34134615384615385 0.3629807692307692 0.27163461538461536 0.3629807692307692
17 0.5264423076923077 0 0.7019230769230769 0 0.7019230769230769 0.3629807692307692 0.5264423076923077 0.3629807692307692
17 0.8822115384615384 0 1 0 1 0.3629807692307692 0.8822115384615384 0.3629807692307692
17 0 0.53125 0.0889423076923077 0.53125 0.0889423076923077 0.8221153846153846 0 0.8221153846153846
17 0.2620192307692308 0.53125 0.34134615384615385 0.53125 0.34134615384615385 0.8221153846153846 0.2620192307692308 0.8221153846153846
17 0.5168269230769231 0.53125 0.6730769230769231 0.53125 0.6730769230769231 0.8221153846153846 0.5168269230769231 0.8221153846153846
17 0.9254807692307693 0.53125 1 0.53125 1 0.8245192307692307 0.9254807692307693 0.8245192307692307
12 0.002403846153846154 0.04326923076923077 0.9975961538461539 0.04326923076923077 0.9975961538461539 0.08653846153846154 0.002403846153846154 0.08653846153846154
12 0.002403846153846154 0.4735576923076923 0.9975961538461539 0.4735576923076923 0.9975961538461539 0.5168269230769231 0.002403846153846154 0.5168269230769231
11 0.002403846153846154 0.002403846153846154 0.9975961538461539 0.002403846153846154 0.9975961538461539 0.04326923076923077 0.002403846153846154 0.04326923076923077
11 0.002403846153846154 0.5144230769230769 0.9975961538461539 0.5144230769230769 0.9975961538461539 1 0.002403846153846154 1
11 0.002403846153846154 0.08413461538461539 0.9975961538461539 0.08413461538461539 0.9975961538461539 0.47115384615384615 0.002403846153846154 0.47115384615384615