23 0.6875 0.7451923076923077 0.7572115384615384 0.7451923076923077 0.7572115384615384 0.9543269230769231 0.6875 0.9543269230769231
23 0.6875 0.04326923076923077 0.7572115384615384 0.04326923076923077 0.7572115384615384 0.25 0.6875 0.25
23 0.6875 0.39663461538461536 0.7572115384615384 0.39663461538461536 0.7572115384615384 0.6057692307692307 0.6875 0.6057692307692307
23 0.16826923076923078 0.7427884615384616 0.23798076923076922 0.7427884615384616 0.23798076923076922 0.9519230769230769 0.16826923076923078 0.9519230769230769
23 0.16826923076923078 0.04326923076923077 0.23798076923076922 0.04326923076923077 0.23798076923076922 0.25 0.16826923076923078 0.25
23 0.16826923076923078 0.3942307692307692 0.23798076923076922 0.3942307692307692 0.23798076923076922 0.6033653846153846 0.16826923076923078 0.6033653846153846
23 0.42788461538461536 0.7427884615384616 0.49759615384615385 0.7427884615384616 0.49759615384615385 0.9519230769230769 0.42788461538461536 0.9519230769230769
23 0.42788461538461536 0.04326923076923077 0.49759615384615385 0.04326923076923077 0.49759615384615385 0.25 0.42788461538461536 0.25
23 0.42788461538461536 0.3942307692307692 0.49759615384615385 0.3942307692307692 0.49759615384615385 0.6033653846153846 0.42788461538461536 0.6033653846153846
23 0.8413461538461539 0.11057692307692307 0.8822115384615384 0.11057692307692307 0.8822115384615384 0.21634615384615385 0.8413461538461539 0.21634615384615385
23 0.8461538461538461 0.7884615384615384 0.8846153846153846 0.7884615384615384 0.8846153846153846 0.8966346153846154 0.8461538461538461 0.8966346153846154
23 0.8413461538461539 0.46634615384615385 0.8798076923076923 0.46634615384615385 0.8798076923076923 0.5721153846153846 0.8413461538461539 0.5721153846153846
12 0.002403846153846154 0.6923076923076923 0.9975961538461539 0.6923076923076923 0.9975961538461539 0.7139423076923077 0.002403846153846154 0.7139423076923077
12 0.002403846153846154 0.34615384615384615 0.9975961538461539 0.34615384615384615 0.9975961538461539 0.36778846153846156 0.002403846153846154 0.36778846153846156
11 0.002403846153846154 0.002403846153846154 0.9975961538461539 0.002403846153846154 0.9975961538461539 0.34615384615384615 0.002403846153846154 0.34615384615384615
11 0.002403846153846154 0.7139423076923077 0.9975961538461539 0.7139423076923077 0.9975961538461539 1 0.002403846153846154 1
11 0.002403846153846154 0.36538461538461536 0.9975961538461539 0.36538461538461536 0.9975961538461539 0.6923076923076923 0.002403846153846154 0.6923076923076923
2 0 0.002403846153846154 1 0.002403846153846154 1 0.9975961538461539 0 0.9975961538461539
10 0 0.002403846153846154 1 0.002403846153846154 1 0.9975961538461539 0 0.9975961538461539