23 0.9182692307692307 0.7475961538461539 0.9759615384615384 0.7475961538461539 0.9759615384615384 0.9615384615384616 0.9182692307692307 0.9615384615384616
23 0.038461538461538464 0.7475961538461539 0.09375 0.7475961538461539 0.09375 0.8076923076923077 0.038461538461538464 0.8076923076923077
23 0.18269230769230768 0.7475961538461539 0.2403846153846154 0.7475961538461539 0.2403846153846154 0.9615384615384616 0.18269230769230768 0.9615384615384616
23 0.3317307692307692 0.7475961538461539 0.3870192307692308 0.7475961538461539 0.3870192307692308 0.9615384615384616 0.3317307692307692 0.9615384615384616
23 0.47836538461538464 0.7475961538461539 0.5336538461538461 0.7475961538461539 0.5336538461538461 0.9615384615384616 0.47836538461538464 0.9615384615384616
23 0.6274038461538461 0.7451923076923077 0.6826923076923077 0.7451923076923077 0.6826923076923077 0.9615384615384616 0.6274038461538461 0.9615384615384616
23 0.7740384615384616 0.7475961538461539 0.8293269230769231 0.7475961538461539 0.8293269230769231 0.9639423076923077 0.7740384615384616 0.9639423076923077
23 0.9182692307692307 0.24759615384615385 0.9759615384615384 0.24759615384615385 0.9759615384615384 0.31009615384615385 0.9182692307692307 0.31009615384615385
23 0.038461538461538464 0.24519230769230768 0.09375 0.24519230769230768 0.09375 0.3076923076923077 0.038461538461538464 0.3076923076923077
23 0.18509615384615385 0.24519230769230768 0.2403846153846154 0.24519230769230768 0.2403846153846154 0.3076923076923077 0.18509615384615385 0.3076923076923077
23 0.33413461538461536 0.24519230769230768 0.3894230769230769 0.24519230769230768 0.3894230769230769 0.3076923076923077 0.33413461538461536 0.3076923076923077
23 0.4807692307692308 0.24519230769230768 0.5360576923076923 0.24519230769230768 0.5360576923076923 0.3076923076923077 0.4807692307692308 0.3076923076923077
23 0.6274038461538461 0.24759615384615385 0.6826923076923077 0.24759615384615385 0.6826923076923077 0.31009615384615385 0.6274038461538461 0.31009615384615385
23 0.7740384615384616 0.24519230769230768 0.8293269230769231 0.24519230769230768 0.8293269230769231 0.3076923076923077 0.7740384615384616 0.3076923076923077
23 0.9206730769230769 0.44471153846153844 0.9759615384615384 0.44471153846153844 0.9759615384615384 0.6490384615384616 0.9206730769230769 0.6490384615384616
23 0.036057692307692304 0.44471153846153844 0.09375 0.44471153846153844 0.09375 0.6514423076923077 0.036057692307692304 0.6514423076923077
23 0.18509615384615385 0.44471153846153844 0.2403846153846154 0.44471153846153844 0.2403846153846154 0.6514423076923077 0.18509615384615385 0.6514423076923077
23 0.3317307692307692 0.44471153846153844 0.3870192307692308 0.44471153846153844 0.3870192307692308 0.6490384615384616 0.3317307692307692 0.6490384615384616
23 0.4807692307692308 0.44471153846153844 0.5336538461538461 0.44471153846153844 0.5336538461538461 0.6514423076923077 0.4807692307692308 0.6514423076923077
23 0.6274038461538461 0.44471153846153844 0.6802884615384616 0.44471153846153844 0.6802884615384616 0.6514423076923077 0.6274038461538461 0.6514423076923077
23 0.7740384615384616 0.44471153846153844 0.8293269230769231 0.44471153846153844 0.8293269230769231 0.6514423076923077 0.7740384615384616 0.6514423076923077
4 0.9014423076923077 0.36538461538461536 0.9951923076923077 0.36538461538461536 0.9951923076923077 0.41346153846153844 0.9014423076923077 0.41346153846153844
4 0.7548076923076923 0.36778846153846156 0.8461538461538461 0.36778846153846156 0.8461538461538461 0.41346153846153844 0.7548076923076923 0.41346153846153844
4 0.016826923076923076 0.36538461538461536 0.10817307692307693 0.36538461538461536 0.10817307692307693 0.41346153846153844 0.016826923076923076 0.41346153846153844
4 0.1658653846153846 0.36778846153846156 0.25721153846153844 0.36778846153846156 0.25721153846153844 0.41346153846153844 0.1658653846153846 0.41346153846153844
4 0.3125 0.36538461538461536 0.40384615384615385 0.36538461538461536 0.40384615384615385 0.41346153846153844 0.3125 0.41346153846153844
4 0.46153846153846156 0.36778846153846156 0.5504807692307693 0.36778846153846156 0.5504807692307693 0.41346153846153844 0.46153846153846156 0.41346153846153844
4 0.6105769230769231 0.36778846153846156 0.6995192307692307 0.36778846153846156 0.6995192307692307 0.41346153846153844 0.6105769230769231 0.41346153846153844
4 0.9375 0.7139423076923077 0.9567307692307693 0.7139423076923077 0.9567307692307693 0.7475961538461539 0.9375 0.7475961538461539
4 0.052884615384615384 0.7139423076923077 0.07211538461538461 0.7139423076923077 0.07211538461538461 0.7475961538461539 0.052884615384615384 0.7475961538461539
4 0.20192307692307693 0.7139423076923077 0.21875 0.7139423076923077 0.21875 0.7475961538461539 0.20192307692307693 0.7475961538461539
4 0.35096153846153844 0.7139423076923077 0.36778846153846156 0.7139423076923077 0.36778846153846156 0.7475961538461539 0.35096153846153844 0.7475961538461539
4 0.49759615384615385 0.7139423076923077 0.5144230769230769 0.7139423076923077 0.5144230769230769 0.7475961538461539 0.49759615384615385 0.7475961538461539
4 0.6442307692307693 0.7115384615384616 0.6634615384615384 0.7115384615384616 0.6634615384615384 0.7475961538461539 0.6442307692307693 0.7475961538461539
4 0.7908653846153846 0.7139423076923077 0.8100961538461539 0.7139423076923077 0.8100961538461539 0.7475961538461539 0.7908653846153846 0.7475961538461539
0 0 0.019230769230769232 1 0.019230769230769232 1 0.1201923076923077 0 0.1201923076923077
16 0 0.6514423076923077 1 0.6514423076923077 1 0.6802884615384616 0 0.6802884615384616
16 0 0.19471153846153846 1 0.19471153846153846 1 0.22596153846153846 0 0.22596153846153846
16 0 0.1201923076923077 1 0.1201923076923077 1 0.1658653846153846 0 0.1658653846153846
22 0 0.15144230769230768 1 0.15144230769230768 1 0.39663461538461536 0 0.39663461538461536
12 0 0.6514423076923077 1 0.6514423076923077 1 0.6802884615384616 0 0.6802884615384616
12 0 0.1201923076923077 1 0.1201923076923077 1 0.15144230769230768 0 0.15144230769230768
15 0 0.6802884615384616 1 0.6802884615384616 1 0.9879807692307693 0 0.9879807692307693
11 0 0.4254807692307692 1 0.4254807692307692 1 0.6514423076923077 0 0.6514423076923077
12 0 0.39663461538461536 1 0.39663461538461536 1 0.4254807692307692 0 0.4254807692307692
2 0 0.019230769230769232 1 0.019230769230769232 1 0.9879807692307693 0 0.9879807692307693
10 0.002403846153846154 0.019230769230769232 1 0.019230769230769232 1 0.9855769230769231 0.002403846153846154 0.9855769230769231