23 0.8173076923076923 0.47596153846153844 0.9038461538461539 0.47596153846153844 0.9038461538461539 0.8990384615384616 0.8173076923076923 0.8990384615384616
23 0.6634615384615384 0.10336538461538461 0.7524038461538461 0.10336538461538461 0.7524038461538461 0.46634615384615385 0.6634615384615384 0.46634615384615385
23 0.0889423076923077 0.10336538461538461 0.17307692307692307 0.10336538461538461 0.17307692307692307 0.38461538461538464 0.0889423076923077 0.38461538461538464
23 0.23076923076923078 0.10336538461538461 0.3125 0.10336538461538461 0.3125 0.38461538461538464 0.23076923076923078 0.38461538461538464
23 0.3701923076923077 0.10336538461538461 0.4543269230769231 0.10336538461538461 0.4543269230769231 0.38461538461538464 0.3701923076923077 0.38461538461538464
23 0.8173076923076923 0.10336538461538461 0.9038461538461539 0.10336538461538461 0.9038461538461539 0.38461538461538464 0.8173076923076923 0.38461538461538464
23 0.5144230769230769 0.10336538461538461 0.5985576923076923 0.10336538461538461 0.5985576923076923 0.38461538461538464 0.5144230769230769 0.38461538461538464
23 0.08653846153846154 0.47596153846153844 0.17067307692307693 0.47596153846153844 0.17067307692307693 0.8173076923076923 0.08653846153846154 0.8173076923076923
23 0.5144230769230769 0.47596153846153844 0.6009615384615384 0.47596153846153844 0.6009615384615384 0.8173076923076923 0.5144230769230769 0.8173076923076923
23 0.6634615384615384 0.47596153846153844 0.75 0.47596153846153844 0.75 0.8149038461538461 0.6634615384615384 0.8149038461538461
23 0.3701923076923077 0.4735576923076923 0.4543269230769231 0.4735576923076923 0.4543269230769231 0.8173076923076923 0.3701923076923077 0.8173076923076923
23 0.23076923076923078 0.4735576923076923 0.3125 0.4735576923076923 0.3125 0.8173076923076923 0.23076923076923078 0.8173076923076923
5 0.6634615384615384 0.8245192307692307 0.7524038461538461 0.8245192307692307 0.7524038461538461 0.9014423076923077 0.6634615384615384 0.9014423076923077
5 0.2283653846153846 0.8269230769230769 0.3125 0.8269230769230769 0.3125 0.90625 0.2283653846153846 0.90625
17 0.014423076923076924 0.09615384615384616 0.09375 0.09615384615384616 0.09375 0.9038461538461539 0.014423076923076924 0.9038461538461539
17 0.9014423076923077 0.0985576923076923 0.9783653846153846 0.0985576923076923 0.9783653846153846 0.9014423076923077 0.9014423076923077 0.9014423076923077
17 0.30288461538461536 0.0985576923076923 0.3798076923076923 0.0985576923076923 0.3798076923076923 0.9014423076923077 0.30288461538461536 0.9014423076923077
17 0.44471153846153844 0.10096153846153846 0.5192307692307693 0.10096153846153846 0.5192307692307693 0.9014423076923077 0.44471153846153844 0.9014423076923077
17 0.16105769230769232 0.0985576923076923 0.23798076923076922 0.0985576923076923 0.23798076923076922 0.9038461538461539 0.16105769230769232 0.9038461538461539
17 0.59375 0.10096153846153846 0.6682692307692307 0.10096153846153846 0.6682692307692307 0.8990384615384616 0.59375 0.8990384615384616
17 0.7451923076923077 0.0985576923076923 0.8245192307692307 0.0985576923076923 0.8245192307692307 0.8990384615384616 0.7451923076923077 0.8990384615384616
17 0.2980769230769231 0.9014423076923077 0.38221153846153844 0.9014423076923077 0.38221153846153844 1 0.2980769230769231 1
17 0.5841346153846154 0.8990384615384616 0.6778846153846154 0.8990384615384616 0.6778846153846154 1 0.5841346153846154 1
17 0.8918269230769231 0.8990384615384616 0.9879807692307693 0.8990384615384616 0.9879807692307693 1 0.8918269230769231 1
17 0.15625 0.9038461538461539 0.24278846153846154 0.9038461538461539 0.24278846153846154 1 0.15625 1
17 0.7379807692307693 0.8990384615384616 0.8317307692307693 0.8990384615384616 0.8317307692307693 1 0.7379807692307693 1
17 0.4375 0.9014423076923077 0.5264423076923077 0.9014423076923077 0.5264423076923077 1 0.4375 1
17 0.002403846153846154 0.9038461538461539 0.0985576923076923 0.9038461538461539 0.0985576923076923 1 0.002403846153846154 1
5 0.8197115384615384 0.38461538461538464 0.9014423076923077 0.38461538461538464 0.9014423076923077 0.4639423076923077 0.8197115384615384 0.4639423076923077
5 0.09134615384615384 0.3870192307692308 0.17067307692307693 0.3870192307692308 0.17067307692307693 0.46634615384615385 0.09134615384615384 0.46634615384615385
5 0.37259615384615385 0.3870192307692308 0.4519230769230769 0.3870192307692308 0.4519230769230769 0.46634615384615385 0.37259615384615385 0.46634615384615385
5 0.5192307692307693 0.3870192307692308 0.5961538461538461 0.3870192307692308 0.5961538461538461 0.46634615384615385 0.5192307692307693 0.46634615384615385
5 0.03125 0.7884615384615384 0.07211538461538461 0.7884615384615384 0.07211538461538461 0.9038461538461539 0.03125 0.9038461538461539
5 0.1778846153846154 0.7860576923076923 0.21875 0.7860576923076923 0.21875 0.9038461538461539 0.1778846153846154 0.9038461538461539
5 0.32211538461538464 0.7860576923076923 0.3605769230769231 0.7860576923076923 0.3605769230769231 0.9038461538461539 0.32211538461538464 0.9038461538461539
5 0.4639423076923077 0.7884615384615384 0.5024038461538461 0.7884615384615384 0.5024038461538461 0.9014423076923077 0.4639423076923077 0.9014423076923077
5 0.6129807692307693 0.7860576923076923 0.6538461538461539 0.7860576923076923 0.6538461538461539 0.8990384615384616 0.6129807692307693 0.8990384615384616
5 0.7620192307692307 0.78125 0.8076923076923077 0.78125 0.8076923076923077 0.8990384615384616 0.7620192307692307 0.8990384615384616
5 0.9182692307692307 0.7764423076923077 0.9615384615384616 0.7764423076923077 0.9615384615384616 0.9014423076923077 0.9182692307692307 0.9014423076923077
16 0.02403846153846154 0.038461538461538464 0.9735576923076923 0.038461538461538464 0.9735576923076923 0.08173076923076923 0.02403846153846154 0.08173076923076923
22 0 0.0673076923076923 1 0.0673076923076923 1 0.4831730769230769 0 0.4831730769230769
15 0 0.9230769230769231 1 0.9230769230769231 1 1 0 1
12 0 0.90625 1 0.90625 1 0.9254807692307693 0 0.9254807692307693
12 0 0.4639423076923077 1 0.4639423076923077 1 0.4831730769230769 0 0.4831730769230769
11 0 0.4831730769230769 1 0.4831730769230769 1 0.9254807692307693 0 0.9254807692307693
2 0.002403846153846154 0.002403846153846154 1 0.002403846153846154 1 1 0.002403846153846154 1
10 0.002403846153846154 0.04326923076923077 1 0.04326923076923077 1 0.9975961538461539 0.002403846153846154 0.9975961538461539