23 0.8557692307692307 0.08173076923076923 0.9158653846153846 0.08173076923076923 0.9158653846153846 0.22355769230769232 0.8557692307692307 0.22355769230769232
23 0.06971153846153846 0.08653846153846154 0.12980769230769232 0.08653846153846154 0.12980769230769232 0.22596153846153846 0.06971153846153846 0.22596153846153846
23 0.19230769230769232 0.08413461538461539 0.25240384615384615 0.08413461538461539 0.25240384615384615 0.22355769230769232 0.19230769230769232 0.22355769230769232
23 0.31490384615384615 0.08413461538461539 0.375 0.08413461538461539 0.375 0.22355769230769232 0.31490384615384615 0.22355769230769232
23 0.45913461538461536 0.08653846153846154 0.5192307692307693 0.08653846153846154 0.5192307692307693 0.22596153846153846 0.45913461538461536 0.22596153846153846
23 0.6033653846153846 0.08413461538461539 0.6634615384615384 0.08413461538461539 0.6634615384615384 0.22596153846153846 0.6033653846153846 0.22596153846153846
23 0.7283653846153846 0.08413461538461539 0.7884615384615384 0.08413461538461539 0.7884615384615384 0.22596153846153846 0.7283653846153846 0.22596153846153846
23 0.8533653846153846 0.3605769230769231 0.9134615384615384 0.3605769230769231 0.9134615384615384 0.5360576923076923 0.8533653846153846 0.5360576923076923
23 0.0673076923076923 0.3605769230769231 0.125 0.3605769230769231 0.125 0.5360576923076923 0.0673076923076923 0.5360576923076923
23 0.18990384615384615 0.3605769230769231 0.25 0.3605769230769231 0.25 0.5360576923076923 0.18990384615384615 0.5360576923076923
23 0.31490384615384615 0.3605769230769231 0.375 0.3605769230769231 0.375 0.5360576923076923 0.31490384615384615 0.5360576923076923
23 0.45913461538461536 0.3605769230769231 0.5192307692307693 0.3605769230769231 0.5192307692307693 0.5360576923076923 0.45913461538461536 0.5360576923076923
23 0.6033653846153846 0.3605769230769231 0.6634615384615384 0.3605769230769231 0.6634615384615384 0.5360576923076923 0.6033653846153846 0.5360576923076923
23 0.7283653846153846 0.3605769230769231 0.7884615384615384 0.3605769230769231 0.7884615384615384 0.5360576923076923 0.7283653846153846 0.5360576923076923
23 0.8509615384615384 0.6730769230769231 0.9375 0.6730769230769231 0.9375 0.7331730769230769 0.8509615384615384 0.7331730769230769
23 0.0673076923076923 0.6682692307692307 0.125 0.6682692307692307 0.125 0.8197115384615384 0.0673076923076923 0.8197115384615384
23 0.18990384615384615 0.6706730769230769 0.25 0.6706730769230769 0.25 0.8221153846153846 0.18990384615384615 0.8221153846153846
23 0.31490384615384615 0.6706730769230769 0.37259615384615385 0.6706730769230769 0.37259615384615385 0.8221153846153846 0.31490384615384615 0.8221153846153846
23 0.6033653846153846 0.6730769230769231 0.6634615384615384 0.6730769230769231 0.6634615384615384 0.8245192307692307 0.6033653846153846 0.8245192307692307
23 0.7283653846153846 0.6730769230769231 0.7908653846153846 0.6730769230769231 0.7908653846153846 0.8245192307692307 0.7283653846153846 0.8245192307692307
23 0.0673076923076923 0.8990384615384616 0.125 0.8990384615384616 0.125 0.9567307692307693 0.0673076923076923 0.9567307692307693
23 0.7307692307692307 0.9086538461538461 0.7884615384615384 0.9086538461538461 0.7884615384615384 0.9663461538461539 0.7307692307692307 0.9663461538461539
23 0.19230769230769232 0.9014423076923077 0.25 0.9014423076923077 0.25 0.9591346153846154 0.19230769230769232 0.9591346153846154
23 0.4254807692307692 0.6730769230769231 0.5504807692307693 0.6730769230769231 0.5504807692307693 0.7283653846153846 0.4254807692307692 0.7283653846153846
8 0.4254807692307692 0.7283653846153846 0.5504807692307693 0.7283653846153846 0.5504807692307693 0.9663461538461539 0.4254807692307692 0.9663461538461539
8 0.5961538461538461 0.8365384615384616 0.6682692307692307 0.8365384615384616 0.6682692307692307 0.9807692307692307 0.5961538461538461 0.9807692307692307
8 0.30528846153846156 0.8365384615384616 0.37740384615384615 0.8365384615384616 0.37740384615384615 0.9759615384615384 0.30528846153846156 0.9759615384615384
17 0.41586538461538464 0.052884615384615384 0.4543269230769231 0.052884615384615384 0.4543269230769231 0.22596153846153846 0.41586538461538464 0.22596153846153846
17 0.5216346153846154 0.05048076923076923 0.5625 0.05048076923076923 0.5625 0.22596153846153846 0.5216346153846154 0.22596153846153846
17 0.41346153846153844 0.34134615384615385 0.4567307692307692 0.34134615384615385 0.4567307692307692 0.5408653846153846 0.41346153846153844 0.5408653846153846
17 0.5216346153846154 0.34375 0.5625 0.34375 0.5625 0.5408653846153846 0.5216346153846154 0.5408653846153846
16 0.002403846153846154 0.6033653846153846 0.9807692307692307 0.6033653846153846 0.9807692307692307 0.6370192307692307 0.002403846153846154 0.6370192307692307
4 0.40384615384615385 0.28125 0.5721153846153846 0.28125 0.5721153846153846 0.33653846153846156 0.40384615384615385 0.33653846153846156
4 0.40384615384615385 0 0.5721153846153846 0 0.5721153846153846 0.040865384615384616 0.40384615384615385 0.040865384615384616
4 0.03365384615384615 0.014423076923076924 0.15384615384615385 0.014423076923076924 0.15384615384615385 0.09134615384615384 0.03365384615384615 0.09134615384615384
4 0.15625 0.014423076923076924 0.27884615384615385 0.014423076923076924 0.27884615384615385 0.09134615384615384 0.15625 0.09134615384615384
4 0.28365384615384615 0.014423076923076924 0.4014423076923077 0.014423076923076924 0.4014423076923077 0.09134615384615384 0.28365384615384615 0.09134615384615384
4 0.5745192307692307 0.01201923076923077 0.6923076923076923 0.01201923076923077 0.6923076923076923 0.0889423076923077 0.5745192307692307 0.0889423076923077
4 0.7019230769230769 0.01201923076923077 0.8221153846153846 0.01201923076923077 0.8221153846153846 0.0889423076923077 0.7019230769230769 0.0889423076923077
4 0.8293269230769231 0.01201923076923077 0.9495192307692307 0.01201923076923077 0.9495192307692307 0.0889423076923077 0.8293269230769231 0.0889423076923077
4 0.03125 0.2956730769230769 0.15384615384615385 0.2956730769230769 0.15384615384615385 0.36778846153846156 0.03125 0.36778846153846156
4 0.15865384615384615 0.2956730769230769 0.27884615384615385 0.2956730769230769 0.27884615384615385 0.36778846153846156 0.15865384615384615 0.36778846153846156
4 0.28125 0.2956730769230769 0.4014423076923077 0.2956730769230769 0.4014423076923077 0.36778846153846156 0.28125 0.36778846153846156
4 0.5745192307692307 0.2980769230769231 0.6947115384615384 0.2980769230769231 0.6947115384615384 0.3701923076923077 0.5745192307692307 0.3701923076923077
4 0.7019230769230769 0.2956730769230769 0.8221153846153846 0.2956730769230769 0.8221153846153846 0.36778846153846156 0.7019230769230769 0.36778846153846156
4 0.8269230769230769 0.2956730769230769 0.9495192307692307 0.2956730769230769 0.9495192307692307 0.36778846153846156 0.8269230769230769 0.36778846153846156
21 0.040865384615384616 0.22355769230769232 0.1466346153846154 0.22355769230769232 0.1466346153846154 0.2692307692307692 0.040865384615384616 0.2692307692307692
21 0.16346153846153846 0.22355769230769232 0.27163461538461536 0.22355769230769232 0.27163461538461536 0.2692307692307692 0.16346153846153846 0.2692307692307692
21 0.28846153846153844 0.22355769230769232 0.39663461538461536 0.22355769230769232 0.39663461538461536 0.2692307692307692 0.28846153846153844 0.2692307692307692
21 0.5793269230769231 0.22355769230769232 0.6875 0.22355769230769232 0.6875 0.27163461538461536 0.5793269230769231 0.27163461538461536
21 0.7067307692307693 0.22355769230769232 0.8149038461538461 0.22355769230769232 0.8149038461538461 0.27163461538461536 0.7067307692307693 0.27163461538461536
21 0.8341346153846154 0.22115384615384615 0.9423076923076923 0.22115384615384615 0.9423076923076923 0.27163461538461536 0.8341346153846154 0.27163461538461536
12 0.01201923076923077 0.2764423076923077 0.9759615384615384 0.2764423076923077 0.9759615384615384 0.3076923076923077 0.01201923076923077 0.3076923076923077
12 0.01201923076923077 0.6033653846153846 0.9759615384615384 0.6033653846153846 0.9759615384615384 0.6322115384615384 0.01201923076923077 0.6322115384615384
15 0.01201923076923077 0.6346153846153846 0.9759615384615384 0.6346153846153846 0.9759615384615384 0.9759615384615384 0.01201923076923077 0.9759615384615384
11 0.01201923076923077 0 0.9759615384615384 0 0.9759615384615384 0.2764423076923077 0.01201923076923077 0.2764423076923077
11 0.01201923076923077 0.30528846153846156 0.9759615384615384 0.30528846153846156 0.9759615384615384 0.6033653846153846 0.01201923076923077 0.6033653846153846
10 0.002403846153846154 0.002403846153846154 0.9759615384615384 0.002403846153846154 0.9759615384615384 0.9759615384615384 0.002403846153846154 0.9759615384615384
2 0.002403846153846154 0 0.9759615384615384 0 0.9759615384615384 0.9831730769230769 0.002403846153846154 0.9831730769230769