23 0.6923076923076923 0.4182692307692308 0.8245192307692307 0.4182692307692308 0.8245192307692307 0.5913461538461539 0.6923076923076923 0.5913461538461539
23 0.14903846153846154 0.4182692307692308 0.28125 0.4182692307692308 0.28125 0.5913461538461539 0.14903846153846154 0.5913461538461539
23 0.4206730769230769 0.4182692307692308 0.5528846153846154 0.4182692307692308 0.5528846153846154 0.5913461538461539 0.4206730769230769 0.5913461538461539
23 0.6923076923076923 0.11538461538461539 0.8245192307692307 0.11538461538461539 0.8245192307692307 0.27884615384615385 0.6923076923076923 0.27884615384615385
23 0.14903846153846154 0.11538461538461539 0.28125 0.11538461538461539 0.28125 0.27884615384615385 0.14903846153846154 0.27884615384615385
23 0.4206730769230769 0.11538461538461539 0.5528846153846154 0.11538461538461539 0.5528846153846154 0.27884615384615385 0.4206730769230769 0.27884615384615385
4 0.14182692307692307 0.32211538461538464 0.28365384615384615 0.32211538461538464 0.28365384615384615 0.41586538461538464 0.14182692307692307 0.41586538461538464
4 0.4206730769230769 0.32211538461538464 0.5576923076923077 0.32211538461538464 0.5576923076923077 0.41586538461538464 0.4206730769230769 0.41586538461538464
4 0.6923076923076923 0.31971153846153844 0.8317307692307693 0.31971153846153844 0.8317307692307693 0.41586538461538464 0.6923076923076923 0.41586538461538464
21 0.1346153846153846 0.2764423076923077 0.29086538461538464 0.2764423076923077 0.29086538461538464 0.3076923076923077 0.1346153846153846 0.3076923076923077
21 0.40865384615384615 0.2764423076923077 0.5673076923076923 0.2764423076923077 0.5673076923076923 0.3076923076923077 0.40865384615384615 0.3076923076923077
21 0.6802884615384616 0.2764423076923077 0.8413461538461539 0.2764423076923077 0.8413461538461539 0.3076923076923077 0.6802884615384616 0.3076923076923077
21 0.38221153846153844 0.5913461538461539 0.59375 0.5913461538461539 0.59375 0.6346153846153846 0.38221153846153844 0.6346153846153846
21 0.11778846153846154 0.5913461538461539 0.32211538461538464 0.5913461538461539 0.32211538461538464 0.6370192307692307 0.11778846153846154 0.6370192307692307
21 0.6538461538461539 0.5913461538461539 0.8798076923076923 0.5913461538461539 0.8798076923076923 0.6370192307692307 0.6538461538461539 0.6370192307692307
8 0.6754807692307693 0.78125 0.8413461538461539 0.78125 0.8413461538461539 1 0.6754807692307693 1
23 0.1466346153846154 0.7331730769230769 0.28125 0.7331730769230769 0.28125 0.9086538461538461 0.1466346153846154 0.9086538461538461
23 0.9302884615384616 0.7331730769230769 1 0.7331730769230769 1 0.8557692307692307 0.9302884615384616 0.8557692307692307
23 0.4206730769230769 0.7355769230769231 0.5552884615384616 0.7355769230769231 0.5552884615384616 0.9086538461538461 0.4206730769230769 0.9086538461538461
8 0.9302884615384616 0.8533653846153846 0.9975961538461539 0.8533653846153846 0.9975961538461539 1 0.9302884615384616 1
5 0.8774038461538461 0.019230769230769232 0.9519230769230769 0.019230769230769232 0.9519230769230769 0.30528846153846156 0.8774038461538461 0.30528846153846156
5 0.3125 0.019230769230769232 0.38461538461538464 0.019230769230769232 0.38461538461538464 0.30528846153846156 0.3125 0.30528846153846156
16 0.11298076923076923 0.02403846153846154 1 0.02403846153846154 1 0.06490384615384616 0.11298076923076923 0.06490384615384616
17 0.5865384615384616 0.06490384615384616 0.6610576923076923 0.06490384615384616 0.6610576923076923 0.6370192307692307 0.5865384615384616 0.6370192307692307
16 0.09615384615384616 0.6538461538461539 1 0.6538461538461539 1 0.6826923076923077 0.09615384615384616 0.6826923076923077
12 0.002403846153846154 0.3485576923076923 1 0.3485576923076923 1 0.36778846153846156 0.002403846153846154 0.36778846153846156
5 0.3125 0.019230769230769232 0.38461538461538464 0.019230769230769232 0.38461538461538464 0.30528846153846156 0.3125 0.30528846153846156
12 0.002403846153846154 0.6538461538461539 1 0.6538461538461539 1 0.6826923076923077 0.002403846153846154 0.6826923076923077
11 0 0 0.9975961538461539 0 0.9975961538461539 0.34615384615384615 0 0.34615384615384615
15 0.002403846153846154 0.6826923076923077 1 0.6826923076923077 1 0.9975961538461539 0.002403846153846154 0.9975961538461539
11 0.002403846153846154 0.36778846153846156 1 0.36778846153846156 1 0.6538461538461539 0.002403846153846154 0.6538461538461539
2 0 0 1 0 1 1 0 1
10 0.09134615384615384 0 1 0 1 1 0.09134615384615384 1