23 0.04326923076923077 0.2956730769230769 0.06971153846153846 0.2956730769230769 0.06971153846153846 0.40625 0.04326923076923077 0.40625
23 0.3173076923076923 0.2956730769230769 0.34375 0.2956730769230769 0.34375 0.40625 0.3173076923076923 0.40625
23 0.24759615384615385 0.2956730769230769 0.27403846153846156 0.2956730769230769 0.27403846153846156 0.40625 0.24759615384615385 0.40625
23 0.1778846153846154 0.2956730769230769 0.20432692307692307 0.2956730769230769 0.20432692307692307 0.40625 0.1778846153846154 0.40625
23 0.11298076923076923 0.2956730769230769 0.13942307692307693 0.2956730769230769 0.13942307692307693 0.40625 0.11298076923076923 0.40625
23 0.3173076923076923 0.75 0.34375 0.75 0.34375 0.8581730769230769 0.3173076923076923 0.8581730769230769
23 0.04326923076923077 0.75 0.06971153846153846 0.75 0.06971153846153846 0.8581730769230769 0.04326923076923077 0.8581730769230769
23 0.11298076923076923 0.75 0.13942307692307693 0.75 0.13942307692307693 0.8581730769230769 0.11298076923076923 0.8581730769230769
23 0.18028846153846154 0.75 0.20673076923076922 0.75 0.20673076923076922 0.8581730769230769 0.18028846153846154 0.8581730769230769
23 0.24759615384615385 0.75 0.27403846153846156 0.75 0.27403846153846156 0.8581730769230769 0.24759615384615385 0.8581730769230769
23 0.3173076923076923 0.5168269230769231 0.34375 0.5168269230769231 0.34375 0.6322115384615384 0.3173076923076923 0.6322115384615384
23 0.04326923076923077 0.5168269230769231 0.06971153846153846 0.5168269230769231 0.06971153846153846 0.6322115384615384 0.04326923076923077 0.6322115384615384
23 0.11298076923076923 0.5168269230769231 0.13942307692307693 0.5168269230769231 0.13942307692307693 0.6322115384615384 0.11298076923076923 0.6322115384615384
23 0.18028846153846154 0.5168269230769231 0.20673076923076922 0.5168269230769231 0.20673076923076922 0.6322115384615384 0.18028846153846154 0.6322115384615384
23 0.24759615384615385 0.5168269230769231 0.27403846153846156 0.5168269230769231 0.27403846153846156 0.6322115384615384 0.24759615384615385 0.6322115384615384
23 0.4567307692307692 0.75 0.4831730769230769 0.75 0.4831730769230769 0.8581730769230769 0.4567307692307692 0.8581730769230769
23 0.3894230769230769 0.7475961538461539 0.41586538461538464 0.7475961538461539 0.41586538461538464 0.8485576923076923 0.3894230769230769 0.8485576923076923
8 0.5072115384615384 0.75 0.5649038461538461 0.75 0.5649038461538461 0.9663461538461539 0.5072115384615384 0.9663461538461539
23 0.3894230769230769 0.2932692307692308 0.41586538461538464 0.2932692307692308 0.41586538461538464 0.42788461538461536 0.3894230769230769 0.42788461538461536
23 0.5240384615384616 0.2932692307692308 0.5504807692307693 0.2932692307692308 0.5504807692307693 0.42788461538461536 0.5240384615384616 0.42788461538461536
23 0.4567307692307692 0.2932692307692308 0.4831730769230769 0.2932692307692308 0.4831730769230769 0.42788461538461536 0.4567307692307692 0.42788461538461536
23 0.3894230769230769 0.5144230769230769 0.41586538461538464 0.5144230769230769 0.41586538461538464 0.6586538461538461 0.3894230769230769 0.6586538461538461
23 0.5240384615384616 0.5144230769230769 0.5504807692307693 0.5144230769230769 0.5504807692307693 0.6586538461538461 0.5240384615384616 0.6586538461538461
23 0.4567307692307692 0.5144230769230769 0.4831730769230769 0.5144230769230769 0.4831730769230769 0.6586538461538461 0.4567307692307692 0.6586538461538461
23 0.8677884615384616 0.2956730769230769 0.8942307692307693 0.2956730769230769 0.8942307692307693 0.40625 0.8677884615384616 0.40625
23 0.5913461538461539 0.2932692307692308 0.6177884615384616 0.2932692307692308 0.6177884615384616 0.40384615384615385 0.5913461538461539 0.40384615384615385
23 0.6634615384615384 0.2932692307692308 0.6899038461538461 0.2932692307692308 0.6899038461538461 0.40384615384615385 0.6634615384615384 0.40384615384615385
23 0.7307692307692307 0.2956730769230769 0.7572115384615384 0.2956730769230769 0.7572115384615384 0.40625 0.7307692307692307 0.40625
23 0.7980769230769231 0.2956730769230769 0.8245192307692307 0.2956730769230769 0.8245192307692307 0.40625 0.7980769230769231 0.40625
23 0.8677884615384616 0.7475961538461539 0.8942307692307693 0.7475961538461539 0.8942307692307693 0.8557692307692307 0.8677884615384616 0.8557692307692307
23 0.9375 0.5144230769230769 0.9615384615384616 0.5144230769230769 0.9615384615384616 0.6298076923076923 0.9375 0.6298076923076923
23 0.8677884615384616 0.5144230769230769 0.8942307692307693 0.5144230769230769 0.8942307692307693 0.6298076923076923 0.8677884615384616 0.6298076923076923
23 0.7980769230769231 0.5144230769230769 0.8245192307692307 0.5144230769230769 0.8245192307692307 0.6298076923076923 0.7980769230769231 0.6298076923076923
23 0.7307692307692307 0.5168269230769231 0.7572115384615384 0.5168269230769231 0.7572115384615384 0.6322115384615384 0.7307692307692307 0.6322115384615384
23 0.6634615384615384 0.5168269230769231 0.6899038461538461 0.5168269230769231 0.6899038461538461 0.6322115384615384 0.6634615384615384 0.6322115384615384
23 0.5913461538461539 0.5168269230769231 0.6177884615384616 0.5168269230769231 0.6177884615384616 0.6322115384615384 0.5913461538461539 0.6322115384615384
23 0.5913461538461539 0.75 0.6177884615384616 0.75 0.6177884615384616 0.8605769230769231 0.5913461538461539 0.8605769230769231
23 0.6634615384615384 0.75 0.6899038461538461 0.75 0.6899038461538461 0.8605769230769231 0.6634615384615384 0.8605769230769231
23 0.7307692307692307 0.75 0.7572115384615384 0.75 0.7572115384615384 0.8581730769230769 0.7307692307692307 0.8581730769230769
23 0.7980769230769231 0.7475961538461539 0.8245192307692307 0.7475961538461539 0.8245192307692307 0.8581730769230769 0.7980769230769231 0.8581730769230769
21 0.44471153846153844 0.42788461538461536 0.4951923076923077 0.42788461538461536 0.4951923076923077 0.4567307692307692 0.44471153846153844 0.4567307692307692
21 0.37740384615384615 0.42788461538461536 0.42788461538461536 0.42788461538461536 0.42788461538461536 0.4543269230769231 0.37740384615384615 0.4543269230769231
21 0.5120192307692307 0.42788461538461536 0.5625 0.42788461538461536 0.5625 0.4543269230769231 0.5120192307692307 0.4543269230769231
21 0.37740384615384615 0.6610576923076923 0.42788461538461536 0.6610576923076923 0.42788461538461536 0.6826923076923077 0.37740384615384615 0.6826923076923077
21 0.5120192307692307 0.6610576923076923 0.5625 0.6610576923076923 0.5625 0.6826923076923077 0.5120192307692307 0.6826923076923077
21 0.44471153846153844 0.6610576923076923 0.4951923076923077 0.6610576923076923 0.4951923076923077 0.6826923076923077 0.44471153846153844 0.6826923076923077
4 0.35096153846153844 0.03125 0.5865384615384616 0.03125 0.5865384615384616 0.14903846153846154 0.35096153846153844 0.14903846153846154
12 0.016826923076923076 0.18509615384615385 0.9206730769230769 0.18509615384615385 0.9206730769230769 0.20432692307692307 0.016826923076923076 0.20432692307692307
12 0.014423076923076924 0.6802884615384616 0.9807692307692307 0.6802884615384616 0.9807692307692307 0.6995192307692307 0.014423076923076924 0.6995192307692307
15 0.016826923076923076 0.6826923076923077 0.9807692307692307 0.6826923076923077 0.9807692307692307 0.9711538461538461 0.016826923076923076 0.9711538461538461
11 0.016826923076923076 0.4735576923076923 0.9807692307692307 0.4735576923076923 0.9807692307692307 0.6995192307692307 0.016826923076923076 0.6995192307692307
12 0.014423076923076924 0.4543269230769231 0.9807692307692307 0.4543269230769231 0.9807692307692307 0.4735576923076923 0.014423076923076924 0.4735576923076923
11 0.016826923076923076 0.20432692307692307 0.9206730769230769 0.20432692307692307 0.9206730769230769 0.4735576923076923 0.016826923076923076 0.4735576923076923
22 0.35096153846153844 0.03125 0.5865384615384616 0.03125 0.5865384615384616 0.20432692307692307 0.35096153846153844 0.20432692307692307
2 0.002403846153846154 0.009615384615384616 1 0.009615384615384616 1 0.96875 0.002403846153846154 0.96875
10 0.01201923076923077 0.1466346153846154 0.9206730769230769 0.1466346153846154 0.9206730769230769 0.9711538461538461 0.01201923076923077 0.9711538461538461
1 0.41346153846153844 0.2860576923076923 0.4230769230769231 0.2860576923076923 0.4230769230769231 0.42788461538461536 0.41346153846153844 0.42788461538461536
1 0.036057692307692304 0.2932692307692308 0.04807692307692308 0.2932692307692308 0.04807692307692308 0.40625 0.036057692307692304 0.40625
1 0.06971153846153846 0.2932692307692308 0.07932692307692307 0.2932692307692308 0.07932692307692307 0.40625 0.06971153846153846 0.40625
1 0.10336538461538461 0.2932692307692308 0.11298076923076923 0.2932692307692308 0.11298076923076923 0.40625 0.10336538461538461 0.40625
1 0.13701923076923078 0.2932692307692308 0.1466346153846154 0.2932692307692308 0.1466346153846154 0.40625 0.13701923076923078 0.40625
1 0.17067307692307693 0.2956730769230769 0.18028846153846154 0.2956730769230769 0.18028846153846154 0.40625 0.17067307692307693 0.40625
1 0.20432692307692307 0.2932692307692308 0.21634615384615385 0.2932692307692308 0.21634615384615385 0.40384615384615385 0.20432692307692307 0.40384615384615385
1 0.23798076923076922 0.2932692307692308 0.25 0.2932692307692308 0.25 0.40384615384615385 0.23798076923076922 0.40384615384615385
23 0.3173076923076923 0.2956730769230769 0.34375 0.2956730769230769 0.34375 0.40625 0.3173076923076923 0.40625
1 0.27163461538461536 0.2932692307692308 0.28365384615384615 0.2932692307692308 0.28365384615384615 0.40384615384615385 0.27163461538461536 0.40384615384615385
1 0.38461538461538464 0.2860576923076923 0.3942307692307692 0.2860576923076923 0.3942307692307692 0.42788461538461536 0.38461538461538464 0.42788461538461536
1 0.4567307692307692 0.2932692307692308 0.4831730769230769 0.2932692307692308 0.4831730769230769 0.42788461538461536 0.4567307692307692 0.42788461538461536
1 0.5240384615384616 0.2932692307692308 0.5504807692307693 0.2932692307692308 0.5504807692307693 0.42788461538461536 0.5240384615384616 0.42788461538461536
1 0.5913461538461539 0.2932692307692308 0.6177884615384616 0.2932692307692308 0.6177884615384616 0.40384615384615385 0.5913461538461539 0.40384615384615385
1 0.6634615384615384 0.2932692307692308 0.6899038461538461 0.2932692307692308 0.6899038461538461 0.40384615384615385 0.6634615384615384 0.40384615384615385
1 0.7307692307692307 0.2956730769230769 0.7572115384615384 0.2956730769230769 0.7572115384615384 0.40625 0.7307692307692307 0.40625
1 0.8918269230769231 0.29086538461538464 0.8942307692307693 0.29086538461538464 0.8942307692307693 0.40384615384615385 0.8918269230769231 0.40384615384615385
1 0.7956730769230769 0.29086538461538464 0.8028846153846154 0.29086538461538464 0.8028846153846154 0.40384615384615385 0.7956730769230769 0.40384615384615385
1 0.8197115384615384 0.2932692307692308 0.8269230769230769 0.2932692307692308 0.8269230769230769 0.40625 0.8197115384615384 0.40625
1 0.8653846153846154 0.2932692307692308 0.8725961538461539 0.2932692307692308 0.8725961538461539 0.40625 0.8653846153846154 0.40625
1 0.8918269230769231 0.5120192307692307 0.9014423076923077 0.5120192307692307 0.9014423076923077 0.6298076923076923 0.8918269230769231 0.6298076923076923
1 0.8581730769230769 0.5120192307692307 0.8701923076923077 0.5120192307692307 0.8701923076923077 0.6298076923076923 0.8581730769230769 0.6298076923076923
1 0.7980769230769231 0.5144230769230769 0.8245192307692307 0.5144230769230769 0.8245192307692307 0.6298076923076923 0.7980769230769231 0.6298076923076923
1 0.7307692307692307 0.5168269230769231 0.7572115384615384 0.5168269230769231 0.7572115384615384 0.6322115384615384 0.7307692307692307 0.6322115384615384
23 0.6634615384615384 0.5168269230769231 0.6899038461538461 0.5168269230769231 0.6899038461538461 0.6322115384615384 0.6634615384615384 0.6322115384615384
1 0.5913461538461539 0.5168269230769231 0.6177884615384616 0.5168269230769231 0.6177884615384616 0.6322115384615384 0.5913461538461539 0.6322115384615384
1 0.5384615384615384 0.5120192307692307 0.5504807692307693 0.5120192307692307 0.5504807692307693 0.6586538461538461 0.5384615384615384 0.6586538461538461
1 0.5216346153846154 0.5096153846153846 0.5288461538461539 0.5096153846153846 0.5288461538461539 0.6586538461538461 0.5216346153846154 0.6586538461538461
1 0.4567307692307692 0.5144230769230769 0.4831730769230769 0.5144230769230769 0.4831730769230769 0.6586538461538461 0.4567307692307692 0.6586538461538461
1 0.38221153846153844 0.5144230769230769 0.3918269230769231 0.5144230769230769 0.3918269230769231 0.6610576923076923 0.38221153846153844 0.6610576923076923
1 0.41346153846153844 0.5144230769230769 0.4254807692307692 0.5144230769230769 0.4254807692307692 0.6610576923076923 0.41346153846153844 0.6610576923076923
1 0.3173076923076923 0.5168269230769231 0.34375 0.5168269230769231 0.34375 0.6322115384615384 0.3173076923076923 0.6322115384615384
1 0.24759615384615385 0.5168269230769231 0.27403846153846156 0.5168269230769231 0.27403846153846156 0.6322115384615384 0.24759615384615385 0.6322115384615384
1 0.18028846153846154 0.5168269230769231 0.20673076923076922 0.5168269230769231 0.20673076923076922 0.6322115384615384 0.18028846153846154 0.6322115384615384
1 0.11298076923076923 0.5168269230769231 0.13942307692307693 0.5168269230769231 0.13942307692307693 0.6322115384615384 0.11298076923076923 0.6322115384615384
1 0.04326923076923077 0.5168269230769231 0.06971153846153846 0.5168269230769231 0.06971153846153846 0.6322115384615384 0.04326923076923077 0.6322115384615384
1 0.04326923076923077 0.75 0.06971153846153846 0.75 0.06971153846153846 0.8581730769230769 0.04326923076923077 0.8581730769230769
1 0.11298076923076923 0.75 0.13942307692307693 0.75 0.13942307692307693 0.8581730769230769 0.11298076923076923 0.8581730769230769
1 0.18028846153846154 0.75 0.20673076923076922 0.75 0.20673076923076922 0.8581730769230769 0.18028846153846154 0.8581730769230769
1 0.24759615384615385 0.75 0.27403846153846156 0.75 0.27403846153846156 0.8581730769230769 0.24759615384615385 0.8581730769230769
1 0.34375 0.75 0.3557692307692308 0.75 0.3557692307692308 0.8605769230769231 0.34375 0.8605769230769231
1 0.3076923076923077 0.75 0.31971153846153844 0.75 0.31971153846153844 0.8605769230769231 0.3076923076923077 0.8605769230769231
1 0.5913461538461539 0.75 0.6177884615384616 0.75 0.6177884615384616 0.8605769230769231 0.5913461538461539 0.8605769230769231
1 0.6634615384615384 0.75 0.6899038461538461 0.75 0.6899038461538461 0.8605769230769231 0.6634615384615384 0.8605769230769231
1 0.7307692307692307 0.75 0.7572115384615384 0.75 0.7572115384615384 0.8581730769230769 0.7307692307692307 0.8581730769230769
1 0.7980769230769231 0.7475961538461539 0.8245192307692307 0.7475961538461539 0.8245192307692307 0.8581730769230769 0.7980769230769231 0.8581730769230769
1 0.8677884615384616 0.7475961538461539 0.8942307692307693 0.7475961538461539 0.8942307692307693 0.8557692307692307 0.8677884615384616 0.8557692307692307
26 0.028846153846153848 0.75 0.19230769230769232 0.75 0.19230769230769232 0.9831730769230769 0.028846153846153848 0.9831730769230769