23 0.7932692307692307 0.3557692307692308 0.8581730769230769 0.3557692307692308 0.8581730769230769 0.47596153846153844 0.7932692307692307 0.47596153846153844
23 0.16346153846153846 0.3557692307692308 0.23076923076923078 0.3557692307692308 0.23076923076923078 0.47596153846153844 0.16346153846153846 0.47596153846153844
23 0.375 0.5360576923076923 0.4182692307692308 0.5360576923076923 0.4182692307692308 0.6514423076923077 0.375 0.6514423076923077
23 0.375 0.7043269230769231 0.4182692307692308 0.7043269230769231 0.4182692307692308 0.8100961538461539 0.375 0.8100961538461539
23 0.6009615384615384 0.7043269230769231 0.6466346153846154 0.7043269230769231 0.6466346153846154 0.8100961538461539 0.6009615384615384 0.8100961538461539
23 0.4879807692307692 0.7043269230769231 0.53125 0.7043269230769231 0.53125 0.8100961538461539 0.4879807692307692 0.8100961538461539
23 0.4879807692307692 0.5360576923076923 0.53125 0.5360576923076923 0.53125 0.6514423076923077 0.4879807692307692 0.6514423076923077
23 0.6009615384615384 0.5360576923076923 0.6466346153846154 0.5360576923076923 0.6466346153846154 0.6514423076923077 0.6009615384615384 0.6514423076923077
23 0.13942307692307693 0.7019230769230769 0.2548076923076923 0.7019230769230769 0.2548076923076923 0.8100961538461539 0.13942307692307693 0.8100961538461539
23 0.13942307692307693 0.5336538461538461 0.2548076923076923 0.5336538461538461 0.2548076923076923 0.6514423076923077 0.13942307692307693 0.6514423076923077
23 0.7644230769230769 0.7019230769230769 0.8798076923076923 0.7019230769230769 0.8798076923076923 0.8100961538461539 0.7644230769230769 0.8100961538461539
23 0.7644230769230769 0.5336538461538461 0.8798076923076923 0.5336538461538461 0.8798076923076923 0.6514423076923077 0.7644230769230769 0.6514423076923077
5 0.16105769230769232 0.6586538461538461 0.23076923076923078 0.6586538461538461 0.23076923076923078 0.6971153846153846 0.16105769230769232 0.6971153846153846
5 0.23557692307692307 0.65625 0.25721153846153844 0.65625 0.25721153846153844 0.6971153846153846 0.23557692307692307 0.6971153846153846
5 0.1346153846153846 0.6586538461538461 0.15625 0.6586538461538461 0.15625 0.6971153846153846 0.1346153846153846 0.6971153846153846
5 0.6009615384615384 0.6610576923076923 0.6466346153846154 0.6610576923076923 0.6466346153846154 0.6971153846153846 0.6009615384615384 0.6971153846153846
5 0.375 0.6610576923076923 0.4206730769230769 0.6610576923076923 0.4206730769230769 0.6971153846153846 0.375 0.6971153846153846
5 0.4879807692307692 0.6610576923076923 0.53125 0.6610576923076923 0.53125 0.6971153846153846 0.4879807692307692 0.6971153846153846
5 0.7884615384615384 0.65625 0.8581730769230769 0.65625 0.8581730769230769 0.6971153846153846 0.7884615384615384 0.6971153846153846
5 0.8629807692307693 0.65625 0.8822115384615384 0.65625 0.8822115384615384 0.6971153846153846 0.8629807692307693 0.6971153846153846
5 0.7620192307692307 0.6586538461538461 0.7836538461538461 0.6586538461538461 0.7836538461538461 0.6971153846153846 0.7620192307692307 0.6971153846153846
5 0.6177884615384616 0.44471153846153844 0.6322115384615384 0.44471153846153844 0.6322115384615384 0.4735576923076923 0.6177884615384616 0.4735576923076923
5 0.3894230769230769 0.44471153846153844 0.40384615384615385 0.44471153846153844 0.40384615384615385 0.4735576923076923 0.3894230769230769 0.4735576923076923
5 0.5048076923076923 0.44471153846153844 0.5192307692307693 0.44471153846153844 0.5192307692307693 0.4735576923076923 0.5048076923076923 0.4735576923076923
5 0.8173076923076923 0.23798076923076922 0.8317307692307693 0.23798076923076922 0.8317307692307693 0.28365384615384615 0.8173076923076923 0.28365384615384615
5 0.8701923076923077 0.2860576923076923 0.8822115384615384 0.2860576923076923 0.8822115384615384 0.3173076923076923 0.8701923076923077 0.3173076923076923
5 0.7668269230769231 0.2860576923076923 0.78125 0.2860576923076923 0.78125 0.3173076923076923 0.7668269230769231 0.3173076923076923
5 0.8677884615384616 0.35096153846153844 0.8846153846153846 0.35096153846153844 0.8846153846153846 0.43990384615384615 0.8677884615384616 0.43990384615384615
5 0.7668269230769231 0.35096153846153844 0.7836538461538461 0.35096153846153844 0.7836538461538461 0.43990384615384615 0.7668269230769231 0.43990384615384615
5 0.18990384615384615 0.23798076923076922 0.20432692307692307 0.23798076923076922 0.20432692307692307 0.28365384615384615 0.18990384615384615 0.28365384615384615
5 0.2403846153846154 0.2860576923076923 0.2548076923076923 0.2860576923076923 0.2548076923076923 0.3173076923076923 0.2403846153846154 0.3173076923076923
5 0.13942307692307693 0.2860576923076923 0.15144230769230768 0.2860576923076923 0.15144230769230768 0.3173076923076923 0.13942307692307693 0.3173076923076923
16 0.040865384615384616 0.32211538461538464 0.35336538461538464 0.32211538461538464 0.35336538461538464 0.35096153846153844 0.040865384615384616 0.35096153846153844
5 0.2403846153846154 0.35096153846153844 0.25721153846153844 0.35096153846153844 0.25721153846153844 0.43990384615384615 0.2403846153846154 0.43990384615384615
5 0.13701923076923078 0.35096153846153844 0.15384615384615385 0.35096153846153844 0.15384615384615385 0.43990384615384615 0.13701923076923078 0.43990384615384615
16 0.6658653846153846 0.31971153846153844 0.9855769230769231 0.31971153846153844 0.9855769230769231 0.35096153846153844 0.6658653846153846 0.35096153846153844
16 0.040865384615384616 0.8149038461538461 0.9759615384615384 0.8149038461538461 0.9759615384615384 0.8293269230769231 0.040865384615384616 0.8293269230769231
16 0.038461538461538464 0.47596153846153844 0.9807692307692307 0.47596153846153844 0.9807692307692307 0.53125 0.038461538461538464 0.53125
19 0.7259615384615384 0.21634615384615385 0.9206730769230769 0.21634615384615385 0.9206730769230769 0.28846153846153844 0.7259615384615384 0.28846153846153844
19 0.0985576923076923 0.21634615384615385 0.2956730769230769 0.21634615384615385 0.2956730769230769 0.28846153846153844 0.0985576923076923 0.28846153846153844
19 0.35096153846153844 0.37259615384615385 0.6706730769230769 0.37259615384615385 0.6706730769230769 0.4423076923076923 0.35096153846153844 0.4423076923076923
23 0.8533653846153846 0.875 0.8725961538461539 0.875 0.8725961538461539 0.90625 0.8533653846153846 0.90625
23 0.1466346153846154 0.875 0.1658653846153846 0.875 0.1658653846153846 0.90625 0.1466346153846154 0.90625
23 0.22596153846153846 0.875 0.24759615384615385 0.875 0.24759615384615385 0.90625 0.22596153846153846 0.90625
23 0.38461538461538464 0.875 0.40625 0.875 0.40625 0.90625 0.38461538461538464 0.90625
23 0.5 0.875 0.5192307692307693 0.875 0.5192307692307693 0.90625 0.5 0.90625
23 0.6129807692307693 0.875 0.6322115384615384 0.875 0.6322115384615384 0.90625 0.6129807692307693 0.90625
23 0.7716346153846154 0.875 0.7932692307692307 0.875 0.7932692307692307 0.90625 0.7716346153846154 0.90625
21 0.12740384615384615 0.8317307692307693 0.2644230769230769 0.8317307692307693 0.2644230769230769 0.8533653846153846 0.12740384615384615 0.8533653846153846
21 0.7548076923076923 0.8317307692307693 0.8894230769230769 0.8317307692307693 0.8894230769230769 0.8533653846153846 0.7548076923076923 0.8533653846153846
5 0.8942307692307693 0.41346153846153844 0.9158653846153846 0.41346153846153844 0.9158653846153846 0.43509615384615385 0.8942307692307693 0.43509615384615385
5 0.10336538461538461 0.4110576923076923 0.12740384615384615 0.4110576923076923 0.12740384615384615 0.4326923076923077 0.10336538461538461 0.4326923076923077
5 0.2668269230769231 0.41346153846153844 0.28846153846153844 0.41346153846153844 0.28846153846153844 0.43509615384615385 0.2668269230769231 0.43509615384615385
5 0.7331730769230769 0.41346153846153844 0.7548076923076923 0.41346153846153844 0.7548076923076923 0.43509615384615385 0.7331730769230769 0.43509615384615385
5 0.6490384615384616 0.5961538461538461 0.6706730769230769 0.5961538461538461 0.6706730769230769 0.6153846153846154 0.6490384615384616 0.6153846153846154
5 0.8942307692307693 0.75 0.9134615384615384 0.75 0.9134615384615384 0.7716346153846154 0.8942307692307693 0.7716346153846154
5 0.7331730769230769 0.59375 0.7524038461538461 0.59375 0.7524038461538461 0.6153846153846154 0.7331730769230769 0.6153846153846154
5 0.8942307692307693 0.59375 0.9134615384615384 0.59375 0.9134615384615384 0.6129807692307693 0.8942307692307693 0.6129807692307693
5 0.7307692307692307 0.75 0.7524038461538461 0.75 0.7524038461538461 0.7716346153846154 0.7307692307692307 0.7716346153846154
5 0.6490384615384616 0.7524038461538461 0.6706730769230769 0.7524038461538461 0.6706730769230769 0.7716346153846154 0.6490384615384616 0.7716346153846154
5 0.5769230769230769 0.7524038461538461 0.5961538461538461 0.7524038461538461 0.5961538461538461 0.7716346153846154 0.5769230769230769 0.7716346153846154
5 0.5360576923076923 0.7524038461538461 0.5576923076923077 0.7524038461538461 0.5576923076923077 0.7716346153846154 0.5360576923076923 0.7716346153846154
5 0.4639423076923077 0.7524038461538461 0.4831730769230769 0.7524038461538461 0.4831730769230769 0.7716346153846154 0.4639423076923077 0.7716346153846154
5 0.4230769230769231 0.7524038461538461 0.4423076923076923 0.7524038461538461 0.4423076923076923 0.7716346153846154 0.4230769230769231 0.7716346153846154
5 0.35096153846153844 0.7524038461538461 0.3701923076923077 0.7524038461538461 0.3701923076923077 0.7716346153846154 0.35096153846153844 0.7716346153846154
5 0.2668269230769231 0.7524038461538461 0.28846153846153844 0.7524038461538461 0.28846153846153844 0.7716346153846154 0.2668269230769231 0.7716346153846154
5 0.10576923076923077 0.7524038461538461 0.125 0.7524038461538461 0.125 0.7716346153846154 0.10576923076923077 0.7716346153846154
5 0.10576923076923077 0.59375 0.125 0.59375 0.125 0.6153846153846154 0.10576923076923077 0.6153846153846154
5 0.2692307692307692 0.59375 0.28846153846153844 0.59375 0.28846153846153844 0.6153846153846154 0.2692307692307692 0.6153846153846154
5 0.35096153846153844 0.59375 0.3701923076923077 0.59375 0.3701923076923077 0.6153846153846154 0.35096153846153844 0.6153846153846154
5 0.4230769230769231 0.59375 0.4423076923076923 0.59375 0.4423076923076923 0.6153846153846154 0.4230769230769231 0.6153846153846154
5 0.4639423076923077 0.59375 0.4831730769230769 0.59375 0.4831730769230769 0.6153846153846154 0.4639423076923077 0.6153846153846154
5 0.5360576923076923 0.59375 0.5576923076923077 0.59375 0.5576923076923077 0.6153846153846154 0.5360576923076923 0.6153846153846154
5 0.5769230769230769 0.59375 0.5961538461538461 0.59375 0.5961538461538461 0.6153846153846154 0.5769230769230769 0.6153846153846154
12 0.04326923076923077 0.4951923076923077 0.9759615384615384 0.4951923076923077 0.9759615384615384 0.5072115384615384 0.04326923076923077 0.5072115384615384
12 0.04326923076923077 0.8197115384615384 0.9759615384615384 0.8197115384615384 0.9759615384615384 0.8317307692307693 0.04326923076923077 0.8317307692307693
15 0.04567307692307692 0.8317307692307693 0.9783653846153846 0.8317307692307693 0.9783653846153846 0.9567307692307693 0.04567307692307692 0.9567307692307693
11 0.04567307692307692 0.5072115384615384 0.9783653846153846 0.5072115384615384 0.9783653846153846 0.6730769230769231 0.04567307692307692 0.6730769230769231
2 0.028846153846153848 0.06490384615384616 0.9879807692307693 0.06490384615384616 0.9879807692307693 0.9591346153846154 0.028846153846153848 0.9591346153846154
10 0.040865384615384616 0.37259615384615385 0.9783653846153846 0.37259615384615385 0.9783653846153846 0.9567307692307693 0.040865384615384616 0.9567307692307693
12 0.04326923076923077 0.6730769230769231 0.9759615384615384 0.6730769230769231 0.9759615384615384 0.6850961538461539 0.04326923076923077 0.6850961538461539
11 0.04567307692307692 0.6850961538461539 0.9783653846153846 0.6850961538461539 0.9783653846153846 0.8197115384615384 0.04567307692307692 0.8197115384615384
22 0.7620192307692307 0.21634615384615385 0.8822115384615384 0.21634615384615385 0.8822115384615384 0.3317307692307692 0.7620192307692307 0.3317307692307692
22 0.14182692307692307 0.21394230769230768 0.2620192307692308 0.21394230769230768 0.2620192307692308 0.3317307692307692 0.14182692307692307 0.3317307692307692
12 0.6706730769230769 0.3317307692307692 0.9807692307692307 0.3317307692307692 0.9807692307692307 0.34615384615384615 0.6706730769230769 0.34615384615384615
12 0.040865384615384616 0.3317307692307692 0.35096153846153844 0.3317307692307692 0.35096153846153844 0.34615384615384615 0.040865384615384616 0.34615384615384615
11 0.04326923076923077 0.34615384615384615 0.9783653846153846 0.34615384615384615 0.9783653846153846 0.4951923076923077 0.04326923076923077 0.4951923076923077