23 0.7283653846153846 0.4326923076923077 0.875 0.4326923076923077 0.875 0.7596153846153846 0.7283653846153846 0.7596153846153846
23 0.7259615384615384 0.19951923076923078 0.875 0.19951923076923078 0.875 0.3076923076923077 0.7259615384615384 0.3076923076923077
23 0.18509615384615385 0.4326923076923077 0.25240384615384615 0.4326923076923077 0.25240384615384615 0.7572115384615384 0.18509615384615385 0.7572115384615384
23 0.18269230769230768 0.20192307692307693 0.2548076923076923 0.20192307692307693 0.2548076923076923 0.30288461538461536 0.18269230769230768 0.30288461538461536
23 0.4879807692307692 0.4326923076923077 0.5528846153846154 0.4326923076923077 0.5528846153846154 0.7548076923076923 0.4879807692307692 0.7548076923076923
23 0.49038461538461536 0.19951923076923078 0.5552884615384616 0.19951923076923078 0.5552884615384616 0.30528846153846156 0.49038461538461536 0.30528846153846156
17 0.9399038461538461 0.07211538461538461 1 0.07211538461538461 1 1 0.9399038461538461 1
17 0.36778846153846156 0.07451923076923077 0.4326923076923077 0.07451923076923077 0.4326923076923077 1 0.36778846153846156 1
17 0.6057692307692307 0.07451923076923077 0.6706730769230769 0.07451923076923077 0.6706730769230769 1 0.6057692307692307 1
17 0 0.040865384615384616 0.055288461538461536 0.040865384615384616 0.055288461538461536 1 0 1
21 0.15144230769230768 0.30288461538461536 0.27884615384615385 0.30288461538461536 0.27884615384615385 0.3317307692307692 0.15144230769230768 0.3317307692307692
21 0.15384615384615385 0.7572115384615384 0.27403846153846156 0.7572115384615384 0.27403846153846156 0.7860576923076923 0.15384615384615385 0.7860576923076923
21 0.46153846153846156 0.7572115384615384 0.5793269230769231 0.7572115384615384 0.5793269230769231 0.7836538461538461 0.46153846153846156 0.7836538461538461
21 0.7043269230769231 0.7596153846153846 0.90625 0.7596153846153846 0.90625 0.7908653846153846 0.7043269230769231 0.7908653846153846
21 0.7019230769230769 0.3076923076923077 0.9038461538461539 0.3076923076923077 0.9038461538461539 0.33653846153846156 0.7019230769230769 0.33653846153846156
21 0.46153846153846156 0.30528846153846156 0.5793269230769231 0.30528846153846156 0.5793269230769231 0.3317307692307692 0.46153846153846156 0.3317307692307692
16 0 0.040865384615384616 1 0.040865384615384616 1 0.15865384615384615 0 0.15865384615384615
16 0 0.9302884615384616 1 0.9302884615384616 1 1 0 1
11 0 0.04326923076923077 1 0.04326923076923077 1 0.375 0 0.375
12 0 0.375 1 0.375 1 0.3918269230769231 0 0.3918269230769231
12 0 0.9326923076923077 1 0.9326923076923077 1 0.9471153846153846 0 0.9471153846153846
11 0 0.3918269230769231 1 0.3918269230769231 1 0.9302884615384616 0 0.9302884615384616
2 0 0.002403846153846154 1 0.002403846153846154 1 1 0 1
10 0 0.002403846153846154 1 0.002403846153846154 1 1 0 1