23 0.8221153846153846 0.8317307692307693 0.8774038461538461 0.8317307692307693 0.8774038461538461 0.9254807692307693 0.8221153846153846 0.9254807692307693
23 0.8221153846153846 0.14423076923076922 0.8774038461538461 0.14423076923076922 0.8774038461538461 0.23798076923076922 0.8221153846153846 0.23798076923076922
23 0.8221153846153846 0.3125 0.8774038461538461 0.3125 0.8774038461538461 0.40625 0.8221153846153846 0.40625
23 0.8221153846153846 0.49038461538461536 0.8774038461538461 0.49038461538461536 0.8774038461538461 0.5841346153846154 0.8221153846153846 0.5841346153846154
23 0.04807692307692308 0.65625 0.09375 0.65625 0.09375 0.75 0.04807692307692308 0.75
23 0.04807692307692308 0.1466346153846154 0.09375 0.1466346153846154 0.09375 0.2403846153846154 0.04807692307692308 0.2403846153846154
23 0.04807692307692308 0.31490384615384615 0.09375 0.31490384615384615 0.09375 0.40625 0.04807692307692308 0.40625
23 0.04807692307692308 0.4879807692307692 0.09375 0.4879807692307692 0.09375 0.5817307692307693 0.04807692307692308 0.5817307692307693
23 0.14903846153846154 0.8269230769230769 0.19471153846153846 0.8269230769230769 0.19471153846153846 0.9230769230769231 0.14903846153846154 0.9230769230769231
23 0.1466346153846154 0.1466346153846154 0.19230769230769232 0.1466346153846154 0.19230769230769232 0.2403846153846154 0.1466346153846154 0.2403846153846154
23 0.1466346153846154 0.31490384615384615 0.19230769230769232 0.31490384615384615 0.19230769230769232 0.40625 0.1466346153846154 0.40625
23 0.1466346153846154 0.49038461538461536 0.19230769230769232 0.49038461538461536 0.19230769230769232 0.5817307692307693 0.1466346153846154 0.5817307692307693
23 0.25 0.8293269230769231 0.2956730769230769 0.8293269230769231 0.2956730769230769 0.9230769230769231 0.25 0.9230769230769231
23 0.25 0.1466346153846154 0.2956730769230769 0.1466346153846154 0.2956730769230769 0.2403846153846154 0.25 0.2403846153846154
23 0.25 0.31490384615384615 0.2956730769230769 0.31490384615384615 0.2956730769230769 0.40625 0.25 0.40625
23 0.25 0.49038461538461536 0.2956730769230769 0.49038461538461536 0.2956730769230769 0.5817307692307693 0.25 0.5817307692307693
23 0.35096153846153844 0.8293269230769231 0.39663461538461536 0.8293269230769231 0.39663461538461536 0.9230769230769231 0.35096153846153844 0.9230769230769231
23 0.35096153846153844 0.1466346153846154 0.39663461538461536 0.1466346153846154 0.39663461538461536 0.2403846153846154 0.35096153846153844 0.2403846153846154
23 0.35096153846153844 0.31490384615384615 0.39663461538461536 0.31490384615384615 0.39663461538461536 0.40625 0.35096153846153844 0.40625
23 0.35096153846153844 0.49038461538461536 0.39663461538461536 0.49038461538461536 0.39663461538461536 0.5817307692307693 0.35096153846153844 0.5817307692307693
23 0.4519230769230769 0.8269230769230769 0.5 0.8269230769230769 0.5 0.9230769230769231 0.4519230769230769 0.9230769230769231
23 0.4543269230769231 0.14903846153846154 0.5024038461538461 0.14903846153846154 0.5024038461538461 0.24278846153846154 0.4543269230769231 0.24278846153846154
23 0.4543269230769231 0.31490384615384615 0.5024038461538461 0.31490384615384615 0.5024038461538461 0.4110576923076923 0.4543269230769231 0.4110576923076923
23 0.4543269230769231 0.49038461538461536 0.5024038461538461 0.49038461538461536 0.5024038461538461 0.5841346153846154 0.4543269230769231 0.5841346153846154
23 0.5528846153846154 0.8293269230769231 0.5985576923076923 0.8293269230769231 0.5985576923076923 0.9230769230769231 0.5528846153846154 0.9230769230769231
23 0.5504807692307693 0.14903846153846154 0.5985576923076923 0.14903846153846154 0.5985576923076923 0.2403846153846154 0.5504807692307693 0.2403846153846154
23 0.5504807692307693 0.31490384615384615 0.5985576923076923 0.31490384615384615 0.5985576923076923 0.40865384615384615 0.5504807692307693 0.40865384615384615
23 0.5504807692307693 0.49278846153846156 0.5985576923076923 0.49278846153846156 0.5985576923076923 0.5841346153846154 0.5504807692307693 0.5841346153846154
23 0.6538461538461539 0.8269230769230769 0.6995192307692307 0.8269230769230769 0.6995192307692307 0.9230769230769231 0.6538461538461539 0.9230769230769231
23 0.6538461538461539 0.14903846153846154 0.6995192307692307 0.14903846153846154 0.6995192307692307 0.2403846153846154 0.6538461538461539 0.2403846153846154
23 0.6538461538461539 0.31490384615384615 0.6995192307692307 0.31490384615384615 0.6995192307692307 0.40865384615384615 0.6538461538461539 0.40865384615384615
23 0.6538461538461539 0.49038461538461536 0.6995192307692307 0.49038461538461536 0.6995192307692307 0.5817307692307693 0.6538461538461539 0.5817307692307693
23 0.8221153846153846 0.6586538461538461 0.8774038461538461 0.6586538461538461 0.8774038461538461 0.7524038461538461 0.8221153846153846 0.7524038461538461
23 0.1466346153846154 0.6586538461538461 0.19230769230769232 0.6586538461538461 0.19230769230769232 0.75 0.1466346153846154 0.75
23 0.25 0.6586538461538461 0.2956730769230769 0.6586538461538461 0.2956730769230769 0.75 0.25 0.75
23 0.35096153846153844 0.6586538461538461 0.39663461538461536 0.6586538461538461 0.39663461538461536 0.75 0.35096153846153844 0.75
23 0.4519230769230769 0.6586538461538461 0.5 0.6586538461538461 0.5 0.7524038461538461 0.4519230769230769 0.7524038461538461
23 0.5528846153846154 0.6586538461538461 0.5985576923076923 0.6586538461538461 0.5985576923076923 0.7524038461538461 0.5528846153846154 0.7524038461538461
23 0.6538461538461539 0.6586538461538461 0.6995192307692307 0.6586538461538461 0.6995192307692307 0.7524038461538461 0.6538461538461539 0.7524038461538461
23 0.03365384615384615 0.875 0.11298076923076923 0.875 0.11298076923076923 0.90625 0.03365384615384615 0.90625
8 0.03365384615384615 0.90625 0.11298076923076923 0.90625 0.11298076923076923 1 0.03365384615384615 1
23 0.7355769230769231 0 0.9519230769230769 0 0.9519230769230769 0.04326923076923077 0.7355769230769231 0.04326923076923077
23 0.08413461538461539 0 0.15865384615384615 0 0.15865384615384615 0.04326923076923077 0.08413461538461539 0.04326923076923077
23 0.6538461538461539 0.01201923076923077 0.6826923076923077 0.01201923076923077 0.6826923076923077 0.03365384615384615 0.6538461538461539 0.03365384615384615
23 0.30528846153846156 0.01201923076923077 0.33413461538461536 0.01201923076923077 0.33413461538461536 0.03365384615384615 0.30528846153846156 0.03365384615384615
23 0.34134615384615385 0.01201923076923077 0.37259615384615385 0.01201923076923077 0.37259615384615385 0.03365384615384615 0.34134615384615385 0.03365384615384615
23 0.4375 0.01201923076923077 0.46634615384615385 0.01201923076923077 0.46634615384615385 0.03365384615384615 0.4375 0.03365384615384615
23 0.47596153846153844 0.01201923076923077 0.5048076923076923 0.01201923076923077 0.5048076923076923 0.03365384615384615 0.47596153846153844 0.03365384615384615
23 0.6153846153846154 0.01201923076923077 0.6418269230769231 0.01201923076923077 0.6418269230769231 0.03365384615384615 0.6153846153846154 0.03365384615384615
19 0 0 0.9927884615384616 0 0.9927884615384616 0.06009615384615385 0 0.06009615384615385
12 0.007211538461538462 0.07932692307692307 0.9879807692307693 0.07932692307692307 0.9879807692307693 0.09615384615384616 0.007211538461538462 0.09615384615384616
12 0.014423076923076924 0.7908653846153846 0.96875 0.7908653846153846 0.96875 0.8076923076923077 0.014423076923076924 0.8076923076923077
12 0.014423076923076924 0.6201923076923077 0.9663461538461539 0.6201923076923077 0.9663461538461539 0.6370192307692307 0.014423076923076924 0.6370192307692307
12 0.016826923076923076 0.44471153846153844 0.9663461538461539 0.44471153846153844 0.9663461538461539 0.46153846153846156 0.016826923076923076 0.46153846153846156
12 0.016826923076923076 0.27884615384615385 0.9663461538461539 0.27884615384615385 0.9663461538461539 0.2956730769230769 0.016826923076923076 0.2956730769230769
22 0.021634615384615384 0.002403846153846154 0.9615384615384616 0.002403846153846154 0.9615384615384616 0.07932692307692307 0.021634615384615384 0.07932692307692307
15 0.014423076923076924 0.8076923076923077 0.96875 0.8076923076923077 0.96875 1 0.014423076923076924 1
11 0.014423076923076924 0.6370192307692307 0.96875 0.6370192307692307 0.96875 0.7908653846153846 0.014423076923076924 0.7908653846153846
11 0.016826923076923076 0.46153846153846156 0.9663461538461539 0.46153846153846156 0.9663461538461539 0.6201923076923077 0.016826923076923076 0.6201923076923077
11 0.016826923076923076 0.2956730769230769 0.9663461538461539 0.2956730769230769 0.9663461538461539 0.44471153846153844 0.016826923076923076 0.44471153846153844
11 0.016826923076923076 0.09615384615384616 0.9663461538461539 0.09615384615384616 0.9663461538461539 0.27884615384615385 0.016826923076923076 0.27884615384615385
2 0 0 0.9951923076923077 0 0.9951923076923077 1 0 1
10 0 0 0.9951923076923077 0 0.9951923076923077 1 0 1