23 0.8052884615384616 0.16105769230769232 0.8461538461538461 0.16105769230769232 0.8461538461538461 0.2403846153846154 0.8052884615384616 0.2403846153846154
23 0.11778846153846154 0.16105769230769232 0.15865384615384615 0.16105769230769232 0.15865384615384615 0.2403846153846154 0.11778846153846154 0.2403846153846154
23 0.2668269230769231 0.16105769230769232 0.3076923076923077 0.16105769230769232 0.3076923076923077 0.2403846153846154 0.2668269230769231 0.2403846153846154
23 0.3701923076923077 0.16105769230769232 0.4110576923076923 0.16105769230769232 0.4110576923076923 0.2403846153846154 0.3701923076923077 0.2403846153846154
23 0.5456730769230769 0.16105769230769232 0.5865384615384616 0.16105769230769232 0.5865384615384616 0.2403846153846154 0.5456730769230769 0.2403846153846154
23 0.6514423076923077 0.16105769230769232 0.6923076923076923 0.16105769230769232 0.6923076923076923 0.2403846153846154 0.6514423076923077 0.2403846153846154
23 0.8028846153846154 0.39903846153846156 0.84375 0.39903846153846156 0.84375 0.5817307692307693 0.8028846153846154 0.5817307692307693
23 0.11538461538461539 0.40384615384615385 0.15625 0.40384615384615385 0.15625 0.5865384615384616 0.11538461538461539 0.5865384615384616
23 0.25961538461538464 0.6826923076923077 0.31009615384615385 0.6826923076923077 0.31009615384615385 0.8245192307692307 0.25961538461538464 0.8245192307692307
23 0.11057692307692307 0.6826923076923077 0.16105769230769232 0.6826923076923077 0.16105769230769232 0.8245192307692307 0.11057692307692307 0.8245192307692307
23 0.5384615384615384 0.6826923076923077 0.5889423076923077 0.6826923076923077 0.5889423076923077 0.8221153846153846 0.5384615384615384 0.8221153846153846
23 0.36538461538461536 0.6826923076923077 0.41346153846153844 0.6826923076923077 0.41346153846153844 0.8221153846153846 0.36538461538461536 0.8221153846153846
23 0.7980769230769231 0.6802884615384616 0.8485576923076923 0.6802884615384616 0.8485576923076923 0.8221153846153846 0.7980769230769231 0.8221153846153846
23 0.6442307692307693 0.6802884615384616 0.6947115384615384 0.6802884615384616 0.6947115384615384 0.8221153846153846 0.6442307692307693 0.8221153846153846
23 0.2644230769230769 0.4014423076923077 0.30528846153846156 0.4014423076923077 0.30528846153846156 0.5865384615384616 0.2644230769230769 0.5865384615384616
23 0.6490384615384616 0.39903846153846156 0.6899038461538461 0.39903846153846156 0.6899038461538461 0.5817307692307693 0.6490384615384616 0.5817307692307693
4 0.3245192307692308 0.20673076923076922 0.6298076923076923 0.20673076923076922 0.6298076923076923 0.3173076923076923 0.3245192307692308 0.3173076923076923
23 0.5336538461538461 0.375 0.5961538461538461 0.375 0.5961538461538461 0.49038461538461536 0.5336538461538461 0.49038461538461536
23 0.3605769230769231 0.375 0.4206730769230769 0.375 0.4206730769230769 0.49038461538461536 0.3605769230769231 0.49038461538461536
23 0.44711538461538464 0.375 0.5096153846153846 0.375 0.5096153846153846 0.49038461538461536 0.44711538461538464 0.49038461538461536
17 0.33653846153846156 0.35336538461538464 0.3557692307692308 0.35336538461538464 0.3557692307692308 0.6201923076923077 0.33653846153846156 0.6201923076923077
17 0.5120192307692307 0.35336538461538464 0.53125 0.35336538461538464 0.53125 0.6201923076923077 0.5120192307692307 0.6201923076923077
17 0.4230769230769231 0.35336538461538464 0.44471153846153844 0.35336538461538464 0.44471153846153844 0.6201923076923077 0.4230769230769231 0.6201923076923077
17 0.5985576923076923 0.35336538461538464 0.6201923076923077 0.35336538461538464 0.6201923076923077 0.6201923076923077 0.5985576923076923 0.6201923076923077
16 0.07932692307692307 0.10576923076923077 0.8894230769230769 0.10576923076923077 0.8894230769230769 0.1346153846153846 0.07932692307692307 0.1346153846153846
5 0.47596153846153844 0.3557692307692308 0.4831730769230769 0.3557692307692308 0.4831730769230769 0.3798076923076923 0.47596153846153844 0.3798076923076923
5 0.5600961538461539 0.3557692307692308 0.5697115384615384 0.3557692307692308 0.5697115384615384 0.37740384615384615 0.5600961538461539 0.37740384615384615
5 0.38461538461538464 0.3581730769230769 0.3942307692307692 0.3581730769230769 0.3942307692307692 0.3798076923076923 0.38461538461538464 0.3798076923076923
0 0.3269230769230769 0.5697115384615384 0.6225961538461539 0.5697115384615384 0.6225961538461539 0.6322115384615384 0.3269230769230769 0.6322115384615384
8 0.5336538461538461 0.49278846153846156 0.5961538461538461 0.49278846153846156 0.5961538461538461 0.6225961538461539 0.5336538461538461 0.6225961538461539
8 0.3605769230769231 0.49278846153846156 0.4206730769230769 0.49278846153846156 0.4206730769230769 0.6225961538461539 0.3605769230769231 0.6225961538461539
8 0.44711538461538464 0.49278846153846156 0.5096153846153846 0.49278846153846156 0.5096153846153846 0.6225961538461539 0.44711538461538464 0.6225961538461539
8 0.4423076923076923 0.6802884615384616 0.5096153846153846 0.6802884615384616 0.5096153846153846 0.8798076923076923 0.4423076923076923 0.8798076923076923
17 0.3317307692307692 0.6370192307692307 0.3581730769230769 0.6370192307692307 0.3581730769230769 0.8846153846153846 0.3317307692307692 0.8846153846153846
17 0.5961538461538461 0.6346153846153846 0.6201923076923077 0.6346153846153846 0.6201923076923077 0.8822115384615384 0.5961538461538461 0.8822115384615384
12 0.08413461538461539 0.30528846153846156 0.8798076923076923 0.30528846153846156 0.8798076923076923 0.31971153846153844 0.08413461538461539 0.31971153846153844
22 0.08653846153846154 0.12980769230769232 0.8822115384615384 0.12980769230769232 0.8822115384615384 0.3173076923076923 0.08653846153846154 0.3173076923076923
12 0.08413461538461539 0.6225961538461539 0.8798076923076923 0.6225961538461539 0.8798076923076923 0.6370192307692307 0.08413461538461539 0.6370192307692307
15 0.08653846153846154 0.6346153846153846 0.8822115384615384 0.6346153846153846 0.8822115384615384 0.8822115384615384 0.08653846153846154 0.8822115384615384
11 0.08653846153846154 0.3173076923076923 0.8822115384615384 0.3173076923076923 0.8822115384615384 0.6346153846153846 0.08653846153846154 0.6346153846153846
2 0.07932692307692307 0.002403846153846154 0.8894230769230769 0.002403846153846154 0.8894230769230769 0.8822115384615384 0.07932692307692307 0.8822115384615384
19 0.07932692307692307 0.07451923076923077 0.8846153846153846 0.07451923076923077 0.8846153846153846 0.11538461538461539 0.07932692307692307 0.11538461538461539
10 0.07932692307692307 0.002403846153846154 0.8918269230769231 0.002403846153846154 0.8918269230769231 0.8822115384615384 0.07932692307692307 0.8822115384615384