23 0.8485576923076923 0.18028846153846154 0.9182692307692307 0.18028846153846154 0.9182692307692307 0.2692307692307692 0.8485576923076923 0.2692307692307692
23 0.07451923076923077 0.18028846153846154 0.1466346153846154 0.18028846153846154 0.1466346153846154 0.2692307692307692 0.07451923076923077 0.2692307692307692
23 0.2668269230769231 0.18028846153846154 0.3389423076923077 0.18028846153846154 0.3389423076923077 0.2692307692307692 0.2668269230769231 0.2692307692307692
23 0.46153846153846156 0.18028846153846154 0.53125 0.18028846153846154 0.53125 0.2692307692307692 0.46153846153846156 0.2692307692307692
23 0.65625 0.18028846153846154 0.7259615384615384 0.18028846153846154 0.7259615384615384 0.2692307692307692 0.65625 0.2692307692307692
23 0.07692307692307693 0.34615384615384615 0.1466346153846154 0.34615384615384615 0.1466346153846154 0.5528846153846154 0.07692307692307693 0.5528846153846154
23 0.8485576923076923 0.34615384615384615 0.9182692307692307 0.34615384615384615 0.9182692307692307 0.5528846153846154 0.8485576923076923 0.5528846153846154
23 0.65625 0.34615384615384615 0.7259615384615384 0.34615384615384615 0.7259615384615384 0.5528846153846154 0.65625 0.5528846153846154
23 0.4639423076923077 0.34615384615384615 0.5336538461538461 0.34615384615384615 0.5336538461538461 0.5528846153846154 0.4639423076923077 0.5528846153846154
23 0.2692307692307692 0.34615384615384615 0.3389423076923077 0.34615384615384615 0.3389423076923077 0.5528846153846154 0.2692307692307692 0.5528846153846154
23 0.84375 0.6394230769230769 0.9086538461538461 0.6394230769230769 0.9086538461538461 0.7403846153846154 0.84375 0.7403846153846154
23 0.10336538461538461 0.6394230769230769 0.16826923076923078 0.6394230769230769 0.16826923076923078 0.7403846153846154 0.10336538461538461 0.7403846153846154
23 0.2764423076923077 0.6370192307692307 0.34134615384615385 0.6370192307692307 0.34134615384615385 0.7403846153846154 0.2764423076923077 0.7403846153846154
8 0.84375 0.7716346153846154 0.9086538461538461 0.7716346153846154 0.9086538461538461 0.9326923076923077 0.84375 0.9326923076923077
8 0.2764423076923077 0.7716346153846154 0.34134615384615385 0.7716346153846154 0.34134615384615385 0.9350961538461539 0.2764423076923077 0.9350961538461539
8 0.10576923076923077 0.7740384615384616 0.17067307692307693 0.7740384615384616 0.17067307692307693 0.9375 0.10576923076923077 0.9375
8 0.6730769230769231 0.7716346153846154 0.7379807692307693 0.7716346153846154 0.7379807692307693 0.9399038461538461 0.6730769230769231 0.9399038461538461
23 0.6730769230769231 0.6394230769230769 0.7379807692307693 0.6394230769230769 0.7379807692307693 0.7403846153846154 0.6730769230769231 0.7403846153846154
21 0.09615384615384616 0.7403846153846154 0.17548076923076922 0.7403846153846154 0.17548076923076922 0.7524038461538461 0.09615384615384616 0.7524038461538461
21 0.8365384615384616 0.7379807692307693 0.9158653846153846 0.7379807692307693 0.9158653846153846 0.75 0.8365384615384616 0.75
21 0.6658653846153846 0.7403846153846154 0.7451923076923077 0.7403846153846154 0.7451923076923077 0.75 0.6658653846153846 0.75
21 0.4951923076923077 0.7403846153846154 0.5769230769230769 0.7403846153846154 0.5769230769230769 0.75 0.4951923076923077 0.75
4 0.04326923076923077 0.27884615384615385 0.17548076923076922 0.27884615384615385 0.17548076923076922 0.3004807692307692 0.04326923076923077 0.3004807692307692
4 0.8197115384615384 0.2764423076923077 0.9495192307692307 0.2764423076923077 0.9495192307692307 0.2980769230769231 0.8197115384615384 0.2980769230769231
4 0.23798076923076922 0.2764423076923077 0.36778846153846156 0.2764423076923077 0.36778846153846156 0.3004807692307692 0.23798076923076922 0.3004807692307692
4 0.43028846153846156 0.2764423076923077 0.5600961538461539 0.2764423076923077 0.5600961538461539 0.3004807692307692 0.43028846153846156 0.3004807692307692
4 0.625 0.27884615384615385 0.7548076923076923 0.27884615384615385 0.7548076923076923 0.3004807692307692 0.625 0.3004807692307692
8 0.038461538461538464 0.6009615384615384 0.1875 0.6009615384615384 0.1875 0.9567307692307693 0.038461538461538464 0.9567307692307693
8 0.23317307692307693 0.6009615384615384 0.3798076923076923 0.6009615384615384 0.3798076923076923 0.9543269230769231 0.23317307692307693 0.9543269230769231
8 0.4254807692307692 0.6009615384615384 0.5721153846153846 0.6009615384615384 0.5721153846153846 0.9543269230769231 0.4254807692307692 0.9543269230769231
8 0.6153846153846154 0.6009615384615384 0.7644230769230769 0.6009615384615384 0.7644230769230769 0.9543269230769231 0.6153846153846154 0.9543269230769231
8 0.8100961538461539 0.6009615384615384 0.9567307692307693 0.6009615384615384 0.9567307692307693 0.9567307692307693 0.8100961538461539 0.9567307692307693
17 0.1778846153846154 0.6875 0.24278846153846154 0.6875 0.24278846153846154 0.9543269230769231 0.1778846153846154 0.9543269230769231
17 0.37259615384615385 0.6875 0.4495192307692308 0.6875 0.4495192307692308 0.9519230769230769 0.37259615384615385 0.9519230769230769
17 0.5649038461538461 0.6875 0.6322115384615384 0.6875 0.6322115384615384 0.9519230769230769 0.5649038461538461 0.9519230769230769
17 0.7572115384615384 0.6875 0.8173076923076923 0.6875 0.8173076923076923 0.9519230769230769 0.7572115384615384 0.9519230769230769
17 0.9423076923076923 0.6875 1 0.6875 1 0.9543269230769231 0.9423076923076923 0.9543269230769231
17 0 0.6899038461538461 0.055288461538461536 0.6899038461538461 0.055288461538461536 0.9567307692307693 0 0.9567307692307693
0 0 0.009615384615384616 1 0.009615384615384616 1 0.13701923076923078 0 0.13701923076923078
16 0 0.5504807692307693 1 0.5504807692307693 1 0.5841346153846154 0 0.5841346153846154
22 0 0.13701923076923078 1 0.13701923076923078 1 0.5745192307692307 0 0.5745192307692307
12 0 0.5528846153846154 1 0.5528846153846154 1 0.5745192307692307 0 0.5745192307692307
15 0 0.5745192307692307 1 0.5745192307692307 1 0.9543269230769231 0 0.9543269230769231
2 0 0.009615384615384616 1 0.009615384615384616 1 0.9543269230769231 0 0.9543269230769231
10 0 0.10336538461538461 1 0.10336538461538461 1 0.9543269230769231 0 0.9543269230769231
26 0 0.7956730769230769 0.1971153846153846 0.7956730769230769 0.1971153846153846 1 0 1
21 0.2692307692307692 0.7403846153846154 0.35096153846153844 0.7403846153846154 0.35096153846153844 0.75 0.2692307692307692 0.75