23 0.09375 0.15384615384615385 0.16105769230769232 0.15384615384615385 0.16105769230769232 0.2692307692307692 0.09375 0.2692307692307692
23 0.3173076923076923 0.15384615384615385 0.43028846153846156 0.15384615384615385 0.43028846153846156 0.2692307692307692 0.3173076923076923 0.2692307692307692
23 0.5841346153846154 0.15384615384615385 0.6971153846153846 0.15384615384615385 0.6971153846153846 0.27163461538461536 0.5841346153846154 0.27163461538461536
23 0.8533653846153846 0.15625 0.9206730769230769 0.15625 0.9206730769230769 0.27163461538461536 0.8533653846153846 0.27163461538461536
23 0.09615384615384616 0.4014423076923077 0.1658653846153846 0.4014423076923077 0.1658653846153846 0.5288461538461539 0.09615384615384616 0.5288461538461539
23 0.8533653846153846 0.4014423076923077 0.9206730769230769 0.4014423076923077 0.9206730769230769 0.5288461538461539 0.8533653846153846 0.5288461538461539
23 0.7139423076923077 0.39903846153846156 0.7836538461538461 0.39903846153846156 0.7836538461538461 0.5288461538461539 0.7139423076923077 0.5288461538461539
23 0.5432692307692307 0.39903846153846156 0.6129807692307693 0.39903846153846156 0.6129807692307693 0.5288461538461539 0.5432692307692307 0.5288461538461539
23 0.3701923076923077 0.39903846153846156 0.43990384615384615 0.39903846153846156 0.43990384615384615 0.5288461538461539 0.3701923076923077 0.5288461538461539
23 0.23076923076923078 0.39903846153846156 0.3004807692307692 0.39903846153846156 0.3004807692307692 0.5288461538461539 0.23076923076923078 0.5288461538461539
23 0.8509615384615384 0.6298076923076923 0.9206730769230769 0.6298076923076923 0.9206730769230769 0.7524038461538461 0.8509615384615384 0.7524038461538461
23 0.09615384615384616 0.6298076923076923 0.1658653846153846 0.6298076923076923 0.1658653846153846 0.7524038461538461 0.09615384615384616 0.7524038461538461
23 0.23317307692307693 0.6274038461538461 0.30288461538461536 0.6274038461538461 0.30288461538461536 0.7524038461538461 0.23317307692307693 0.7524038461538461
23 0.37259615384615385 0.6274038461538461 0.4423076923076923 0.6274038461538461 0.4423076923076923 0.7524038461538461 0.37259615384615385 0.7524038461538461
23 0.5432692307692307 0.6274038461538461 0.6129807692307693 0.6274038461538461 0.6129807692307693 0.7524038461538461 0.5432692307692307 0.7524038461538461
23 0.7139423076923077 0.6274038461538461 0.7836538461538461 0.6274038461538461 0.7836538461538461 0.7524038461538461 0.7139423076923077 0.7524038461538461
23 0.5240384615384616 0.8557692307692307 0.6442307692307693 0.8557692307692307 0.6442307692307693 1 0.5240384615384616 1
1 0.5240384615384616 0.8557692307692307 0.6442307692307693 0.8557692307692307 0.6442307692307693 1 0.5240384615384616 1
23 0.3557692307692308 0.8557692307692307 0.45913461538461536 0.8557692307692307 0.45913461538461536 1 0.3557692307692308 1
1 0.3557692307692308 0.8557692307692307 0.45913461538461536 0.8557692307692307 0.45913461538461536 1 0.3557692307692308 1
8 0.23798076923076922 0.8533653846153846 0.3076923076923077 0.8533653846153846 0.3076923076923077 1 0.23798076923076922 1
1 0.23798076923076922 0.8533653846153846 0.3076923076923077 0.8533653846153846 0.3076923076923077 1 0.23798076923076922 1
23 0.07692307692307693 0.8533653846153846 0.19230769230769232 0.8533653846153846 0.19230769230769232 1 0.07692307692307693 1
1 0.07692307692307693 0.8533653846153846 0.19230769230769232 0.8533653846153846 0.19230769230769232 1 0.07692307692307693 1
4 0.0625 0.10336538461538461 0.18509615384615385 0.10336538461538461 0.18509615384615385 0.13701923076923078 0.0625 0.13701923076923078
4 0.2860576923076923 0.0985576923076923 0.4567307692307692 0.0985576923076923 0.4567307692307692 0.1346153846153846 0.2860576923076923 0.1346153846153846
4 0.5600961538461539 0.0985576923076923 0.7283653846153846 0.0985576923076923 0.7283653846153846 0.13701923076923078 0.5600961538461539 0.13701923076923078
4 0.8317307692307693 0.10336538461538461 0.9519230769230769 0.10336538461538461 0.9519230769230769 0.13701923076923078 0.8317307692307693 0.13701923076923078
16 0.019230769230769232 0.2932692307692308 1 0.2932692307692308 1 0.35096153846153844 0.019230769230769232 0.35096153846153844
4 0.8317307692307693 0.35336538461538464 0.9519230769230769 0.35336538461538464 0.9519230769230769 0.36538461538461536 0.8317307692307693 0.36538461538461536
4 0.0625 0.35096153846153844 0.18509615384615385 0.35096153846153844 0.18509615384615385 0.36538461538461536 0.0625 0.36538461538461536
4 0.19951923076923078 0.3485576923076923 0.32211538461538464 0.3485576923076923 0.32211538461538464 0.3629807692307692 0.19951923076923078 0.3629807692307692
4 0.34375 0.3485576923076923 0.46634615384615385 0.3485576923076923 0.46634615384615385 0.3629807692307692 0.34375 0.3629807692307692
4 0.5192307692307693 0.3485576923076923 0.6418269230769231 0.3485576923076923 0.6418269230769231 0.3629807692307692 0.5192307692307693 0.3629807692307692
4 0.6923076923076923 0.3485576923076923 0.8149038461538461 0.3485576923076923 0.8149038461538461 0.3629807692307692 0.6923076923076923 0.3629807692307692
4 0.6875 0.5817307692307693 0.8197115384615384 0.5817307692307693 0.8197115384615384 0.59375 0.6875 0.59375
4 0.1971153846153846 0.5817307692307693 0.3269230769230769 0.5817307692307693 0.3269230769230769 0.59375 0.1971153846153846 0.59375
4 0.3389423076923077 0.5817307692307693 0.46875 0.5817307692307693 0.46875 0.5961538461538461 0.3389423076923077 0.5961538461538461
4 0.5144230769230769 0.5817307692307693 0.6442307692307693 0.5817307692307693 0.6442307692307693 0.5961538461538461 0.5144230769230769 0.5961538461538461
8 0.7211538461538461 0.8509615384615384 0.8918269230769231 0.8509615384615384 0.8918269230769231 1 0.7211538461538461 1
23 0.8173076923076923 0.9086538461538461 0.8557692307692307 0.9086538461538461 0.8557692307692307 0.9759615384615384 0.8173076923076923 0.9759615384615384
23 0.7331730769230769 0.9086538461538461 0.7740384615384616 0.9086538461538461 0.7740384615384616 0.9759615384615384 0.7331730769230769 0.9759615384615384
4 0.8221153846153846 0.5456730769230769 0.9519230769230769 0.5456730769230769 0.9519230769230769 0.6129807692307693 0.8221153846153846 0.6129807692307693
4 0.06009615384615385 0.5432692307692307 0.19471153846153846 0.5432692307692307 0.19471153846153846 0.6129807692307693 0.06009615384615385 0.6129807692307693
5 0.06009615384615385 0.36778846153846156 0.19471153846153846 0.36778846153846156 0.19471153846153846 0.3894230769230769 0.06009615384615385 0.3894230769230769
5 0.7043269230769231 0.37259615384615385 0.7956730769230769 0.37259615384615385 0.7956730769230769 0.3870192307692308 0.7043269230769231 0.3870192307692308
5 0.21875 0.3701923076923077 0.31009615384615385 0.3701923076923077 0.31009615384615385 0.38461538461538464 0.21875 0.38461538461538464
5 0.3581730769230769 0.3701923076923077 0.4495192307692308 0.3701923076923077 0.4495192307692308 0.38461538461538464 0.3581730769230769 0.38461538461538464
5 0.5336538461538461 0.3701923076923077 0.625 0.3701923076923077 0.625 0.38461538461538464 0.5336538461538461 0.38461538461538464
5 0.8245192307692307 0.3701923076923077 0.9519230769230769 0.3701923076923077 0.9519230769230769 0.3942307692307692 0.8245192307692307 0.3942307692307692
5 0.06490384615384616 0.3894230769230769 0.08173076923076923 0.3894230769230769 0.08173076923076923 0.5288461538461539 0.06490384615384616 0.5288461538461539
5 0.9302884615384616 0.3942307692307692 0.9495192307692307 0.3942307692307692 0.9495192307692307 0.5288461538461539 0.9302884615384616 0.5288461538461539
5 0.8245192307692307 0.3918269230769231 0.8413461538461539 0.3918269230769231 0.8413461538461539 0.5288461538461539 0.8245192307692307 0.5288461538461539
5 0.1778846153846154 0.3894230769230769 0.19471153846153846 0.3894230769230769 0.19471153846153846 0.5288461538461539 0.1778846153846154 0.5288461538461539
5 0.23557692307692307 0.8389423076923077 0.31009615384615385 0.8389423076923077 0.31009615384615385 0.8509615384615384 0.23557692307692307 0.8509615384615384
5 0.7067307692307693 0.6033653846153846 0.7932692307692307 0.6033653846153846 0.7932692307692307 0.6201923076923077 0.7067307692307693 0.6201923076923077
5 0.22355769230769232 0.6009615384615384 0.3076923076923077 0.6009615384615384 0.3076923076923077 0.6177884615384616 0.22355769230769232 0.6177884615384616
5 0.36538461538461536 0.6033653846153846 0.4495192307692308 0.6033653846153846 0.4495192307692308 0.6201923076923077 0.36538461538461536 0.6201923076923077
5 0.5360576923076923 0.6033653846153846 0.6225961538461539 0.6033653846153846 0.6225961538461539 0.6201923076923077 0.5360576923076923 0.6201923076923077
23 0.15625 0.06971153846153846 0.20673076923076922 0.06971153846153846 0.20673076923076922 0.12740384615384615 0.15625 0.12740384615384615
23 0.35096153846153844 0.07211538461538461 0.39663461538461536 0.07211538461538461 0.39663461538461536 0.12980769230769232 0.35096153846153844 0.12980769230769232
23 0.47596153846153844 0.07211538461538461 0.5216346153846154 0.07211538461538461 0.5216346153846154 0.12980769230769232 0.47596153846153844 0.12980769230769232
23 0.6009615384615384 0.07211538461538461 0.6490384615384616 0.07211538461538461 0.6490384615384616 0.12259615384615384 0.6009615384615384 0.12259615384615384
23 0.7884615384615384 0.07211538461538461 0.8413461538461539 0.07211538461538461 0.8413461538461539 0.13221153846153846 0.7884615384615384 0.13221153846153846
12 0.026442307692307692 0.7764423076923077 0.9903846153846154 0.7764423076923077 0.9903846153846154 0.7932692307692307 0.026442307692307692 0.7932692307692307
12 0.026442307692307692 0.5504807692307693 0.9903846153846154 0.5504807692307693 0.9903846153846154 0.5673076923076923 0.026442307692307692 0.5673076923076923
15 0.026442307692307692 0.7932692307692307 0.9903846153846154 0.7932692307692307 0.9903846153846154 0.9975961538461539 0.026442307692307692 0.9975961538461539
12 0.026442307692307692 0.28846153846153844 0.9903846153846154 0.28846153846153844 0.9903846153846154 0.30528846153846156 0.026442307692307692 0.30528846153846156
11 0.026442307692307692 0.30528846153846156 0.9903846153846154 0.30528846153846156 0.9903846153846154 0.5673076923076923 0.026442307692307692 0.5673076923076923
11 0.026442307692307692 0.5673076923076923 0.9903846153846154 0.5673076923076923 0.9903846153846154 0.7932692307692307 0.026442307692307692 0.7932692307692307
22 0.02403846153846154 0.040865384615384616 0.9855769230769231 0.040865384615384616 0.9855769230769231 0.30528846153846156 0.02403846153846154 0.30528846153846156
19 0.03125 0.040865384615384616 0.9831730769230769 0.040865384615384616 0.9831730769230769 0.27403846153846156 0.03125 0.27403846153846156
2 0.004807692307692308 0.007211538461538462 1 0.007211538461538462 1 0.9975961538461539 0.004807692307692308 0.9975961538461539
10 0.02403846153846154 0.27163461538461536 0.9927884615384616 0.27163461538461536 0.9927884615384616 0.9975961538461539 0.02403846153846154 0.9975961538461539