23 0.04326923076923077 0.6442307692307693 0.16346153846153846 0.6442307692307693 0.16346153846153846 0.8533653846153846 0.04326923076923077 0.8533653846153846
23 0.3125 0.23317307692307693 0.43509615384615385 0.23317307692307693 0.43509615384615385 0.4423076923076923 0.3125 0.4423076923076923
23 0.6706730769230769 0.23317307692307693 0.84375 0.23317307692307693 0.84375 0.4423076923076923 0.6706730769230769 0.4423076923076923
23 0.65625 0.6442307692307693 0.8629807692307693 0.6442307692307693 0.8629807692307693 0.8533653846153846 0.65625 0.8533653846153846
23 0.31009615384615385 0.6442307692307693 0.42788461538461536 0.6442307692307693 0.42788461538461536 0.8533653846153846 0.31009615384615385 0.8533653846153846
23 0 0.17548076923076922 0.03365384615384615 0.17548076923076922 0.03365384615384615 0.40384615384615385 0 0.40384615384615385
23 0.7860576923076923 0 0.8701923076923077 0 0.8701923076923077 0.038461538461538464 0.7860576923076923 0.038461538461538464
23 0.31490384615384615 0 0.4326923076923077 0 0.4326923076923077 0.038461538461538464 0.31490384615384615 0.038461538461538464
23 0.6514423076923077 0 0.7379807692307693 0 0.7379807692307693 0.038461538461538464 0.6514423076923077 0.038461538461538464
16 0 0.04567307692307692 1 0.04567307692307692 1 0.19951923076923078 0 0.19951923076923078
16 0 0.5144230769230769 0.20192307692307693 0.5144230769230769 0.20192307692307693 0.6322115384615384 0 0.6322115384615384
4 0.5384615384615384 0.5432692307692307 0.9831730769230769 0.5432692307692307 0.9831730769230769 0.6346153846153846 0.5384615384615384 0.6346153846153846
21 0.021634615384615384 0.8557692307692307 0.17548076923076922 0.8557692307692307 0.17548076923076922 0.8870192307692307 0.021634615384615384 0.8870192307692307
21 0.29086538461538464 0.8557692307692307 0.4423076923076923 0.8557692307692307 0.4423076923076923 0.8846153846153846 0.29086538461538464 0.8846153846153846
21 0.6394230769230769 0.8557692307692307 0.8822115384615384 0.8557692307692307 0.8822115384615384 0.8822115384615384 0.6394230769230769 0.8822115384615384
16 0.31009615384615385 0.055288461538461536 0.43509615384615385 0.055288461538461536 0.43509615384615385 0.10576923076923077 0.31009615384615385 0.10576923076923077
16 0 0 0.10336538461538461 0 0.10336538461538461 0.04567307692307692 0 0.04567307692307692
16 0.5985576923076923 0.019230769230769232 0.9326923076923077 0.019230769230769232 0.9326923076923077 0.10336538461538461 0.5985576923076923 0.10336538461538461
11 0.002403846153846154 0.5432692307692307 0.9735576923076923 0.5432692307692307 0.9735576923076923 1 0.002403846153846154 1
12 0.002403846153846154 0.5240384615384616 0.9735576923076923 0.5240384615384616 0.9735576923076923 0.5432692307692307 0.002403846153846154 0.5432692307692307
12 0.002403846153846154 0.10817307692307693 0.9735576923076923 0.10817307692307693 0.9735576923076923 0.12740384615384615 0.002403846153846154 0.12740384615384615
11 0 0 0.9711538461538461 0 0.9711538461538461 0.10817307692307693 0 0.10817307692307693
11 0.002403846153846154 0.12740384615384615 0.9735576923076923 0.12740384615384615 0.9735576923076923 0.5240384615384616 0.002403846153846154 0.5240384615384616
2 0 0 1 0 1 1 0 1
10 0 0 0.9711538461538461 0 0.9711538461538461 0.9975961538461539 0 0.9975961538461539