23 0.6802884615384616 0.5048076923076923 0.78125 0.5048076923076923 0.78125 0.5961538461538461 0.6802884615384616 0.5961538461538461
23 0.14903846153846154 0.5048076923076923 0.25 0.5048076923076923 0.25 0.5961538461538461 0.14903846153846154 0.5961538461538461
23 0.3269230769230769 0.5048076923076923 0.42788461538461536 0.5048076923076923 0.42788461538461536 0.5961538461538461 0.3269230769230769 0.5961538461538461
23 0.5024038461538461 0.5048076923076923 0.6033653846153846 0.5048076923076923 0.6033653846153846 0.5961538461538461 0.5024038461538461 0.5961538461538461
23 0.5576923076923077 0.2692307692307692 0.6057692307692307 0.2692307692307692 0.6057692307692307 0.3389423076923077 0.5576923076923077 0.3389423076923077
23 0.49278846153846156 0.2692307692307692 0.5432692307692307 0.2692307692307692 0.5432692307692307 0.3389423076923077 0.49278846153846156 0.3389423076923077
23 0.3870192307692308 0.2692307692307692 0.43509615384615385 0.2692307692307692 0.43509615384615385 0.3389423076923077 0.3870192307692308 0.3389423076923077
23 0.32211538461538464 0.2692307692307692 0.3701923076923077 0.2692307692307692 0.3701923076923077 0.3389423076923077 0.32211538461538464 0.3389423076923077
23 0.5576923076923077 0.2283653846153846 0.6081730769230769 0.2283653846153846 0.6081730769230769 0.2644230769230769 0.5576923076923077 0.2644230769230769
23 0.49278846153846156 0.2283653846153846 0.5432692307692307 0.2283653846153846 0.5432692307692307 0.2644230769230769 0.49278846153846156 0.2644230769230769
23 0.3870192307692308 0.2283653846153846 0.4375 0.2283653846153846 0.4375 0.2644230769230769 0.3870192307692308 0.2644230769230769
23 0.32211538461538464 0.2283653846153846 0.37259615384615385 0.2283653846153846 0.37259615384615385 0.2644230769230769 0.32211538461538464 0.2644230769230769
8 0.14903846153846154 0.7379807692307693 0.25 0.7379807692307693 0.25 0.8894230769230769 0.14903846153846154 0.8894230769230769
23 0.14903846153846154 0.7019230769230769 0.25 0.7019230769230769 0.25 0.7451923076923077 0.14903846153846154 0.7451923076923077
8 0.3245192307692308 0.7379807692307693 0.4254807692307692 0.7379807692307693 0.4254807692307692 0.8894230769230769 0.3245192307692308 0.8894230769230769
23 0.3245192307692308 0.7019230769230769 0.4254807692307692 0.7019230769230769 0.4254807692307692 0.7451923076923077 0.3245192307692308 0.7451923076923077
8 0.6778846153846154 0.7379807692307693 0.7788461538461539 0.7379807692307693 0.7788461538461539 0.8894230769230769 0.6778846153846154 0.8894230769230769
23 0.6778846153846154 0.7019230769230769 0.7788461538461539 0.7019230769230769 0.7788461538461539 0.7451923076923077 0.6778846153846154 0.7451923076923077
8 0.5024038461538461 0.7379807692307693 0.6009615384615384 0.7379807692307693 0.6009615384615384 0.8894230769230769 0.5024038461538461 0.8894230769230769
23 0.5024038461538461 0.7019230769230769 0.6009615384615384 0.7019230769230769 0.6009615384615384 0.7451923076923077 0.5024038461538461 0.7451923076923077
4 0.6514423076923077 0.65625 0.8076923076923077 0.65625 0.8076923076923077 0.6730769230769231 0.6514423076923077 0.6730769230769231
4 0.1201923076923077 0.6538461538461539 0.2764423076923077 0.6538461538461539 0.2764423076923077 0.6706730769230769 0.1201923076923077 0.6706730769230769
4 0.4735576923076923 0.6538461538461539 0.6298076923076923 0.6538461538461539 0.6298076923076923 0.6730769230769231 0.4735576923076923 0.6730769230769231
4 0.2980769230769231 0.6538461538461539 0.4519230769230769 0.6538461538461539 0.4519230769230769 0.6730769230769231 0.2980769230769231 0.6730769230769231
4 0.6394230769230769 0.42788461538461536 0.8173076923076923 0.42788461538461536 0.8173076923076923 0.5048076923076923 0.6394230769230769 0.5048076923076923
4 0.11057692307692307 0.42788461538461536 0.28846153846153844 0.42788461538461536 0.28846153846153844 0.5048076923076923 0.11057692307692307 0.5048076923076923
4 0.2860576923076923 0.42788461538461536 0.4639423076923077 0.42788461538461536 0.4639423076923077 0.5048076923076923 0.2860576923076923 0.5048076923076923
4 0.4639423076923077 0.42788461538461536 0.6418269230769231 0.42788461538461536 0.6418269230769231 0.5048076923076923 0.4639423076923077 0.5048076923076923
16 0.07451923076923077 0.35096153846153844 0.8557692307692307 0.35096153846153844 0.8557692307692307 0.38221153846153844 0.07451923076923077 0.38221153846153844
16 0.3173076923076923 0.18509615384615385 0.6129807692307693 0.18509615384615385 0.6129807692307693 0.20192307692307693 0.3173076923076923 0.20192307692307693
4 0.35336538461538464 0.0673076923076923 0.5793269230769231 0.0673076923076923 0.5793269230769231 0.125 0.35336538461538464 0.125
5 0.37740384615384615 0.08653846153846154 0.5552884615384616 0.08653846153846154 0.5552884615384616 0.11538461538461539 0.37740384615384615 0.11538461538461539
5 0.37259615384615385 0.1201923076923077 0.5576923076923077 0.1201923076923077 0.5576923076923077 0.18028846153846154 0.37259615384615385 0.18028846153846154
4 0.15144230769230768 0.21634615384615385 0.2403846153846154 0.21634615384615385 0.2403846153846154 0.25961538461538464 0.15144230769230768 0.25961538461538464
4 0.6850961538461539 0.21634615384615385 0.7740384615384616 0.21634615384615385 0.7740384615384616 0.25961538461538464 0.6850961538461539 0.25961538461538464
5 0.8052884615384616 0.4254807692307692 0.8341346153846154 0.4254807692307692 0.8341346153846154 0.45913461538461536 0.8052884615384616 0.45913461538461536
5 0.09375 0.4254807692307692 0.125 0.4254807692307692 0.125 0.45913461538461536 0.09375 0.45913461538461536
5 0.27403846153846156 0.4230769230769231 0.30288461538461536 0.4230769230769231 0.30288461538461536 0.45913461538461536 0.27403846153846156 0.45913461538461536
5 0.4495192307692308 0.4254807692307692 0.4807692307692308 0.4254807692307692 0.4807692307692308 0.45913461538461536 0.4495192307692308 0.45913461538461536
5 0.625 0.4254807692307692 0.65625 0.4254807692307692 0.65625 0.45913461538461536 0.625 0.45913461538461536
21 0.6634615384615384 0.5961538461538461 0.7956730769230769 0.5961538461538461 0.7956730769230769 0.6225961538461539 0.6634615384615384 0.6225961538461539
21 0.13221153846153846 0.5961538461538461 0.2644230769230769 0.5961538461538461 0.2644230769230769 0.6201923076923077 0.13221153846153846 0.6201923076923077
21 0.31009615384615385 0.5961538461538461 0.4423076923076923 0.5961538461538461 0.4423076923076923 0.6225961538461539 0.31009615384615385 0.6225961538461539
21 0.4855769230769231 0.5961538461538461 0.6177884615384616 0.5961538461538461 0.6177884615384616 0.6201923076923077 0.4855769230769231 0.6201923076923077
16 0.11538461538461539 0.9038461538461539 0.8149038461538461 0.9038461538461539 0.8149038461538461 0.9182692307692307 0.11538461538461539 0.9182692307692307
0 0.07451923076923077 0.8197115384615384 0.8533653846153846 0.8197115384615384 0.8533653846153846 0.9038461538461539 0.07451923076923077 0.9038461538461539
19 0.06490384615384616 0.1658653846153846 0.8509615384615384 0.1658653846153846 0.8509615384615384 0.19471153846153846 0.06490384615384616 0.19471153846153846
17 0.2860576923076923 0.21634615384615385 0.3245192307692308 0.21634615384615385 0.3245192307692308 0.3293269230769231 0.2860576923076923 0.3293269230769231
17 0.44711538461538464 0.21394230769230768 0.4855769230769231 0.21394230769230768 0.4855769230769231 0.3293269230769231 0.44711538461538464 0.3293269230769231
17 0.6057692307692307 0.21634615384615385 0.6442307692307693 0.21634615384615385 0.6442307692307693 0.3293269230769231 0.6057692307692307 0.3293269230769231
23 0.13221153846153846 0.9615384615384616 0.18990384615384615 0.9615384615384616 0.18990384615384615 1 0.13221153846153846 1
23 0.5480769230769231 0.9543269230769231 0.6129807692307693 0.9543269230769231 0.6129807692307693 1 0.5480769230769231 1
23 0.625 0.9591346153846154 0.6923076923076923 0.9591346153846154 0.6923076923076923 1 0.625 1
23 0.7163461538461539 0.9591346153846154 0.8004807692307693 0.9591346153846154 0.8004807692307693 1 0.7163461538461539 1
23 0.20192307692307693 0.9543269230769231 0.2644230769230769 0.9543269230769231 0.2644230769230769 1 0.20192307692307693 1
23 0.2764423076923077 0.9591346153846154 0.34375 0.9591346153846154 0.34375 1 0.2764423076923077 1
23 0.46875 0.9615384615384616 0.5360576923076923 0.9615384615384616 0.5360576923076923 1 0.46875 1
23 0.3701923076923077 0.9615384615384616 0.4423076923076923 0.9615384615384616 0.4423076923076923 1 0.3701923076923077 1
26 0.05048076923076923 0.47836538461538464 0.13701923076923078 0.47836538461538464 0.13701923076923078 1 0.05048076923076923 1
26 0.7932692307692307 0.9110576923076923 0.8629807692307693 0.9110576923076923 0.8629807692307693 1 0.7932692307692307 1
15 0.07932692307692307 0.90625 0.8485576923076923 0.90625 0.8485576923076923 1 0.07932692307692307 1
12 0.07932692307692307 0.8918269230769231 0.8485576923076923 0.8918269230769231 0.8485576923076923 0.90625 0.07932692307692307 0.90625
12 0.07932692307692307 0.6394230769230769 0.8485576923076923 0.6394230769230769 0.8485576923076923 0.6538461538461539 0.07932692307692307 0.6538461538461539
12 0.07932692307692307 0.35096153846153844 0.8485576923076923 0.35096153846153844 0.8485576923076923 0.36538461538461536 0.07932692307692307 0.36538461538461536
22 0.07932692307692307 0.19230769230769232 0.8485576923076923 0.19230769230769232 0.8485576923076923 0.36538461538461536 0.07932692307692307 0.36538461538461536
11 0.07932692307692307 0.36538461538461536 0.8485576923076923 0.36538461538461536 0.8485576923076923 0.6538461538461539 0.07932692307692307 0.6538461538461539
11 0.07932692307692307 0.6538461538461539 0.8485576923076923 0.6538461538461539 0.8485576923076923 0.90625 0.07932692307692307 0.90625
2 0.06490384615384616 0.019230769230769232 0.8581730769230769 0.019230769230769232 0.8581730769230769 1 0.06490384615384616 1
10 0.07932692307692307 0.19230769230769232 0.8485576923076923 0.19230769230769232 0.8485576923076923 0.9975961538461539 0.07932692307692307 0.9975961538461539