23 0.84375 0.14182692307692307 0.90625 0.14182692307692307 0.90625 0.31009615384615385 0.84375 0.31009615384615385
23 0.08413461538461539 0.5673076923076923 0.15384615384615385 0.5673076923076923 0.15384615384615385 0.7692307692307693 0.08413461538461539 0.7692307692307693
23 0.27403846153846156 0.14182692307692307 0.3389423076923077 0.14182692307692307 0.3389423076923077 0.30528846153846156 0.27403846153846156 0.30528846153846156
23 0.46634615384615385 0.14182692307692307 0.5288461538461539 0.14182692307692307 0.5288461538461539 0.31009615384615385 0.46634615384615385 0.31009615384615385
23 0.0889423076923077 0.14182692307692307 0.15144230769230768 0.14182692307692307 0.15144230769230768 0.30288461538461536 0.0889423076923077 0.30288461538461536
23 0.6490384615384616 0.5769230769230769 0.71875 0.5769230769230769 0.71875 0.7740384615384616 0.6490384615384616 0.7740384615384616
23 0.46153846153846156 0.5673076923076923 0.53125 0.5673076923076923 0.53125 0.7692307692307693 0.46153846153846156 0.7692307692307693
23 0.27403846153846156 0.5673076923076923 0.34375 0.5673076923076923 0.34375 0.7692307692307693 0.27403846153846156 0.7692307692307693
23 0.6538461538461539 0.14182692307692307 0.7163461538461539 0.14182692307692307 0.7163461538461539 0.31009615384615385 0.6538461538461539 0.31009615384615385
21 0.8341346153846154 0.3269230769230769 0.9206730769230769 0.3269230769230769 0.9206730769230769 0.34134615384615385 0.8341346153846154 0.34134615384615385
21 0.6394230769230769 0.7932692307692307 0.7355769230769231 0.7932692307692307 0.7355769230769231 0.8100961538461539 0.6394230769230769 0.8100961538461539
21 0.2620192307692308 0.3269230769230769 0.3485576923076923 0.3269230769230769 0.3485576923076923 0.34134615384615385 0.2620192307692308 0.34134615384615385
21 0.4543269230769231 0.3269230769230769 0.5384615384615384 0.3269230769230769 0.5384615384615384 0.34134615384615385 0.4543269230769231 0.34134615384615385
21 0.6442307692307693 0.3269230769230769 0.7307692307692307 0.3269230769230769 0.7307692307692307 0.34134615384615385 0.6442307692307693 0.34134615384615385
21 0.07211538461538461 0.3269230769230769 0.15865384615384615 0.3269230769230769 0.15865384615384615 0.34134615384615385 0.07211538461538461 0.34134615384615385
21 0.06490384615384616 0.7932692307692307 0.16105769230769232 0.7932692307692307 0.16105769230769232 0.8100961538461539 0.06490384615384616 0.8100961538461539
21 0.25721153846153844 0.7932692307692307 0.35336538461538464 0.7932692307692307 0.35336538461538464 0.8100961538461539 0.25721153846153844 0.8100961538461539
21 0.44711538461538464 0.7932692307692307 0.5408653846153846 0.7932692307692307 0.5408653846153846 0.8100961538461539 0.44711538461538464 0.8100961538461539
8 0.8389423076923077 0.6274038461538461 0.9086538461538461 0.6274038461538461 0.9086538461538461 0.9014423076923077 0.8389423076923077 0.9014423076923077
16 0 0.028846153846153848 1 0.028846153846153848 1 0.10096153846153846 0 0.10096153846153846
12 0 0.43990384615384615 1 0.43990384615384615 1 0.45913461538461536 0 0.45913461538461536
15 0 0.45913461538461536 1 0.45913461538461536 1 0.9182692307692307 0 0.9182692307692307
11 0 0.0985576923076923 1 0.0985576923076923 1 0.43990384615384615 0 0.43990384615384615
2 0 0 0.9975961538461539 0 0.9975961538461539 0.9182692307692307 0 0.9182692307692307
10 0 0 0.9975961538461539 0 0.9975961538461539 0.9182692307692307 0 0.9182692307692307
19 0.8293269230769231 0.5024038461538461 0.9471153846153846 0.5024038461538461 0.9471153846153846 0.6322115384615384 0.8293269230769231 0.6322115384615384