23 0.71875 0.4182692307692308 0.7932692307692307 0.4182692307692308 0.7932692307692307 0.5216346153846154 0.71875 0.5216346153846154
23 0.71875 0.27163461538461536 0.7908653846153846 0.27163461538461536 0.7908653846153846 0.35096153846153844 0.71875 0.35096153846153844
23 0.15865384615384615 0.27163461538461536 0.23076923076923078 0.27163461538461536 0.23076923076923078 0.35096153846153844 0.15865384615384615 0.35096153846153844
23 0.43990384615384615 0.27163461538461536 0.5120192307692307 0.27163461538461536 0.5120192307692307 0.35096153846153844 0.43990384615384615 0.35096153846153844
23 0.15865384615384615 0.41586538461538464 0.23076923076923078 0.41586538461538464 0.23076923076923078 0.5192307692307693 0.15865384615384615 0.5192307692307693
8 0.43509615384615385 0.45913461538461536 0.5192307692307693 0.45913461538461536 0.5192307692307693 0.5528846153846154 0.43509615384615385 0.5528846153846154
23 0.43509615384615385 0.41586538461538464 0.5192307692307693 0.41586538461538464 0.5192307692307693 0.45913461538461536 0.43509615384615385 0.45913461538461536
23 0.15625 0.6225961538461539 0.23076923076923078 0.6225961538461539 0.23076923076923078 0.7211538461538461 0.15625 0.7211538461538461
23 0.15384615384615385 0.7596153846153846 0.23317307692307693 0.7596153846153846 0.23317307692307693 0.8557692307692307 0.15384615384615385 0.8557692307692307
8 0.43990384615384615 0.8197115384615384 0.5120192307692307 0.8197115384615384 0.5120192307692307 0.9182692307692307 0.43990384615384615 0.9182692307692307
23 0.4423076923076923 0.7596153846153846 0.5096153846153846 0.7596153846153846 0.5096153846153846 0.7956730769230769 0.4423076923076923 0.7956730769230769
8 0.39663461538461536 0.7548076923076923 0.5528846153846154 0.7548076923076923 0.5528846153846154 0.9182692307692307 0.39663461538461536 0.9182692307692307
23 0.71875 0.6225961538461539 0.7932692307692307 0.6225961538461539 0.7932692307692307 0.6899038461538461 0.71875 0.6899038461538461
0 0.29086538461538464 0.5144230769230769 0.65625 0.5144230769230769 0.65625 0.5697115384615384 0.29086538461538464 0.5697115384615384
23 0.14182692307692307 0.14423076923076922 0.1875 0.14423076923076922 0.1875 0.22115384615384615 0.14182692307692307 0.22115384615384615
23 0.20192307692307693 0.14423076923076922 0.25 0.14423076923076922 0.25 0.22115384615384615 0.20192307692307693 0.22115384615384615
23 0.7620192307692307 0.14423076923076922 0.8100961538461539 0.14423076923076922 0.8100961538461539 0.22115384615384615 0.7620192307692307 0.22115384615384615
23 0.7019230769230769 0.14423076923076922 0.75 0.14423076923076922 0.75 0.22115384615384615 0.7019230769230769 0.22115384615384615
23 0.4831730769230769 0.14423076923076922 0.53125 0.14423076923076922 0.53125 0.22115384615384615 0.4831730769230769 0.22115384615384615
23 0.4230769230769231 0.14423076923076922 0.47115384615384615 0.14423076923076922 0.47115384615384615 0.22115384615384615 0.4230769230769231 0.22115384615384615
5 0.6057692307692307 0.1466346153846154 0.6274038461538461 0.1466346153846154 0.6274038461538461 0.21394230769230768 0.6057692307692307 0.21394230769230768
5 0.8774038461538461 0.1466346153846154 0.9086538461538461 0.1466346153846154 0.9086538461538461 0.21394230769230768 0.8774038461538461 0.21394230769230768
5 0.3245192307692308 0.1466346153846154 0.34615384615384615 0.1466346153846154 0.34615384615384615 0.21394230769230768 0.3245192307692308 0.21394230769230768
5 0.04567307692307692 0.1466346153846154 0.07692307692307693 0.1466346153846154 0.07692307692307693 0.21394230769230768 0.04567307692307692 0.21394230769230768
17 0.5721153846153846 0.23317307692307693 0.6610576923076923 0.23317307692307693 0.6610576923076923 0.5576923076923077 0.5721153846153846 0.5576923076923077
17 0.2932692307692308 0.23317307692307693 0.37740384615384615 0.23317307692307693 0.37740384615384615 0.5576923076923077 0.2932692307692308 0.5576923076923077
17 0.026442307692307692 0.23317307692307693 0.10096153846153846 0.23317307692307693 0.10096153846153846 0.5625 0.026442307692307692 0.5625
17 0.8509615384615384 0.23557692307692307 0.9230769230769231 0.23557692307692307 0.9230769230769231 0.5625 0.8509615384615384 0.5625
5 0.17548076923076922 0.5745192307692307 0.20673076923076922 0.5745192307692307 0.20673076923076922 0.6177884615384616 0.17548076923076922 0.6177884615384616
5 0.7403846153846154 0.5745192307692307 0.7716346153846154 0.5745192307692307 0.7716346153846154 0.6177884615384616 0.7403846153846154 0.6177884615384616
5 0.6899038461538461 0.7548076923076923 0.8245192307692307 0.7548076923076923 0.8245192307692307 0.9182692307692307 0.6899038461538461 0.9182692307692307
4 0.125 0.3870192307692308 0.2620192307692308 0.3870192307692308 0.2620192307692308 0.39903846153846156 0.125 0.39903846153846156
4 0.4014423076923077 0.36538461538461536 0.5504807692307693 0.36538461538461536 0.5504807692307693 0.39903846153846156 0.4014423076923077 0.39903846153846156
21 0.6947115384615384 0.5192307692307693 0.8173076923076923 0.5192307692307693 0.8173076923076923 0.5264423076923077 0.6947115384615384 0.5264423076923077
21 0.13221153846153846 0.5192307692307693 0.2548076923076923 0.5192307692307693 0.2548076923076923 0.5264423076923077 0.13221153846153846 0.5264423076923077
23 0.4375 0.6225961538461539 0.5120192307692307 0.6225961538461539 0.5120192307692307 0.7211538461538461 0.4375 0.7211538461538461
5 0.45913461538461536 0.5721153846153846 0.49038461538461536 0.5721153846153846 0.49038461538461536 0.6177884615384616 0.45913461538461536 0.6177884615384616
4 0.6899038461538461 0.3894230769230769 0.8221153846153846 0.3894230769230769 0.8221153846153846 0.39903846153846156 0.6899038461538461 0.39903846153846156
4 0.6875 0.24519230769230768 0.8221153846153846 0.24519230769230768 0.8221153846153846 0.2548076923076923 0.6875 0.2548076923076923
4 0.40865384615384615 0.24519230769230768 0.5432692307692307 0.24519230769230768 0.5432692307692307 0.2548076923076923 0.40865384615384615 0.2548076923076923
16 0.03125 0.10576923076923077 0.9182692307692307 0.10576923076923077 0.9182692307692307 0.13221153846153846 0.03125 0.13221153846153846
16 0.03125 0.22355769230769232 0.9206730769230769 0.22355769230769232 0.9206730769230769 0.23557692307692307 0.03125 0.23557692307692307
4 0.12740384615384615 0.24519230769230768 0.2620192307692308 0.24519230769230768 0.2620192307692308 0.2548076923076923 0.12740384615384615 0.2548076923076923
21 0.6995192307692307 0.35096153846153844 0.8125 0.35096153846153844 0.8125 0.3701923076923077 0.6995192307692307 0.3701923076923077
21 0.13942307692307693 0.35096153846153844 0.25 0.35096153846153844 0.25 0.3701923076923077 0.13942307692307693 0.3701923076923077
21 0.4206730769230769 0.35096153846153844 0.53125 0.35096153846153844 0.53125 0.3701923076923077 0.4206730769230769 0.3701923076923077
0 0.038461538461538464 0.014423076923076924 0.9158653846153846 0.014423076923076924 0.9158653846153846 0.08653846153846154 0.038461538461538464 0.08653846153846154
12 0.028846153846153848 0.08653846153846154 0.9206730769230769 0.08653846153846154 0.9206730769230769 0.10096153846153846 0.028846153846153848 0.10096153846153846
12 0.028846153846153848 0.5600961538461539 0.9206730769230769 0.5600961538461539 0.9206730769230769 0.5745192307692307 0.028846153846153848 0.5745192307692307
12 0.03365384615384615 0.3701923076923077 0.9158653846153846 0.3701923076923077 0.9158653846153846 0.38221153846153844 0.03365384615384615 0.38221153846153844
12 0.036057692307692304 0.22355769230769232 0.9158653846153846 0.22355769230769232 0.9158653846153846 0.23798076923076922 0.036057692307692304 0.23798076923076922
12 0.028846153846153848 0.7355769230769231 0.9206730769230769 0.7355769230769231 0.9206730769230769 0.7475961538461539 0.028846153846153848 0.7475961538461539
15 0.028846153846153848 0.7475961538461539 0.9206730769230769 0.7475961538461539 0.9206730769230769 0.9302884615384616 0.028846153846153848 0.9302884615384616
11 0.028846153846153848 0.5745192307692307 0.9206730769230769 0.5745192307692307 0.9206730769230769 0.7475961538461539 0.028846153846153848 0.7475961538461539
11 0.028846153846153848 0.38221153846153844 0.9206730769230769 0.38221153846153844 0.9206730769230769 0.5745192307692307 0.028846153846153848 0.5745192307692307
11 0.028846153846153848 0.23557692307692307 0.9206730769230769 0.23557692307692307 0.9206730769230769 0.38221153846153844 0.028846153846153848 0.38221153846153844
22 0.028846153846153848 0.10096153846153846 0.9206730769230769 0.10096153846153846 0.9206730769230769 0.23798076923076922 0.028846153846153848 0.23798076923076922
2 0 0.014423076923076924 0.9735576923076923 0.014423076923076924 0.9735576923076923 0.9278846153846154 0 0.9278846153846154
10 0.03365384615384615 0.10096153846153846 0.9182692307692307 0.10096153846153846 0.9182692307692307 0.9302884615384616 0.03365384615384615 0.9302884615384616
26 0.7524038461538461 0.8629807692307693 0.8149038461538461 0.8629807692307693 0.8149038461538461 0.9326923076923077 0.7524038461538461 0.9326923076923077