23 0.07692307692307693 0.38461538461538464 0.15384615384615385 0.38461538461538464 0.15384615384615385 0.6105769230769231 0.07692307692307693 0.6105769230769231
23 0.8365384615384616 0.38461538461538464 0.9110576923076923 0.38461538461538464 0.9110576923076923 0.6105769230769231 0.8365384615384616 0.6105769230769231
23 0.23076923076923078 0.38461538461538464 0.30528846153846156 0.38461538461538464 0.30528846153846156 0.6105769230769231 0.23076923076923078 0.6105769230769231
23 0.38221153846153844 0.38461538461538464 0.4567307692307692 0.38461538461538464 0.4567307692307692 0.6105769230769231 0.38221153846153844 0.6105769230769231
23 0.5336538461538461 0.38461538461538464 0.6081730769230769 0.38461538461538464 0.6081730769230769 0.6105769230769231 0.5336538461538461 0.6105769230769231
23 0.6850961538461539 0.38461538461538464 0.7596153846153846 0.38461538461538464 0.7596153846153846 0.6105769230769231 0.6850961538461539 0.6105769230769231
23 0.8365384615384616 0.7355769230769231 0.9110576923076923 0.7355769230769231 0.9110576923076923 0.9639423076923077 0.8365384615384616 0.9639423076923077
23 0.07932692307692307 0.7355769230769231 0.15384615384615385 0.7355769230769231 0.15384615384615385 0.9639423076923077 0.07932692307692307 0.9639423076923077
23 0.23076923076923078 0.7355769230769231 0.30528846153846156 0.7355769230769231 0.30528846153846156 0.9639423076923077 0.23076923076923078 0.9639423076923077
23 0.38221153846153844 0.7355769230769231 0.4567307692307692 0.7355769230769231 0.4567307692307692 0.9639423076923077 0.38221153846153844 0.9639423076923077
23 0.5336538461538461 0.7355769230769231 0.6081730769230769 0.7355769230769231 0.6081730769230769 0.9639423076923077 0.5336538461538461 0.9639423076923077
23 0.6850961538461539 0.7355769230769231 0.7596153846153846 0.7355769230769231 0.7596153846153846 0.9639423076923077 0.6850961538461539 0.9639423076923077
23 0.07692307692307693 0.03125 0.15144230769230768 0.03125 0.15144230769230768 0.24278846153846154 0.07692307692307693 0.24278846153846154
23 0.8365384615384616 0.03125 0.9110576923076923 0.03125 0.9110576923076923 0.24278846153846154 0.8365384615384616 0.24278846153846154
23 0.6850961538461539 0.03125 0.7596153846153846 0.03125 0.7596153846153846 0.24278846153846154 0.6850961538461539 0.24278846153846154
23 0.5336538461538461 0.03125 0.6081730769230769 0.03125 0.6081730769230769 0.24278846153846154 0.5336538461538461 0.24278846153846154
23 0.38221153846153844 0.03125 0.4567307692307692 0.03125 0.4567307692307692 0.24278846153846154 0.38221153846153844 0.24278846153846154
23 0.2283653846153846 0.03125 0.30288461538461536 0.03125 0.30288461538461536 0.24278846153846154 0.2283653846153846 0.24278846153846154
17 0.7788461538461539 0.7211538461538461 0.8197115384615384 0.7211538461538461 0.8197115384615384 0.9639423076923077 0.7788461538461539 0.9639423076923077
17 0.17067307692307693 0.7211538461538461 0.21153846153846154 0.7211538461538461 0.21153846153846154 0.9639423076923077 0.17067307692307693 0.9639423076923077
17 0.32211538461538464 0.7211538461538461 0.3629807692307692 0.7211538461538461 0.3629807692307692 0.9639423076923077 0.32211538461538464 0.9639423076923077
17 0.47596153846153844 0.7211538461538461 0.5168269230769231 0.7211538461538461 0.5168269230769231 0.9639423076923077 0.47596153846153844 0.9639423076923077
17 0.6274038461538461 0.7211538461538461 0.6682692307692307 0.7211538461538461 0.6682692307692307 0.9639423076923077 0.6274038461538461 0.9639423076923077
17 0.7788461538461539 0.36538461538461536 0.8197115384615384 0.36538461538461536 0.8197115384615384 0.6081730769230769 0.7788461538461539 0.6081730769230769
17 0.17067307692307693 0.36538461538461536 0.21153846153846154 0.36538461538461536 0.21153846153846154 0.6081730769230769 0.17067307692307693 0.6081730769230769
17 0.32211538461538464 0.36538461538461536 0.3629807692307692 0.36538461538461536 0.3629807692307692 0.6081730769230769 0.32211538461538464 0.6081730769230769
17 0.47596153846153844 0.36538461538461536 0.5168269230769231 0.36538461538461536 0.5168269230769231 0.6081730769230769 0.47596153846153844 0.6081730769230769
17 0.6274038461538461 0.36538461538461536 0.6682692307692307 0.36538461538461536 0.6682692307692307 0.6081730769230769 0.6274038461538461 0.6081730769230769
21 0 0.24519230769230768 1 0.24519230769230768 1 0.28365384615384615 0 0.28365384615384615
21 0 0.9639423076923077 1 0.9639423076923077 1 0.9927884615384616 0 0.9927884615384616
21 0 0.6129807692307693 1 0.6129807692307693 1 0.6394230769230769 0 0.6394230769230769
12 0 0.6730769230769231 1 0.6730769230769231 1 0.7115384615384616 0 0.7115384615384616
12 0 0.31971153846153844 1 0.31971153846153844 1 0.3581730769230769 0 0.3581730769230769
11 0 0.7115384615384616 1 0.7115384615384616 1 0.9975961538461539 0 0.9975961538461539
11 0 0.002403846153846154 1 0.002403846153846154 1 0.31971153846153844 0 0.31971153846153844
11 0 0.3557692307692308 1 0.3557692307692308 1 0.6730769230769231 0 0.6730769230769231
2 0 0.002403846153846154 1 0.002403846153846154 1 1 0 1
10 0 0.002403846153846154 1 0.002403846153846154 1 1 0 1