23 0.49759615384615385 0.12740384615384615 0.5408653846153846 0.12740384615384615 0.5408653846153846 0.1875 0.49759615384615385 0.1875
23 0.41346153846153844 0.125 0.4567307692307692 0.125 0.4567307692307692 0.1875 0.41346153846153844 0.1875
23 0.5264423076923077 0.6610576923076923 0.5625 0.6610576923076923 0.5625 0.7860576923076923 0.5264423076923077 0.7860576923076923
23 0.3918269230769231 0.6610576923076923 0.4254807692307692 0.6610576923076923 0.4254807692307692 0.7860576923076923 0.3918269230769231 0.7860576923076923
23 0.5288461538461539 0.27163461538461536 0.5649038461538461 0.27163461538461536 0.5649038461538461 0.3870192307692308 0.5288461538461539 0.3870192307692308
23 0.3918269230769231 0.27163461538461536 0.42788461538461536 0.27163461538461536 0.42788461538461536 0.38461538461538464 0.3918269230769231 0.38461538461538464
23 0.5288461538461539 0.45913461538461536 0.5649038461538461 0.45913461538461536 0.5649038461538461 0.5865384615384616 0.5288461538461539 0.5865384615384616
23 0.3918269230769231 0.45913461538461536 0.42788461538461536 0.45913461538461536 0.42788461538461536 0.5865384615384616 0.3918269230769231 0.5865384615384616
23 0.5288461538461539 0.8629807692307693 0.5649038461538461 0.8629807692307693 0.5649038461538461 0.9879807692307693 0.5288461538461539 0.9879807692307693
23 0.3894230769230769 0.8629807692307693 0.4254807692307692 0.8629807692307693 0.4254807692307692 0.9879807692307693 0.3894230769230769 0.9879807692307693
8 0.4495192307692308 0.8846153846153846 0.5048076923076923 0.8846153846153846 0.5048076923076923 1 0.4495192307692308 1
23 0.4495192307692308 0.8629807692307693 0.5048076923076923 0.8629807692307693 0.5048076923076923 0.8846153846153846 0.4495192307692308 0.8846153846153846
8 0.4519230769230769 0.6610576923076923 0.5024038461538461 0.6610576923076923 0.5024038461538461 0.8173076923076923 0.4519230769230769 0.8173076923076923
8 0.4543269230769231 0.46153846153846156 0.5048076923076923 0.46153846153846156 0.5048076923076923 0.6177884615384616 0.4543269230769231 0.6177884615384616
8 0.4519230769230769 0.27163461538461536 0.5024038461538461 0.27163461538461536 0.5024038461538461 0.4110576923076923 0.4519230769230769 0.4110576923076923
4 0.3870192307692308 0.24278846153846154 0.43028846153846156 0.24278846153846154 0.43028846153846156 0.27163461538461536 0.3870192307692308 0.27163461538461536
4 0.44711538461538464 0.24278846153846154 0.5072115384615384 0.24278846153846154 0.5072115384615384 0.27163461538461536 0.44711538461538464 0.27163461538461536
4 0.5240384615384616 0.24278846153846154 0.5673076923076923 0.24278846153846154 0.5673076923076923 0.27163461538461536 0.5240384615384616 0.27163461538461536
4 0.3894230769230769 0.4326923076923077 0.43028846153846156 0.4326923076923077 0.43028846153846156 0.45913461538461536 0.3894230769230769 0.45913461538461536
4 0.44711538461538464 0.43028846153846156 0.5072115384615384 0.43028846153846156 0.5072115384615384 0.46153846153846156 0.44711538461538464 0.46153846153846156
4 0.5264423076923077 0.4326923076923077 0.5673076923076923 0.4326923076923077 0.5673076923076923 0.45913461538461536 0.5264423076923077 0.45913461538461536
4 0.3894230769230769 0.6346153846153846 0.42788461538461536 0.6346153846153846 0.42788461538461536 0.6610576923076923 0.3894230769230769 0.6610576923076923
4 0.44711538461538464 0.6298076923076923 0.5048076923076923 0.6298076923076923 0.5048076923076923 0.6610576923076923 0.44711538461538464 0.6610576923076923
4 0.5264423076923077 0.6322115384615384 0.5625 0.6322115384615384 0.5625 0.6610576923076923 0.5264423076923077 0.6610576923076923
0 0.44471153846153844 0.34375 0.5120192307692307 0.34375 0.5120192307692307 0.4110576923076923 0.44471153846153844 0.4110576923076923
0 0.4375 0.5432692307692307 0.5192307692307693 0.5432692307692307 0.5192307692307693 0.6177884615384616 0.4375 0.6177884615384616
0 0.38221153846153844 0.75 0.5673076923076923 0.75 0.5673076923076923 0.8221153846153846 0.38221153846153844 0.8221153846153846
4 0.44711538461538464 0.8317307692307693 0.5048076923076923 0.8317307692307693 0.5048076923076923 0.8629807692307693 0.44711538461538464 0.8629807692307693
4 0.5240384615384616 0.8341346153846154 0.5625 0.8341346153846154 0.5625 0.8605769230769231 0.5240384615384616 0.8605769230769231
5 0.4495192307692308 0.22115384615384615 0.5048076923076923 0.22115384615384615 0.5048076923076923 0.23798076923076922 0.4495192307692308 0.23798076923076922
8 0.04567307692307692 0.28365384615384615 0.10817307692307693 0.28365384615384615 0.10817307692307693 0.4182692307692308 0.04567307692307692 0.4182692307692308
23 0.13701923076923078 0.8629807692307693 0.16105769230769232 0.8629807692307693 0.16105769230769232 0.9783653846153846 0.13701923076923078 0.9783653846153846
8 0.04326923076923077 0.8605769230769231 0.10576923076923077 0.8605769230769231 0.10576923076923077 1 0.04326923076923077 1
23 0.14182692307692307 0.28125 0.1658653846153846 0.28125 0.1658653846153846 0.37740384615384615 0.14182692307692307 0.37740384615384615
8 0.04326923076923077 0.4639423076923077 0.10817307692307693 0.4639423076923077 0.10817307692307693 0.6153846153846154 0.04326923076923077 0.6153846153846154
23 0.13942307692307693 0.4639423076923077 0.16105769230769232 0.4639423076923077 0.16105769230769232 0.5625 0.13942307692307693 0.5625
23 0.13942307692307693 0.6490384615384616 0.16346153846153846 0.6490384615384616 0.16346153846153846 0.7620192307692307 0.13942307692307693 0.7620192307692307
8 0.04326923076923077 0.6514423076923077 0.10576923076923077 0.6514423076923077 0.10576923076923077 0.8076923076923077 0.04326923076923077 0.8076923076923077
0 0.028846153846153848 0.7524038461538461 0.11298076923076923 0.7524038461538461 0.11298076923076923 0.8197115384615384 0.028846153846153848 0.8197115384615384
0 0.03125 0.36538461538461536 0.11538461538461539 0.36538461538461536 0.11538461538461539 0.4326923076923077 0.03125 0.4326923076923077
0 0.028846153846153848 0.5528846153846154 0.11538461538461539 0.5528846153846154 0.11538461538461539 0.6177884615384616 0.028846153846153848 0.6177884615384616
23 0.31009615384615385 0.31009615384615385 0.35336538461538464 0.31009615384615385 0.35336538461538464 0.3798076923076923 0.31009615384615385 0.3798076923076923
23 0.21875 0.31009615384615385 0.25961538461538464 0.31009615384615385 0.25961538461538464 0.3798076923076923 0.21875 0.3798076923076923
23 0.2644230769230769 0.31009615384615385 0.3076923076923077 0.31009615384615385 0.3076923076923077 0.3798076923076923 0.2644230769230769 0.3798076923076923
23 0.33653846153846156 0.6634615384615384 0.3701923076923077 0.6634615384615384 0.3701923076923077 0.7884615384615384 0.33653846153846156 0.7884615384615384
8 0.2548076923076923 0.8629807692307693 0.31009615384615385 0.8629807692307693 0.31009615384615385 1 0.2548076923076923 1
23 0.33653846153846156 0.46153846153846156 0.3701923076923077 0.46153846153846156 0.3701923076923077 0.5865384615384616 0.33653846153846156 0.5865384615384616
23 0.19951923076923078 0.46153846153846156 0.23317307692307693 0.46153846153846156 0.23317307692307693 0.5865384615384616 0.19951923076923078 0.5865384615384616
8 0.25721153846153844 0.6610576923076923 0.31009615384615385 0.6610576923076923 0.31009615384615385 0.8149038461538461 0.25721153846153844 0.8149038461538461
8 0.25721153846153844 0.46153846153846156 0.31009615384615385 0.46153846153846156 0.31009615384615385 0.6153846153846154 0.25721153846153844 0.6153846153846154
23 0.19951923076923078 0.6634615384615384 0.23317307692307693 0.6634615384615384 0.23317307692307693 0.7884615384615384 0.19951923076923078 0.7884615384615384
23 0.19951923076923078 0.8653846153846154 0.23317307692307693 0.8653846153846154 0.23317307692307693 0.9903846153846154 0.19951923076923078 0.9903846153846154
8 0.33413461538461536 0.8894230769230769 0.36778846153846156 0.8894230769230769 0.36778846153846156 1 0.33413461538461536 1
23 0.33413461538461536 0.8629807692307693 0.36778846153846156 0.8629807692307693 0.36778846153846156 0.8870192307692307 0.33413461538461536 0.8870192307692307
4 0.19471153846153846 0.4326923076923077 0.23557692307692307 0.4326923076923077 0.23557692307692307 0.46153846153846156 0.19471153846153846 0.46153846153846156
4 0.2548076923076923 0.42788461538461536 0.3125 0.42788461538461536 0.3125 0.46153846153846156 0.2548076923076923 0.46153846153846156
4 0.3317307692307692 0.43028846153846156 0.37259615384615385 0.43028846153846156 0.37259615384615385 0.46153846153846156 0.3317307692307692 0.46153846153846156
4 0.19471153846153846 0.6346153846153846 0.23557692307692307 0.6346153846153846 0.23557692307692307 0.6610576923076923 0.19471153846153846 0.6610576923076923
4 0.3317307692307692 0.6346153846153846 0.3701923076923077 0.6346153846153846 0.3701923076923077 0.6634615384615384 0.3317307692307692 0.6634615384615384
4 0.19471153846153846 0.8341346153846154 0.23557692307692307 0.8341346153846154 0.23557692307692307 0.8629807692307693 0.19471153846153846 0.8629807692307693
4 0.25240384615384615 0.8317307692307693 0.3125 0.8317307692307693 0.3125 0.8629807692307693 0.25240384615384615 0.8629807692307693
4 0.3317307692307692 0.8341346153846154 0.3701923076923077 0.8341346153846154 0.3701923076923077 0.8629807692307693 0.3317307692307692 0.8629807692307693
4 0.3870192307692308 0.8341346153846154 0.42788461538461536 0.8341346153846154 0.42788461538461536 0.8629807692307693 0.3870192307692308 0.8629807692307693
23 0.5985576923076923 0.20673076923076922 0.6129807692307693 0.20673076923076922 0.6129807692307693 0.21875 0.5985576923076923 0.21875
23 0.6730769230769231 0.1778846153846154 0.6875 0.1778846153846154 0.6875 0.19230769230769232 0.6730769230769231 0.19230769230769232
23 0.6394230769230769 0.2403846153846154 0.6682692307692307 0.2403846153846154 0.6682692307692307 0.3581730769230769 0.6394230769230769 0.3581730769230769
23 0.6129807692307693 0.4326923076923077 0.6490384615384616 0.4326923076923077 0.6490384615384616 0.47115384615384615 0.6129807692307693 0.47115384615384615
23 0.6586538461538461 0.4326923076923077 0.6947115384615384 0.4326923076923077 0.6947115384615384 0.47115384615384615 0.6586538461538461 0.47115384615384615
8 0.6586538461538461 0.47115384615384615 0.6947115384615384 0.47115384615384615 0.6947115384615384 0.6105769230769231 0.6586538461538461 0.6105769230769231
8 0.6129807692307693 0.47115384615384615 0.6490384615384616 0.47115384615384615 0.6490384615384616 0.6105769230769231 0.6129807692307693 0.6105769230769231
23 0.6322115384615384 0.6346153846153846 0.6754807692307693 0.6346153846153846 0.6754807692307693 0.6778846153846154 0.6322115384615384 0.6778846153846154
8 0.6322115384615384 0.6778846153846154 0.6754807692307693 0.6778846153846154 0.6754807692307693 0.8173076923076923 0.6322115384615384 0.8173076923076923
23 0.6225961538461539 0.8461538461538461 0.6850961538461539 0.8461538461538461 0.6850961538461539 0.8846153846153846 0.6225961538461539 0.8846153846153846
8 0.6225961538461539 0.8846153846153846 0.6826923076923077 0.8846153846153846 0.6826923076923077 1 0.6225961538461539 1
8 0.9615384615384616 0.36538461538461536 0.9975961538461539 0.36538461538461536 0.9975961538461539 0.5144230769230769 0.9615384615384616 0.5144230769230769
8 0.7980769230769231 0.36538461538461536 0.8341346153846154 0.36538461538461536 0.8341346153846154 0.5144230769230769 0.7980769230769231 0.5144230769230769
8 0.8798076923076923 0.36538461538461536 0.9158653846153846 0.36538461538461536 0.9158653846153846 0.5144230769230769 0.8798076923076923 0.5144230769230769
8 0.9639423076923077 0.6081730769230769 1 0.6081730769230769 1 0.7596153846153846 0.9639423076923077 0.7596153846153846
8 0.7908653846153846 0.6081730769230769 0.8293269230769231 0.6081730769230769 0.8293269230769231 0.7596153846153846 0.7908653846153846 0.7596153846153846
8 0.8774038461538461 0.6081730769230769 0.9158653846153846 0.6081730769230769 0.9158653846153846 0.7596153846153846 0.8774038461538461 0.7596153846153846
20 0.7524038461538461 0.8653846153846154 0.8389423076923077 0.8653846153846154 0.8389423076923077 0.9951923076923077 0.7524038461538461 0.9951923076923077
20 0.9182692307692307 0.8197115384615384 0.9855769230769231 0.8197115384615384 0.9855769230769231 0.8485576923076923 0.9182692307692307 0.8485576923076923
20 0.7644230769230769 0.8197115384615384 0.8365384615384616 0.8197115384615384 0.8365384615384616 0.84375 0.7644230769230769 0.84375
0 0.5961538461538461 0.7596153846153846 0.7115384615384616 0.7596153846153846 0.7115384615384616 0.8293269230769231 0.5961538461538461 0.8293269230769231
0 0.6057692307692307 0.5480769230769231 0.7043269230769231 0.5480769230769231 0.7043269230769231 0.6105769230769231 0.6057692307692307 0.6105769230769231
0 0.9495192307692307 0.4495192307692308 1 0.4495192307692308 1 0.5144230769230769 0.9495192307692307 0.5144230769230769
0 0.7884615384615384 0.4495192307692308 0.84375 0.4495192307692308 0.84375 0.5144230769230769 0.7884615384615384 0.5144230769230769
0 0.8701923076923077 0.4495192307692308 0.9278846153846154 0.4495192307692308 0.9278846153846154 0.5144230769230769 0.8701923076923077 0.5144230769230769
0 0.7836538461538461 0.6947115384615384 0.8389423076923077 0.6947115384615384 0.8389423076923077 0.7596153846153846 0.7836538461538461 0.7596153846153846
0 0.9567307692307693 0.6947115384615384 1 0.6947115384615384 1 0.7596153846153846 0.9567307692307693 0.7596153846153846
0 0.8701923076923077 0.6947115384615384 0.9254807692307693 0.6947115384615384 0.9254807692307693 0.7596153846153846 0.8701923076923077 0.7596153846153846
20 0.6971153846153846 0.8557692307692307 0.7283653846153846 0.8557692307692307 0.7283653846153846 0.8918269230769231 0.6971153846153846 0.8918269230769231
4 0.78125 0.5697115384615384 0.8389423076923077 0.5697115384615384 0.8389423076923077 0.6153846153846154 0.78125 0.6153846153846154
4 0.8677884615384616 0.5721153846153846 0.9254807692307693 0.5721153846153846 0.9254807692307693 0.6153846153846154 0.8677884615384616 0.6153846153846154
4 0.9567307692307693 0.5697115384615384 1 0.5697115384615384 1 0.6153846153846154 0.9567307692307693 0.6153846153846154
4 0.7980769230769231 0.36538461538461536 0.8341346153846154 0.36538461538461536 0.8341346153846154 0.3798076923076923 0.7980769230769231 0.3798076923076923
4 0.8774038461538461 0.36538461538461536 0.9158653846153846 0.36538461538461536 0.9158653846153846 0.3798076923076923 0.8774038461538461 0.3798076923076923
4 0.9615384615384616 0.36538461538461536 0.9975961538461539 0.36538461538461536 0.9975961538461539 0.3798076923076923 0.9615384615384616 0.3798076923076923
19 0.007211538461538462 0.20192307692307693 0.21394230769230768 0.20192307692307693 0.21394230769230768 0.24278846153846154 0.007211538461538462 0.24278846153846154
19 0.18509615384615385 0.23317307692307693 0.375 0.23317307692307693 0.375 0.4014423076923077 0.18509615384615385 0.4014423076923077
19 0.3870192307692308 0.057692307692307696 0.5673076923076923 0.057692307692307696 0.5673076923076923 0.1875 0.3870192307692308 0.1875
19 0.5817307692307693 0.15865384615384615 0.6394230769230769 0.15865384615384615 0.6394230769230769 0.3557692307692308 0.5817307692307693 0.3557692307692308
19 0.6971153846153846 0.28846153846153844 0.7163461538461539 0.28846153846153844 0.7163461538461539 0.3581730769230769 0.6971153846153846 0.3581730769230769
19 0.6682692307692307 0.15865384615384615 1 0.15865384615384615 1 0.4639423076923077 0.6682692307692307 0.4639423076923077
0 0.23798076923076922 0.5480769230769231 0.3245192307692308 0.5480769230769231 0.3245192307692308 0.6177884615384616 0.23798076923076922 0.6177884615384616
0 0.18509615384615385 0.7451923076923077 0.375 0.7451923076923077 0.375 0.8149038461538461 0.18509615384615385 0.8149038461538461
15 0.014423076923076924 0.8389423076923077 1 0.8389423076923077 1 1 0.014423076923076924 1
22 0.375 0.2091346153846154 0.5769230769230769 0.2091346153846154 0.5769230769230769 0.42788461538461536 0.375 0.42788461538461536
22 0.3798076923076923 0.0673076923076923 0.5769230769230769 0.0673076923076923 0.5769230769230769 0.1971153846153846 0.3798076923076923 0.1971153846153846
12 0.014423076923076924 0.8293269230769231 1 0.8293269230769231 1 0.8389423076923077 0.014423076923076924 0.8389423076923077
12 0.014423076923076924 0.6177884615384616 0.7355769230769231 0.6177884615384616 0.7355769230769231 0.6274038461538461 0.014423076923076924 0.6274038461538461
11 0.014423076923076924 0.625 0.7355769230769231 0.625 0.7355769230769231 0.8293269230769231 0.014423076923076924 0.8293269230769231
11 0.014423076923076924 0.43509615384615385 0.7355769230769231 0.43509615384615385 0.7355769230769231 0.6177884615384616 0.014423076923076924 0.6177884615384616
22 0.014423076923076924 0.23798076923076922 0.375 0.23798076923076922 0.375 0.4254807692307692 0.014423076923076924 0.4254807692307692
22 0.5769230769230769 0.23798076923076922 0.7355769230769231 0.23798076923076922 0.7355769230769231 0.4254807692307692 0.5769230769230769 0.4254807692307692
12 0.014423076923076924 0.4254807692307692 0.7355769230769231 0.4254807692307692 0.7355769230769231 0.43509615384615385 0.014423076923076924 0.43509615384615385
12 0.375 0.19951923076923078 0.5769230769230769 0.19951923076923078 0.5769230769230769 0.2091346153846154 0.375 0.2091346153846154
22 0.7355769230769231 0.23798076923076922 0.9975961538461539 0.23798076923076922 0.9975961538461539 0.5168269230769231 0.7355769230769231 0.5168269230769231
15 0.7355769230769231 0.53125 0.9975961538461539 0.53125 0.9975961538461539 0.8293269230769231 0.7355769230769231 0.8293269230769231
12 0.7355769230769231 0.5168269230769231 0.9975961538461539 0.5168269230769231 0.9975961538461539 0.53125 0.7355769230769231 0.53125
2 0 0.01201923076923077 1 0.01201923076923077 1 1 0 1
10 0.014423076923076924 0.23317307692307693 1 0.23317307692307693 1 1 0.014423076923076924 1
7 0 0.8894230769230769 0.3076923076923077 0.8894230769230769 0.3076923076923077 1 0 1
7 0.3389423076923077 0.8774038461538461 0.7932692307692307 0.8774038461538461 0.7932692307692307 1 0.3389423076923077 1
7 0.8293269230769231 0.8533653846153846 1 0.8533653846153846 1 1 0.8293269230769231 1