23 0.44471153846153844 0.36778846153846156 0.4879807692307692 0.36778846153846156 0.4879807692307692 0.5552884615384616 0.44471153846153844 0.5552884615384616
1 0.44471153846153844 0.36778846153846156 0.4879807692307692 0.36778846153846156 0.4879807692307692 0.5552884615384616 0.44471153846153844 0.5552884615384616
23 0.07451923076923077 0.36778846153846156 0.11538461538461539 0.36778846153846156 0.11538461538461539 0.5576923076923077 0.07451923076923077 0.5576923076923077
1 0.07451923076923077 0.36778846153846156 0.11538461538461539 0.36778846153846156 0.11538461538461539 0.5576923076923077 0.07451923076923077 0.5576923076923077
23 0.25961538461538464 0.36778846153846156 0.3004807692307692 0.36778846153846156 0.3004807692307692 0.5552884615384616 0.25961538461538464 0.5552884615384616
1 0.25961538461538464 0.36778846153846156 0.3004807692307692 0.36778846153846156 0.3004807692307692 0.5552884615384616 0.25961538461538464 0.5552884615384616
23 0.34375 0.36778846153846156 0.3870192307692308 0.36778846153846156 0.3870192307692308 0.5552884615384616 0.34375 0.5552884615384616
1 0.34375 0.36778846153846156 0.3870192307692308 0.36778846153846156 0.3870192307692308 0.5552884615384616 0.34375 0.5552884615384616
23 0.16826923076923078 0.3701923076923077 0.21153846153846154 0.3701923076923077 0.21153846153846154 0.5576923076923077 0.16826923076923078 0.5576923076923077
1 0.16826923076923078 0.3701923076923077 0.21153846153846154 0.3701923076923077 0.21153846153846154 0.5576923076923077 0.16826923076923078 0.5576923076923077
23 0.5480769230769231 0.36538461538461536 0.5913461538461539 0.36538461538461536 0.5913461538461539 0.5552884615384616 0.5480769230769231 0.5552884615384616
1 0.5336538461538461 0.36538461538461536 0.5528846153846154 0.36538461538461536 0.5528846153846154 0.5552884615384616 0.5336538461538461 0.5552884615384616
1 0.5913461538461539 0.36538461538461536 0.6081730769230769 0.36538461538461536 0.6081730769230769 0.5552884615384616 0.5913461538461539 0.5552884615384616
23 0.6538461538461539 0.36778846153846156 0.6971153846153846 0.36778846153846156 0.6971153846153846 0.5552884615384616 0.6538461538461539 0.5552884615384616
1 0.6947115384615384 0.36778846153846156 0.7115384615384616 0.36778846153846156 0.7115384615384616 0.5552884615384616 0.6947115384615384 0.5552884615384616
1 0.6394230769230769 0.36538461538461536 0.6586538461538461 0.36538461538461536 0.6586538461538461 0.5552884615384616 0.6394230769230769 0.5552884615384616
23 0.7548076923076923 0.3701923076923077 0.7980769230769231 0.3701923076923077 0.7980769230769231 0.5576923076923077 0.7548076923076923 0.5576923076923077
1 0.7956730769230769 0.36778846153846156 0.8149038461538461 0.36778846153846156 0.8149038461538461 0.5576923076923077 0.7956730769230769 0.5576923076923077
1 0.7427884615384616 0.36778846153846156 0.7620192307692307 0.36778846153846156 0.7620192307692307 0.5576923076923077 0.7427884615384616 0.5576923076923077
23 0.875 0.3701923076923077 0.9158653846153846 0.3701923076923077 0.9158653846153846 0.5576923076923077 0.875 0.5576923076923077
1 0.8629807692307693 0.36778846153846156 0.8798076923076923 0.36778846153846156 0.8798076923076923 0.5576923076923077 0.8629807692307693 0.5576923076923077
1 0.9134615384615384 0.36778846153846156 0.9326923076923077 0.36778846153846156 0.9326923076923077 0.5600961538461539 0.9134615384615384 0.5600961538461539
23 0.5480769230769231 0.13221153846153846 0.5913461538461539 0.13221153846153846 0.5913461538461539 0.24519230769230768 0.5480769230769231 0.24519230769230768
1 0.5480769230769231 0.13221153846153846 0.5913461538461539 0.13221153846153846 0.5913461538461539 0.24519230769230768 0.5480769230769231 0.24519230769230768
23 0.8725961538461539 0.13221153846153846 0.9182692307692307 0.13221153846153846 0.9182692307692307 0.24759615384615385 0.8725961538461539 0.24759615384615385
1 0.8725961538461539 0.13221153846153846 0.9182692307692307 0.13221153846153846 0.9182692307692307 0.24759615384615385 0.8725961538461539 0.24759615384615385
23 0.7524038461538461 0.13221153846153846 0.7980769230769231 0.13221153846153846 0.7980769230769231 0.24759615384615385 0.7524038461538461 0.24759615384615385
1 0.7524038461538461 0.13221153846153846 0.7980769230769231 0.13221153846153846 0.7980769230769231 0.24759615384615385 0.7524038461538461 0.24759615384615385
23 0.6514423076923077 0.13221153846153846 0.6971153846153846 0.13221153846153846 0.6971153846153846 0.24759615384615385 0.6514423076923077 0.24759615384615385
1 0.6514423076923077 0.13221153846153846 0.6971153846153846 0.13221153846153846 0.6971153846153846 0.24759615384615385 0.6514423076923077 0.24759615384615385
23 0.44711538461538464 0.12980769230769232 0.4879807692307692 0.12980769230769232 0.4879807692307692 0.24519230769230768 0.44711538461538464 0.24519230769230768
1 0.4735576923076923 0.12980769230769232 0.4879807692307692 0.12980769230769232 0.4879807692307692 0.24519230769230768 0.4735576923076923 0.24519230769230768
1 0.4423076923076923 0.12980769230769232 0.4543269230769231 0.12980769230769232 0.4543269230769231 0.24519230769230768 0.4423076923076923 0.24519230769230768
23 0.34375 0.13221153846153846 0.3870192307692308 0.13221153846153846 0.3870192307692308 0.24519230769230768 0.34375 0.24519230769230768
1 0.34375 0.13221153846153846 0.3557692307692308 0.13221153846153846 0.3557692307692308 0.24519230769230768 0.34375 0.24519230769230768
1 0.375 0.13221153846153846 0.3870192307692308 0.13221153846153846 0.3870192307692308 0.24519230769230768 0.375 0.24519230769230768
23 0.25721153846153844 0.12980769230769232 0.3004807692307692 0.12980769230769232 0.3004807692307692 0.24278846153846154 0.25721153846153844 0.24278846153846154
1 0.24519230769230768 0.12740384615384615 0.2620192307692308 0.12740384615384615 0.2620192307692308 0.24519230769230768 0.24519230769230768 0.24519230769230768
1 0.2980769230769231 0.12980769230769232 0.3173076923076923 0.12980769230769232 0.3173076923076923 0.24278846153846154 0.2980769230769231 0.24278846153846154
23 0.16826923076923078 0.13221153846153846 0.21153846153846154 0.13221153846153846 0.21153846153846154 0.24519230769230768 0.16826923076923078 0.24519230769230768
1 0.2091346153846154 0.12980769230769232 0.22596153846153846 0.12980769230769232 0.22596153846153846 0.24519230769230768 0.2091346153846154 0.24519230769230768
1 0.15384615384615385 0.12980769230769232 0.17067307692307693 0.12980769230769232 0.17067307692307693 0.24519230769230768 0.15384615384615385 0.24519230769230768
23 0.07451923076923077 0.13221153846153846 0.11778846153846154 0.13221153846153846 0.11778846153846154 0.24519230769230768 0.07451923076923077 0.24519230769230768
1 0.06009615384615385 0.12980769230769232 0.07692307692307693 0.12980769230769232 0.07692307692307693 0.24519230769230768 0.06009615384615385 0.24519230769230768
1 0.11538461538461539 0.13221153846153846 0.13221153846153846 0.13221153846153846 0.13221153846153846 0.24759615384615385 0.11538461538461539 0.24759615384615385
8 0.07451923076923077 0.7475961538461539 0.11778846153846154 0.7475961538461539 0.11778846153846154 0.96875 0.07451923076923077 0.96875
8 0.24519230769230768 0.7067307692307693 0.31009615384615385 0.7067307692307693 0.31009615384615385 0.9711538461538461 0.24519230769230768 0.9711538461538461
23 0.34375 0.7067307692307693 0.3870192307692308 0.7067307692307693 0.3870192307692308 0.8221153846153846 0.34375 0.8221153846153846
23 0.44471153846153844 0.7067307692307693 0.49038461538461536 0.7067307692307693 0.49038461538461536 0.8221153846153846 0.44471153846153844 0.8221153846153846
23 0.5504807692307693 0.7067307692307693 0.59375 0.7067307692307693 0.59375 0.8221153846153846 0.5504807692307693 0.8221153846153846
8 0.6442307692307693 0.7067307692307693 0.7091346153846154 0.7067307692307693 0.7091346153846154 0.9735576923076923 0.6442307692307693 0.9735576923076923
23 0.7548076923076923 0.7067307692307693 0.8004807692307693 0.7067307692307693 0.8004807692307693 0.8221153846153846 0.7548076923076923 0.8221153846153846
8 0.8557692307692307 0.7043269230769231 0.9206730769230769 0.7043269230769231 0.9206730769230769 0.9711538461538461 0.8557692307692307 0.9711538461538461
4 0.8317307692307693 0.6298076923076923 0.9471153846153846 0.6298076923076923 0.9471153846153846 0.6490384615384616 0.8317307692307693 0.6490384615384616
4 0.22115384615384615 0.6298076923076923 0.33653846153846156 0.6298076923076923 0.33653846153846156 0.6514423076923077 0.22115384615384615 0.6514423076923077
4 0.6201923076923077 0.6322115384615384 0.7355769230769231 0.6322115384615384 0.7355769230769231 0.6514423076923077 0.6201923076923077 0.6514423076923077
12 0.057692307692307696 0.2980769230769231 0.9495192307692307 0.2980769230769231 0.9495192307692307 0.3245192307692308 0.057692307692307696 0.3245192307692308
12 0.057692307692307696 0.6009615384615384 0.9495192307692307 0.6009615384615384 0.9495192307692307 0.625 0.057692307692307696 0.625
22 0.057692307692307696 0.06009615384615385 0.9495192307692307 0.06009615384615385 0.9495192307692307 0.3245192307692308 0.057692307692307696 0.3245192307692308
15 0.057692307692307696 0.625 0.9495192307692307 0.625 0.9495192307692307 0.9735576923076923 0.057692307692307696 0.9735576923076923
11 0.057692307692307696 0.3245192307692308 0.9495192307692307 0.3245192307692308 0.9495192307692307 0.625 0.057692307692307696 0.625
16 0.06490384615384616 0.057692307692307696 0.9591346153846154 0.057692307692307696 0.9591346153846154 0.08413461538461539 0.06490384615384616 0.08413461538461539
26 0.5216346153846154 0.8894230769230769 0.5408653846153846 0.8894230769230769 0.5408653846153846 1 0.5216346153846154 1
26 0.5120192307692307 0.9639423076923077 0.5168269230769231 0.9639423076923077 0.5168269230769231 1 0.5120192307692307 1
19 0.08173076923076923 0 0.9567307692307693 0 0.9567307692307693 0.03365384615384615 0.08173076923076923 0.03365384615384615
2 0.04807692307692308 0 1 0 1 0.9735576923076923 0.04807692307692308 0.9735576923076923
10 0.057692307692307696 0.04807692307692308 0.9495192307692307 0.04807692307692308 0.9495192307692307 0.9735576923076923 0.057692307692307696 0.9735576923076923
1 0.07451923076923077 0.36778846153846156 0.11538461538461539 0.36778846153846156 0.11538461538461539 0.5576923076923077 0.07451923076923077 0.5576923076923077
1 0.16826923076923078 0.3701923076923077 0.21153846153846154 0.3701923076923077 0.21153846153846154 0.5576923076923077 0.16826923076923078 0.5576923076923077
1 0.25961538461538464 0.36778846153846156 0.3004807692307692 0.36778846153846156 0.3004807692307692 0.5552884615384616 0.25961538461538464 0.5552884615384616
1 0.34375 0.36778846153846156 0.3870192307692308 0.36778846153846156 0.3870192307692308 0.5552884615384616 0.34375 0.5552884615384616
1 0.44471153846153844 0.36778846153846156 0.4879807692307692 0.36778846153846156 0.4879807692307692 0.5552884615384616 0.44471153846153844 0.5552884615384616
1 0.8725961538461539 0.13221153846153846 0.9182692307692307 0.13221153846153846 0.9182692307692307 0.24759615384615385 0.8725961538461539 0.24759615384615385
1 0.7524038461538461 0.13221153846153846 0.7980769230769231 0.13221153846153846 0.7980769230769231 0.24759615384615385 0.7524038461538461 0.24759615384615385
1 0.6514423076923077 0.13221153846153846 0.6971153846153846 0.13221153846153846 0.6971153846153846 0.24759615384615385 0.6514423076923077 0.24759615384615385
1 0.5480769230769231 0.13221153846153846 0.5913461538461539 0.13221153846153846 0.5913461538461539 0.24519230769230768 0.5480769230769231 0.24519230769230768