8 0.10336538461538461 0.4230769230769231 0.18990384615384615 0.4230769230769231 0.18990384615384615 0.8966346153846154 0.10336538461538461 0.8966346153846154
23 0.15144230769230768 0.28125 0.18269230769230768 0.28125 0.18269230769230768 0.4014423076923077 0.15144230769230768 0.4014423076923077
23 0.10817307692307693 0.28125 0.13942307692307693 0.28125 0.13942307692307693 0.4014423076923077 0.10817307692307693 0.4014423076923077
23 0.7716346153846154 0.25721153846153844 0.9326923076923077 0.25721153846153844 0.9326923076923077 0.7115384615384616 0.7716346153846154 0.7115384615384616
23 0.23798076923076922 0.25721153846153844 0.39903846153846156 0.25721153846153844 0.39903846153846156 0.7115384615384616 0.23798076923076922 0.7115384615384616
23 0.4735576923076923 0.25721153846153844 0.6346153846153846 0.25721153846153844 0.6346153846153846 0.7115384615384616 0.4735576923076923 0.7115384615384616
8 0.6634615384615384 0.39663461538461536 0.7403846153846154 0.39663461538461536 0.7403846153846154 0.8605769230769231 0.6634615384615384 0.8605769230769231
23 0.6658653846153846 0.3076923076923077 0.7283653846153846 0.3076923076923077 0.7283653846153846 0.3798076923076923 0.6658653846153846 0.3798076923076923
8 0.6610576923076923 0.2548076923076923 0.7427884615384616 0.2548076923076923 0.7427884615384616 0.90625 0.6610576923076923 0.90625
16 0.03125 0.08653846153846154 0.9927884615384616 0.08653846153846154 0.9927884615384616 0.13942307692307693 0.03125 0.13942307692307693
15 0.038461538461538464 0.11778846153846154 0.9951923076923077 0.11778846153846154 0.9951923076923077 0.9086538461538461 0.038461538461538464 0.9086538461538461
12 0.038461538461538464 0.08653846153846154 0.9951923076923077 0.08653846153846154 0.9951923076923077 0.1201923076923077 0.038461538461538464 0.1201923076923077
11 0.038461538461538464 0 0.9951923076923077 0 0.9951923076923077 0.08653846153846154 0.038461538461538464 0.08653846153846154
2 0.03365384615384615 0 0.9951923076923077 0 0.9951923076923077 0.9110576923076923 0.03365384615384615 0.9110576923076923
10 0.03365384615384615 0 0.9951923076923077 0 0.9951923076923077 0.9110576923076923 0.03365384615384615 0.9110576923076923