23 0.11538461538461539 0.7884615384615384 0.23798076923076922 0.7884615384615384 0.23798076923076922 0.8557692307692307 0.11538461538461539 0.8557692307692307
23 0.6875 0.4326923076923077 0.8100961538461539 0.4326923076923077 0.8100961538461539 0.5 0.6875 0.5
23 0.6875 0.19951923076923078 0.8100961538461539 0.19951923076923078 0.8100961538461539 0.25240384615384615 0.6875 0.25240384615384615
23 0.6875 0.5504807692307693 0.8100961538461539 0.5504807692307693 0.8100961538461539 0.6177884615384616 0.6875 0.6177884615384616
23 0.6875 0.6706730769230769 0.8100961538461539 0.6706730769230769 0.8100961538461539 0.7379807692307693 0.6875 0.7379807692307693
23 0.1201923076923077 0.4326923076923077 0.24278846153846154 0.4326923076923077 0.24278846153846154 0.5 0.1201923076923077 0.5
23 0.11778846153846154 0.20192307692307693 0.2403846153846154 0.20192307692307693 0.2403846153846154 0.25240384615384615 0.11778846153846154 0.25240384615384615
23 0.11778846153846154 0.5504807692307693 0.2403846153846154 0.5504807692307693 0.2403846153846154 0.6177884615384616 0.11778846153846154 0.6177884615384616
23 0.11778846153846154 0.6706730769230769 0.2403846153846154 0.6706730769230769 0.2403846153846154 0.7379807692307693 0.11778846153846154 0.7379807692307693
23 0.4014423076923077 0.4326923076923077 0.5240384615384616 0.4326923076923077 0.5240384615384616 0.5 0.4014423076923077 0.5
23 0.4014423076923077 0.20192307692307693 0.5240384615384616 0.20192307692307693 0.5240384615384616 0.25240384615384615 0.4014423076923077 0.25240384615384615
23 0.4014423076923077 0.5504807692307693 0.5240384615384616 0.5504807692307693 0.5240384615384616 0.6177884615384616 0.4014423076923077 0.6177884615384616
23 0.4014423076923077 0.6706730769230769 0.5240384615384616 0.6706730769230769 0.5240384615384616 0.7379807692307693 0.4014423076923077 0.7379807692307693
23 0.6875 0.3125 0.8100961538461539 0.3125 0.8100961538461539 0.3798076923076923 0.6875 0.3798076923076923
23 0.11778846153846154 0.3125 0.2403846153846154 0.3125 0.2403846153846154 0.3798076923076923 0.11778846153846154 0.3798076923076923
23 0.4014423076923077 0.3125 0.5240384615384616 0.3125 0.5240384615384616 0.3798076923076923 0.4014423076923077 0.3798076923076923
23 0.17307692307692307 0.09375 0.25721153846153844 0.09375 0.25721153846153844 0.14182692307692307 0.17307692307692307 0.14182692307692307
23 0.7043269230769231 0.09375 0.7884615384615384 0.09375 0.7884615384615384 0.13942307692307693 0.7043269230769231 0.13942307692307693
23 0.43990384615384615 0.09375 0.5240384615384616 0.09375 0.5240384615384616 0.13942307692307693 0.43990384615384615 0.13942307692307693
23 0.6850961538461539 0.7884615384615384 0.8076923076923077 0.7884615384615384 0.8076923076923077 0.8557692307692307 0.6850961538461539 0.8557692307692307
23 0.31971153846153844 0.7884615384615384 0.3557692307692308 0.7884615384615384 0.3557692307692308 0.8557692307692307 0.31971153846153844 0.8557692307692307
23 0.5673076923076923 0.7884615384615384 0.6033653846153846 0.7884615384615384 0.6033653846153846 0.8557692307692307 0.5673076923076923 0.8557692307692307
23 0.4206730769230769 0.7884615384615384 0.5048076923076923 0.7884615384615384 0.5048076923076923 0.8317307692307693 0.4206730769230769 0.8317307692307693
8 0.4206730769230769 0.8317307692307693 0.5048076923076923 0.8317307692307693 0.5048076923076923 0.9375 0.4206730769230769 0.9375
16 0.055288461538461536 0.7572115384615384 0.9543269230769231 0.7572115384615384 0.9543269230769231 0.7668269230769231 0.055288461538461536 0.7668269230769231
23 0.6682692307692307 0.3076923076923077 0.8317307692307693 0.3076923076923077 0.8317307692307693 0.7379807692307693 0.6682692307692307 0.7379807692307693
23 0.09615384615384616 0.3076923076923077 0.25961538461538464 0.3076923076923077 0.25961538461538464 0.7379807692307693 0.09615384615384616 0.7379807692307693
23 0.38221153846153844 0.3076923076923077 0.5456730769230769 0.3076923076923077 0.5456730769230769 0.7379807692307693 0.38221153846153844 0.7379807692307693
2 0.05048076923076923 0.014423076923076924 0.96875 0.014423076923076924 0.96875 0.9519230769230769 0.05048076923076923 0.9519230769230769
19 0.05048076923076923 0.014423076923076924 0.9447115384615384 0.014423076923076924 0.9447115384615384 0.1466346153846154 0.05048076923076923 0.1466346153846154
12 0.055288461538461536 0.15384615384615385 0.9567307692307693 0.15384615384615385 0.9567307692307693 0.16346153846153846 0.055288461538461536 0.16346153846153846
12 0.055288461538461536 0.7548076923076923 0.9567307692307693 0.7548076923076923 0.9567307692307693 0.7668269230769231 0.055288461538461536 0.7668269230769231
12 0.055288461538461536 0.6586538461538461 0.9567307692307693 0.6586538461538461 0.9567307692307693 0.6706730769230769 0.055288461538461536 0.6706730769230769
12 0.055288461538461536 0.5384615384615384 0.9567307692307693 0.5384615384615384 0.9567307692307693 0.5504807692307693 0.055288461538461536 0.5504807692307693
12 0.055288461538461536 0.4206730769230769 0.9567307692307693 0.4206730769230769 0.9567307692307693 0.43028846153846156 0.055288461538461536 0.43028846153846156
12 0.055288461538461536 0.2980769230769231 0.9567307692307693 0.2980769230769231 0.9567307692307693 0.3076923076923077 0.055288461538461536 0.3076923076923077
15 0.055288461538461536 0.7668269230769231 0.9567307692307693 0.7668269230769231 0.9567307692307693 0.9495192307692307 0.055288461538461536 0.9495192307692307
11 0.055288461538461536 0.6706730769230769 0.9567307692307693 0.6706730769230769 0.9567307692307693 0.7548076923076923 0.055288461538461536 0.7548076923076923
11 0.055288461538461536 0.5504807692307693 0.9567307692307693 0.5504807692307693 0.9567307692307693 0.6586538461538461 0.055288461538461536 0.6586538461538461
11 0.055288461538461536 0.4326923076923077 0.9567307692307693 0.4326923076923077 0.9567307692307693 0.5408653846153846 0.055288461538461536 0.5408653846153846
11 0.055288461538461536 0.3076923076923077 0.9567307692307693 0.3076923076923077 0.9567307692307693 0.4206730769230769 0.055288461538461536 0.4206730769230769
11 0.055288461538461536 0.1658653846153846 0.9567307692307693 0.1658653846153846 0.9567307692307693 0.2980769230769231 0.055288461538461536 0.2980769230769231
22 0.05048076923076923 0.07451923076923077 0.9567307692307693 0.07451923076923077 0.9567307692307693 0.15625 0.05048076923076923 0.15625
10 0.052884615384615384 0.014423076923076924 0.9543269230769231 0.014423076923076924 0.9543269230769231 0.9495192307692307 0.052884615384615384 0.9495192307692307