23 0.8677884615384616 0.4254807692307692 0.9230769230769231 0.4254807692307692 0.9230769230769231 0.5456730769230769 0.8677884615384616 0.5456730769230769
23 0.07692307692307693 0.4206730769230769 0.13221153846153846 0.4206730769230769 0.13221153846153846 0.5408653846153846 0.07692307692307693 0.5408653846153846
23 0.17067307692307693 0.4230769230769231 0.22355769230769232 0.4230769230769231 0.22355769230769232 0.5432692307692307 0.17067307692307693 0.5432692307692307
23 0.6177884615384616 0.1971153846153846 0.6754807692307693 0.1971153846153846 0.6754807692307693 0.30528846153846156 0.6177884615384616 0.30528846153846156
23 0.46875 0.4230769230769231 0.5264423076923077 0.4230769230769231 0.5264423076923077 0.5456730769230769 0.46875 0.5456730769230769
23 0.6177884615384616 0.4230769230769231 0.6754807692307693 0.4230769230769231 0.6754807692307693 0.5456730769230769 0.6177884615384616 0.5456730769230769
23 0.7740384615384616 0.4230769230769231 0.8293269230769231 0.4230769230769231 0.8293269230769231 0.5456730769230769 0.7740384615384616 0.5456730769230769
23 0.07692307692307693 0.6490384615384616 0.13221153846153846 0.6490384615384616 0.13221153846153846 0.7716346153846154 0.07692307692307693 0.7716346153846154
23 0.16826923076923078 0.6538461538461539 0.22355769230769232 0.6538461538461539 0.22355769230769232 0.7788461538461539 0.16826923076923078 0.7788461538461539
23 0.32211538461538464 0.6538461538461539 0.37740384615384615 0.6538461538461539 0.37740384615384615 0.7764423076923077 0.32211538461538464 0.7764423076923077
23 0.4543269230769231 0.6634615384615384 0.5432692307692307 0.6634615384615384 0.5432692307692307 0.7524038461538461 0.4543269230769231 0.7524038461538461
23 0.6177884615384616 0.6538461538461539 0.6754807692307693 0.6538461538461539 0.6754807692307693 0.7764423076923077 0.6177884615384616 0.7764423076923077
23 0.7740384615384616 0.6514423076923077 0.8293269230769231 0.6514423076923077 0.8293269230769231 0.7740384615384616 0.7740384615384616 0.7740384615384616
23 0.8677884615384616 0.6514423076923077 0.9230769230769231 0.6514423076923077 0.9230769230769231 0.7740384615384616 0.8677884615384616 0.7740384615384616
23 0.07451923076923077 0.84375 0.13221153846153846 0.84375 0.13221153846153846 0.9302884615384616 0.07451923076923077 0.9302884615384616
23 0.16346153846153846 0.8485576923076923 0.22355769230769232 0.8485576923076923 0.22355769230769232 0.9326923076923077 0.16346153846153846 0.9326923076923077
23 0.31971153846153844 0.8509615384615384 0.37740384615384615 0.8509615384615384 0.37740384615384615 0.9326923076923077 0.31971153846153844 0.9326923076923077
4 0.31490384615384615 0.8341346153846154 0.38221153846153844 0.8341346153846154 0.38221153846153844 0.8509615384615384 0.31490384615384615 0.8509615384615384
4 0.16105769230769232 0.8365384615384616 0.23076923076923078 0.8365384615384616 0.23076923076923078 0.8509615384615384 0.16105769230769232 0.8509615384615384
4 0.06971153846153846 0.8317307692307693 0.13942307692307693 0.8317307692307693 0.13942307692307693 0.84375 0.06971153846153846 0.84375
8 0.4543269230769231 0.78125 0.5432692307692307 0.78125 0.5432692307692307 0.9663461538461539 0.4543269230769231 0.9663461538461539
23 0.6177884615384616 0.8485576923076923 0.6754807692307693 0.8485576923076923 0.6754807692307693 0.9326923076923077 0.6177884615384616 0.9326923076923077
4 0.6105769230769231 0.8365384615384616 0.6802884615384616 0.8365384615384616 0.6802884615384616 0.8509615384615384 0.6105769230769231 0.8509615384615384
23 0.7716346153846154 0.8485576923076923 0.8293269230769231 0.8485576923076923 0.8293269230769231 0.9302884615384616 0.7716346153846154 0.9302884615384616
4 0.7668269230769231 0.8341346153846154 0.8365384615384616 0.8341346153846154 0.8365384615384616 0.8485576923076923 0.7668269230769231 0.8485576923076923
23 0.8677884615384616 0.8485576923076923 0.9254807692307693 0.8485576923076923 0.9254807692307693 0.9302884615384616 0.8677884615384616 0.9302884615384616
4 0.8581730769230769 0.8341346153846154 0.9302884615384616 0.8341346153846154 0.9302884615384616 0.8461538461538461 0.8581730769230769 0.8461538461538461
23 0.3245192307692308 0.4230769230769231 0.37740384615384615 0.4230769230769231 0.37740384615384615 0.5456730769230769 0.3245192307692308 0.5456730769230769
23 0.3245192307692308 0.19471153846153846 0.3798076923076923 0.19471153846153846 0.3798076923076923 0.30528846153846156 0.3245192307692308 0.30528846153846156
23 0.40625 0.19471153846153846 0.45913461538461536 0.19471153846153846 0.45913461538461536 0.30528846153846156 0.40625 0.30528846153846156
23 0.5384615384615384 0.1971153846153846 0.59375 0.1971153846153846 0.59375 0.30528846153846156 0.5384615384615384 0.30528846153846156
21 0.8629807692307693 0.5456730769230769 0.9278846153846154 0.5456730769230769 0.9278846153846154 0.5528846153846154 0.8629807692307693 0.5528846153846154
21 0.07211538461538461 0.5432692307692307 0.13701923076923078 0.5432692307692307 0.13701923076923078 0.5504807692307693 0.07211538461538461 0.5504807692307693
21 0.16346153846153846 0.5432692307692307 0.2283653846153846 0.5432692307692307 0.2283653846153846 0.5504807692307693 0.16346153846153846 0.5504807692307693
21 0.3173076923076923 0.5456730769230769 0.38221153846153844 0.5456730769230769 0.38221153846153844 0.5528846153846154 0.3173076923076923 0.5528846153846154
21 0.46634615384615385 0.5456730769230769 0.53125 0.5456730769230769 0.53125 0.5528846153846154 0.46634615384615385 0.5528846153846154
21 0.6153846153846154 0.5456730769230769 0.6802884615384616 0.5456730769230769 0.6802884615384616 0.5528846153846154 0.6153846153846154 0.5528846153846154
21 0.7716346153846154 0.5456730769230769 0.8365384615384616 0.5456730769230769 0.8365384615384616 0.5528846153846154 0.7716346153846154 0.5528846153846154
21 0.07211538461538461 0.7716346153846154 0.13942307692307693 0.7716346153846154 0.13942307692307693 0.7788461538461539 0.07211538461538461 0.7788461538461539
21 0.8629807692307693 0.7740384615384616 0.9302884615384616 0.7740384615384616 0.9302884615384616 0.7788461538461539 0.8629807692307693 0.7788461538461539
21 0.8629807692307693 0.7740384615384616 0.9302884615384616 0.7740384615384616 0.9302884615384616 0.7788461538461539 0.8629807692307693 0.7788461538461539
21 0.7692307692307693 0.7764423076923077 0.8365384615384616 0.7764423076923077 0.8365384615384616 0.7836538461538461 0.7692307692307693 0.7836538461538461
21 0.6129807692307693 0.7764423076923077 0.6802884615384616 0.7764423076923077 0.6802884615384616 0.7836538461538461 0.6129807692307693 0.7836538461538461
21 0.3173076923076923 0.7764423076923077 0.38461538461538464 0.7764423076923077 0.38461538461538464 0.7836538461538461 0.3173076923076923 0.7836538461538461
21 0.16105769230769232 0.7788461538461539 0.2283653846153846 0.7788461538461539 0.2283653846153846 0.7860576923076923 0.16105769230769232 0.7860576923076923
4 0.31009615384615385 0.18028846153846154 0.3918269230769231 0.18028846153846154 0.3918269230769231 0.25 0.31009615384615385 0.25
4 0.0625 0.40625 0.1466346153846154 0.40625 0.1466346153846154 0.47596153846153844 0.0625 0.47596153846153844
4 0.15625 0.40625 0.23798076923076922 0.40625 0.23798076923076922 0.47836538461538464 0.15625 0.47836538461538464
4 0.3076923076923077 0.40625 0.3942307692307692 0.40625 0.3942307692307692 0.47836538461538464 0.3076923076923077 0.47836538461538464
4 0.4567307692307692 0.40625 0.5408653846153846 0.40625 0.5408653846153846 0.47836538461538464 0.4567307692307692 0.47836538461538464
4 0.6057692307692307 0.40625 0.6899038461538461 0.40625 0.6899038461538461 0.47836538461538464 0.6057692307692307 0.47836538461538464
4 0.7596153846153846 0.40625 0.84375 0.40625 0.84375 0.47836538461538464 0.7596153846153846 0.47836538461538464
4 0.8533653846153846 0.40865384615384615 0.9375 0.40865384615384615 0.9375 0.4807692307692308 0.8533653846153846 0.4807692307692308
4 0.6081730769230769 0.18028846153846154 0.6899038461538461 0.18028846153846154 0.6899038461538461 0.25240384615384615 0.6081730769230769 0.25240384615384615
4 0.5240384615384616 0.18028846153846154 0.6057692307692307 0.18028846153846154 0.6057692307692307 0.25240384615384615 0.5240384615384616 0.25240384615384615
4 0.3918269230769231 0.1778846153846154 0.4735576923076923 0.1778846153846154 0.4735576923076923 0.25 0.3918269230769231 0.25
4 0.8533653846153846 0.6370192307692307 0.9375 0.6370192307692307 0.9375 0.7091346153846154 0.8533653846153846 0.7091346153846154
4 0.06009615384615385 0.6322115384615384 0.1466346153846154 0.6322115384615384 0.1466346153846154 0.7043269230769231 0.06009615384615385 0.7043269230769231
4 0.15144230769230768 0.6394230769230769 0.23798076923076922 0.6394230769230769 0.23798076923076922 0.7115384615384616 0.15144230769230768 0.7115384615384616
4 0.3076923076923077 0.6394230769230769 0.3918269230769231 0.6394230769230769 0.3918269230769231 0.7091346153846154 0.3076923076923077 0.7091346153846154
4 0.6033653846153846 0.6394230769230769 0.6899038461538461 0.6394230769230769 0.6899038461538461 0.7091346153846154 0.6033653846153846 0.7091346153846154
4 0.7596153846153846 0.6370192307692307 0.84375 0.6370192307692307 0.84375 0.7091346153846154 0.7596153846153846 0.7091346153846154
4 0.4326923076923077 0.6394230769230769 0.5625 0.6394230769230769 0.5625 0.7091346153846154 0.4326923076923077 0.7091346153846154
19 0.026442307692307692 0.21875 0.9735576923076923 0.21875 0.9735576923076923 0.31009615384615385 0.026442307692307692 0.31009615384615385
12 0.014423076923076924 0.5841346153846154 0.9855769230769231 0.5841346153846154 0.9855769230769231 0.6009615384615384 0.014423076923076924 0.6009615384615384
12 0.014423076923076924 0.3293269230769231 0.9855769230769231 0.3293269230769231 0.9855769230769231 0.34615384615384615 0.014423076923076924 0.34615384615384615
11 0.014423076923076924 0.34615384615384615 0.9855769230769231 0.34615384615384615 0.9855769230769231 0.5985576923076923 0.014423076923076924 0.5985576923076923
15 0.014423076923076924 0.5985576923076923 0.9855769230769231 0.5985576923076923 0.9855769230769231 0.96875 0.014423076923076924 0.96875
22 0.27163461538461536 0.055288461538461536 0.7235576923076923 0.055288461538461536 0.7235576923076923 0.34615384615384615 0.27163461538461536 0.34615384615384615
2 0.007211538461538462 0.02403846153846154 0.9903846153846154 0.02403846153846154 0.9903846153846154 0.96875 0.007211538461538462 0.96875
10 0.014423076923076924 0.3293269230769231 0.9855769230769231 0.3293269230769231 0.9855769230769231 0.96875 0.014423076923076924 0.96875