23 0.06009615384615385 0.2764423076923077 0.13701923076923078 0.2764423076923077 0.13701923076923078 0.35336538461538464 0.06009615384615385 0.35336538461538464
1 0.06009615384615385 0.2764423076923077 0.13701923076923078 0.2764423076923077 0.13701923076923078 0.35336538461538464 0.06009615384615385 0.35336538461538464
23 0.25 0.27403846153846156 0.3293269230769231 0.27403846153846156 0.3293269230769231 0.35096153846153844 0.25 0.35096153846153844
1 0.25721153846153844 0.27884615384615385 0.32211538461538464 0.27884615384615385 0.32211538461538464 0.3293269230769231 0.25721153846153844 0.3293269230769231
23 0.44471153846153844 0.27163461538461536 0.5216346153846154 0.27163461538461536 0.5216346153846154 0.35096153846153844 0.44471153846153844 0.35096153846153844
23 0.6370192307692307 0.27403846153846156 0.7115384615384616 0.27403846153846156 0.7115384615384616 0.35096153846153844 0.6370192307692307 0.35096153846153844
1 0.6394230769230769 0.28125 0.7043269230769231 0.28125 0.7043269230769231 0.3004807692307692 0.6394230769230769 0.3004807692307692
23 0.8269230769230769 0.27403846153846156 0.9038461538461539 0.27403846153846156 0.9038461538461539 0.35096153846153844 0.8269230769230769 0.35096153846153844
1 0.8293269230769231 0.27403846153846156 0.8942307692307693 0.27403846153846156 0.8942307692307693 0.3173076923076923 0.8293269230769231 0.3173076923076923
8 0.057692307692307696 0.4495192307692308 0.14423076923076922 0.4495192307692308 0.14423076923076922 0.5600961538461539 0.057692307692307696 0.5600961538461539
8 0.6298076923076923 0.4495192307692308 0.7139423076923077 0.4495192307692308 0.7139423076923077 0.5600961538461539 0.6298076923076923 0.5600961538461539
8 0.8221153846153846 0.4519230769230769 0.9038461538461539 0.4519230769230769 0.9038461538461539 0.5600961538461539 0.8221153846153846 0.5600961538461539
23 0.8221153846153846 0.41586538461538464 0.9038461538461539 0.41586538461538464 0.9038461538461539 0.4519230769230769 0.8221153846153846 0.4519230769230769
1 0.8245192307692307 0.4519230769230769 0.8966346153846154 0.4519230769230769 0.8966346153846154 0.49278846153846156 0.8245192307692307 0.49278846153846156
23 0.6298076923076923 0.41586538461538464 0.7139423076923077 0.41586538461538464 0.7139423076923077 0.4495192307692308 0.6298076923076923 0.4495192307692308
1 0.25 0.4495192307692308 0.33413461538461536 0.4495192307692308 0.33413461538461536 0.5288461538461539 0.25 0.5288461538461539
1 0.44471153846153844 0.4519230769230769 0.5168269230769231 0.4519230769230769 0.5168269230769231 0.5048076923076923 0.44471153846153844 0.5048076923076923
8 0.43990384615384615 0.4495192307692308 0.5240384615384616 0.4495192307692308 0.5240384615384616 0.5600961538461539 0.43990384615384615 0.5600961538461539
23 0.43990384615384615 0.41586538461538464 0.5240384615384616 0.41586538461538464 0.5240384615384616 0.4495192307692308 0.43990384615384615 0.4495192307692308
23 0.057692307692307696 0.41586538461538464 0.14423076923076922 0.41586538461538464 0.14423076923076922 0.4495192307692308 0.057692307692307696 0.4495192307692308
8 0.25 0.4495192307692308 0.33413461538461536 0.4495192307692308 0.33413461538461536 0.5600961538461539 0.25 0.5600961538461539
23 0.25 0.41586538461538464 0.33413461538461536 0.41586538461538464 0.33413461538461536 0.4495192307692308 0.25 0.4495192307692308
23 0.04326923076923077 0.6129807692307693 0.15625 0.6129807692307693 0.15625 0.6778846153846154 0.04326923076923077 0.6778846153846154
1 0.04326923076923077 0.6129807692307693 0.15625 0.6129807692307693 0.15625 0.6778846153846154 0.04326923076923077 0.6778846153846154
23 0.23317307692307693 0.6153846153846154 0.3485576923076923 0.6153846153846154 0.3485576923076923 0.6778846153846154 0.23317307692307693 0.6778846153846154
23 0.4254807692307692 0.6153846153846154 0.5384615384615384 0.6153846153846154 0.5384615384615384 0.6778846153846154 0.4254807692307692 0.6778846153846154
23 0.8100961538461539 0.6153846153846154 0.9206730769230769 0.6153846153846154 0.9206730769230769 0.6778846153846154 0.8100961538461539 0.6778846153846154
23 0.6177884615384616 0.6153846153846154 0.7283653846153846 0.6153846153846154 0.7283653846153846 0.6778846153846154 0.6177884615384616 0.6778846153846154
1 0.8100961538461539 0.6153846153846154 0.9206730769230769 0.6153846153846154 0.9206730769230769 0.6778846153846154 0.8100961538461539 0.6778846153846154
23 0.23798076923076922 0.8677884615384616 0.34375 0.8677884615384616 0.34375 0.9855769230769231 0.23798076923076922 0.9855769230769231
23 0.8125 0.8677884615384616 0.9182692307692307 0.8677884615384616 0.9182692307692307 0.9855769230769231 0.8125 0.9855769230769231
23 0.6201923076923077 0.8677884615384616 0.7259615384615384 0.8677884615384616 0.7259615384615384 0.9855769230769231 0.6201923076923077 0.9855769230769231
23 0.43028846153846156 0.8677884615384616 0.5336538461538461 0.8677884615384616 0.5336538461538461 0.9855769230769231 0.43028846153846156 0.9855769230769231
8 0.04567307692307692 0.9158653846153846 0.15144230769230768 0.9158653846153846 0.15144230769230768 1 0.04567307692307692 1
23 0.04807692307692308 0.7379807692307693 0.15384615384615385 0.7379807692307693 0.15384615384615385 0.8245192307692307 0.04807692307692308 0.8245192307692307
23 0.23798076923076922 0.7355769230769231 0.34375 0.7355769230769231 0.34375 0.8245192307692307 0.23798076923076922 0.8245192307692307
23 0.43028846153846156 0.7379807692307693 0.5336538461538461 0.7379807692307693 0.5336538461538461 0.8245192307692307 0.43028846153846156 0.8245192307692307
23 0.6225961538461539 0.7355769230769231 0.7259615384615384 0.7355769230769231 0.7259615384615384 0.8245192307692307 0.6225961538461539 0.8245192307692307
23 0.8125 0.7355769230769231 0.9182692307692307 0.7355769230769231 0.9182692307692307 0.8245192307692307 0.8125 0.8245192307692307
23 0.8149038461538461 0.11778846153846154 0.8894230769230769 0.11778846153846154 0.8894230769230769 0.17548076923076922 0.8149038461538461 0.17548076923076922
1 0.07211538461538461 0.12259615384615384 0.10096153846153846 0.12259615384615384 0.10096153846153846 0.16346153846153846 0.07211538461538461 0.16346153846153846
23 0.6322115384615384 0.10336538461538461 0.7091346153846154 0.10336538461538461 0.7091346153846154 0.17307692307692307 0.6322115384615384 0.17307692307692307
23 0.25240384615384615 0.10336538461538461 0.3293269230769231 0.10336538461538461 0.3293269230769231 0.17307692307692307 0.25240384615384615 0.17307692307692307
23 0.4423076923076923 0.10336538461538461 0.5192307692307693 0.10336538461538461 0.5192307692307693 0.17307692307692307 0.4423076923076923 0.17307692307692307
1 0.6346153846153846 0.11538461538461539 0.6634615384615384 0.11538461538461539 0.6634615384615384 0.12259615384615384 0.6346153846153846 0.12259615384615384
1 0.6706730769230769 0.11538461538461539 0.7019230769230769 0.11538461538461539 0.7019230769230769 0.14423076923076922 0.6706730769230769 0.14423076923076922
23 0.06490384615384616 0.11538461538461539 0.14182692307692307 0.11538461538461539 0.14182692307692307 0.17548076923076922 0.06490384615384616 0.17548076923076922
1 0.8557692307692307 0.12259615384615384 0.8822115384615384 0.12259615384615384 0.8822115384615384 0.16105769230769232 0.8557692307692307 0.16105769230769232
1 0.8197115384615384 0.12259615384615384 0.8461538461538461 0.12259615384615384 0.8461538461538461 0.15865384615384615 0.8197115384615384 0.15865384615384615
16 0 0.1875 1 0.1875 1 0.20192307692307693 0 0.20192307692307693
5 0.7211538461538461 0.20673076923076922 0.7548076923076923 0.20673076923076922 0.7548076923076923 0.2283653846153846 0.7211538461538461 0.2283653846153846
5 0.2091346153846154 0.20432692307692307 0.24278846153846154 0.20432692307692307 0.24278846153846154 0.2283653846153846 0.2091346153846154 0.2283653846153846
5 0.27403846153846156 0.20432692307692307 0.30528846153846156 0.20432692307692307 0.30528846153846156 0.2283653846153846 0.27403846153846156 0.2283653846153846
5 0.33653846153846156 0.20432692307692307 0.3701923076923077 0.20432692307692307 0.3701923076923077 0.2283653846153846 0.33653846153846156 0.2283653846153846
5 0.4014423076923077 0.20432692307692307 0.43509615384615385 0.20432692307692307 0.43509615384615385 0.2283653846153846 0.4014423076923077 0.2283653846153846
5 0.46634615384615385 0.20432692307692307 0.49759615384615385 0.20432692307692307 0.49759615384615385 0.2283653846153846 0.46634615384615385 0.2283653846153846
5 0.53125 0.20432692307692307 0.5625 0.20432692307692307 0.5625 0.2283653846153846 0.53125 0.2283653846153846
5 0.59375 0.20432692307692307 0.6274038461538461 0.20432692307692307 0.6274038461538461 0.2283653846153846 0.59375 0.2283653846153846
5 0.6586538461538461 0.20432692307692307 0.6899038461538461 0.20432692307692307 0.6899038461538461 0.2283653846153846 0.6586538461538461 0.2283653846153846
16 0.02403846153846154 0.3629807692307692 0.9399038461538461 0.3629807692307692 0.9399038461538461 0.3870192307692308 0.02403846153846154 0.3870192307692308
17 0.7379807692307693 0.24759615384615385 0.8052884615384616 0.24759615384615385 0.8052884615384616 0.5600961538461539 0.7379807692307693 0.5600961538461539
17 0.16105769230769232 0.24759615384615385 0.2283653846153846 0.24759615384615385 0.2283653846153846 0.5600961538461539 0.16105769230769232 0.5600961538461539
17 0.35096153846153844 0.24759615384615385 0.4206730769230769 0.24759615384615385 0.4206730769230769 0.5600961538461539 0.35096153846153844 0.5600961538461539
17 0.5456730769230769 0.24759615384615385 0.6129807692307693 0.24759615384615385 0.6129807692307693 0.5600961538461539 0.5456730769230769 0.5600961538461539
5 0.7451923076923077 0.07451923076923077 0.7908653846153846 0.07451923076923077 0.7908653846153846 0.15865384615384615 0.7451923076923077 0.15865384615384615
5 0.17067307692307693 0.07451923076923077 0.21394230769230768 0.07451923076923077 0.21394230769230768 0.15865384615384615 0.17067307692307693 0.15865384615384615
5 0.3605769230769231 0.07451923076923077 0.40625 0.07451923076923077 0.40625 0.15865384615384615 0.3605769230769231 0.15865384615384615
5 0.5552884615384616 0.07451923076923077 0.5985576923076923 0.07451923076923077 0.5985576923076923 0.15865384615384615 0.5552884615384616 0.15865384615384615
5 0.1658653846153846 0.5793269230769231 0.21875 0.5793269230769231 0.21875 0.7043269230769231 0.1658653846153846 0.7043269230769231
5 0.3605769230769231 0.5817307692307693 0.41346153846153844 0.5817307692307693 0.41346153846153844 0.7043269230769231 0.3605769230769231 0.7043269230769231
5 0.5528846153846154 0.5817307692307693 0.6057692307692307 0.5817307692307693 0.6057692307692307 0.7043269230769231 0.5528846153846154 0.7043269230769231
5 0.7451923076923077 0.5817307692307693 0.8004807692307693 0.5817307692307693 0.8004807692307693 0.7043269230769231 0.7451923076923077 0.7043269230769231
5 0.9375 0.5817307692307693 0.9951923076923077 0.5817307692307693 0.9951923076923077 0.7043269230769231 0.9375 0.7043269230769231
5 0 0.5817307692307693 0.026442307692307692 0.5817307692307693 0.026442307692307692 0.7043269230769231 0 0.7043269230769231
19 0 0.8629807692307693 0.20432692307692307 0.8629807692307693 0.20432692307692307 0.9134615384615384 0 0.9134615384615384
0 0.002403846153846154 0.004807692307692308 1 0.004807692307692308 1 0.09375 0.002403846153846154 0.09375
12 0 0.0625 1 0.0625 1 0.07451923076923077 0 0.07451923076923077
22 0 0.07451923076923077 1 0.07451923076923077 1 0.18990384615384615 0 0.18990384615384615
12 0 0.3701923076923077 1 0.3701923076923077 1 0.38221153846153844 0 0.38221153846153844
12 0 0.5625 1 0.5625 1 0.5745192307692307 0 0.5745192307692307
12 0 0.6947115384615384 1 0.6947115384615384 1 0.7067307692307693 0 0.7067307692307693
12 0 0.8389423076923077 1 0.8389423076923077 1 0.8509615384615384 0 0.8509615384615384
15 0 0.8509615384615384 1 0.8509615384615384 1 1 0 1
11 0 0.7067307692307693 1 0.7067307692307693 1 0.8509615384615384 0 0.8509615384615384
11 0 0.5745192307692307 1 0.5745192307692307 1 0.7067307692307693 0 0.7067307692307693
11 0 0.3798076923076923 1 0.3798076923076923 1 0.5745192307692307 0 0.5745192307692307
11 0 0.19230769230769232 1 0.19230769230769232 1 0.38221153846153844 0 0.38221153846153844
12 0 0.1778846153846154 1 0.1778846153846154 1 0.18990384615384615 0 0.18990384615384615
2 0 0.004807692307692308 1 0.004807692307692308 1 1 0 1
10 0.002403846153846154 0.07451923076923077 0.9975961538461539 0.07451923076923077 0.9975961538461539 1 0.002403846153846154 1
0 0.002403846153846154 0.5192307692307693 0.9975961538461539 0.5192307692307693 0.9975961538461539 0.5745192307692307 0.002403846153846154 0.5745192307692307