23 0.18509615384615385 0.875 0.2764423076923077 0.875 0.2764423076923077 0.9807692307692307 0.18509615384615385 0.9807692307692307
23 0.055288461538461536 0.875 0.1466346153846154 0.875 0.1466346153846154 0.9807692307692307 0.055288461538461536 0.9807692307692307
23 0.18509615384615385 0.040865384615384616 0.2764423076923077 0.040865384615384616 0.2764423076923077 0.1466346153846154 0.18509615384615385 0.1466346153846154
23 0.055288461538461536 0.040865384615384616 0.1466346153846154 0.040865384615384616 0.1466346153846154 0.1466346153846154 0.055288461538461536 0.1466346153846154
23 0.18509615384615385 0.20673076923076922 0.2764423076923077 0.20673076923076922 0.2764423076923077 0.3125 0.18509615384615385 0.3125
23 0.055288461538461536 0.20673076923076922 0.1466346153846154 0.20673076923076922 0.1466346153846154 0.3125 0.055288461538461536 0.3125
23 0.1875 0.375 0.27884615384615385 0.375 0.27884615384615385 0.4807692307692308 0.1875 0.4807692307692308
23 0.057692307692307696 0.375 0.14903846153846154 0.375 0.14903846153846154 0.4807692307692308 0.057692307692307696 0.4807692307692308
23 0.18509615384615385 0.5408653846153846 0.2764423076923077 0.5408653846153846 0.2764423076923077 0.6466346153846154 0.18509615384615385 0.6466346153846154
23 0.055288461538461536 0.5408653846153846 0.1466346153846154 0.5408653846153846 0.1466346153846154 0.6466346153846154 0.055288461538461536 0.6466346153846154
23 0.18509615384615385 0.7067307692307693 0.2764423076923077 0.7067307692307693 0.2764423076923077 0.8125 0.18509615384615385 0.8125
23 0.055288461538461536 0.7067307692307693 0.1466346153846154 0.7067307692307693 0.1466346153846154 0.8125 0.055288461538461536 0.8125
23 0.7235576923076923 0.040865384615384616 0.9423076923076923 0.040865384615384616 0.9423076923076923 0.1466346153846154 0.7235576923076923 0.1466346153846154
23 0.3894230769230769 0.040865384615384616 0.6105769230769231 0.040865384615384616 0.6105769230769231 0.1466346153846154 0.3894230769230769 0.1466346153846154
23 0.3894230769230769 0.20673076923076922 0.6105769230769231 0.20673076923076922 0.6105769230769231 0.3125 0.3894230769230769 0.3125
23 0.3894230769230769 0.375 0.6105769230769231 0.375 0.6105769230769231 0.4807692307692308 0.3894230769230769 0.4807692307692308
23 0.3894230769230769 0.5408653846153846 0.6105769230769231 0.5408653846153846 0.6105769230769231 0.6466346153846154 0.3894230769230769 0.6466346153846154
23 0.3894230769230769 0.875 0.6105769230769231 0.875 0.6105769230769231 0.9807692307692307 0.3894230769230769 0.9807692307692307
23 0.7235576923076923 0.875 0.9423076923076923 0.875 0.9423076923076923 0.9807692307692307 0.7235576923076923 0.9807692307692307
23 0.7235576923076923 0.5408653846153846 0.9423076923076923 0.5408653846153846 0.9423076923076923 0.6466346153846154 0.7235576923076923 0.6466346153846154
23 0.7235576923076923 0.375 0.9423076923076923 0.375 0.9423076923076923 0.4807692307692308 0.7235576923076923 0.4807692307692308
23 0.7235576923076923 0.20673076923076922 0.9423076923076923 0.20673076923076922 0.9423076923076923 0.3125 0.7235576923076923 0.3125
23 0.3894230769230769 0.7091346153846154 0.6105769230769231 0.7091346153846154 0.6105769230769231 0.8149038461538461 0.3894230769230769 0.8149038461538461
23 0.7235576923076923 0.7091346153846154 0.9423076923076923 0.7091346153846154 0.9423076923076923 0.8149038461538461 0.7235576923076923 0.8149038461538461
12 0.002403846153846154 0.8485576923076923 0.9975961538461539 0.8485576923076923 0.9975961538461539 0.8629807692307693 0.002403846153846154 0.8629807692307693
12 0.002403846153846154 0.18509615384615385 0.9975961538461539 0.18509615384615385 0.9975961538461539 0.19951923076923078 0.002403846153846154 0.19951923076923078
12 0.002403846153846154 0.35096153846153844 0.9975961538461539 0.35096153846153844 0.9975961538461539 0.36538461538461536 0.002403846153846154 0.36538461538461536
12 0.002403846153846154 0.5168269230769231 0.9975961538461539 0.5168269230769231 0.9975961538461539 0.53125 0.002403846153846154 0.53125
12 0.002403846153846154 0.6826923076923077 0.9975961538461539 0.6826923076923077 0.9975961538461539 0.6971153846153846 0.002403846153846154 0.6971153846153846
11 0 0 0.9975961538461539 0 0.9975961538461539 0.18269230769230768 0 0.18269230769230768
11 0.002403846153846154 0.8629807692307693 0.9975961538461539 0.8629807692307693 0.9975961538461539 0.9975961538461539 0.002403846153846154 0.9975961538461539
11 0.002403846153846154 0.6971153846153846 0.9975961538461539 0.6971153846153846 0.9975961538461539 0.8485576923076923 0.002403846153846154 0.8485576923076923
11 0.002403846153846154 0.5336538461538461 0.9975961538461539 0.5336538461538461 0.9975961538461539 0.6826923076923077 0.002403846153846154 0.6826923076923077
11 0.002403846153846154 0.36538461538461536 0.9975961538461539 0.36538461538461536 0.9975961538461539 0.5168269230769231 0.002403846153846154 0.5168269230769231
11 0.002403846153846154 0.1971153846153846 0.9975961538461539 0.1971153846153846 0.9975961538461539 0.35096153846153844 0.002403846153846154 0.35096153846153844
2 0 0 1 0 1 0.9975961538461539 0 0.9975961538461539
10 0 0.002403846153846154 1 0.002403846153846154 1 1 0 1