23 0.8341346153846154 0.71875 0.9038461538461539 0.71875 0.9038461538461539 0.8413461538461539 0.8341346153846154 0.8413461538461539
23 0.10096153846153846 0.7211538461538461 0.16826923076923078 0.7211538461538461 0.16826923076923078 0.8413461538461539 0.10096153846153846 0.8413461538461539
23 0.24519230769230768 0.7211538461538461 0.31490384615384615 0.7211538461538461 0.31490384615384615 0.8413461538461539 0.24519230769230768 0.8413461538461539
23 0.46875 0.4807692307692308 0.5360576923076923 0.4807692307692308 0.5360576923076923 0.6033653846153846 0.46875 0.6033653846153846
23 0.6875 0.7211538461538461 0.7548076923076923 0.7211538461538461 0.7548076923076923 0.8413461538461539 0.6875 0.8413461538461539
23 0.8341346153846154 0.4807692307692308 0.9038461538461539 0.4807692307692308 0.9038461538461539 0.6033653846153846 0.8341346153846154 0.6033653846153846
23 0.09615384615384616 0.4807692307692308 0.1658653846153846 0.4807692307692308 0.1658653846153846 0.6033653846153846 0.09615384615384616 0.6033653846153846
23 0.24519230769230768 0.4807692307692308 0.3125 0.4807692307692308 0.3125 0.6033653846153846 0.24519230769230768 0.6033653846153846
23 0.6850961538461539 0.4807692307692308 0.7548076923076923 0.4807692307692308 0.7548076923076923 0.6033653846153846 0.6850961538461539 0.6033653846153846
23 0.5985576923076923 0.2644230769230769 0.6706730769230769 0.2644230769230769 0.6706730769230769 0.38461538461538464 0.5985576923076923 0.38461538461538464
23 0.31971153846153844 0.2644230769230769 0.3942307692307692 0.2644230769230769 0.3942307692307692 0.38461538461538464 0.31971153846153844 0.38461538461538464
4 0.8245192307692307 0.7067307692307693 0.9110576923076923 0.7067307692307693 0.9110576923076923 0.7139423076923077 0.8245192307692307 0.7139423076923077
4 0.09134615384615384 0.7067307692307693 0.1778846153846154 0.7067307692307693 0.1778846153846154 0.7163461538461539 0.09134615384615384 0.7163461538461539
4 0.23798076923076922 0.7067307692307693 0.3245192307692308 0.7067307692307693 0.3245192307692308 0.7163461538461539 0.23798076923076922 0.7163461538461539
23 0.46875 0.7043269230769231 0.5384615384615384 0.7043269230769231 0.5384615384615384 0.7163461538461539 0.46875 0.7163461538461539
4 0.6778846153846154 0.7067307692307693 0.7644230769230769 0.7067307692307693 0.7644230769230769 0.7163461538461539 0.6778846153846154 0.7163461538461539
4 0.8269230769230769 0.45913461538461536 0.9110576923076923 0.45913461538461536 0.9110576923076923 0.47115384615384615 0.8269230769230769 0.47115384615384615
4 0.08653846153846154 0.45913461538461536 0.17307692307692307 0.45913461538461536 0.17307692307692307 0.47115384615384615 0.08653846153846154 0.47115384615384615
4 0.23557692307692307 0.45913461538461536 0.32211538461538464 0.45913461538461536 0.32211538461538464 0.47115384615384615 0.23557692307692307 0.47115384615384615
4 0.46153846153846156 0.46153846153846156 0.5456730769230769 0.46153846153846156 0.5456730769230769 0.47115384615384615 0.46153846153846156 0.47115384615384615
4 0.6778846153846154 0.4639423076923077 0.7620192307692307 0.4639423076923077 0.7620192307692307 0.4735576923076923 0.6778846153846154 0.4735576923076923
4 0.4423076923076923 0.6802884615384616 0.5649038461538461 0.6802884615384616 0.5649038461538461 0.6947115384615384 0.4423076923076923 0.6947115384615384
17 0.6009615384615384 0.46153846153846156 0.6490384615384616 0.46153846153846156 0.6490384615384616 0.9302884615384616 0.6009615384615384 0.9302884615384616
17 0.35096153846153844 0.45913461538461536 0.39903846153846156 0.45913461538461536 0.39903846153846156 0.9278846153846154 0.35096153846153844 0.9278846153846154
17 0.9447115384615384 0.45913461538461536 0.9663461538461539 0.45913461538461536 0.9663461538461539 0.9254807692307693 0.9447115384615384 0.9254807692307693
17 0.026442307692307692 0.45913461538461536 0.04807692307692308 0.45913461538461536 0.04807692307692308 0.9302884615384616 0.026442307692307692 0.9302884615384616
4 0.5841346153846154 0.24759615384615385 0.6850961538461539 0.24759615384615385 0.6850961538461539 0.3004807692307692 0.5841346153846154 0.3004807692307692
4 0.30528846153846156 0.24759615384615385 0.40865384615384615 0.24759615384615385 0.40865384615384615 0.3004807692307692 0.30528846153846156 0.3004807692307692
2 0.016826923076923076 0.05048076923076923 0.9735576923076923 0.05048076923076923 0.9735576923076923 0.9302884615384616 0.016826923076923076 0.9302884615384616
15 0.026442307692307692 0.6682692307692307 0.9663461538461539 0.6682692307692307 0.9663461538461539 0.9278846153846154 0.026442307692307692 0.9278846153846154
11 0.026442307692307692 0.45913461538461536 0.9663461538461539 0.45913461538461536 0.9663461538461539 0.6466346153846154 0.026442307692307692 0.6466346153846154
12 0.026442307692307692 0.43509615384615385 0.9663461538461539 0.43509615384615385 0.9663461538461539 0.45913461538461536 0.026442307692307692 0.45913461538461536
12 0.026442307692307692 0.6442307692307693 0.9663461538461539 0.6442307692307693 0.9663461538461539 0.6682692307692307 0.026442307692307692 0.6682692307692307
22 0.019230769230769232 0.23557692307692307 0.9735576923076923 0.23557692307692307 0.9735576923076923 0.43509615384615385 0.019230769230769232 0.43509615384615385
8 0.46634615384615385 0.7235576923076923 0.5408653846153846 0.7235576923076923 0.5408653846153846 0.90625 0.46634615384615385 0.90625
19 0.016826923076923076 0.0985576923076923 0.9735576923076923 0.0985576923076923 0.9735576923076923 0.43990384615384615 0.016826923076923076 0.43990384615384615
10 0.019230769230769232 0.05048076923076923 0.9759615384615384 0.05048076923076923 0.9759615384615384 0.9302884615384616 0.019230769230769232 0.9302884615384616