23 0.8004807692307693 0.7620192307692307 0.8798076923076923 0.7620192307692307 0.8798076923076923 0.8846153846153846 0.8004807692307693 0.8846153846153846
23 0.10096153846153846 0.7596153846153846 0.18269230769230768 0.7596153846153846 0.18269230769230768 0.8822115384615384 0.10096153846153846 0.8822115384615384
23 0.28846153846153844 0.7596153846153846 0.37740384615384615 0.7596153846153846 0.37740384615384615 0.8822115384615384 0.28846153846153844 0.8822115384615384
23 0.6081730769230769 0.7596153846153846 0.6899038461538461 0.7596153846153846 0.6899038461538461 0.8846153846153846 0.6081730769230769 0.8846153846153846
23 0.7596153846153846 0.09615384615384616 0.8509615384615384 0.09615384615384616 0.8509615384615384 0.21875 0.7596153846153846 0.21875
23 0.11057692307692307 0.0985576923076923 0.19951923076923078 0.0985576923076923 0.19951923076923078 0.21634615384615385 0.11057692307692307 0.21634615384615385
23 0.3245192307692308 0.0985576923076923 0.41586538461538464 0.0985576923076923 0.41586538461538464 0.21875 0.3245192307692308 0.21875
23 0.5456730769230769 0.09615384615384616 0.6370192307692307 0.09615384615384616 0.6370192307692307 0.21875 0.5456730769230769 0.21875
23 0.7692307692307693 0.3076923076923077 0.8581730769230769 0.3076923076923077 0.8581730769230769 0.43028846153846156 0.7692307692307693 0.43028846153846156
23 0.11057692307692307 0.30528846153846156 0.20192307692307693 0.30528846153846156 0.20192307692307693 0.42788461538461536 0.11057692307692307 0.42788461538461536
23 0.3269230769230769 0.3076923076923077 0.4182692307692308 0.3076923076923077 0.4182692307692308 0.43028846153846156 0.3269230769230769 0.43028846153846156
23 0.5504807692307693 0.30528846153846156 0.6394230769230769 0.30528846153846156 0.6394230769230769 0.42788461538461536 0.5504807692307693 0.42788461538461536
23 0.7716346153846154 0.5192307692307693 0.8605769230769231 0.5192307692307693 0.8605769230769231 0.6418269230769231 0.7716346153846154 0.6418269230769231
23 0.11057692307692307 0.5168269230769231 0.1971153846153846 0.5168269230769231 0.1971153846153846 0.6394230769230769 0.11057692307692307 0.6394230769230769
23 0.3269230769230769 0.5192307692307693 0.41586538461538464 0.5192307692307693 0.41586538461538464 0.6418269230769231 0.3269230769230769 0.6418269230769231
23 0.5552884615384616 0.5192307692307693 0.6442307692307693 0.5192307692307693 0.6442307692307693 0.6418269230769231 0.5552884615384616 0.6418269230769231
19 0.021634615384615384 0.6875 0.9615384615384616 0.6875 0.9615384615384616 0.7596153846153846 0.021634615384615384 0.7596153846153846
8 0.43509615384615385 0.7980769230769231 0.5408653846153846 0.7980769230769231 0.5408653846153846 0.9447115384615384 0.43509615384615385 0.9447115384615384
23 0.43509615384615385 0.7596153846153846 0.5408653846153846 0.7596153846153846 0.5408653846153846 0.7980769230769231 0.43509615384615385 0.7980769230769231
12 0.03125 0.25240384615384615 0.9567307692307693 0.25240384615384615 0.9567307692307693 0.27163461538461536 0.03125 0.27163461538461536
12 0.03125 0.7283653846153846 0.9567307692307693 0.7283653846153846 0.9567307692307693 0.7475961538461539 0.03125 0.7475961538461539
12 0.03125 0.46875 0.9567307692307693 0.46875 0.9567307692307693 0.4879807692307692 0.03125 0.4879807692307692
15 0.03125 0.7451923076923077 0.9543269230769231 0.7451923076923077 0.9543269230769231 0.96875 0.03125 0.96875
22 0.03125 0.014423076923076924 0.9543269230769231 0.014423076923076924 0.9543269230769231 0.25240384615384615 0.03125 0.25240384615384615
11 0.03125 0.4879807692307692 0.9543269230769231 0.4879807692307692 0.9543269230769231 0.7259615384615384 0.03125 0.7259615384615384
11 0.03125 0.27163461538461536 0.9543269230769231 0.27163461538461536 0.9543269230769231 0.46875 0.03125 0.46875
2 0.021634615384615384 0 0.9543269230769231 0 0.9543269230769231 0.9663461538461539 0.021634615384615384 0.9663461538461539
10 0.028846153846153848 0 0.9567307692307693 0 0.9567307692307693 0.9663461538461539 0.028846153846153848 0.9663461538461539