23 0.08653846153846154 0.47836538461538464 0.10096153846153846 0.47836538461538464 0.10096153846153846 0.5625 0.08653846153846154 0.5625
23 0.08653846153846154 0.3004807692307692 0.10096153846153846 0.3004807692307692 0.10096153846153846 0.38461538461538464 0.08653846153846154 0.38461538461538464
23 0.2860576923076923 0.47596153846153844 0.3004807692307692 0.47596153846153844 0.3004807692307692 0.5600961538461539 0.2860576923076923 0.5600961538461539
23 0.12740384615384615 0.3004807692307692 0.14182692307692307 0.3004807692307692 0.14182692307692307 0.38461538461538464 0.12740384615384615 0.38461538461538464
23 0.24519230769230768 0.2980769230769231 0.25961538461538464 0.2980769230769231 0.25961538461538464 0.38221153846153844 0.24519230769230768 0.38221153846153844
23 0.28846153846153844 0.2980769230769231 0.30288461538461536 0.2980769230769231 0.30288461538461536 0.38221153846153844 0.28846153846153844 0.38221153846153844
23 0.24519230769230768 0.47596153846153844 0.25961538461538464 0.47596153846153844 0.25961538461538464 0.5600961538461539 0.24519230769230768 0.5600961538461539
23 0.12740384615384615 0.47596153846153844 0.14182692307692307 0.47596153846153844 0.14182692307692307 0.5600961538461539 0.12740384615384615 0.5600961538461539
23 0.21394230769230768 0.47596153846153844 0.2283653846153846 0.47596153846153844 0.2283653846153846 0.5817307692307693 0.21394230769230768 0.5817307692307693
23 0.15625 0.47596153846153844 0.17067307692307693 0.47596153846153844 0.17067307692307693 0.5817307692307693 0.15625 0.5817307692307693
23 0.1875 0.47596153846153844 0.20192307692307693 0.47596153846153844 0.20192307692307693 0.5817307692307693 0.1875 0.5817307692307693
23 0.21634615384615385 0.2980769230769231 0.2283653846153846 0.2980769230769231 0.2283653846153846 0.40384615384615385 0.21634615384615385 0.40384615384615385
23 0.15865384615384615 0.2980769230769231 0.17307692307692307 0.2980769230769231 0.17307692307692307 0.40384615384615385 0.15865384615384615 0.40384615384615385
23 0.1875 0.2980769230769231 0.20192307692307693 0.2980769230769231 0.20192307692307693 0.40384615384615385 0.1875 0.40384615384615385
23 0.15865384615384615 0.7451923076923077 0.17307692307692307 0.7451923076923077 0.17307692307692307 0.8052884615384616 0.15865384615384615 0.8052884615384616
23 0.12740384615384615 0.7427884615384616 0.14182692307692307 0.7427884615384616 0.14182692307692307 0.8028846153846154 0.12740384615384615 0.8028846153846154
23 0.24519230769230768 0.7451923076923077 0.25961538461538464 0.7451923076923077 0.25961538461538464 0.8052884615384616 0.24519230769230768 0.8052884615384616
23 0.21394230769230768 0.7427884615384616 0.2283653846153846 0.7427884615384616 0.2283653846153846 0.8028846153846154 0.21394230769230768 0.8028846153846154
8 0.28365384615384615 0.7451923076923077 0.30528846153846156 0.7451923076923077 0.30528846153846156 0.8629807692307693 0.28365384615384615 0.8629807692307693
8 0.08413461538461539 0.7427884615384616 0.10336538461538461 0.7427884615384616 0.10336538461538461 0.8653846153846154 0.08413461538461539 0.8653846153846154
5 0.22596153846153846 0.6802884615384616 0.2403846153846154 0.6802884615384616 0.2403846153846154 0.6971153846153846 0.22596153846153846 0.6971153846153846
5 0.13942307692307693 0.6802884615384616 0.15384615384615385 0.6802884615384616 0.15384615384615385 0.6971153846153846 0.13942307692307693 0.6971153846153846
20 0.1778846153846154 0.7379807692307693 0.20673076923076922 0.7379807692307693 0.20673076923076922 0.8557692307692307 0.1778846153846154 0.8557692307692307
23 0.53125 0.5961538461538461 0.5432692307692307 0.5961538461538461 0.5432692307692307 0.6802884615384616 0.53125 0.6802884615384616
23 0.49038461538461536 0.5961538461538461 0.5024038461538461 0.5961538461538461 0.5024038461538461 0.6802884615384616 0.49038461538461536 0.6802884615384616
23 0.43509615384615385 0.4254807692307692 0.44711538461538464 0.4254807692307692 0.44711538461538464 0.5240384615384616 0.43509615384615385 0.5240384615384616
23 0.3293269230769231 0.5961538461538461 0.34134615384615385 0.5961538461538461 0.34134615384615385 0.6778846153846154 0.3293269230769231 0.6778846153846154
23 0.5288461538461539 0.7331730769230769 0.5432692307692307 0.7331730769230769 0.5432692307692307 0.7644230769230769 0.5288461538461539 0.7644230769230769
23 0.40384615384615385 0.7307692307692307 0.4182692307692308 0.7307692307692307 0.4182692307692308 0.7620192307692307 0.40384615384615385 0.7620192307692307
23 0.4879807692307692 0.7307692307692307 0.5024038461538461 0.7307692307692307 0.5024038461538461 0.7644230769230769 0.4879807692307692 0.7644230769230769
23 0.37740384615384615 0.7620192307692307 0.3894230769230769 0.7620192307692307 0.3894230769230769 0.8245192307692307 0.37740384615384615 0.8245192307692307
23 0.4326923076923077 0.7596153846153846 0.44711538461538464 0.7596153846153846 0.44711538461538464 0.8269230769230769 0.4326923076923077 0.8269230769230769
23 0.3293269230769231 0.7355769230769231 0.34375 0.7355769230769231 0.34375 0.7596153846153846 0.3293269230769231 0.7596153846153846
8 0.40384615384615385 0.7692307692307693 0.4182692307692308 0.7692307692307693 0.4182692307692308 0.8677884615384616 0.40384615384615385 0.8677884615384616
8 0.3293269230769231 0.7668269230769231 0.34375 0.7668269230769231 0.34375 0.8653846153846154 0.3293269230769231 0.8653846153846154
23 0.53125 0.4230769230769231 0.5432692307692307 0.4230769230769231 0.5432692307692307 0.5072115384615384 0.53125 0.5072115384615384
23 0.49038461538461536 0.4230769230769231 0.5024038461538461 0.4230769230769231 0.5024038461538461 0.5072115384615384 0.49038461538461536 0.5072115384615384
23 0.37740384615384615 0.4254807692307692 0.3894230769230769 0.4254807692307692 0.3894230769230769 0.5072115384615384 0.37740384615384615 0.5072115384615384
23 0.3293269230769231 0.4230769230769231 0.34134615384615385 0.4230769230769231 0.34134615384615385 0.5072115384615384 0.3293269230769231 0.5072115384615384
23 0.37740384615384615 0.5961538461538461 0.3894230769230769 0.5961538461538461 0.3894230769230769 0.6802884615384616 0.37740384615384615 0.6802884615384616
23 0.40625 0.4254807692307692 0.4182692307692308 0.4254807692307692 0.4182692307692308 0.5240384615384616 0.40625 0.5240384615384616
23 0.43509615384615385 0.5961538461538461 0.44711538461538464 0.5961538461538461 0.44711538461538464 0.6802884615384616 0.43509615384615385 0.6802884615384616
23 0.40625 0.5961538461538461 0.4182692307692308 0.5961538461538461 0.4182692307692308 0.6802884615384616 0.40625 0.6802884615384616
8 0.5288461538461539 0.7716346153846154 0.5432692307692307 0.7716346153846154 0.5432692307692307 0.8701923076923077 0.5288461538461539 0.8701923076923077
8 0.4879807692307692 0.7692307692307693 0.5024038461538461 0.7692307692307693 0.5024038461538461 0.8677884615384616 0.4879807692307692 0.8677884615384616
8 0.6394230769230769 0.7596153846153846 0.6586538461538461 0.7596153846153846 0.6586538461538461 0.8677884615384616 0.6394230769230769 0.8677884615384616
8 0.7211538461538461 0.7716346153846154 0.7355769230769231 0.7716346153846154 0.7355769230769231 0.8774038461538461 0.7211538461538461 0.8774038461538461
8 0.5600961538461539 0.7644230769230769 0.5769230769230769 0.7644230769230769 0.5769230769230769 0.8725961538461539 0.5600961538461539 0.8725961538461539
5 0.6610576923076923 0.6826923076923077 0.6730769230769231 0.6826923076923077 0.6730769230769231 0.7211538461538461 0.6610576923076923 0.7211538461538461
5 0.6274038461538461 0.6826923076923077 0.6394230769230769 0.6826923076923077 0.6394230769230769 0.7211538461538461 0.6274038461538461 0.7211538461538461
23 0.7716346153846154 0.6682692307692307 0.7932692307692307 0.6682692307692307 0.7932692307692307 0.7331730769230769 0.7716346153846154 0.7331730769230769
23 0.8125 0.6682692307692307 0.8389423076923077 0.6682692307692307 0.8389423076923077 0.7331730769230769 0.8125 0.7331730769230769
23 0.84375 0.6658653846153846 0.8677884615384616 0.6658653846153846 0.8677884615384616 0.7307692307692307 0.84375 0.7307692307692307
23 0.8894230769230769 0.6658653846153846 0.9134615384615384 0.6658653846153846 0.9134615384615384 0.7331730769230769 0.8894230769230769 0.7331730769230769
8 0.8894230769230769 0.7403846153846154 0.9134615384615384 0.7403846153846154 0.9134615384615384 0.8822115384615384 0.8894230769230769 0.8822115384615384
8 0.7716346153846154 0.7427884615384616 0.7932692307692307 0.7427884615384616 0.7932692307692307 0.8798076923076923 0.7716346153846154 0.8798076923076923
23 0.8725961538461539 0.7764423076923077 0.8894230769230769 0.7764423076923077 0.8894230769230769 0.8485576923076923 0.8725961538461539 0.8485576923076923
23 0.7980769230769231 0.7788461538461539 0.8125 0.7788461538461539 0.8125 0.8485576923076923 0.7980769230769231 0.8485576923076923
23 0.8894230769230769 0.4423076923076923 0.9134615384615384 0.4423076923076923 0.9134615384615384 0.5793269230769231 0.8894230769230769 0.5793269230769231
23 0.7692307692307693 0.44471153846153844 0.7932692307692307 0.44471153846153844 0.7932692307692307 0.5817307692307693 0.7692307692307693 0.5817307692307693
23 0.08413461538461539 0.6778846153846154 0.10576923076923077 0.6778846153846154 0.10576923076923077 0.7163461538461539 0.08413461538461539 0.7163461538461539
23 0.7211538461538461 0.7163461538461539 0.7355769230769231 0.7163461538461539 0.7355769230769231 0.7620192307692307 0.7211538461538461 0.7620192307692307
23 0.59375 0.7235576923076923 0.6057692307692307 0.7235576923076923 0.6057692307692307 0.7548076923076923 0.59375 0.7548076923076923
23 0.5625 0.7115384615384616 0.5769230769230769 0.7115384615384616 0.5769230769230769 0.7548076923076923 0.5625 0.7548076923076923
23 0.6394230769230769 0.7019230769230769 0.6586538461538461 0.7019230769230769 0.6586538461538461 0.7572115384615384 0.6394230769230769 0.7572115384615384
23 0.5649038461538461 0.5240384615384616 0.5769230769230769 0.5240384615384616 0.5769230769230769 0.6442307692307693 0.5649038461538461 0.6442307692307693
23 0.7235576923076923 0.5264423076923077 0.7355769230769231 0.5264423076923077 0.7355769230769231 0.6514423076923077 0.7235576923076923 0.6514423076923077
23 0.5961538461538461 0.5216346153846154 0.6081730769230769 0.5216346153846154 0.6081730769230769 0.6057692307692307 0.5961538461538461 0.6057692307692307
23 0.6899038461538461 0.5264423076923077 0.7043269230769231 0.5264423076923077 0.7043269230769231 0.6105769230769231 0.6899038461538461 0.6105769230769231
23 0.5649038461538461 0.3317307692307692 0.5769230769230769 0.3317307692307692 0.5769230769230769 0.40865384615384615 0.5649038461538461 0.40865384615384615
23 0.7235576923076923 0.34134615384615385 0.7355769230769231 0.34134615384615385 0.7355769230769231 0.41586538461538464 0.7235576923076923 0.41586538461538464
23 0.6923076923076923 0.3389423076923077 0.7043269230769231 0.3389423076923077 0.7043269230769231 0.41586538461538464 0.6923076923076923 0.41586538461538464
23 0.6610576923076923 0.33653846153846156 0.6730769230769231 0.33653846153846156 0.6730769230769231 0.41346153846153844 0.6610576923076923 0.41346153846153844
23 0.6442307692307693 0.33413461538461536 0.65625 0.33413461538461536 0.65625 0.41346153846153844 0.6442307692307693 0.41346153846153844
23 0.5961538461538461 0.33413461538461536 0.6081730769230769 0.33413461538461536 0.6081730769230769 0.4110576923076923 0.5961538461538461 0.4110576923076923
23 0.6586538461538461 0.5168269230769231 0.6730769230769231 0.5168269230769231 0.6730769230769231 0.6466346153846154 0.6586538461538461 0.6466346153846154
23 0.6274038461538461 0.5168269230769231 0.6394230769230769 0.5168269230769231 0.6394230769230769 0.6466346153846154 0.6274038461538461 0.6466346153846154
23 0.6418269230769231 0.5168269230769231 0.65625 0.5168269230769231 0.65625 0.6466346153846154 0.6418269230769231 0.6466346153846154
23 0.6899038461538461 0.7596153846153846 0.7043269230769231 0.7596153846153846 0.7043269230769231 0.8197115384615384 0.6899038461538461 0.8197115384615384
23 0.59375 0.7572115384615384 0.6057692307692307 0.7572115384615384 0.6057692307692307 0.8149038461538461 0.59375 0.8149038461538461
23 0.6274038461538461 0.33413461538461536 0.6394230769230769 0.33413461538461536 0.6394230769230769 0.4110576923076923 0.6274038461538461 0.4110576923076923
23 0.7235576923076923 0.4831730769230769 0.7355769230769231 0.4831730769230769 0.7355769230769231 0.5192307692307693 0.7235576923076923 0.5192307692307693
23 0.6899038461538461 0.4807692307692308 0.7043269230769231 0.4807692307692308 0.7043269230769231 0.5192307692307693 0.6899038461538461 0.5192307692307693
23 0.5961538461538461 0.47596153846153844 0.6081730769230769 0.47596153846153844 0.6081730769230769 0.5120192307692307 0.5961538461538461 0.5120192307692307
23 0.5649038461538461 0.4735576923076923 0.5769230769230769 0.4735576923076923 0.5769230769230769 0.5120192307692307 0.5649038461538461 0.5120192307692307
23 0.6899038461538461 0.7259615384615384 0.7043269230769231 0.7259615384615384 0.7043269230769231 0.7596153846153846 0.6899038461538461 0.7596153846153846
23 0.7235576923076923 0.3076923076923077 0.7355769230769231 0.3076923076923077 0.7355769230769231 0.3389423076923077 0.7235576923076923 0.3389423076923077
23 0.5649038461538461 0.2980769230769231 0.5769230769230769 0.2980769230769231 0.5769230769230769 0.3317307692307692 0.5649038461538461 0.3317307692307692
23 0.5961538461538461 0.3004807692307692 0.6081730769230769 0.3004807692307692 0.6081730769230769 0.3317307692307692 0.5961538461538461 0.3317307692307692
23 0.6274038461538461 0.3004807692307692 0.6394230769230769 0.3004807692307692 0.6394230769230769 0.33413461538461536 0.6274038461538461 0.33413461538461536
23 0.6442307692307693 0.30288461538461536 0.65625 0.30288461538461536 0.65625 0.33413461538461536 0.6442307692307693 0.33413461538461536
23 0.6610576923076923 0.30288461538461536 0.6730769230769231 0.30288461538461536 0.6730769230769231 0.33653846153846156 0.6610576923076923 0.33653846153846156
23 0.6923076923076923 0.30528846153846156 0.7043269230769231 0.30528846153846156 0.7043269230769231 0.33653846153846156 0.6923076923076923 0.33653846153846156
23 0.6586538461538461 0.47836538461538464 0.6730769230769231 0.47836538461538464 0.6730769230769231 0.5168269230769231 0.6586538461538461 0.5168269230769231
23 0.6274038461538461 0.47836538461538464 0.6394230769230769 0.47836538461538464 0.6394230769230769 0.5168269230769231 0.6274038461538461 0.5168269230769231
23 0.6274038461538461 0.47836538461538464 0.6394230769230769 0.47836538461538464 0.6394230769230769 0.5168269230769231 0.6274038461538461 0.5168269230769231
23 0.6418269230769231 0.47836538461538464 0.65625 0.47836538461538464 0.65625 0.5168269230769231 0.6418269230769231 0.5168269230769231
4 0.7620192307692307 0.3605769230769231 0.8004807692307693 0.3605769230769231 0.8004807692307693 0.37740384615384615 0.7620192307692307 0.37740384615384615
4 0.8173076923076923 0.3557692307692308 0.8629807692307693 0.3557692307692308 0.8629807692307693 0.37740384615384615 0.8173076923076923 0.37740384615384615
4 0.8822115384615384 0.3557692307692308 0.9206730769230769 0.3557692307692308 0.9206730769230769 0.37259615384615385 0.8822115384615384 0.37259615384615385
5 0.8269230769230769 0.3918269230769231 0.8533653846153846 0.3918269230769231 0.8533653846153846 0.43990384615384615 0.8269230769230769 0.43990384615384615
23 0.8894230769230769 0.3894230769230769 0.9134615384615384 0.3894230769230769 0.9134615384615384 0.4375 0.8894230769230769 0.4375
23 0.7692307692307693 0.39663461538461536 0.7932692307692307 0.39663461538461536 0.7932692307692307 0.4423076923076923 0.7692307692307693 0.4423076923076923
16 0.7620192307692307 0.30288461538461536 0.9206730769230769 0.30288461538461536 0.9206730769230769 0.3293269230769231 0.7620192307692307 0.3293269230769231
16 0.5456730769230769 0.25240384615384615 0.7548076923076923 0.25240384615384615 0.7548076923076923 0.28365384615384615 0.5456730769230769 0.28365384615384615
16 0.31490384615384615 0.3557692307692308 0.5552884615384616 0.3557692307692308 0.5552884615384616 0.37259615384615385 0.31490384615384615 0.37259615384615385
16 0.07211538461538461 0.25240384615384615 0.3173076923076923 0.25240384615384615 0.3173076923076923 0.2764423076923077 0.07211538461538461 0.2764423076923077
16 0.07211538461538461 0.6225961538461539 0.31490384615384615 0.6225961538461539 0.31490384615384615 0.6394230769230769 0.07211538461538461 0.6394230769230769
21 0.2091346153846154 0.5817307692307693 0.23076923076923078 0.5817307692307693 0.23076923076923078 0.6009615384615384 0.2091346153846154 0.6009615384615384
21 0.15384615384615385 0.5817307692307693 0.17548076923076922 0.5817307692307693 0.17548076923076922 0.6009615384615384 0.15384615384615385 0.6009615384615384
21 0.18269230769230768 0.5817307692307693 0.20192307692307693 0.5817307692307693 0.20192307692307693 0.5985576923076923 0.18269230769230768 0.5985576923076923
21 0.21153846153846154 0.40384615384615385 0.23317307692307693 0.40384615384615385 0.23317307692307693 0.4230769230769231 0.21153846153846154 0.4230769230769231
21 0.15384615384615385 0.40384615384615385 0.17548076923076922 0.40384615384615385 0.17548076923076922 0.4230769230769231 0.15384615384615385 0.4230769230769231
21 0.18269230769230768 0.40384615384615385 0.20432692307692307 0.40384615384615385 0.20432692307692307 0.4230769230769231 0.18269230769230768 0.4230769230769231
5 0.7788461538461539 0.37740384615384615 0.7836538461538461 0.37740384615384615 0.7836538461538461 0.3942307692307692 0.7788461538461539 0.3942307692307692
5 0.8990384615384616 0.37259615384615385 0.9038461538461539 0.37259615384615385 0.9038461538461539 0.3918269230769231 0.8990384615384616 0.3918269230769231
5 0.8317307692307693 0.4423076923076923 0.8485576923076923 0.4423076923076923 0.8485576923076923 0.5817307692307693 0.8317307692307693 0.5817307692307693
21 0.8221153846153846 0.5793269230769231 0.8605769230769231 0.5793269230769231 0.8605769230769231 0.6225961538461539 0.8221153846153846 0.6225961538461539
5 0.8605769230769231 0.46634615384615385 0.8846153846153846 0.46634615384615385 0.8846153846153846 0.5769230769230769 0.8605769230769231 0.5769230769230769
5 0.7980769230769231 0.46634615384615385 0.8221153846153846 0.46634615384615385 0.8221153846153846 0.5745192307692307 0.7980769230769231 0.5745192307692307
5 0.5697115384615384 0.4423076923076923 0.5745192307692307 0.4423076923076923 0.5745192307692307 0.46153846153846156 0.5697115384615384 0.46153846153846156
5 0.6009615384615384 0.44471153846153844 0.6057692307692307 0.44471153846153844 0.6057692307692307 0.46153846153846156 0.6009615384615384 0.46153846153846156
5 0.6322115384615384 0.44711538461538464 0.6370192307692307 0.44711538461538464 0.6370192307692307 0.46634615384615385 0.6322115384615384 0.46634615384615385
5 0.6490384615384616 0.44711538461538464 0.6514423076923077 0.44711538461538464 0.6514423076923077 0.46634615384615385 0.6490384615384616 0.46634615384615385
5 0.6658653846153846 0.44471153846153844 0.6706730769230769 0.44471153846153844 0.6706730769230769 0.46634615384615385 0.6658653846153846 0.46634615384615385
5 0.6971153846153846 0.44711538461538464 0.7019230769230769 0.44711538461538464 0.7019230769230769 0.46634615384615385 0.6971153846153846 0.46634615384615385
5 0.7283653846153846 0.4495192307692308 0.7331730769230769 0.4495192307692308 0.7331730769230769 0.46875 0.7283653846153846 0.46875
4 0.12259615384615384 0.7091346153846154 0.17548076923076922 0.7091346153846154 0.17548076923076922 0.7307692307692307 0.12259615384615384 0.7307692307692307
4 0.2091346153846154 0.7139423076923077 0.2644230769230769 0.7139423076923077 0.2644230769230769 0.7331730769230769 0.2091346153846154 0.7331730769230769
23 0.1778846153846154 0.6875 0.20673076923076922 0.6875 0.20673076923076922 0.7379807692307693 0.1778846153846154 0.7379807692307693
19 0.07211538461538461 0.1778846153846154 0.3173076923076923 0.1778846153846154 0.3173076923076923 0.24759615384615385 0.07211538461538461 0.24759615384615385
19 0.31490384615384615 0.2620192307692308 0.5528846153846154 0.2620192307692308 0.5528846153846154 0.35336538461538464 0.31490384615384615 0.35336538461538464
19 0.5504807692307693 0.1658653846153846 0.75 0.1658653846153846 0.75 0.25721153846153844 0.5504807692307693 0.25721153846153844
19 0.7620192307692307 0.19471153846153846 0.9206730769230769 0.19471153846153846 0.9206730769230769 0.29086538461538464 0.7620192307692307 0.29086538461538464
2 0.06971153846153846 0.13701923076923078 0.9278846153846154 0.13701923076923078 0.9278846153846154 0.8846153846153846 0.06971153846153846 0.8846153846153846
12 0.07451923076923077 0.4375 0.3173076923076923 0.4375 0.3173076923076923 0.4519230769230769 0.07451923076923077 0.4519230769230769
22 0.07451923076923077 0.2644230769230769 0.3173076923076923 0.2644230769230769 0.3173076923076923 0.4519230769230769 0.07451923076923077 0.4519230769230769
12 0.07451923076923077 0.625 0.3173076923076923 0.625 0.3173076923076923 0.6394230769230769 0.07451923076923077 0.6394230769230769
15 0.07451923076923077 0.6370192307692307 0.3173076923076923 0.6370192307692307 0.3173076923076923 0.8653846153846154 0.07451923076923077 0.8653846153846154
11 0.07451923076923077 0.4519230769230769 0.3173076923076923 0.4519230769230769 0.3173076923076923 0.6370192307692307 0.07451923076923077 0.6370192307692307
12 0.31490384615384615 0.5576923076923077 0.5504807692307693 0.5576923076923077 0.5504807692307693 0.5697115384615384 0.31490384615384615 0.5697115384615384
22 0.31490384615384615 0.3701923076923077 0.5504807692307693 0.3701923076923077 0.5504807692307693 0.5721153846153846 0.31490384615384615 0.5721153846153846
12 0.31490384615384615 0.7091346153846154 0.5504807692307693 0.7091346153846154 0.5504807692307693 0.7235576923076923 0.31490384615384615 0.7235576923076923
22 0.5504807692307693 0.2764423076923077 0.7475961538461539 0.2764423076923077 0.7475961538461539 0.4375 0.5504807692307693 0.4375
11 0.31490384615384615 0.5721153846153846 0.5504807692307693 0.5721153846153846 0.5504807692307693 0.7211538461538461 0.31490384615384615 0.7211538461538461
12 0.5504807692307693 0.42788461538461536 0.7475961538461539 0.42788461538461536 0.7475961538461539 0.43990384615384615 0.5504807692307693 0.43990384615384615
12 0.5504807692307693 0.65625 0.7475961538461539 0.65625 0.7475961538461539 0.6682692307692307 0.5504807692307693 0.6682692307692307
15 0.31490384615384615 0.7235576923076923 0.5504807692307693 0.7235576923076923 0.5504807692307693 0.8701923076923077 0.31490384615384615 0.8701923076923077
15 0.5504807692307693 0.6658653846153846 0.7475961538461539 0.6658653846153846 0.7475961538461539 0.8798076923076923 0.5504807692307693 0.8798076923076923
11 0.5504807692307693 0.43990384615384615 0.7475961538461539 0.43990384615384615 0.7475961538461539 0.6658653846153846 0.5504807692307693 0.6658653846153846
12 0.7620192307692307 0.6274038461538461 0.9206730769230769 0.6274038461538461 0.9206730769230769 0.6394230769230769 0.7620192307692307 0.6394230769230769
22 0.7620192307692307 0.3245192307692308 0.9206730769230769 0.3245192307692308 0.9206730769230769 0.6370192307692307 0.7620192307692307 0.6370192307692307
12 0.7620192307692307 0.6274038461538461 0.9206730769230769 0.6274038461538461 0.9206730769230769 0.6394230769230769 0.7620192307692307 0.6394230769230769
15 0.7620192307692307 0.6394230769230769 0.9206730769230769 0.6394230769230769 0.9206730769230769 0.8798076923076923 0.7620192307692307 0.8798076923076923
5 0.8389423076923077 0.37259615384615385 0.84375 0.37259615384615385 0.84375 0.3942307692307692 0.8389423076923077 0.3942307692307692
20 0.8269230769230769 0.78125 0.8557692307692307 0.78125 0.8557692307692307 0.7956730769230769 0.8269230769230769 0.7956730769230769
8 0.8125 0.7427884615384616 0.8389423076923077 0.7427884615384616 0.8389423076923077 0.8798076923076923 0.8125 0.8798076923076923
8 0.84375 0.7427884615384616 0.8677884615384616 0.7427884615384616 0.8677884615384616 0.8822115384615384 0.84375 0.8822115384615384
10 0.06971153846153846 0.1346153846153846 0.9278846153846154 0.1346153846153846 0.9278846153846154 0.8846153846153846 0.06971153846153846 0.8846153846153846
21 0.43028846153846156 0.5240384615384616 0.4495192307692308 0.5240384615384616 0.4495192307692308 0.5384615384615384 0.43028846153846156 0.5384615384615384
21 0.40384615384615385 0.5240384615384616 0.4206730769230769 0.5240384615384616 0.4206730769230769 0.5384615384615384 0.40384615384615385 0.5384615384615384