23 0.052884615384615384 0.28846153846153844 0.11298076923076923 0.28846153846153844 0.11298076923076923 0.46153846153846156 0.052884615384615384 0.46153846153846156
23 0.7716346153846154 0.6610576923076923 0.8317307692307693 0.6610576923076923 0.8317307692307693 0.8028846153846154 0.7716346153846154 0.8028846153846154
23 0.7740384615384616 0.29086538461538464 0.8341346153846154 0.29086538461538464 0.8341346153846154 0.46153846153846156 0.7740384615384616 0.46153846153846156
23 0.29086538461538464 0.28846153846153844 0.35336538461538464 0.28846153846153844 0.35336538461538464 0.46153846153846156 0.29086538461538464 0.46153846153846156
23 0.53125 0.29086538461538464 0.5913461538461539 0.29086538461538464 0.5913461538461539 0.46153846153846156 0.53125 0.46153846153846156
23 0.055288461538461536 0.6610576923076923 0.11298076923076923 0.6610576923076923 0.11298076923076923 0.8028846153846154 0.055288461538461536 0.8028846153846154
23 0.5336538461538461 0.6610576923076923 0.59375 0.6610576923076923 0.59375 0.8028846153846154 0.5336538461538461 0.8028846153846154
21 0.5264423076923077 0.8052884615384616 0.6033653846153846 0.8052884615384616 0.6033653846153846 0.8173076923076923 0.5264423076923077 0.8173076923076923
4 0.04807692307692308 0.2764423076923077 0.125 0.2764423076923077 0.125 0.28846153846153844 0.04807692307692308 0.28846153846153844
4 0.28365384615384615 0.2764423076923077 0.3605769230769231 0.2764423076923077 0.3605769230769231 0.28846153846153844 0.28365384615384615 0.28846153846153844
4 0.5216346153846154 0.2764423076923077 0.5985576923076923 0.2764423076923077 0.5985576923076923 0.28846153846153844 0.5216346153846154 0.28846153846153844
4 0.7668269230769231 0.2764423076923077 0.84375 0.2764423076923077 0.84375 0.28846153846153844 0.7668269230769231 0.28846153846153844
4 0.7668269230769231 0.6490384615384616 0.84375 0.6490384615384616 0.84375 0.6610576923076923 0.7668269230769231 0.6610576923076923
4 0.5240384615384616 0.6490384615384616 0.6009615384615384 0.6490384615384616 0.6009615384615384 0.6610576923076923 0.5240384615384616 0.6610576923076923
4 0.04567307692307692 0.6466346153846154 0.12259615384615384 0.6466346153846154 0.12259615384615384 0.6586538461538461 0.04567307692307692 0.6586538461538461
21 0.04567307692307692 0.8028846153846154 0.12259615384615384 0.8028846153846154 0.12259615384615384 0.8149038461538461 0.04567307692307692 0.8149038461538461
21 0.04567307692307692 0.46153846153846156 0.12259615384615384 0.46153846153846156 0.12259615384615384 0.4735576923076923 0.04567307692307692 0.4735576923076923
21 0.28365384615384615 0.46153846153846156 0.3605769230769231 0.46153846153846156 0.3605769230769231 0.4735576923076923 0.28365384615384615 0.4735576923076923
21 0.5240384615384616 0.4639423076923077 0.6009615384615384 0.4639423076923077 0.6009615384615384 0.47596153846153844 0.5240384615384616 0.47596153846153844
21 0.7668269230769231 0.4639423076923077 0.84375 0.4639423076923077 0.84375 0.47596153846153844 0.7668269230769231 0.47596153846153844
21 0.7668269230769231 0.8052884615384616 0.84375 0.8052884615384616 0.84375 0.8173076923076923 0.7668269230769231 0.8173076923076923
8 0.27163461538461536 0.6538461538461539 0.3557692307692308 0.6538461538461539 0.3557692307692308 0.8966346153846154 0.27163461538461536 0.8966346153846154
20 0.11298076923076923 0.22596153846153846 0.47836538461538464 0.22596153846153846 0.47836538461538464 0.2692307692307692 0.11298076923076923 0.2692307692307692
19 0 0.02403846153846154 1 0.02403846153846154 1 0.11057692307692307 0 0.11057692307692307
22 0.002403846153846154 0.11057692307692307 1 0.11057692307692307 1 0.5528846153846154 0.002403846153846154 0.5528846153846154
12 0.002403846153846154 0.5528846153846154 1 0.5528846153846154 1 0.5913461538461539 0.002403846153846154 0.5913461538461539
15 0.002403846153846154 0.5913461538461539 1 0.5913461538461539 1 0.8966346153846154 0.002403846153846154 0.8966346153846154
10 0.002403846153846154 0.021634615384615384 1 0.021634615384615384 1 0.8990384615384616 0.002403846153846154 0.8990384615384616