23 0.3293269230769231 0.13942307692307693 0.4230769230769231 0.13942307692307693 0.4230769230769231 0.2692307692307692 0.3293269230769231 0.2692307692307692
23 0.13701923076923078 0.13942307692307693 0.23317307692307693 0.13942307692307693 0.23317307692307693 0.2692307692307692 0.13701923076923078 0.2692307692307692
23 0.13701923076923078 0.36538461538461536 0.23076923076923078 0.36538461538461536 0.23076923076923078 0.5552884615384616 0.13701923076923078 0.5552884615384616
23 0.6201923076923077 0.36778846153846156 0.7139423076923077 0.36778846153846156 0.7139423076923077 0.5528846153846154 0.6201923076923077 0.5528846153846154
4 0.12980769230769232 0.33653846153846156 0.23557692307692307 0.33653846153846156 0.23557692307692307 0.3629807692307692 0.12980769230769232 0.3629807692307692
4 0.32211538461538464 0.3389423076923077 0.4254807692307692 0.3389423076923077 0.4254807692307692 0.3629807692307692 0.32211538461538464 0.3629807692307692
23 0.14423076923076922 0.6466346153846154 0.2283653846153846 0.6466346153846154 0.2283653846153846 0.6971153846153846 0.14423076923076922 0.6971153846153846
23 0.3317307692307692 0.6442307692307693 0.41346153846153844 0.6442307692307693 0.41346153846153844 0.6947115384615384 0.3317307692307692 0.6947115384615384
23 0.14423076923076922 0.7043269230769231 0.2283653846153846 0.7043269230769231 0.2283653846153846 0.8629807692307693 0.14423076923076922 0.8629807692307693
23 0.3317307692307692 0.7043269230769231 0.41346153846153844 0.7043269230769231 0.41346153846153844 0.8629807692307693 0.3317307692307692 0.8629807692307693
23 0.3269230769230769 0.36538461538461536 0.4206730769230769 0.36538461538461536 0.4206730769230769 0.5552884615384616 0.3269230769230769 0.5552884615384616
23 0.8076923076923077 0.36538461538461536 0.9014423076923077 0.36538461538461536 0.9014423076923077 0.5528846153846154 0.8076923076923077 0.5528846153846154
23 0.8100961538461539 0.6394230769230769 0.9014423076923077 0.6394230769230769 0.9014423076923077 0.8701923076923077 0.8100961538461539 0.8701923076923077
23 0.6201923076923077 0.6418269230769231 0.7091346153846154 0.6418269230769231 0.7091346153846154 0.8677884615384616 0.6201923076923077 0.8677884615384616
4 0.6153846153846154 0.3389423076923077 0.71875 0.3389423076923077 0.71875 0.3629807692307692 0.6153846153846154 0.3629807692307692
4 0.8028846153846154 0.34134615384615385 0.9086538461538461 0.34134615384615385 0.9086538461538461 0.3629807692307692 0.8028846153846154 0.3629807692307692
4 0.13221153846153846 0.11057692307692307 0.23798076923076922 0.11057692307692307 0.23798076923076922 0.13221153846153846 0.13221153846153846 0.13221153846153846
4 0.3245192307692308 0.11298076923076923 0.43028846153846156 0.11298076923076923 0.43028846153846156 0.13221153846153846 0.3245192307692308 0.13221153846153846
4 0.1201923076923077 0.6057692307692307 0.25 0.6057692307692307 0.25 0.6346153846153846 0.1201923076923077 0.6346153846153846
4 0.30528846153846156 0.6057692307692307 0.4375 0.6057692307692307 0.4375 0.6346153846153846 0.30528846153846156 0.6346153846153846
4 0.6009615384615384 0.6057692307692307 0.7307692307692307 0.6057692307692307 0.7307692307692307 0.6346153846153846 0.6009615384615384 0.6346153846153846
4 0.7980769230769231 0.6057692307692307 0.9206730769230769 0.6057692307692307 0.9206730769230769 0.6322115384615384 0.7980769230769231 0.6322115384615384
21 0.59375 0.8677884615384616 0.7307692307692307 0.8677884615384616 0.7307692307692307 0.8822115384615384 0.59375 0.8822115384615384
21 0.7884615384615384 0.8701923076923077 0.9230769230769231 0.8701923076923077 0.9230769230769231 0.8822115384615384 0.7884615384615384 0.8822115384615384
21 0.7884615384615384 0.5528846153846154 0.9230769230769231 0.5528846153846154 0.9230769230769231 0.5673076923076923 0.7884615384615384 0.5673076923076923
21 0.5961538461538461 0.5504807692307693 0.7331730769230769 0.5504807692307693 0.7331730769230769 0.5673076923076923 0.5961538461538461 0.5673076923076923
21 0.30528846153846156 0.5528846153846154 0.4423076923076923 0.5528846153846154 0.4423076923076923 0.5697115384615384 0.30528846153846156 0.5697115384615384
21 0.11538461538461539 0.5528846153846154 0.2548076923076923 0.5528846153846154 0.2548076923076923 0.5697115384615384 0.11538461538461539 0.5697115384615384
21 0.12259615384615384 0.2668269230769231 0.24278846153846154 0.2668269230769231 0.24278846153846154 0.27884615384615385 0.12259615384615384 0.27884615384615385
21 0.3173076923076923 0.2692307692307692 0.4375 0.2692307692307692 0.4375 0.28125 0.3173076923076923 0.28125
23 0.7379807692307693 0.18509615384615385 0.7908653846153846 0.18509615384615385 0.7908653846153846 0.2668269230769231 0.7379807692307693 0.2668269230769231
19 0 0.03365384615384615 0.03365384615384615 0.03365384615384615 0.03365384615384615 0.2620192307692308 0 0.2620192307692308
5 0.02403846153846154 0.6033653846153846 0.040865384615384616 0.6033653846153846 0.040865384615384616 0.625 0.02403846153846154 0.625
5 0.27163461538461536 0.6057692307692307 0.28846153846153844 0.6057692307692307 0.28846153846153844 0.6298076923076923 0.27163461538461536 0.6298076923076923
5 0.7572115384615384 0.6057692307692307 0.7716346153846154 0.6057692307692307 0.7716346153846154 0.6298076923076923 0.7572115384615384 0.6298076923076923
5 0.9783653846153846 0.6009615384615384 0.9951923076923077 0.6009615384615384 0.9951923076923077 0.625 0.9783653846153846 0.625
5 0.03125 0 0.5288461538461539 0 0.5288461538461539 0.06971153846153846 0.03125 0.06971153846153846
19 0.5264423076923077 0.038461538461538464 0.9903846153846154 0.038461538461538464 0.9903846153846154 0.2644230769230769 0.5264423076923077 0.2644230769230769
19 0.9278846153846154 0.05048076923076923 1 0.05048076923076923 1 0.12259615384615384 0.9278846153846154 0.12259615384615384
20 0.5192307692307693 0.8942307692307693 0.8581730769230769 0.8942307692307693 0.8581730769230769 0.9615384615384616 0.5192307692307693 0.9615384615384616
22 0.002403846153846154 0.04807692307692308 1 0.04807692307692308 1 0.2980769230769231 0.002403846153846154 0.2980769230769231
12 0 0.2980769230769231 1 0.2980769230769231 1 0.3125 0 0.3125
12 0 0.6009615384615384 1 0.6009615384615384 1 0.6153846153846154 0 0.6153846153846154
12 0 0.9447115384615384 1 0.9447115384615384 1 0.9591346153846154 0 0.9591346153846154
11 0 0.6177884615384616 1 0.6177884615384616 1 0.9471153846153846 0 0.9471153846153846
11 0.002403846153846154 0.3125 1 0.3125 1 0.6009615384615384 0.002403846153846154 0.6009615384615384
2 0 0 1 0 1 1 0 1
10 0 0.04567307692307692 1 0.04567307692307692 1 0.9975961538461539 0 0.9975961538461539
7 0.6923076923076923 0.8389423076923077 1 0.8389423076923077 1 1 0.6923076923076923 1