23 0.7211538461538461 0.9110576923076923 0.7884615384615384 0.9110576923076923 0.7884615384615384 0.9807692307692307 0.7211538461538461 0.9807692307692307
23 0.21875 0.9110576923076923 0.2860576923076923 0.9110576923076923 0.2860576923076923 0.9807692307692307 0.21875 0.9807692307692307
23 0.34375 0.9110576923076923 0.4110576923076923 0.9110576923076923 0.4110576923076923 0.9807692307692307 0.34375 0.9807692307692307
23 0.46875 0.9110576923076923 0.5360576923076923 0.9110576923076923 0.5360576923076923 0.9807692307692307 0.46875 0.9807692307692307
23 0.59375 0.9110576923076923 0.6610576923076923 0.9110576923076923 0.6610576923076923 0.9807692307692307 0.59375 0.9807692307692307
23 0.71875 0.040865384615384616 0.7860576923076923 0.040865384615384616 0.7860576923076923 0.11298076923076923 0.71875 0.11298076923076923
23 0.21875 0.040865384615384616 0.2860576923076923 0.040865384615384616 0.2860576923076923 0.11057692307692307 0.21875 0.11057692307692307
23 0.34375 0.040865384615384616 0.4110576923076923 0.040865384615384616 0.4110576923076923 0.11057692307692307 0.34375 0.11057692307692307
23 0.46875 0.040865384615384616 0.5360576923076923 0.040865384615384616 0.5360576923076923 0.11057692307692307 0.46875 0.11057692307692307
23 0.59375 0.040865384615384616 0.6610576923076923 0.040865384615384616 0.6610576923076923 0.11057692307692307 0.59375 0.11057692307692307
23 0.71875 0.18509615384615385 0.7860576923076923 0.18509615384615385 0.7860576923076923 0.25721153846153844 0.71875 0.25721153846153844
23 0.21875 0.18509615384615385 0.2860576923076923 0.18509615384615385 0.2860576923076923 0.2548076923076923 0.21875 0.2548076923076923
23 0.34375 0.18509615384615385 0.4110576923076923 0.18509615384615385 0.4110576923076923 0.2548076923076923 0.34375 0.2548076923076923
23 0.46875 0.18509615384615385 0.5360576923076923 0.18509615384615385 0.5360576923076923 0.2548076923076923 0.46875 0.2548076923076923
23 0.59375 0.18509615384615385 0.6610576923076923 0.18509615384615385 0.6610576923076923 0.2548076923076923 0.59375 0.2548076923076923
23 0.71875 0.3317307692307692 0.7860576923076923 0.3317307692307692 0.7860576923076923 0.4014423076923077 0.71875 0.4014423076923077
23 0.21875 0.3293269230769231 0.2860576923076923 0.3293269230769231 0.2860576923076923 0.4014423076923077 0.21875 0.4014423076923077
23 0.34375 0.3293269230769231 0.4110576923076923 0.3293269230769231 0.4110576923076923 0.4014423076923077 0.34375 0.4014423076923077
23 0.46875 0.3293269230769231 0.5360576923076923 0.3293269230769231 0.5360576923076923 0.4014423076923077 0.46875 0.4014423076923077
23 0.59375 0.3293269230769231 0.6610576923076923 0.3293269230769231 0.6610576923076923 0.4014423076923077 0.59375 0.4014423076923077
23 0.7211538461538461 0.4735576923076923 0.7884615384615384 0.4735576923076923 0.7884615384615384 0.5456730769230769 0.7211538461538461 0.5456730769230769
23 0.21875 0.4735576923076923 0.2860576923076923 0.4735576923076923 0.2860576923076923 0.5456730769230769 0.21875 0.5456730769230769
23 0.34375 0.4735576923076923 0.4110576923076923 0.4735576923076923 0.4110576923076923 0.5456730769230769 0.34375 0.5456730769230769
23 0.46875 0.4735576923076923 0.5360576923076923 0.4735576923076923 0.5360576923076923 0.5456730769230769 0.46875 0.5456730769230769
23 0.59375 0.4735576923076923 0.6610576923076923 0.4735576923076923 0.6610576923076923 0.5456730769230769 0.59375 0.5456730769230769
23 0.7211538461538461 0.6201923076923077 0.7884615384615384 0.6201923076923077 0.7884615384615384 0.6899038461538461 0.7211538461538461 0.6899038461538461
23 0.21875 0.6177884615384616 0.2860576923076923 0.6177884615384616 0.2860576923076923 0.6899038461538461 0.21875 0.6899038461538461
23 0.34375 0.6177884615384616 0.4110576923076923 0.6177884615384616 0.4110576923076923 0.6899038461538461 0.34375 0.6899038461538461
23 0.46875 0.6177884615384616 0.5360576923076923 0.6177884615384616 0.5360576923076923 0.6899038461538461 0.46875 0.6899038461538461
23 0.59375 0.6201923076923077 0.6610576923076923 0.6201923076923077 0.6610576923076923 0.6899038461538461 0.59375 0.6899038461538461
23 0.7211538461538461 0.7644230769230769 0.7884615384615384 0.7644230769230769 0.7884615384615384 0.8341346153846154 0.7211538461538461 0.8341346153846154
23 0.21875 0.7620192307692307 0.2860576923076923 0.7620192307692307 0.2860576923076923 0.8341346153846154 0.21875 0.8341346153846154
23 0.34375 0.7620192307692307 0.4110576923076923 0.7620192307692307 0.4110576923076923 0.8341346153846154 0.34375 0.8341346153846154
23 0.46875 0.7644230769230769 0.5360576923076923 0.7644230769230769 0.5360576923076923 0.8341346153846154 0.46875 0.8341346153846154
23 0.59375 0.7644230769230769 0.6610576923076923 0.7644230769230769 0.6610576923076923 0.8341346153846154 0.59375 0.8341346153846154
23 0.9134615384615384 0.9086538461538461 0.9639423076923077 0.9086538461538461 0.9639423076923077 0.9831730769230769 0.9134615384615384 0.9831730769230769
23 0.9134615384615384 0.18269230769230768 0.9663461538461539 0.18269230769230768 0.9663461538461539 0.25721153846153844 0.9134615384615384 0.25721153846153844
23 0.9134615384615384 0.038461538461538464 0.9639423076923077 0.038461538461538464 0.9639423076923077 0.11298076923076923 0.9134615384615384 0.11298076923076923
23 0.9158653846153846 0.4735576923076923 0.9663461538461539 0.4735576923076923 0.9663461538461539 0.5480769230769231 0.9158653846153846 0.5480769230769231
23 0.9158653846153846 0.3293269230769231 0.9663461538461539 0.3293269230769231 0.9663461538461539 0.4014423076923077 0.9158653846153846 0.4014423076923077
23 0.9158653846153846 0.7620192307692307 0.9663461538461539 0.7620192307692307 0.9663461538461539 0.8365384615384616 0.9158653846153846 0.8365384615384616
23 0.9158653846153846 0.6177884615384616 0.9663461538461539 0.6177884615384616 0.9663461538461539 0.6923076923076923 0.9158653846153846 0.6923076923076923
23 0.038461538461538464 0.9086538461538461 0.0889423076923077 0.9086538461538461 0.0889423076923077 0.9831730769230769 0.038461538461538464 0.9831730769230769
23 0.040865384615384616 0.18269230769230768 0.09134615384615384 0.18269230769230768 0.09134615384615384 0.25721153846153844 0.040865384615384616 0.25721153846153844
23 0.040865384615384616 0.038461538461538464 0.09134615384615384 0.038461538461538464 0.09134615384615384 0.11298076923076923 0.040865384615384616 0.11298076923076923
23 0.040865384615384616 0.4735576923076923 0.09134615384615384 0.4735576923076923 0.09134615384615384 0.5480769230769231 0.040865384615384616 0.5480769230769231
23 0.040865384615384616 0.3293269230769231 0.09134615384615384 0.3293269230769231 0.09134615384615384 0.4014423076923077 0.040865384615384616 0.4014423076923077
23 0.040865384615384616 0.7620192307692307 0.09134615384615384 0.7620192307692307 0.09134615384615384 0.8365384615384616 0.040865384615384616 0.8365384615384616
23 0.040865384615384616 0.6177884615384616 0.09134615384615384 0.6177884615384616 0.09134615384615384 0.6923076923076923 0.040865384615384616 0.6923076923076923
17 0.6730769230769231 0.036057692307692304 0.7019230769230769 0.036057692307692304 0.7019230769230769 1 0.6730769230769231 1
17 0.2980769230769231 0.036057692307692304 0.3293269230769231 0.036057692307692304 0.3293269230769231 1 0.2980769230769231 1
17 0.4230769230769231 0.036057692307692304 0.4543269230769231 0.036057692307692304 0.4543269230769231 1 0.4230769230769231 1
17 0.5480769230769231 0.036057692307692304 0.5793269230769231 0.036057692307692304 0.5793269230769231 1 0.5480769230769231 1
12 0 0.8701923076923077 1 0.8701923076923077 1 0.8846153846153846 0 0.8846153846153846
12 0 0.14423076923076922 1 0.14423076923076922 1 0.15865384615384615 0 0.15865384615384615
12 0 0.29086538461538464 1 0.29086538461538464 1 0.30528846153846156 0 0.30528846153846156
12 0 0.43509615384615385 1 0.43509615384615385 1 0.44711538461538464 0 0.44711538461538464
12 0 0.5793269230769231 1 0.5793269230769231 1 0.59375 0 0.59375
12 0 0.7259615384615384 1 0.7259615384615384 1 0.7379807692307693 0 0.7379807692307693
11 0 0.8822115384615384 0.9975961538461539 0.8822115384615384 0.9975961538461539 1 0 1
11 0 0 1 0 1 0.14423076923076922 0 0.14423076923076922
11 0 0.7379807692307693 1 0.7379807692307693 1 0.8701923076923077 0 0.8701923076923077
11 0 0.59375 1 0.59375 1 0.7235576923076923 0 0.7235576923076923
11 0 0.4495192307692308 1 0.4495192307692308 1 0.5793269230769231 0 0.5793269230769231
11 0 0.30528846153846156 1 0.30528846153846156 1 0.43509615384615385 0 0.43509615384615385
11 0 0.15865384615384615 1 0.15865384615384615 1 0.29086538461538464 0 0.29086538461538464
2 0 0 1 0 1 1 0 1
10 0 0 1 0 1 1 0 1