23 0.25721153846153844 0.42788461538461536 0.3173076923076923 0.42788461538461536 0.3173076923076923 0.5384615384615384 0.25721153846153844 0.5384615384615384
23 0.11778846153846154 0.4326923076923077 0.1778846153846154 0.4326923076923077 0.1778846153846154 0.5408653846153846 0.11778846153846154 0.5408653846153846
23 0.4014423076923077 0.42788461538461536 0.46153846153846156 0.42788461538461536 0.46153846153846156 0.5384615384615384 0.4014423076923077 0.5384615384615384
23 0.5432692307692307 0.42788461538461536 0.6033653846153846 0.42788461538461536 0.6033653846153846 0.5384615384615384 0.5432692307692307 0.5384615384615384
23 0.6850961538461539 0.43028846153846156 0.7475961538461539 0.43028846153846156 0.7475961538461539 0.5384615384615384 0.6850961538461539 0.5384615384615384
23 0.8293269230769231 0.43028846153846156 0.8870192307692307 0.43028846153846156 0.8870192307692307 0.5384615384615384 0.8293269230769231 0.5384615384615384
23 0.25961538461538464 0.21634615384615385 0.3173076923076923 0.21634615384615385 0.3173076923076923 0.33653846153846156 0.25961538461538464 0.33653846153846156
23 0.1201923076923077 0.22355769230769232 0.1778846153846154 0.22355769230769232 0.1778846153846154 0.34134615384615385 0.1201923076923077 0.34134615384615385
23 0.40384615384615385 0.21634615384615385 0.4639423076923077 0.21634615384615385 0.4639423076923077 0.3389423076923077 0.40384615384615385 0.3389423076923077
23 0.5432692307692307 0.21875 0.6033653846153846 0.21875 0.6033653846153846 0.3389423076923077 0.5432692307692307 0.3389423076923077
23 0.6875 0.21875 0.7475961538461539 0.21875 0.7475961538461539 0.33653846153846156 0.6875 0.33653846153846156
23 0.8269230769230769 0.22115384615384615 0.8870192307692307 0.22115384615384615 0.8870192307692307 0.34134615384615385 0.8269230769230769 0.34134615384615385
23 0.11778846153846154 0.6442307692307693 0.17548076923076922 0.6442307692307693 0.17548076923076922 0.7716346153846154 0.11778846153846154 0.7716346153846154
23 0.25961538461538464 0.6442307692307693 0.31971153846153844 0.6442307692307693 0.31971153846153844 0.7692307692307693 0.25961538461538464 0.7692307692307693
23 0.4014423076923077 0.6442307692307693 0.46153846153846156 0.6442307692307693 0.46153846153846156 0.7716346153846154 0.4014423076923077 0.7716346153846154
23 0.5432692307692307 0.6442307692307693 0.6033653846153846 0.6442307692307693 0.6033653846153846 0.7716346153846154 0.5432692307692307 0.7716346153846154
23 0.6850961538461539 0.6442307692307693 0.7475961538461539 0.6442307692307693 0.7475961538461539 0.7716346153846154 0.6850961538461539 0.7716346153846154
23 0.8293269230769231 0.6466346153846154 0.8870192307692307 0.6466346153846154 0.8870192307692307 0.7716346153846154 0.8293269230769231 0.7716346153846154
23 0.8245192307692307 0.9038461538461539 0.8846153846153846 0.9038461538461539 0.8846153846153846 1 0.8245192307692307 1
23 0.7043269230769231 0.9038461538461539 0.7620192307692307 0.9038461538461539 0.7620192307692307 1 0.7043269230769231 1
8 0.5048076923076923 0.8846153846153846 0.6370192307692307 0.8846153846153846 0.6370192307692307 1 0.5048076923076923 1
23 0.17307692307692307 0.055288461538461536 0.23317307692307693 0.055288461538461536 0.23317307692307693 0.15384615384615385 0.17307692307692307 0.15384615384615385
23 0.31971153846153844 0.055288461538461536 0.3798076923076923 0.055288461538461536 0.3798076923076923 0.15144230769230768 0.31971153846153844 0.15144230769230768
23 0.46875 0.055288461538461536 0.5288461538461539 0.055288461538461536 0.5288461538461539 0.15144230769230768 0.46875 0.15144230769230768
23 0.6177884615384616 0.055288461538461536 0.6826923076923077 0.055288461538461536 0.6826923076923077 0.15144230769230768 0.6177884615384616 0.15144230769230768
23 0.7668269230769231 0.055288461538461536 0.8317307692307693 0.055288461538461536 0.8317307692307693 0.15144230769230768 0.7668269230769231 0.15144230769230768
23 0.11538461538461539 0.9038461538461539 0.1778846153846154 0.9038461538461539 0.1778846153846154 1 0.11538461538461539 1
23 0.25721153846153844 0.9038461538461539 0.3173076923076923 0.9038461538461539 0.3173076923076923 1 0.25721153846153844 1
23 0.3701923076923077 0.9038461538461539 0.43028846153846156 0.9038461538461539 0.43028846153846156 1 0.3701923076923077 1
5 0.625 0.19471153846153846 0.6658653846153846 0.19471153846153846 0.6658653846153846 0.36778846153846156 0.625 0.36778846153846156
5 0.34134615384615385 0.19471153846153846 0.3798076923076923 0.19471153846153846 0.3798076923076923 0.36778846153846156 0.34134615384615385 0.36778846153846156
5 0.125 0.3581730769230769 0.17067307692307693 0.3581730769230769 0.17067307692307693 0.40384615384615385 0.125 0.40384615384615385
5 0.2668269230769231 0.35336538461538464 0.3125 0.35336538461538464 0.3125 0.4014423076923077 0.2668269230769231 0.4014423076923077
5 0.40865384615384615 0.35336538461538464 0.4543269230769231 0.35336538461538464 0.4543269230769231 0.4014423076923077 0.40865384615384615 0.4014423076923077
5 0.5504807692307693 0.35336538461538464 0.5961538461538461 0.35336538461538464 0.5961538461538461 0.4014423076923077 0.5504807692307693 0.4014423076923077
5 0.6923076923076923 0.35336538461538464 0.7403846153846154 0.35336538461538464 0.7403846153846154 0.4014423076923077 0.6923076923076923 0.4014423076923077
5 0.8365384615384616 0.3581730769230769 0.8798076923076923 0.3581730769230769 0.8798076923076923 0.40625 0.8365384615384616 0.40625
19 0.057692307692307696 0.0889423076923077 0.9423076923076923 0.0889423076923077 0.9423076923076923 0.17067307692307693 0.057692307692307696 0.17067307692307693
4 0.8173076923076923 0.6225961538461539 0.8966346153846154 0.6225961538461539 0.8966346153846154 0.6466346153846154 0.8173076923076923 0.6466346153846154
4 0.10576923076923077 0.6225961538461539 0.18509615384615385 0.6225961538461539 0.18509615384615385 0.6466346153846154 0.10576923076923077 0.6466346153846154
4 0.24759615384615385 0.6201923076923077 0.3269230769230769 0.6201923076923077 0.3269230769230769 0.6442307692307693 0.24759615384615385 0.6442307692307693
4 0.3918269230769231 0.6201923076923077 0.47115384615384615 0.6201923076923077 0.47115384615384615 0.6466346153846154 0.3918269230769231 0.6466346153846154
4 0.5336538461538461 0.6225961538461539 0.6129807692307693 0.6225961538461539 0.6129807692307693 0.6466346153846154 0.5336538461538461 0.6466346153846154
4 0.6778846153846154 0.6225961538461539 0.7572115384615384 0.6225961538461539 0.7572115384615384 0.6466346153846154 0.6778846153846154 0.6466346153846154
16 0.028846153846153848 0.17307692307692307 0.9735576923076923 0.17307692307692307 0.9735576923076923 0.20192307692307693 0.028846153846153848 0.20192307692307693
5 0.13221153846153846 0.59375 0.16105769230769232 0.59375 0.16105769230769232 0.625 0.13221153846153846 0.625
5 0.7019230769230769 0.59375 0.7307692307692307 0.59375 0.7307692307692307 0.6225961538461539 0.7019230769230769 0.6225961538461539
5 0.27403846153846156 0.5913461538461539 0.30288461538461536 0.5913461538461539 0.30288461538461536 0.6225961538461539 0.27403846153846156 0.6225961538461539
5 0.41586538461538464 0.59375 0.44471153846153844 0.59375 0.44471153846153844 0.6225961538461539 0.41586538461538464 0.6225961538461539
5 0.5576923076923077 0.59375 0.5865384615384616 0.59375 0.5865384615384616 0.6225961538461539 0.5576923076923077 0.6225961538461539
12 0.03365384615384615 0.17548076923076922 0.9639423076923077 0.17548076923076922 0.9639423076923077 0.19230769230769232 0.03365384615384615 0.19230769230769232
12 0.03365384615384615 0.5721153846153846 0.9639423076923077 0.5721153846153846 0.9639423076923077 0.5889423076923077 0.03365384615384615 0.5889423076923077
12 0.03365384615384615 0.8365384615384616 0.9639423076923077 0.8365384615384616 0.9639423076923077 0.8533653846153846 0.03365384615384615 0.8533653846153846
15 0.03365384615384615 0.8533653846153846 0.9639423076923077 0.8533653846153846 0.9639423076923077 1 0.03365384615384615 1
11 0.03365384615384615 0.5889423076923077 0.9639423076923077 0.5889423076923077 0.9639423076923077 0.8533653846153846 0.03365384615384615 0.8533653846153846
12 0.03365384615384615 0.36778846153846156 0.9639423076923077 0.36778846153846156 0.9639423076923077 0.38461538461538464 0.03365384615384615 0.38461538461538464
11 0.03365384615384615 0.38461538461538464 0.9639423076923077 0.38461538461538464 0.9639423076923077 0.5889423076923077 0.03365384615384615 0.5889423076923077
11 0.03365384615384615 0.19471153846153846 0.9639423076923077 0.19471153846153846 0.9639423076923077 0.3870192307692308 0.03365384615384615 0.3870192307692308
2 0.021634615384615384 0.026442307692307692 0.9831730769230769 0.026442307692307692 0.9831730769230769 1 0.021634615384615384 1
10 0.021634615384615384 0.17307692307692307 0.9639423076923077 0.17307692307692307 0.9639423076923077 1 0.021634615384615384 1
22 0.05048076923076923 0.026442307692307692 0.9423076923076923 0.026442307692307692 0.9423076923076923 0.1778846153846154 0.05048076923076923 0.1778846153846154