23 0.8990384615384616 0.8221153846153846 0.9927884615384616 0.8221153846153846 0.9927884615384616 0.9302884615384616 0.8990384615384616 0.9302884615384616
23 0.6778846153846154 0.8221153846153846 0.7716346153846154 0.8221153846153846 0.7716346153846154 0.9302884615384616 0.6778846153846154 0.9302884615384616
23 0.1201923076923077 0.8221153846153846 0.21394230769230768 0.8221153846153846 0.21394230769230768 0.9302884615384616 0.1201923076923077 0.9302884615384616
23 0.009615384615384616 0.8221153846153846 0.10336538461538461 0.8221153846153846 0.10336538461538461 0.9302884615384616 0.009615384615384616 0.9302884615384616
23 0.34375 0.8221153846153846 0.4375 0.8221153846153846 0.4375 0.9302884615384616 0.34375 0.9302884615384616
23 0.23317307692307693 0.8221153846153846 0.3269230769230769 0.8221153846153846 0.3269230769230769 0.9302884615384616 0.23317307692307693 0.9302884615384616
23 0.5649038461538461 0.8221153846153846 0.6586538461538461 0.8221153846153846 0.6586538461538461 0.9302884615384616 0.5649038461538461 0.9302884615384616
23 0.4543269230769231 0.8221153846153846 0.5480769230769231 0.8221153846153846 0.5480769230769231 0.9302884615384616 0.4543269230769231 0.9302884615384616
23 0.7884615384615384 0.8221153846153846 0.8822115384615384 0.8221153846153846 0.8822115384615384 0.9302884615384616 0.7884615384615384 0.9302884615384616
23 0.8990384615384616 0.5721153846153846 0.9927884615384616 0.5721153846153846 0.9927884615384616 0.6802884615384616 0.8990384615384616 0.6802884615384616
23 0.6778846153846154 0.5721153846153846 0.7716346153846154 0.5721153846153846 0.7716346153846154 0.6802884615384616 0.6778846153846154 0.6802884615384616
23 0.1201923076923077 0.5721153846153846 0.21394230769230768 0.5721153846153846 0.21394230769230768 0.6802884615384616 0.1201923076923077 0.6802884615384616
23 0.009615384615384616 0.5721153846153846 0.10336538461538461 0.5721153846153846 0.10336538461538461 0.6802884615384616 0.009615384615384616 0.6802884615384616
23 0.34375 0.5721153846153846 0.4375 0.5721153846153846 0.4375 0.6802884615384616 0.34375 0.6802884615384616
23 0.23317307692307693 0.5721153846153846 0.3269230769230769 0.5721153846153846 0.3269230769230769 0.6802884615384616 0.23317307692307693 0.6802884615384616
23 0.5649038461538461 0.5721153846153846 0.6586538461538461 0.5721153846153846 0.6586538461538461 0.6802884615384616 0.5649038461538461 0.6802884615384616
23 0.4543269230769231 0.5721153846153846 0.5480769230769231 0.5721153846153846 0.5480769230769231 0.6802884615384616 0.4543269230769231 0.6802884615384616
23 0.7884615384615384 0.5721153846153846 0.8822115384615384 0.5721153846153846 0.8822115384615384 0.6802884615384616 0.7884615384615384 0.6802884615384616
23 0.8990384615384616 0.32211538461538464 0.9927884615384616 0.32211538461538464 0.9927884615384616 0.43028846153846156 0.8990384615384616 0.43028846153846156
23 0.6778846153846154 0.32211538461538464 0.7716346153846154 0.32211538461538464 0.7716346153846154 0.43028846153846156 0.6778846153846154 0.43028846153846156
23 0.1201923076923077 0.32211538461538464 0.21394230769230768 0.32211538461538464 0.21394230769230768 0.43028846153846156 0.1201923076923077 0.43028846153846156
23 0.009615384615384616 0.32211538461538464 0.10336538461538461 0.32211538461538464 0.10336538461538461 0.43028846153846156 0.009615384615384616 0.43028846153846156
23 0.34375 0.32211538461538464 0.4375 0.32211538461538464 0.4375 0.43028846153846156 0.34375 0.43028846153846156
23 0.23317307692307693 0.32211538461538464 0.3269230769230769 0.32211538461538464 0.3269230769230769 0.43028846153846156 0.23317307692307693 0.43028846153846156
23 0.5649038461538461 0.32211538461538464 0.6586538461538461 0.32211538461538464 0.6586538461538461 0.43028846153846156 0.5649038461538461 0.43028846153846156
23 0.4543269230769231 0.32211538461538464 0.5480769230769231 0.32211538461538464 0.5480769230769231 0.43028846153846156 0.4543269230769231 0.43028846153846156
23 0.7884615384615384 0.32211538461538464 0.8822115384615384 0.32211538461538464 0.8822115384615384 0.43028846153846156 0.7884615384615384 0.43028846153846156
23 0.8990384615384616 0.07211538461538461 0.9927884615384616 0.07211538461538461 0.9927884615384616 0.18028846153846154 0.8990384615384616 0.18028846153846154
23 0.6778846153846154 0.07211538461538461 0.7716346153846154 0.07211538461538461 0.7716346153846154 0.18028846153846154 0.6778846153846154 0.18028846153846154
23 0.1201923076923077 0.07211538461538461 0.21394230769230768 0.07211538461538461 0.21394230769230768 0.18028846153846154 0.1201923076923077 0.18028846153846154
23 0.009615384615384616 0.07211538461538461 0.10336538461538461 0.07211538461538461 0.10336538461538461 0.18028846153846154 0.009615384615384616 0.18028846153846154
23 0.34375 0.07211538461538461 0.4375 0.07211538461538461 0.4375 0.18028846153846154 0.34375 0.18028846153846154
23 0.23317307692307693 0.07211538461538461 0.3269230769230769 0.07211538461538461 0.3269230769230769 0.18028846153846154 0.23317307692307693 0.18028846153846154
23 0.5649038461538461 0.07211538461538461 0.6586538461538461 0.07211538461538461 0.6586538461538461 0.18028846153846154 0.5649038461538461 0.18028846153846154
23 0.4543269230769231 0.07211538461538461 0.5480769230769231 0.07211538461538461 0.5480769230769231 0.18028846153846154 0.4543269230769231 0.18028846153846154
23 0.7884615384615384 0.07211538461538461 0.8822115384615384 0.07211538461538461 0.8822115384615384 0.18028846153846154 0.7884615384615384 0.18028846153846154
12 0 0.9855769230769231 1 0.9855769230769231 1 0.9975961538461539 0 0.9975961538461539
12 0 0.23557692307692307 1 0.23557692307692307 1 0.24759615384615385 0 0.24759615384615385
12 0 0.4855769230769231 1 0.4855769230769231 1 0.5 0 0.5
12 0 0.7355769230769231 1 0.7355769230769231 1 0.7475961538461539 0 0.7475961538461539
11 0 0 1 0 1 0.23557692307692307 0 0.23557692307692307
11 0 0.7475961538461539 1 0.7475961538461539 1 0.9855769230769231 0 0.9855769230769231
11 0 0.25 1 0.25 1 0.4855769230769231 0 0.4855769230769231
11 0 0.49759615384615385 1 0.49759615384615385 1 0.7355769230769231 0 0.7355769230769231
2 0 0.002403846153846154 1 0.002403846153846154 1 1 0 1
10 0 0.002403846153846154 1 0.002403846153846154 1 1 0 1