23 0.11057692307692307 0.11057692307692307 0.1778846153846154 0.11057692307692307 0.1778846153846154 0.15625 0.11057692307692307 0.15625
23 0.7788461538461539 0.11057692307692307 0.8461538461538461 0.11057692307692307 0.8461538461538461 0.15865384615384615 0.7788461538461539 0.15865384615384615
23 0.3942307692307692 0.11057692307692307 0.46153846153846156 0.11057692307692307 0.46153846153846156 0.15625 0.3942307692307692 0.15625
23 0.5360576923076923 0.11057692307692307 0.6033653846153846 0.11057692307692307 0.6033653846153846 0.15625 0.5360576923076923 0.15625
8 0.7716346153846154 0.27163461538461536 0.8557692307692307 0.27163461538461536 0.8557692307692307 0.4182692307692308 0.7716346153846154 0.4182692307692308
8 0.10336538461538461 0.27163461538461536 0.18990384615384615 0.27163461538461536 0.18990384615384615 0.4182692307692308 0.10336538461538461 0.4182692307692308
8 0.24519230769230768 0.27163461538461536 0.3293269230769231 0.27163461538461536 0.3293269230769231 0.4182692307692308 0.24519230769230768 0.4182692307692308
8 0.38461538461538464 0.27163461538461536 0.47115384615384615 0.27163461538461536 0.47115384615384615 0.4182692307692308 0.38461538461538464 0.4182692307692308
8 0.5264423076923077 0.27163461538461536 0.6129807692307693 0.27163461538461536 0.6129807692307693 0.4182692307692308 0.5264423076923077 0.4182692307692308
23 0.7836538461538461 0.8365384615384616 0.8509615384615384 0.8365384615384616 0.8509615384615384 0.9110576923076923 0.7836538461538461 0.9110576923076923
23 0.5456730769230769 0.8341346153846154 0.6153846153846154 0.8341346153846154 0.6153846153846154 0.9086538461538461 0.5456730769230769 0.9086538461538461
23 0.4014423076923077 0.8341346153846154 0.47115384615384615 0.8341346153846154 0.47115384615384615 0.9086538461538461 0.4014423076923077 0.9086538461538461
23 0.11298076923076923 0.8389423076923077 0.18269230769230768 0.8389423076923077 0.18269230769230768 0.9086538461538461 0.11298076923076923 0.9086538461538461
8 0.21875 0.8004807692307693 0.36538461538461536 0.8004807692307693 0.36538461538461536 0.9711538461538461 0.21875 0.9711538461538461
23 0.11057692307692307 0.71875 0.18028846153846154 0.71875 0.18028846153846154 0.7932692307692307 0.11057692307692307 0.7932692307692307
23 0.7884615384615384 0.7163461538461539 0.8509615384615384 0.7163461538461539 0.8509615384615384 0.7908653846153846 0.7884615384615384 0.7908653846153846
23 0.4014423076923077 0.7163461538461539 0.47115384615384615 0.7163461538461539 0.47115384615384615 0.7908653846153846 0.4014423076923077 0.7908653846153846
23 0.5456730769230769 0.7163461538461539 0.6177884615384616 0.7163461538461539 0.6177884615384616 0.7908653846153846 0.5456730769230769 0.7908653846153846
8 0.7716346153846154 0.5168269230769231 0.8557692307692307 0.5168269230769231 0.8557692307692307 0.6706730769230769 0.7716346153846154 0.6706730769230769
8 0.10336538461538461 0.5168269230769231 0.19230769230769232 0.5168269230769231 0.19230769230769232 0.6682692307692307 0.10336538461538461 0.6682692307692307
8 0.24759615384615385 0.5168269230769231 0.3317307692307692 0.5168269230769231 0.3317307692307692 0.6706730769230769 0.24759615384615385 0.6706730769230769
8 0.3870192307692308 0.5168269230769231 0.4735576923076923 0.5168269230769231 0.4735576923076923 0.6706730769230769 0.3870192307692308 0.6706730769230769
8 0.5288461538461539 0.5168269230769231 0.6129807692307693 0.5168269230769231 0.6129807692307693 0.6706730769230769 0.5288461538461539 0.6706730769230769
5 0.18990384615384615 0.6995192307692307 0.3918269230769231 0.6995192307692307 0.3918269230769231 0.7740384615384616 0.18990384615384615 0.7740384615384616
5 0.0889423076923077 0.4495192307692308 0.20432692307692307 0.4495192307692308 0.20432692307692307 0.5072115384615384 0.0889423076923077 0.5072115384615384
5 0.23317307692307693 0.4495192307692308 0.34615384615384615 0.4495192307692308 0.34615384615384615 0.5048076923076923 0.23317307692307693 0.5048076923076923
5 0.37259615384615385 0.4519230769230769 0.4879807692307692 0.4519230769230769 0.4879807692307692 0.5048076923076923 0.37259615384615385 0.5048076923076923
5 0.5120192307692307 0.4543269230769231 0.6274038461538461 0.4543269230769231 0.6274038461538461 0.5048076923076923 0.5120192307692307 0.5048076923076923
5 0.6538461538461539 0.4543269230769231 0.7307692307692307 0.4543269230769231 0.7307692307692307 0.46875 0.6538461538461539 0.46875
5 0.7572115384615384 0.4543269230769231 0.8701923076923077 0.4543269230769231 0.8701923076923077 0.5024038461538461 0.7572115384615384 0.5024038461538461
17 0.3317307692307692 0.4495192307692308 0.3798076923076923 0.4495192307692308 0.3798076923076923 0.6322115384615384 0.3317307692307692 0.6322115384615384
17 0.19230769230769232 0.4495192307692308 0.2403846153846154 0.4495192307692308 0.2403846153846154 0.6322115384615384 0.19230769230769232 0.6322115384615384
17 0.8605769230769231 0.4519230769230769 0.9086538461538461 0.4519230769230769 0.9086538461538461 0.6346153846153846 0.8605769230769231 0.6346153846153846
17 0.47596153846153844 0.4519230769230769 0.5240384615384616 0.4519230769230769 0.5240384615384616 0.6322115384615384 0.47596153846153844 0.6322115384615384
17 0.6153846153846154 0.4519230769230769 0.6634615384615384 0.4519230769230769 0.6634615384615384 0.6322115384615384 0.6153846153846154 0.6322115384615384
17 0.7211538461538461 0.4519230769230769 0.7692307692307693 0.4519230769230769 0.7692307692307693 0.6322115384615384 0.7211538461538461 0.6322115384615384
23 0.21634615384615385 0.7331730769230769 0.36538461538461536 0.7331730769230769 0.36538461538461536 0.7908653846153846 0.21634615384615385 0.7908653846153846
16 0.06490384615384616 0.6802884615384616 0.9543269230769231 0.6802884615384616 0.9543269230769231 0.6923076923076923 0.06490384615384616 0.6923076923076923
5 0.2283653846153846 0.18990384615384615 0.34375 0.18990384615384615 0.34375 0.24759615384615385 0.2283653846153846 0.24759615384615385
5 0.08653846153846154 0.18990384615384615 0.20192307692307693 0.18990384615384615 0.20192307692307693 0.24759615384615385 0.08653846153846154 0.24759615384615385
5 0.3701923076923077 0.18990384615384615 0.4855769230769231 0.18990384615384615 0.4855769230769231 0.24519230769230768 0.3701923076923077 0.24519230769230768
5 0.5120192307692307 0.18990384615384615 0.6274038461538461 0.18990384615384615 0.6274038461538461 0.24519230769230768 0.5120192307692307 0.24519230769230768
5 0.6538461538461539 0.18990384615384615 0.7307692307692307 0.18990384615384615 0.7307692307692307 0.22115384615384615 0.6538461538461539 0.22115384615384615
5 0.7572115384615384 0.18990384615384615 0.8701923076923077 0.18990384615384615 0.8701923076923077 0.24759615384615385 0.7572115384615384 0.24759615384615385
17 0.8605769230769231 0.18990384615384615 0.90625 0.18990384615384615 0.90625 0.3798076923076923 0.8605769230769231 0.3798076923076923
17 0.1875 0.1875 0.23557692307692307 0.1875 0.23557692307692307 0.37740384615384615 0.1875 0.37740384615384615
17 0.3293269230769231 0.1875 0.37740384615384615 0.1875 0.37740384615384615 0.37740384615384615 0.3293269230769231 0.37740384615384615
17 0.47596153846153844 0.1875 0.5192307692307693 0.1875 0.5192307692307693 0.37740384615384615 0.47596153846153844 0.37740384615384615
17 0.6153846153846154 0.18990384615384615 0.6610576923076923 0.18990384615384615 0.6610576923076923 0.3798076923076923 0.6153846153846154 0.3798076923076923
17 0.7211538461538461 0.18990384615384615 0.7644230769230769 0.18990384615384615 0.7644230769230769 0.3798076923076923 0.7211538461538461 0.3798076923076923
23 0.5288461538461539 0.47836538461538464 0.6129807692307693 0.47836538461538464 0.6129807692307693 0.5168269230769231 0.5288461538461539 0.5168269230769231
23 0.10336538461538461 0.47836538461538464 0.19230769230769232 0.47836538461538464 0.19230769230769232 0.5168269230769231 0.10336538461538461 0.5168269230769231
23 0.24519230769230768 0.47836538461538464 0.3317307692307692 0.47836538461538464 0.3317307692307692 0.5168269230769231 0.24519230769230768 0.5168269230769231
23 0.3870192307692308 0.47836538461538464 0.4735576923076923 0.47836538461538464 0.4735576923076923 0.5168269230769231 0.3870192307692308 0.5168269230769231
23 0.7692307692307693 0.2283653846153846 0.8557692307692307 0.2283653846153846 0.8557692307692307 0.27163461538461536 0.7692307692307693 0.27163461538461536
23 0.10336538461538461 0.22596153846153846 0.18990384615384615 0.22596153846153846 0.18990384615384615 0.2692307692307692 0.10336538461538461 0.2692307692307692
23 0.24519230769230768 0.22596153846153846 0.3317307692307692 0.22596153846153846 0.3317307692307692 0.2692307692307692 0.24519230769230768 0.2692307692307692
23 0.38461538461538464 0.22596153846153846 0.47115384615384615 0.22596153846153846 0.47115384615384615 0.2692307692307692 0.38461538461538464 0.2692307692307692
23 0.5264423076923077 0.22596153846153846 0.6129807692307693 0.22596153846153846 0.6129807692307693 0.2692307692307692 0.5264423076923077 0.2692307692307692
0 0.0625 0.6322115384615384 0.9639423076923077 0.6322115384615384 0.9639423076923077 0.6826923076923077 0.0625 0.6826923076923077
0 0.0673076923076923 0.37740384615384615 0.9326923076923077 0.37740384615384615 0.9326923076923077 0.4254807692307692 0.0673076923076923 0.4254807692307692
16 0.06490384615384616 0.4230769230769231 0.9278846153846154 0.4230769230769231 0.9278846153846154 0.43509615384615385 0.06490384615384616 0.43509615384615385
16 0.09375 0.0625 0.9182692307692307 0.0625 0.9182692307692307 0.08413461538461539 0.09375 0.08413461538461539
19 0.0625 0.02403846153846154 0.9110576923076923 0.02403846153846154 0.9110576923076923 0.05048076923076923 0.0625 0.05048076923076923
16 0.0625 0.1658653846153846 0.9110576923076923 0.1658653846153846 0.9110576923076923 0.17548076923076922 0.0625 0.17548076923076922
4 0.7692307692307693 0.8197115384615384 0.8653846153846154 0.8197115384615384 0.8653846153846154 0.8365384615384616 0.7692307692307693 0.8365384615384616
4 0.0985576923076923 0.8197115384615384 0.1971153846153846 0.8197115384615384 0.1971153846153846 0.8365384615384616 0.0985576923076923 0.8365384615384616
4 0.3870192307692308 0.8197115384615384 0.4831730769230769 0.8197115384615384 0.4831730769230769 0.8365384615384616 0.3870192307692308 0.8365384615384616
4 0.53125 0.8197115384615384 0.6274038461538461 0.8197115384615384 0.6274038461538461 0.8365384615384616 0.53125 0.8365384615384616
21 0.38461538461538464 0.9086538461538461 0.4855769230769231 0.9086538461538461 0.4855769230769231 0.9182692307692307 0.38461538461538464 0.9182692307692307
21 0.7668269230769231 0.9086538461538461 0.8677884615384616 0.9086538461538461 0.8677884615384616 0.9182692307692307 0.7668269230769231 0.9182692307692307
21 0.5288461538461539 0.9086538461538461 0.6298076923076923 0.9086538461538461 0.6298076923076923 0.9182692307692307 0.5288461538461539 0.9182692307692307
12 0.055288461538461536 0.18028846153846154 0.9206730769230769 0.18028846153846154 0.9206730769230769 0.18990384615384615 0.055288461538461536 0.18990384615384615
22 0.07211538461538461 0.0625 0.9158653846153846 0.0625 0.9158653846153846 0.18990384615384615 0.07211538461538461 0.18990384615384615
12 0.07211538461538461 0.6730769230769231 0.9543269230769231 0.6730769230769231 0.9543269230769231 0.6826923076923077 0.07211538461538461 0.6826923076923077
12 0.07211538461538461 0.4182692307692308 0.9158653846153846 0.4182692307692308 0.9158653846153846 0.42788461538461536 0.07211538461538461 0.42788461538461536
12 0.07211538461538461 0.8004807692307693 0.9158653846153846 0.8004807692307693 0.9158653846153846 0.8100961538461539 0.07211538461538461 0.8100961538461539
15 0.07211538461538461 0.8100961538461539 0.9158653846153846 0.8100961538461539 0.9158653846153846 0.9831730769230769 0.07211538461538461 0.9831730769230769
11 0.07211538461538461 0.6826923076923077 0.9182692307692307 0.6826923076923077 0.9182692307692307 0.8100961538461539 0.07211538461538461 0.8100961538461539
11 0.07211538461538461 0.42788461538461536 0.9110576923076923 0.42788461538461536 0.9110576923076923 0.6802884615384616 0.07211538461538461 0.6802884615384616
11 0.07211538461538461 0.18990384615384615 0.9158653846153846 0.18990384615384615 0.9158653846153846 0.42788461538461536 0.07211538461538461 0.42788461538461536
2 0.04807692307692308 0.02403846153846154 0.9639423076923077 0.02403846153846154 0.9639423076923077 0.96875 0.04807692307692308 0.96875
17 0.06490384615384616 0.1875 0.09375 0.1875 0.09375 0.37740384615384615 0.06490384615384616 0.37740384615384615
10 0.07211538461538461 0.05048076923076923 0.9278846153846154 0.05048076923076923 0.9278846153846154 0.9807692307692307 0.07211538461538461 0.9807692307692307
1 0.11057692307692307 0.11057692307692307 0.1778846153846154 0.11057692307692307 0.1778846153846154 0.15625 0.11057692307692307 0.15625
1 0.3942307692307692 0.11057692307692307 0.46153846153846156 0.11057692307692307 0.46153846153846156 0.15625 0.3942307692307692 0.15625
1 0.5360576923076923 0.11057692307692307 0.6033653846153846 0.11057692307692307 0.6033653846153846 0.15625 0.5360576923076923 0.15625
1 0.7788461538461539 0.11057692307692307 0.8461538461538461 0.11057692307692307 0.8461538461538461 0.15865384615384615 0.7788461538461539 0.15865384615384615
1 0.4014423076923077 0.7163461538461539 0.47115384615384615 0.7163461538461539 0.47115384615384615 0.7908653846153846 0.4014423076923077 0.7908653846153846
1 0.8485576923076923 0.7163461538461539 0.8677884615384616 0.7163461538461539 0.8677884615384616 0.7908653846153846 0.8485576923076923 0.7908653846153846
1 0.53125 0.7163461538461539 0.5504807692307693 0.7163461538461539 0.5504807692307693 0.7908653846153846 0.53125 0.7908653846153846
1 0.6129807692307693 0.7163461538461539 0.6322115384615384 0.7163461538461539 0.6322115384615384 0.7908653846153846 0.6129807692307693 0.7908653846153846
1 0.7716346153846154 0.7163461538461539 0.7884615384615384 0.7163461538461539 0.7884615384615384 0.7908653846153846 0.7716346153846154 0.7908653846153846
1 0.11057692307692307 0.71875 0.18028846153846154 0.71875 0.18028846153846154 0.7932692307692307 0.11057692307692307 0.7932692307692307
26 0.15625 0.8774038461538461 0.17067307692307693 0.8774038461538461 0.17067307692307693 0.9879807692307693 0.15625 0.9879807692307693
26 0.08413461538461539 0.8365384615384616 0.11057692307692307 0.8365384615384616 0.11057692307692307 0.9855769230769231 0.08413461538461539 0.9855769230769231
26 0.41586538461538464 0.8341346153846154 0.4423076923076923 0.8341346153846154 0.4423076923076923 0.9855769230769231 0.41586538461538464 0.9855769230769231