23 0.41586538461538464 0.4230769230769231 0.5408653846153846 0.4230769230769231 0.5408653846153846 0.6538461538461539 0.41586538461538464 0.6538461538461539
23 0.1971153846153846 0.4254807692307692 0.32211538461538464 0.4254807692307692 0.32211538461538464 0.6538461538461539 0.1971153846153846 0.6538461538461539
23 0 0.42788461538461536 0.1201923076923077 0.42788461538461536 0.1201923076923077 0.6538461538461539 0 0.6538461538461539
23 0.8509615384615384 0.4230769230769231 0.9759615384615384 0.4230769230769231 0.9759615384615384 0.6538461538461539 0.8509615384615384 0.6538461538461539
23 0.6346153846153846 0.4230769230769231 0.7596153846153846 0.4230769230769231 0.7596153846153846 0.6538461538461539 0.6346153846153846 0.6538461538461539
23 0.8677884615384616 0.7524038461538461 0.9543269230769231 0.7524038461538461 0.9543269230769231 0.9086538461538461 0.8677884615384616 0.9086538461538461
23 0 0.7524038461538461 0.08653846153846154 0.7524038461538461 0.08653846153846154 0.90625 0 0.90625
8 0.21875 0.7548076923076923 0.3076923076923077 0.7548076923076923 0.3076923076923077 0.9086538461538461 0.21875 0.9086538461538461
8 0.6538461538461539 0.7524038461538461 0.7403846153846154 0.7524038461538461 0.7403846153846154 0.9086538461538461 0.6538461538461539 0.9086538461538461
8 0.43509615384615385 0.7524038461538461 0.5240384615384616 0.7524038461538461 0.5240384615384616 0.9086538461538461 0.43509615384615385 0.9086538461538461
4 0.18269230769230768 0.6850961538461539 0.34134615384615385 0.6850961538461539 0.34134615384615385 0.7379807692307693 0.18269230769230768 0.7379807692307693
4 0.4014423076923077 0.6850961538461539 0.5600961538461539 0.6850961538461539 0.5600961538461539 0.7379807692307693 0.4014423076923077 0.7379807692307693
4 0.6177884615384616 0.6850961538461539 0.7788461538461539 0.6850961538461539 0.7788461538461539 0.7379807692307693 0.6177884615384616 0.7379807692307693
4 0 0.6850961538461539 0.1201923076923077 0.6850961538461539 0.1201923076923077 0.7379807692307693 0 0.7379807692307693
4 0.8725961538461539 0.6850961538461539 0.9951923076923077 0.6850961538461539 0.9951923076923077 0.7355769230769231 0.8725961538461539 0.7355769230769231
17 0.07692307692307693 0.3485576923076923 0.16826923076923078 0.3485576923076923 0.16826923076923078 0.9086538461538461 0.07692307692307693 0.9086538461538461
17 0.8004807692307693 0.3485576923076923 0.8894230769230769 0.3485576923076923 0.8894230769230769 0.9086538461538461 0.8004807692307693 0.9086538461538461
17 0.31971153846153844 0.3485576923076923 0.40865384615384615 0.3485576923076923 0.40865384615384615 0.9086538461538461 0.31971153846153844 0.9086538461538461
17 0.5600961538461539 0.3485576923076923 0.6514423076923077 0.3485576923076923 0.6514423076923077 0.9086538461538461 0.5600961538461539 0.9086538461538461
4 0.040865384615384616 0.040865384615384616 0.9278846153846154 0.040865384615384616 0.9278846153846154 0.24278846153846154 0.040865384615384616 0.24278846153846154
5 0.40625 0.08653846153846154 0.5625 0.08653846153846154 0.5625 0.23317307692307693 0.40625 0.23317307692307693
5 0.5721153846153846 0.18990384615384615 0.6394230769230769 0.18990384615384615 0.6394230769230769 0.23076923076923078 0.5721153846153846 0.23076923076923078
5 0.3317307692307692 0.18990384615384615 0.39663461538461536 0.18990384615384615 0.39663461538461536 0.23076923076923078 0.3317307692307692 0.23076923076923078
0 0.8894230769230769 0.22355769230769232 1 0.22355769230769232 1 0.2860576923076923 0.8894230769230769 0.2860576923076923
0 0 0.2283653846153846 0.08653846153846154 0.2283653846153846 0.08653846153846154 0.2860576923076923 0 0.2860576923076923
5 0.19951923076923078 0.28846153846153844 0.7716346153846154 0.28846153846153844 0.7716346153846154 0.3125 0.19951923076923078 0.3125
16 0.0673076923076923 0.25240384615384615 0.9038461538461539 0.25240384615384615 0.9038461538461539 0.28846153846153844 0.0673076923076923 0.28846153846153844
19 0 0.0673076923076923 0.4182692307692308 0.0673076923076923 0.4182692307692308 0.15625 0 0.15625
19 0.5504807692307693 0.0673076923076923 1 0.0673076923076923 1 0.15384615384615385 0.5504807692307693 0.15384615384615385
12 0.002403846153846154 0.33653846153846156 1 0.33653846153846156 1 0.3485576923076923 0.002403846153846154 0.3485576923076923
12 0.002403846153846154 0.6802884615384616 1 0.6802884615384616 1 0.6947115384615384 0.002403846153846154 0.6947115384615384
22 0.002403846153846154 0.15625 1 0.15625 1 0.33413461538461536 0.002403846153846154 0.33413461538461536
15 0.002403846153846154 0.6947115384615384 1 0.6947115384615384 1 0.9110576923076923 0.002403846153846154 0.9110576923076923
11 0.002403846153846154 0.3485576923076923 1 0.3485576923076923 1 0.6826923076923077 0.002403846153846154 0.6826923076923077
2 0 0 1 0 1 0.9975961538461539 0 0.9975961538461539