23 0.04326923076923077 0.14903846153846154 0.08653846153846154 0.14903846153846154 0.08653846153846154 0.33413461538461536 0.04326923076923077 0.33413461538461536
23 0.04567307692307692 0.5697115384615384 0.0889423076923077 0.5697115384615384 0.0889423076923077 0.7548076923076923 0.04567307692307692 0.7548076923076923
23 0.1658653846153846 0.5721153846153846 0.2091346153846154 0.5721153846153846 0.2091346153846154 0.7524038461538461 0.1658653846153846 0.7524038461538461
23 0.25961538461538464 0.5697115384615384 0.3004807692307692 0.5697115384615384 0.3004807692307692 0.7548076923076923 0.25961538461538464 0.7548076923076923
23 0.40865384615384615 0.5721153846153846 0.4519230769230769 0.5721153846153846 0.4519230769230769 0.7572115384615384 0.40865384615384615 0.7572115384615384
8 0.5216346153846154 0.6826923076923077 0.5817307692307693 0.6826923076923077 0.5817307692307693 0.8870192307692307 0.5216346153846154 0.8870192307692307
23 0.6298076923076923 0.5697115384615384 0.6706730769230769 0.5697115384615384 0.6706730769230769 0.7548076923076923 0.6298076923076923 0.7548076923076923
23 0.7620192307692307 0.5673076923076923 0.8052884615384616 0.5673076923076923 0.8052884615384616 0.7596153846153846 0.7620192307692307 0.7596153846153846
23 0.7620192307692307 0.14903846153846154 0.8028846153846154 0.14903846153846154 0.8028846153846154 0.33413461538461536 0.7620192307692307 0.33413461538461536
23 0.6322115384615384 0.1466346153846154 0.6730769230769231 0.1466346153846154 0.6730769230769231 0.33413461538461536 0.6322115384615384 0.33413461538461536
23 0.5336538461538461 0.15384615384615385 0.5745192307692307 0.15384615384615385 0.5745192307692307 0.33413461538461536 0.5336538461538461 0.33413461538461536
23 0.4110576923076923 0.15144230769230768 0.4519230769230769 0.15144230769230768 0.4519230769230769 0.33653846153846156 0.4110576923076923 0.33653846153846156
8 0.2620192307692308 0.10576923076923077 0.2980769230769231 0.10576923076923077 0.2980769230769231 0.40625 0.2620192307692308 0.40625
23 0.1658653846153846 0.14903846153846154 0.2091346153846154 0.14903846153846154 0.2091346153846154 0.33413461538461536 0.1658653846153846 0.33413461538461536
0 0.2403846153846154 0.2091346153846154 0.32211538461538464 0.2091346153846154 0.32211538461538464 0.4206730769230769 0.2403846153846154 0.4206730769230769
21 0.40625 0.7572115384615384 0.4567307692307692 0.7572115384615384 0.4567307692307692 0.7788461538461539 0.40625 0.7788461538461539
4 0.40625 0.5504807692307693 0.4567307692307692 0.5504807692307693 0.4567307692307692 0.5721153846153846 0.40625 0.5721153846153846
4 0.625 0.5504807692307693 0.6778846153846154 0.5504807692307693 0.6778846153846154 0.5697115384615384 0.625 0.5697115384615384
4 0.6298076923076923 0.7572115384615384 0.6754807692307693 0.7572115384615384 0.6754807692307693 0.7740384615384616 0.6298076923076923 0.7740384615384616
4 0.7572115384615384 0.5504807692307693 0.8052884615384616 0.5504807692307693 0.8052884615384616 0.5697115384615384 0.7572115384615384 0.5697115384615384
21 0.7548076923076923 0.3293269230769231 0.8052884615384616 0.3293269230769231 0.8052884615384616 0.34615384615384615 0.7548076923076923 0.34615384615384615
21 0.625 0.33413461538461536 0.6754807692307693 0.33413461538461536 0.6754807692307693 0.35336538461538464 0.625 0.35336538461538464
4 0.625 0.13221153846153846 0.6754807692307693 0.13221153846153846 0.6754807692307693 0.15144230769230768 0.625 0.15144230769230768
4 0.5264423076923077 0.13701923076923078 0.5769230769230769 0.13701923076923078 0.5769230769230769 0.15625 0.5264423076923077 0.15625
21 0.5288461538461539 0.33653846153846156 0.5745192307692307 0.33653846153846156 0.5745192307692307 0.3557692307692308 0.5288461538461539 0.3557692307692308
21 0.40625 0.33653846153846156 0.4567307692307692 0.33653846153846156 0.4567307692307692 0.3557692307692308 0.40625 0.3557692307692308
4 0.40384615384615385 0.13701923076923078 0.4567307692307692 0.13701923076923078 0.4567307692307692 0.15625 0.40384615384615385 0.15625
23 0.5216346153846154 0.5456730769230769 0.5841346153846154 0.5456730769230769 0.5841346153846154 0.6514423076923077 0.5216346153846154 0.6514423076923077
5 0.5432692307692307 0.47836538461538464 0.5625 0.47836538461538464 0.5625 0.5625 0.5432692307692307 0.5625
15 0.002403846153846154 0.002403846153846154 0.96875 0.002403846153846154 0.96875 0.4567307692307692 0.002403846153846154 0.4567307692307692
12 0.002403846153846154 0.4230769230769231 0.96875 0.4230769230769231 0.96875 0.4567307692307692 0.002403846153846154 0.4567307692307692
15 0.002403846153846154 0.4567307692307692 0.96875 0.4567307692307692 0.96875 0.9975961538461539 0.002403846153846154 0.9975961538461539
2 0 0 0.9927884615384616 0 0.9927884615384616 1 0 1
10 0 0 0.96875 0 0.96875 1 0 1
1 0.04326923076923077 0.14903846153846154 0.0625 0.14903846153846154 0.0625 0.3317307692307692 0.04326923076923077 0.3317307692307692
1 0.0673076923076923 0.1466346153846154 0.08653846153846154 0.1466346153846154 0.08653846153846154 0.33413461538461536 0.0673076923076923 0.33413461538461536
1 0.16826923076923078 0.15144230769230768 0.1875 0.15144230769230768 0.1875 0.33653846153846156 0.16826923076923078 0.33653846153846156
1 0.19471153846153846 0.1466346153846154 0.2091346153846154 0.1466346153846154 0.2091346153846154 0.33653846153846156 0.19471153846153846 0.33653846153846156
1 0.25 0.10576923076923077 0.2644230769230769 0.10576923076923077 0.2644230769230769 0.40625 0.25 0.40625
1 0.2956730769230769 0.10817307692307693 0.3125 0.10817307692307693 0.3125 0.40865384615384615 0.2956730769230769 0.40865384615384615
1 0.8004807692307693 0.14423076923076922 0.8173076923076923 0.14423076923076922 0.8173076923076923 0.3317307692307692 0.8004807692307693 0.3317307692307692
1 0.39903846153846156 0.15144230769230768 0.41586538461538464 0.15144230769230768 0.41586538461538464 0.33653846153846156 0.39903846153846156 0.33653846153846156
1 0.4495192307692308 0.15144230769230768 0.46634615384615385 0.15144230769230768 0.46634615384615385 0.33653846153846156 0.4495192307692308 0.33653846153846156
1 0.5240384615384616 0.14903846153846154 0.5336538461538461 0.14903846153846154 0.5336538461538461 0.33413461538461536 0.5240384615384616 0.33413461538461536
1 0.5721153846153846 0.14903846153846154 0.5865384615384616 0.14903846153846154 0.5865384615384616 0.33413461538461536 0.5721153846153846 0.33413461538461536
1 0.6225961538461539 0.15144230769230768 0.6370192307692307 0.15144230769230768 0.6370192307692307 0.33653846153846156 0.6225961538461539 0.33653846153846156
1 0.6706730769230769 0.14903846153846154 0.6850961538461539 0.14903846153846154 0.6850961538461539 0.33413461538461536 0.6706730769230769 0.33413461538461536
1 0.7620192307692307 0.14903846153846154 0.7788461538461539 0.14903846153846154 0.7788461538461539 0.33413461538461536 0.7620192307692307 0.33413461538461536