23 0.04567307692307692 0.14182692307692307 0.08653846153846154 0.14182692307692307 0.08653846153846154 0.2620192307692308 0.04567307692307692 0.2620192307692308
23 0.24519230769230768 0.14182692307692307 0.2860576923076923 0.14182692307692307 0.2860576923076923 0.2620192307692308 0.24519230769230768 0.2620192307692308
23 0.4879807692307692 0.14182692307692307 0.5288461538461539 0.14182692307692307 0.5288461538461539 0.2620192307692308 0.4879807692307692 0.2620192307692308
23 0.7307692307692307 0.14423076923076922 0.7740384615384616 0.14423076923076922 0.7740384615384616 0.2644230769230769 0.7307692307692307 0.2644230769230769
23 0.9278846153846154 0.14182692307692307 0.9711538461538461 0.14182692307692307 0.9711538461538461 0.2620192307692308 0.9278846153846154 0.2620192307692308
23 0.036057692307692304 0.6899038461538461 0.09615384615384616 0.6899038461538461 0.09615384615384616 0.8605769230769231 0.036057692307692304 0.8605769230769231
23 0.03365384615384615 0.4014423076923077 0.09615384615384616 0.4014423076923077 0.09615384615384616 0.5721153846153846 0.03365384615384615 0.5721153846153846
23 0.23317307692307693 0.6875 0.2932692307692308 0.6875 0.2932692307692308 0.8605769230769231 0.23317307692307693 0.8605769230769231
23 0.23317307692307693 0.39903846153846156 0.2932692307692308 0.39903846153846156 0.2932692307692308 0.5721153846153846 0.23317307692307693 0.5721153846153846
23 0.7211538461538461 0.39903846153846156 0.7836538461538461 0.39903846153846156 0.7836538461538461 0.5697115384615384 0.7211538461538461 0.5697115384615384
23 0.7211538461538461 0.6875 0.7836538461538461 0.6875 0.7836538461538461 0.8581730769230769 0.7211538461538461 0.8581730769230769
23 0.9182692307692307 0.6875 0.9807692307692307 0.6875 0.9807692307692307 0.8581730769230769 0.9182692307692307 0.8581730769230769
23 0.9206730769230769 0.39903846153846156 0.9807692307692307 0.39903846153846156 0.9807692307692307 0.5697115384615384 0.9206730769230769 0.5697115384615384
23 0.47596153846153844 0.39903846153846156 0.5384615384615384 0.39903846153846156 0.5384615384615384 0.5 0.47596153846153844 0.5
4 0.3942307692307692 0.5120192307692307 0.6225961538461539 0.5120192307692307 0.6225961538461539 0.6730769230769231 0.3942307692307692 0.6730769230769231
8 0.43028846153846156 0.6899038461538461 0.5865384615384616 0.6899038461538461 0.5865384615384616 0.9855769230769231 0.43028846153846156 0.9855769230769231
17 0.5865384615384616 0.6730769230769231 0.6153846153846154 0.6730769230769231 0.6153846153846154 0.9855769230769231 0.5865384615384616 0.9855769230769231
17 0.4014423076923077 0.6730769230769231 0.43028846153846156 0.6730769230769231 0.43028846153846156 0.9855769230769231 0.4014423076923077 0.9855769230769231
19 0 0 1 0 1 0.3076923076923077 0 0.3076923076923077
4 0.019230769230769232 0.09375 0.11538461538461539 0.09375 0.11538461538461539 0.17548076923076922 0.019230769230769232 0.17548076923076922
4 0.22115384615384615 0.09375 0.31490384615384615 0.09375 0.31490384615384615 0.17307692307692307 0.22115384615384615 0.17307692307692307
4 0.4639423076923077 0.09375 0.5552884615384616 0.09375 0.5552884615384616 0.17548076923076922 0.4639423076923077 0.17548076923076922
4 0.7067307692307693 0.0985576923076923 0.7980769230769231 0.0985576923076923 0.7980769230769231 0.1778846153846154 0.7067307692307693 0.1778846153846154
4 0.9014423076923077 0.0985576923076923 0.9951923076923077 0.0985576923076923 0.9951923076923077 0.1778846153846154 0.9014423076923077 0.1778846153846154
15 0 0.6370192307692307 1 0.6370192307692307 1 0.9879807692307693 0 0.9879807692307693
12 0 0.6201923076923077 0.4014423076923077 0.6201923076923077 0.4014423076923077 0.6370192307692307 0 0.6370192307692307
12 0.6129807692307693 0.6201923076923077 1 0.6201923076923077 1 0.6370192307692307 0.6129807692307693 0.6370192307692307
12 0 0.3076923076923077 1 0.3076923076923077 1 0.3269230769230769 0 0.3269230769230769
22 0 0 1 0 1 0.30528846153846156 0 0.30528846153846156
11 0 0.3269230769230769 1 0.3269230769230769 1 0.6201923076923077 0 0.6201923076923077
2 0.002403846153846154 0 1 0 1 0.9879807692307693 0.002403846153846154 0.9879807692307693
10 0.002403846153846154 0 1 0 1 0.9879807692307693 0.002403846153846154 0.9879807692307693
7 0 0.8846153846153846 0.3942307692307692 0.8846153846153846 0.3942307692307692 1 0 1
7 0.6418269230769231 0.8942307692307693 1 0.8942307692307693 1 1 0.6418269230769231 1