23 0.21875 0.17067307692307693 0.2932692307692308 0.17067307692307693 0.2932692307692308 0.2644230769230769 0.21875 0.2644230769230769
23 0.6947115384615384 0.16826923076923078 0.7692307692307693 0.16826923076923078 0.7692307692307693 0.2620192307692308 0.6947115384615384 0.2620192307692308
8 0.4375 0.16105769230769232 0.5576923076923077 0.16105769230769232 0.5576923076923077 0.2980769230769231 0.4375 0.2980769230769231
0 0.39663461538461536 0.23557692307692307 0.5889423076923077 0.23557692307692307 0.5889423076923077 0.3076923076923077 0.39663461538461536 0.3076923076923077
23 0.44471153846153844 0.49038461538461536 0.5504807692307693 0.49038461538461536 0.5504807692307693 0.6778846153846154 0.44471153846153844 0.6778846153846154
23 0.1875 0.49278846153846156 0.2932692307692308 0.49278846153846156 0.2932692307692308 0.6802884615384616 0.1875 0.6802884615384616
23 0.7067307692307693 0.4879807692307692 0.8100961538461539 0.4879807692307692 0.8100961538461539 0.6778846153846154 0.7067307692307693 0.6778846153846154
23 0.4375 0.8822115384615384 0.5649038461538461 0.8822115384615384 0.5649038461538461 1 0.4375 1
23 0.1875 0.8605769230769231 0.2932692307692308 0.8605769230769231 0.2932692307692308 1 0.1875 1
23 0.7043269230769231 0.8629807692307693 0.8100961538461539 0.8629807692307693 0.8100961538461539 1 0.7043269230769231 1
23 0.43028846153846156 0.07211538461538461 0.5625 0.07211538461538461 0.5625 0.14423076923076922 0.43028846153846156 0.14423076923076922
4 0.3942307692307692 0.3942307692307692 0.5985576923076923 0.3942307692307692 0.5985576923076923 0.4519230769230769 0.3942307692307692 0.4519230769230769
4 0.13701923076923078 0.39663461538461536 0.34134615384615385 0.39663461538461536 0.34134615384615385 0.4567307692307692 0.13701923076923078 0.4567307692307692
4 0.65625 0.3918269230769231 0.8605769230769231 0.3918269230769231 0.8605769230769231 0.4495192307692308 0.65625 0.4495192307692308
4 0.38221153846153844 0.7932692307692307 0.6153846153846154 0.7932692307692307 0.6153846153846154 0.8461538461538461 0.38221153846153844 0.8461538461538461
4 0.6586538461538461 0.8341346153846154 0.8605769230769231 0.8341346153846154 0.8605769230769231 0.8461538461538461 0.6586538461538461 0.8461538461538461
4 0.13701923076923078 0.8341346153846154 0.34134615384615385 0.8341346153846154 0.34134615384615385 0.8509615384615384 0.13701923076923078 0.8509615384615384
21 0.1466346153846154 0.6802884615384616 0.33413461538461536 0.6802884615384616 0.33413461538461536 0.7139423076923077 0.1466346153846154 0.7139423076923077
21 0.6658653846153846 0.6778846153846154 0.8533653846153846 0.6778846153846154 0.8533653846153846 0.7091346153846154 0.6658653846153846 0.7091346153846154
21 0.40384615384615385 0.6778846153846154 0.5913461538461539 0.6778846153846154 0.5913461538461539 0.7115384615384616 0.40384615384615385 0.7115384615384616
16 0.021634615384615384 0.32211538461538464 0.9735576923076923 0.32211538461538464 0.9735576923076923 0.35336538461538464 0.021634615384615384 0.35336538461538464
5 0.4182692307692308 0.8557692307692307 0.5745192307692307 0.8557692307692307 0.5745192307692307 0.8629807692307693 0.4182692307692308 0.8629807692307693
4 0.13701923076923078 0 0.8509615384615384 0 0.8509615384615384 0.13942307692307693 0.13701923076923078 0.13942307692307693
5 0.026442307692307692 0.30528846153846156 0.05048076923076923 0.30528846153846156 0.05048076923076923 0.3245192307692308 0.026442307692307692 0.3245192307692308
5 0.9447115384615384 0.30528846153846156 0.9711538461538461 0.30528846153846156 0.9711538461538461 0.3245192307692308 0.9447115384615384 0.3245192307692308
22 0.06009615384615385 0.055288461538461536 0.9639423076923077 0.055288461538461536 0.9639423076923077 0.3245192307692308 0.06009615384615385 0.3245192307692308
15 0.028846153846153848 0.3269230769230769 0.9639423076923077 0.3269230769230769 0.9639423076923077 0.7596153846153846 0.028846153846153848 0.7596153846153846
12 0.028846153846153848 0.7403846153846154 0.9639423076923077 0.7403846153846154 0.9639423076923077 0.7596153846153846 0.028846153846153848 0.7596153846153846
15 0.028846153846153848 0.7572115384615384 0.9639423076923077 0.7572115384615384 0.9639423076923077 1 0.028846153846153848 1
12 0.03125 0.3076923076923077 0.9663461538461539 0.3076923076923077 0.9663461538461539 0.3269230769230769 0.03125 0.3269230769230769
23 0.06971153846153846 0.25 0.15865384615384615 0.25 0.15865384615384615 0.27884615384615385 0.06971153846153846 0.27884615384615385
2 0 0 1 0 1 1 0 1
10 0.028846153846153848 0.3269230769230769 0.9639423076923077 0.3269230769230769 0.9639423076923077 1 0.028846153846153848 1
1 0.1875 0.49278846153846156 0.2932692307692308 0.49278846153846156 0.2932692307692308 0.6802884615384616 0.1875 0.6802884615384616
1 0.44471153846153844 0.49038461538461536 0.5504807692307693 0.49038461538461536 0.5504807692307693 0.6778846153846154 0.44471153846153844 0.6778846153846154
1 0.7067307692307693 0.4879807692307692 0.8100961538461539 0.4879807692307692 0.8100961538461539 0.6778846153846154 0.7067307692307693 0.6778846153846154