23 0.055288461538461536 0.7764423076923077 0.0985576923076923 0.7764423076923077 0.0985576923076923 0.8822115384615384 0.055288461538461536 0.8822115384615384
23 0.20673076923076922 0.7764423076923077 0.25 0.7764423076923077 0.25 0.8798076923076923 0.20673076923076922 0.8798076923076923
23 0.2980769230769231 0.7668269230769231 0.3485576923076923 0.7668269230769231 0.3485576923076923 0.8798076923076923 0.2980769230769231 0.8798076923076923
8 0.36778846153846156 0.8125 0.43028846153846156 0.8125 0.43028846153846156 0.96875 0.36778846153846156 0.96875
23 0.36778846153846156 0.7668269230769231 0.43028846153846156 0.7668269230769231 0.43028846153846156 0.7956730769230769 0.36778846153846156 0.7956730769230769
23 0.4495192307692308 0.7668269230769231 0.5 0.7668269230769231 0.5 0.8798076923076923 0.4495192307692308 0.8798076923076923
23 0.5336538461538461 0.7620192307692307 0.5793269230769231 0.7620192307692307 0.5793269230769231 0.8533653846153846 0.5336538461538461 0.8533653846153846
23 0.6706730769230769 0.7620192307692307 0.7163461538461539 0.7620192307692307 0.7163461538461539 0.8533653846153846 0.6706730769230769 0.8533653846153846
23 0.6706730769230769 0.5168269230769231 0.7139423076923077 0.5168269230769231 0.7139423076923077 0.6658653846153846 0.6706730769230769 0.6658653846153846
23 0.5336538461538461 0.5144230769230769 0.5793269230769231 0.5144230769230769 0.5793269230769231 0.6658653846153846 0.5336538461538461 0.6658653846153846
23 0.5360576923076923 0.27403846153846156 0.5769230769230769 0.27403846153846156 0.5769230769230769 0.40384615384615385 0.5360576923076923 0.40384615384615385
23 0.6730769230769231 0.27403846153846156 0.7115384615384616 0.27403846153846156 0.7115384615384616 0.4014423076923077 0.6730769230769231 0.4014423076923077
23 0.7716346153846154 0.27403846153846156 0.8100961538461539 0.27403846153846156 0.8100961538461539 0.4014423076923077 0.7716346153846154 0.4014423076923077
23 0.45913461538461536 0.4807692307692308 0.5024038461538461 0.4807692307692308 0.5024038461538461 0.6658653846153846 0.45913461538461536 0.6658653846153846
23 0.2091346153846154 0.4735576923076923 0.25240384615384615 0.4735576923076923 0.25240384615384615 0.6658653846153846 0.2091346153846154 0.6658653846153846
23 0.35096153846153844 0.4807692307692308 0.3942307692307692 0.4807692307692308 0.3942307692307692 0.6658653846153846 0.35096153846153844 0.6658653846153846
23 0.40384615384615385 0.4807692307692308 0.44711538461538464 0.4807692307692308 0.44711538461538464 0.6658653846153846 0.40384615384615385 0.6658653846153846
23 0.3004807692307692 0.4807692307692308 0.34134615384615385 0.4807692307692308 0.34134615384615385 0.6658653846153846 0.3004807692307692 0.6658653846153846
23 0.055288461538461536 0.47115384615384615 0.0985576923076923 0.47115384615384615 0.0985576923076923 0.6634615384615384 0.055288461538461536 0.6634615384615384
23 0.45913461538461536 0.10336538461538461 0.5048076923076923 0.10336538461538461 0.5048076923076923 0.24278846153846154 0.45913461538461536 0.24278846153846154
1 0.45913461538461536 0.10096153846153846 0.5048076923076923 0.10096153846153846 0.5048076923076923 0.1875 0.45913461538461536 0.1875
23 0.20673076923076922 0.10576923076923077 0.25240384615384615 0.10576923076923077 0.25240384615384615 0.24519230769230768 0.20673076923076922 0.24519230769230768
23 0.3004807692307692 0.10336538461538461 0.34375 0.10336538461538461 0.34375 0.24519230769230768 0.3004807692307692 0.24519230769230768
23 0.35336538461538464 0.10336538461538461 0.39663461538461536 0.10336538461538461 0.39663461538461536 0.24278846153846154 0.35336538461538464 0.24278846153846154
23 0.40625 0.10336538461538461 0.4495192307692308 0.10336538461538461 0.4495192307692308 0.24278846153846154 0.40625 0.24278846153846154
23 0.4567307692307692 0.4230769230769231 0.5 0.4230769230769231 0.5 0.47836538461538464 0.4567307692307692 0.47836538461538464
23 0.055288461538461536 0.4254807692307692 0.0985576923076923 0.4254807692307692 0.0985576923076923 0.47115384615384615 0.055288461538461536 0.47115384615384615
23 0.2091346153846154 0.4254807692307692 0.25240384615384615 0.4254807692307692 0.25240384615384615 0.47115384615384615 0.2091346153846154 0.47115384615384615
23 0.2980769230769231 0.4230769230769231 0.34134615384615385 0.4230769230769231 0.34134615384615385 0.47836538461538464 0.2980769230769231 0.47836538461538464
23 0.35096153846153844 0.4230769230769231 0.3942307692307692 0.4230769230769231 0.3942307692307692 0.47836538461538464 0.35096153846153844 0.47836538461538464
23 0.40384615384615385 0.4230769230769231 0.44711538461538464 0.4230769230769231 0.44711538461538464 0.47836538461538464 0.40384615384615385 0.47836538461538464
4 0.19230769230769232 0.3942307692307692 0.2644230769230769 0.3942307692307692 0.2644230769230769 0.41586538461538464 0.19230769230769232 0.41586538461538464
4 0.040865384615384616 0.3942307692307692 0.11298076923076923 0.3942307692307692 0.11298076923076923 0.41586538461538464 0.040865384615384616 0.41586538461538464
4 0.28365384615384615 0.3918269230769231 0.5120192307692307 0.3918269230769231 0.5120192307692307 0.41586538461538464 0.28365384615384615 0.41586538461538464
21 0.2860576923076923 0.6610576923076923 0.5120192307692307 0.6610576923076923 0.5120192307692307 0.6778846153846154 0.2860576923076923 0.6778846153846154
21 0.1971153846153846 0.6610576923076923 0.25721153846153844 0.6610576923076923 0.25721153846153844 0.6778846153846154 0.1971153846153846 0.6778846153846154
21 0.04567307692307692 0.6610576923076923 0.10817307692307693 0.6610576923076923 0.10817307692307693 0.6754807692307693 0.04567307692307692 0.6754807692307693
21 0.05048076923076923 0.8798076923076923 0.10096153846153846 0.8798076923076923 0.10096153846153846 0.8942307692307693 0.05048076923076923 0.8942307692307693
21 0.20432692307692307 0.8798076923076923 0.25240384615384615 0.8798076923076923 0.25240384615384615 0.8942307692307693 0.20432692307692307 0.8942307692307693
21 0.28846153846153844 0.8798076923076923 0.3557692307692308 0.8798076923076923 0.3557692307692308 0.8942307692307693 0.28846153846153844 0.8942307692307693
21 0.44711538461538464 0.8798076923076923 0.5096153846153846 0.8798076923076923 0.5096153846153846 0.8942307692307693 0.44711538461538464 0.8942307692307693
21 0.6610576923076923 0.8509615384615384 0.7259615384615384 0.8509615384615384 0.7259615384615384 0.8677884615384616 0.6610576923076923 0.8677884615384616
21 0.5240384615384616 0.8509615384615384 0.5865384615384616 0.8509615384615384 0.5865384615384616 0.8677884615384616 0.5240384615384616 0.8677884615384616
21 0.6634615384615384 0.6634615384615384 0.7211538461538461 0.6634615384615384 0.7211538461538461 0.6778846153846154 0.6634615384615384 0.6778846153846154
21 0.5264423076923077 0.6658653846153846 0.5865384615384616 0.6658653846153846 0.5865384615384616 0.6802884615384616 0.5264423076923077 0.6802884615384616
21 0.6658653846153846 0.4014423076923077 0.71875 0.4014423076923077 0.71875 0.4110576923076923 0.6658653846153846 0.4110576923076923
4 0.7644230769230769 0.2620192307692308 0.8173076923076923 0.2620192307692308 0.8173076923076923 0.27403846153846156 0.7644230769230769 0.27403846153846156
21 0.7644230769230769 0.4014423076923077 0.8149038461538461 0.4014423076923077 0.8149038461538461 0.4110576923076923 0.7644230769230769 0.4110576923076923
21 0.5288461538461539 0.4014423076923077 0.5841346153846154 0.4014423076923077 0.5841346153846154 0.41346153846153844 0.5288461538461539 0.41346153846153844
4 0.53125 0.2620192307692308 0.5841346153846154 0.2620192307692308 0.5841346153846154 0.27403846153846156 0.53125 0.27403846153846156
4 0.6658653846153846 0.2620192307692308 0.7211538461538461 0.2620192307692308 0.7211538461538461 0.27403846153846156 0.6658653846153846 0.27403846153846156
16 0.021634615384615384 0.04807692307692308 0.53125 0.04807692307692308 0.53125 0.08653846153846154 0.021634615384615384 0.08653846153846154
12 0.021634615384615384 0.31490384615384615 0.5096153846153846 0.31490384615384615 0.5096153846153846 0.3317307692307692 0.021634615384615384 0.3317307692307692
22 0.021634615384615384 0.07932692307692307 0.5096153846153846 0.07932692307692307 0.5096153846153846 0.3317307692307692 0.021634615384615384 0.3317307692307692
12 0.5120192307692307 0.44471153846153844 0.9711538461538461 0.44471153846153844 0.9711538461538461 0.46153846153846156 0.5120192307692307 0.46153846153846156
22 0.5120192307692307 0.20192307692307693 0.9711538461538461 0.20192307692307693 0.9711538461538461 0.46153846153846156 0.5120192307692307 0.46153846153846156
11 0.021634615384615384 0.3317307692307692 0.5096153846153846 0.3317307692307692 0.5096153846153846 0.7067307692307693 0.021634615384615384 0.7067307692307693
12 0.021634615384615384 0.6899038461538461 0.5096153846153846 0.6899038461538461 0.5096153846153846 0.7067307692307693 0.021634615384615384 0.7067307692307693
12 0.5120192307692307 0.6899038461538461 0.9711538461538461 0.6899038461538461 0.9711538461538461 0.7067307692307693 0.5120192307692307 0.7067307692307693
15 0.021634615384615384 0.7067307692307693 0.5096153846153846 0.7067307692307693 0.5096153846153846 0.9783653846153846 0.021634615384615384 0.9783653846153846
15 0.5120192307692307 0.7067307692307693 0.9711538461538461 0.7067307692307693 0.9711538461538461 0.9783653846153846 0.5120192307692307 0.9783653846153846
11 0.5120192307692307 0.46153846153846156 0.9711538461538461 0.46153846153846156 0.9711538461538461 0.7067307692307693 0.5120192307692307 0.7067307692307693
2 0.007211538461538462 0 0.9831730769230769 0 0.9831730769230769 0.9855769230769231 0.007211538461538462 0.9855769230769231
10 0.021634615384615384 0.1875 0.9711538461538461 0.1875 0.9711538461538461 0.9855769230769231 0.021634615384615384 0.9855769230769231
17 0.44471153846153844 0.46875 0.46153846153846156 0.46875 0.46153846153846156 0.6634615384615384 0.44471153846153844 0.6634615384615384
17 0.33653846153846156 0.46875 0.3557692307692308 0.46875 0.3557692307692308 0.6634615384615384 0.33653846153846156 0.6634615384615384
17 0.3918269230769231 0.46875 0.40865384615384615 0.46875 0.40865384615384615 0.6634615384615384 0.3918269230769231 0.6634615384615384
1 0.055288461538461536 0.7764423076923077 0.0985576923076923 0.7764423076923077 0.0985576923076923 0.8822115384615384 0.055288461538461536 0.8822115384615384
1 0.20673076923076922 0.7764423076923077 0.25 0.7764423076923077 0.25 0.8798076923076923 0.20673076923076922 0.8798076923076923
1 0.2980769230769231 0.7668269230769231 0.3485576923076923 0.7668269230769231 0.3485576923076923 0.8798076923076923 0.2980769230769231 0.8798076923076923
1 0.4495192307692308 0.7668269230769231 0.5 0.7668269230769231 0.5 0.8798076923076923 0.4495192307692308 0.8798076923076923
1 0.45913461538461536 0.4807692307692308 0.5024038461538461 0.4807692307692308 0.5024038461538461 0.6658653846153846 0.45913461538461536 0.6658653846153846
1 0.40384615384615385 0.4807692307692308 0.44711538461538464 0.4807692307692308 0.44711538461538464 0.6658653846153846 0.40384615384615385 0.6658653846153846
1 0.35096153846153844 0.4807692307692308 0.3942307692307692 0.4807692307692308 0.3942307692307692 0.6658653846153846 0.35096153846153844 0.6658653846153846
1 0.3004807692307692 0.4807692307692308 0.34134615384615385 0.4807692307692308 0.34134615384615385 0.6658653846153846 0.3004807692307692 0.6658653846153846
1 0.2091346153846154 0.4735576923076923 0.25240384615384615 0.4735576923076923 0.25240384615384615 0.6658653846153846 0.2091346153846154 0.6658653846153846
1 0.055288461538461536 0.47115384615384615 0.0985576923076923 0.47115384615384615 0.0985576923076923 0.6634615384615384 0.055288461538461536 0.6634615384615384
1 0.5360576923076923 0.27403846153846156 0.5769230769230769 0.27403846153846156 0.5769230769230769 0.40384615384615385 0.5360576923076923 0.40384615384615385
1 0.6730769230769231 0.27403846153846156 0.7115384615384616 0.27403846153846156 0.7115384615384616 0.4014423076923077 0.6730769230769231 0.4014423076923077
1 0.7716346153846154 0.27403846153846156 0.8100961538461539 0.27403846153846156 0.8100961538461539 0.4014423076923077 0.7716346153846154 0.4014423076923077
1 0.6706730769230769 0.5168269230769231 0.7139423076923077 0.5168269230769231 0.7139423076923077 0.6658653846153846 0.6706730769230769 0.6658653846153846
23 0.055288461538461536 0.11298076923076923 0.0985576923076923 0.11298076923076923 0.0985576923076923 0.25240384615384615 0.055288461538461536 0.25240384615384615
1 0.055288461538461536 0.11298076923076923 0.0985576923076923 0.11298076923076923 0.0985576923076923 0.20192307692307693 0.055288461538461536 0.20192307692307693
1 0.35336538461538464 0.10336538461538461 0.39663461538461536 0.10336538461538461 0.39663461538461536 0.18990384615384615 0.35336538461538464 0.18990384615384615
1 0.40625 0.10336538461538461 0.4495192307692308 0.10336538461538461 0.4495192307692308 0.19230769230769232 0.40625 0.19230769230769232
5 0.8485576923076923 0.65625 0.9134615384615384 0.65625 0.9134615384615384 0.6899038461538461 0.8485576923076923 0.6899038461538461