23 0.17548076923076922 0.09375 0.19951923076923078 0.09375 0.19951923076923078 0.12740384615384615 0.17548076923076922 0.12740384615384615
23 0.06009615384615385 0.40384615384615385 0.09134615384615384 0.40384615384615385 0.09134615384615384 0.45913461538461536 0.06009615384615385 0.45913461538461536
23 0.9399038461538461 0.40384615384615385 0.9735576923076923 0.40384615384615385 0.9735576923076923 0.45913461538461536 0.9399038461538461 0.45913461538461536
23 0.8774038461538461 0.40384615384615385 0.9086538461538461 0.40384615384615385 0.9086538461538461 0.45913461538461536 0.8774038461538461 0.45913461538461536
23 0.8149038461538461 0.40384615384615385 0.8461538461538461 0.40384615384615385 0.8461538461538461 0.45913461538461536 0.8149038461538461 0.45913461538461536
23 0.1875 0.40384615384615385 0.21875 0.40384615384615385 0.21875 0.45913461538461536 0.1875 0.45913461538461536
23 0.12259615384615384 0.40384615384615385 0.15384615384615385 0.40384615384615385 0.15384615384615385 0.45913461538461536 0.12259615384615384 0.45913461538461536
23 0.375 0.40384615384615385 0.40625 0.40384615384615385 0.40625 0.45913461538461536 0.375 0.45913461538461536
23 0.3125 0.40384615384615385 0.34375 0.40384615384615385 0.34375 0.45913461538461536 0.3125 0.45913461538461536
23 0.25 0.40384615384615385 0.28125 0.40384615384615385 0.28125 0.45913461538461536 0.25 0.45913461538461536
23 0.5649038461538461 0.40384615384615385 0.5961538461538461 0.40384615384615385 0.5961538461538461 0.45913461538461536 0.5649038461538461 0.45913461538461536
23 0.5 0.40384615384615385 0.5336538461538461 0.40384615384615385 0.5336538461538461 0.45913461538461536 0.5 0.45913461538461536
23 0.4375 0.40384615384615385 0.46875 0.40384615384615385 0.46875 0.45913461538461536 0.4375 0.45913461538461536
23 0.7524038461538461 0.40384615384615385 0.7836538461538461 0.40384615384615385 0.7836538461538461 0.45913461538461536 0.7524038461538461 0.45913461538461536
23 0.6899038461538461 0.40384615384615385 0.7211538461538461 0.40384615384615385 0.7211538461538461 0.45913461538461536 0.6899038461538461 0.45913461538461536
23 0.625 0.40384615384615385 0.6586538461538461 0.40384615384615385 0.6586538461538461 0.45913461538461536 0.625 0.45913461538461536
23 0.9423076923076923 0.2668269230769231 0.96875 0.2668269230769231 0.96875 0.3269230769230769 0.9423076923076923 0.3269230769230769
23 0.0625 0.2668269230769231 0.09134615384615384 0.2668269230769231 0.09134615384615384 0.3269230769230769 0.0625 0.3269230769230769
23 0.12740384615384615 0.2668269230769231 0.15384615384615385 0.2668269230769231 0.15384615384615385 0.3269230769230769 0.12740384615384615 0.3269230769230769
23 0.18990384615384615 0.2668269230769231 0.21634615384615385 0.2668269230769231 0.21634615384615385 0.3269230769230769 0.18990384615384615 0.3269230769230769
23 0.25240384615384615 0.2668269230769231 0.27884615384615385 0.2668269230769231 0.27884615384615385 0.3269230769230769 0.25240384615384615 0.3269230769230769
23 0.31490384615384615 0.2668269230769231 0.34134615384615385 0.2668269230769231 0.34134615384615385 0.3269230769230769 0.31490384615384615 0.3269230769230769
23 0.37740384615384615 0.2668269230769231 0.40384615384615385 0.2668269230769231 0.40384615384615385 0.3269230769230769 0.37740384615384615 0.3269230769230769
23 0.43990384615384615 0.2668269230769231 0.46634615384615385 0.2668269230769231 0.46634615384615385 0.3269230769230769 0.43990384615384615 0.3269230769230769
23 0.5024038461538461 0.2668269230769231 0.5288461538461539 0.2668269230769231 0.5288461538461539 0.3269230769230769 0.5024038461538461 0.3269230769230769
23 0.5649038461538461 0.2668269230769231 0.5913461538461539 0.2668269230769231 0.5913461538461539 0.3269230769230769 0.5649038461538461 0.3269230769230769
23 0.6298076923076923 0.2668269230769231 0.65625 0.2668269230769231 0.65625 0.3269230769230769 0.6298076923076923 0.3269230769230769
23 0.6899038461538461 0.2668269230769231 0.71875 0.2668269230769231 0.71875 0.3269230769230769 0.6899038461538461 0.3269230769230769
23 0.7548076923076923 0.2668269230769231 0.78125 0.2668269230769231 0.78125 0.3269230769230769 0.7548076923076923 0.3269230769230769
23 0.8173076923076923 0.2668269230769231 0.84375 0.2668269230769231 0.84375 0.3269230769230769 0.8173076923076923 0.3269230769230769
23 0.8798076923076923 0.2668269230769231 0.90625 0.2668269230769231 0.90625 0.3269230769230769 0.8798076923076923 0.3269230769230769
23 0.07451923076923077 0.1778846153846154 0.0985576923076923 0.1778846153846154 0.0985576923076923 0.21875 0.07451923076923077 0.21875
23 0.1346153846153846 0.1778846153846154 0.16105769230769232 0.1778846153846154 0.16105769230769232 0.21875 0.1346153846153846 0.21875
23 0.1971153846153846 0.1778846153846154 0.22115384615384615 0.1778846153846154 0.22115384615384615 0.21875 0.1971153846153846 0.21875
23 0.25721153846153844 0.1778846153846154 0.28365384615384615 0.1778846153846154 0.28365384615384615 0.21875 0.25721153846153844 0.21875
23 0.31971153846153844 0.1778846153846154 0.34375 0.1778846153846154 0.34375 0.21875 0.31971153846153844 0.21875
23 0.3798076923076923 0.1778846153846154 0.40625 0.1778846153846154 0.40625 0.21875 0.3798076923076923 0.21875
23 0.43990384615384615 0.1778846153846154 0.46634615384615385 0.1778846153846154 0.46634615384615385 0.21875 0.43990384615384615 0.21875
23 0.5024038461538461 0.1778846153846154 0.5288461538461539 0.1778846153846154 0.5288461538461539 0.21875 0.5024038461538461 0.21875
23 0.5625 0.1778846153846154 0.5889423076923077 0.1778846153846154 0.5889423076923077 0.21875 0.5625 0.21875
23 0.625 0.1778846153846154 0.6490384615384616 0.1778846153846154 0.6490384615384616 0.21875 0.625 0.21875
23 0.6850961538461539 0.1778846153846154 0.7115384615384616 0.1778846153846154 0.7115384615384616 0.21875 0.6850961538461539 0.21875
23 0.7475961538461539 0.1778846153846154 0.7740384615384616 0.1778846153846154 0.7740384615384616 0.21875 0.7475961538461539 0.21875
23 0.8100961538461539 0.1778846153846154 0.8341346153846154 0.1778846153846154 0.8341346153846154 0.21875 0.8100961538461539 0.21875
23 0.8701923076923077 0.1778846153846154 0.8966346153846154 0.1778846153846154 0.8966346153846154 0.21875 0.8701923076923077 0.21875
23 0.9302884615384616 0.1778846153846154 0.9567307692307693 0.1778846153846154 0.9567307692307693 0.21875 0.9302884615384616 0.21875
23 0.8894230769230769 0.09375 0.9110576923076923 0.09375 0.9110576923076923 0.12980769230769232 0.8894230769230769 0.12980769230769232
23 0.7692307692307693 0.09375 0.7932692307692307 0.09375 0.7932692307692307 0.12980769230769232 0.7692307692307693 0.12980769230769232
23 0.6514423076923077 0.09375 0.6730769230769231 0.09375 0.6730769230769231 0.12980769230769232 0.6514423076923077 0.12980769230769232
23 0.5336538461538461 0.09375 0.5552884615384616 0.09375 0.5552884615384616 0.12980769230769232 0.5336538461538461 0.12980769230769232
23 0.38461538461538464 0.09375 0.40625 0.09375 0.40625 0.12980769230769232 0.38461538461538464 0.12980769230769232
23 0.2932692307692308 0.09375 0.3173076923076923 0.09375 0.3173076923076923 0.12980769230769232 0.2932692307692308 0.12980769230769232
23 0.06009615384615385 0.8509615384615384 0.09134615384615384 0.8509615384615384 0.09134615384615384 0.9447115384615384 0.06009615384615385 0.9447115384615384
23 0.06009615384615385 0.5432692307692307 0.09134615384615384 0.5432692307692307 0.09134615384615384 0.6057692307692307 0.06009615384615385 0.6057692307692307
23 0.12259615384615384 0.5432692307692307 0.15384615384615385 0.5432692307692307 0.15384615384615385 0.6057692307692307 0.12259615384615384 0.6057692307692307
23 0.1875 0.5432692307692307 0.21875 0.5432692307692307 0.21875 0.6057692307692307 0.1875 0.6057692307692307
23 0.25 0.5432692307692307 0.28125 0.5432692307692307 0.28125 0.6057692307692307 0.25 0.6057692307692307
23 0.3125 0.5432692307692307 0.34375 0.5432692307692307 0.34375 0.6057692307692307 0.3125 0.6057692307692307
23 0.375 0.5432692307692307 0.40625 0.5432692307692307 0.40625 0.6033653846153846 0.375 0.6033653846153846
23 0.4375 0.5432692307692307 0.46875 0.5432692307692307 0.46875 0.6033653846153846 0.4375 0.6033653846153846
23 0.5024038461538461 0.5432692307692307 0.5336538461538461 0.5432692307692307 0.5336538461538461 0.6033653846153846 0.5024038461538461 0.6033653846153846
23 0.5649038461538461 0.5432692307692307 0.5961538461538461 0.5432692307692307 0.5961538461538461 0.6033653846153846 0.5649038461538461 0.6033653846153846
23 0.6274038461538461 0.5432692307692307 0.6586538461538461 0.5432692307692307 0.6586538461538461 0.6033653846153846 0.6274038461538461 0.6033653846153846
23 0.6899038461538461 0.5432692307692307 0.7211538461538461 0.5432692307692307 0.7211538461538461 0.6033653846153846 0.6899038461538461 0.6033653846153846
23 0.7524038461538461 0.5432692307692307 0.7836538461538461 0.5432692307692307 0.7836538461538461 0.6033653846153846 0.7524038461538461 0.6033653846153846
23 0.8149038461538461 0.5432692307692307 0.8461538461538461 0.5432692307692307 0.8461538461538461 0.6033653846153846 0.8149038461538461 0.6033653846153846
23 0.8774038461538461 0.5432692307692307 0.9086538461538461 0.5432692307692307 0.9086538461538461 0.6033653846153846 0.8774038461538461 0.6033653846153846
23 0.9399038461538461 0.5432692307692307 0.9711538461538461 0.5432692307692307 0.9711538461538461 0.6033653846153846 0.9399038461538461 0.6033653846153846
23 0.06009615384615385 0.6850961538461539 0.09134615384615384 0.6850961538461539 0.09134615384615384 0.7644230769230769 0.06009615384615385 0.7644230769230769
23 0.9399038461538461 0.8485576923076923 0.9711538461538461 0.8485576923076923 0.9711538461538461 0.9423076923076923 0.9399038461538461 0.9423076923076923
23 0.9399038461538461 0.6850961538461539 0.9711538461538461 0.6850961538461539 0.9711538461538461 0.7644230769230769 0.9399038461538461 0.7644230769230769
23 0.8798076923076923 0.8485576923076923 0.9110576923076923 0.8485576923076923 0.9110576923076923 0.9423076923076923 0.8798076923076923 0.9423076923076923
23 0.8798076923076923 0.6850961538461539 0.9110576923076923 0.6850961538461539 0.9110576923076923 0.7644230769230769 0.8798076923076923 0.7644230769230769
23 0.8149038461538461 0.8485576923076923 0.8461538461538461 0.8485576923076923 0.8461538461538461 0.9423076923076923 0.8149038461538461 0.9423076923076923
23 0.8149038461538461 0.6850961538461539 0.8461538461538461 0.6850961538461539 0.8461538461538461 0.7644230769230769 0.8149038461538461 0.7644230769230769
23 0.7524038461538461 0.8485576923076923 0.7836538461538461 0.8485576923076923 0.7836538461538461 0.9423076923076923 0.7524038461538461 0.9423076923076923
23 0.7524038461538461 0.6850961538461539 0.7836538461538461 0.6850961538461539 0.7836538461538461 0.7644230769230769 0.7524038461538461 0.7644230769230769
23 0.6899038461538461 0.8485576923076923 0.7211538461538461 0.8485576923076923 0.7211538461538461 0.9423076923076923 0.6899038461538461 0.9423076923076923
23 0.6899038461538461 0.6850961538461539 0.7211538461538461 0.6850961538461539 0.7211538461538461 0.7644230769230769 0.6899038461538461 0.7644230769230769
23 0.6274038461538461 0.8485576923076923 0.6586538461538461 0.8485576923076923 0.6586538461538461 0.9423076923076923 0.6274038461538461 0.9423076923076923
23 0.6274038461538461 0.6850961538461539 0.6586538461538461 0.6850961538461539 0.6586538461538461 0.7644230769230769 0.6274038461538461 0.7644230769230769
23 0.5649038461538461 0.8509615384615384 0.5961538461538461 0.8509615384615384 0.5961538461538461 0.9447115384615384 0.5649038461538461 0.9447115384615384
23 0.5024038461538461 0.8509615384615384 0.5336538461538461 0.8509615384615384 0.5336538461538461 0.9447115384615384 0.5024038461538461 0.9447115384615384
23 0.4375 0.8509615384615384 0.46875 0.8509615384615384 0.46875 0.9447115384615384 0.4375 0.9447115384615384
23 0.375 0.8509615384615384 0.40625 0.8509615384615384 0.40625 0.9447115384615384 0.375 0.9447115384615384
23 0.3125 0.8509615384615384 0.34375 0.8509615384615384 0.34375 0.9447115384615384 0.3125 0.9447115384615384
23 0.25 0.8509615384615384 0.28125 0.8509615384615384 0.28125 0.9447115384615384 0.25 0.9447115384615384
23 0.18509615384615385 0.8509615384615384 0.21634615384615385 0.8509615384615384 0.21634615384615385 0.9447115384615384 0.18509615384615385 0.9447115384615384
23 0.125 0.8509615384615384 0.15625 0.8509615384615384 0.15625 0.9447115384615384 0.125 0.9447115384615384
23 0.5649038461538461 0.6850961538461539 0.5961538461538461 0.6850961538461539 0.5961538461538461 0.7644230769230769 0.5649038461538461 0.7644230769230769
23 0.5 0.6850961538461539 0.53125 0.6850961538461539 0.53125 0.7644230769230769 0.5 0.7644230769230769
23 0.4375 0.6850961538461539 0.46875 0.6850961538461539 0.46875 0.7644230769230769 0.4375 0.7644230769230769
23 0.375 0.6850961538461539 0.40625 0.6850961538461539 0.40625 0.7644230769230769 0.375 0.7644230769230769
23 0.3125 0.6850961538461539 0.34375 0.6850961538461539 0.34375 0.7644230769230769 0.3125 0.7644230769230769
23 0.25 0.6850961538461539 0.28125 0.6850961538461539 0.28125 0.7644230769230769 0.25 0.7644230769230769
23 0.1875 0.6850961538461539 0.21875 0.6850961538461539 0.21875 0.7644230769230769 0.1875 0.7644230769230769
23 0.125 0.6850961538461539 0.15625 0.6850961538461539 0.15625 0.7644230769230769 0.125 0.7644230769230769
19 0 0.0625 0.9975961538461539 0.0625 0.9975961538461539 0.375 0 0.375
2 0 0.014423076923076924 0.9975961538461539 0.014423076923076924 0.9975961538461539 1 0 1
12 0.05048076923076923 0.14903846153846154 0.9711538461538461 0.14903846153846154 0.9711538461538461 0.16346153846153846 0.05048076923076923 0.16346153846153846
12 0 0.9855769230769231 0.9879807692307693 0.9855769230769231 0.9879807692307693 0.9975961538461539 0 0.9975961538461539
12 0 0.8269230769230769 0.9879807692307693 0.8269230769230769 0.9879807692307693 0.8389423076923077 0 0.8389423076923077
12 0 0.6586538461538461 0.9879807692307693 0.6586538461538461 0.9879807692307693 0.6706730769230769 0 0.6706730769230769
12 0 0.5168269230769231 0.9879807692307693 0.5168269230769231 0.9879807692307693 0.53125 0 0.53125
12 0 0.36778846153846156 0.9879807692307693 0.36778846153846156 0.9879807692307693 0.38221153846153844 0 0.38221153846153844
12 0.026442307692307692 0.2403846153846154 0.9783653846153846 0.2403846153846154 0.9783653846153846 0.25240384615384615 0.026442307692307692 0.25240384615384615
22 0.15144230769230768 0.06971153846153846 0.9375 0.06971153846153846 0.9375 0.15144230769230768 0.15144230769230768 0.15144230769230768
11 0 0.8413461538461539 0.9879807692307693 0.8413461538461539 0.9879807692307693 0.9855769230769231 0 0.9855769230769231
11 0 0.6730769230769231 0.9879807692307693 0.6730769230769231 0.9879807692307693 0.8269230769230769 0 0.8269230769230769
11 0 0.53125 0.9879807692307693 0.53125 0.9879807692307693 0.6586538461538461 0 0.6586538461538461
11 0 0.38221153846153844 0.9879807692307693 0.38221153846153844 0.9879807692307693 0.5168269230769231 0 0.5168269230769231
11 0 0.25240384615384615 0.9879807692307693 0.25240384615384615 0.9879807692307693 0.3701923076923077 0 0.3701923076923077
11 0.04567307692307692 0.16346153846153846 0.9711538461538461 0.16346153846153846 0.9711538461538461 0.2403846153846154 0.04567307692307692 0.2403846153846154
10 0 0.014423076923076924 0.9975961538461539 0.014423076923076924 0.9975961538461539 0.9975961538461539 0 0.9975961538461539