23 0.7908653846153846 0.6081730769230769 0.8918269230769231 0.6081730769230769 0.8918269230769231 0.8221153846153846 0.7908653846153846 0.8221153846153846
23 0.40865384615384615 0.6081730769230769 0.5096153846153846 0.6081730769230769 0.5096153846153846 0.8221153846153846 0.40865384615384615 0.8221153846153846
23 0.6442307692307693 0.6081730769230769 0.7451923076923077 0.6081730769230769 0.7451923076923077 0.8221153846153846 0.6442307692307693 0.8221153846153846
23 0.17307692307692307 0.6081730769230769 0.27163461538461536 0.6081730769230769 0.27163461538461536 0.8221153846153846 0.17307692307692307 0.8221153846153846
23 0.7908653846153846 0.18990384615384615 0.8918269230769231 0.18990384615384615 0.8918269230769231 0.40384615384615385 0.7908653846153846 0.40384615384615385
23 0.40865384615384615 0.18990384615384615 0.5096153846153846 0.18990384615384615 0.5096153846153846 0.40384615384615385 0.40865384615384615 0.40384615384615385
23 0.6442307692307693 0.18990384615384615 0.7451923076923077 0.18990384615384615 0.7451923076923077 0.40384615384615385 0.6442307692307693 0.40384615384615385
23 0.17307692307692307 0.18990384615384615 0.27163461538461536 0.18990384615384615 0.27163461538461536 0.40384615384615385 0.17307692307692307 0.40384615384615385
4 0.7788461538461539 0.5528846153846154 0.90625 0.5528846153846154 0.90625 0.5745192307692307 0.7788461538461539 0.5745192307692307
4 0.15625 0.5528846153846154 0.28365384615384615 0.5528846153846154 0.28365384615384615 0.5745192307692307 0.15625 0.5745192307692307
4 0.3942307692307692 0.5528846153846154 0.5216346153846154 0.5528846153846154 0.5216346153846154 0.5745192307692307 0.3942307692307692 0.5745192307692307
4 0.6274038461538461 0.5528846153846154 0.7548076923076923 0.5528846153846154 0.7548076923076923 0.5745192307692307 0.6274038461538461 0.5745192307692307
17 0.07692307692307693 0 0.14182692307692307 0 0.14182692307692307 0.8221153846153846 0.07692307692307693 0.8221153846153846
17 0.7596153846153846 0 0.7716346153846154 0 0.7716346153846154 0.8221153846153846 0.7596153846153846 0.8221153846153846
17 0.3004807692307692 0 0.37740384615384615 0 0.37740384615384615 0.8221153846153846 0.3004807692307692 0.8221153846153846
17 0.5360576923076923 0 0.6129807692307693 0 0.6129807692307693 0.8221153846153846 0.5360576923076923 0.8221153846153846
17 0.9206730769230769 0 1 0 1 0.8221153846153846 0.9206730769230769 0.8221153846153846
17 0.06971153846153846 0.49038461538461536 1 0.49038461538461536 1 0.5504807692307693 0.06971153846153846 0.5504807692307693
11 0.07932692307692307 0.002403846153846154 1 0.002403846153846154 1 0.49038461538461536 0.07932692307692307 0.49038461538461536
12 0.07932692307692307 0.49038461538461536 1 0.49038461538461536 1 0.5096153846153846 0.07932692307692307 0.5096153846153846
12 0.07932692307692307 0.9399038461538461 1 0.9399038461538461 1 0.9591346153846154 0.07932692307692307 0.9591346153846154
11 0.07932692307692307 0.5096153846153846 1 0.5096153846153846 1 0.9399038461538461 0.07932692307692307 0.9399038461538461
2 0 0 0.9975961538461539 0 0.9975961538461539 0.9975961538461539 0 0.9975961538461539
10 0.06971153846153846 0.002403846153846154 0.9975961538461539 0.002403846153846154 0.9975961538461539 1 0.06971153846153846 1