23 0.21634615384615385 0.5600961538461539 0.25240384615384615 0.5600961538461539 0.25240384615384615 0.6754807692307693 0.21634615384615385 0.6754807692307693
23 0.11057692307692307 0.5600961538461539 0.1466346153846154 0.5600961538461539 0.1466346153846154 0.6754807692307693 0.11057692307692307 0.6754807692307693
23 0.21634615384615385 0.7644230769230769 0.25240384615384615 0.7644230769230769 0.25240384615384615 0.8269230769230769 0.21634615384615385 0.8269230769230769
23 0.11057692307692307 0.7644230769230769 0.1466346153846154 0.7644230769230769 0.1466346153846154 0.8269230769230769 0.11057692307692307 0.8269230769230769
23 0.10576923076923077 0.37740384615384615 0.14423076923076922 0.37740384615384615 0.14423076923076922 0.45913461538461536 0.10576923076923077 0.45913461538461536
23 0.21394230769230768 0.375 0.25240384615384615 0.375 0.25240384615384615 0.45913461538461536 0.21394230769230768 0.45913461538461536
23 0.3317307692307692 0.37740384615384615 0.375 0.37740384615384615 0.375 0.45913461538461536 0.3317307692307692 0.45913461538461536
23 0.27884615384615385 0.37740384615384615 0.32211538461538464 0.37740384615384615 0.32211538461538464 0.45913461538461536 0.27884615384615385 0.45913461538461536
23 0.4014423076923077 0.375 0.4375 0.375 0.4375 0.4567307692307692 0.4014423076923077 0.4567307692307692
23 0.5072115384615384 0.375 0.5456730769230769 0.375 0.5456730769230769 0.4567307692307692 0.5072115384615384 0.4567307692307692
23 0.4014423076923077 0.5576923076923077 0.4375 0.5576923076923077 0.4375 0.6706730769230769 0.4014423076923077 0.6706730769230769
23 0.5072115384615384 0.5576923076923077 0.5432692307692307 0.5576923076923077 0.5432692307692307 0.6706730769230769 0.5072115384615384 0.6706730769230769
23 0.7019230769230769 0.6947115384615384 0.7427884615384616 0.6947115384615384 0.7427884615384616 0.7451923076923077 0.7019230769230769 0.7451923076923077
23 0.39903846153846156 0.7620192307692307 0.4375 0.7620192307692307 0.4375 0.8269230769230769 0.39903846153846156 0.8269230769230769
8 0.30288461538461536 0.78125 0.35096153846153844 0.78125 0.35096153846153844 0.8846153846153846 0.30288461538461536 0.8846153846153846
23 0.27884615384615385 0.2283653846153846 0.32211538461538464 0.2283653846153846 0.32211538461538464 0.30288461538461536 0.27884615384615385 0.30288461538461536
23 0.3293269230769231 0.2283653846153846 0.375 0.2283653846153846 0.375 0.3004807692307692 0.3293269230769231 0.3004807692307692
23 0.6057692307692307 0.31971153846153844 0.6370192307692307 0.31971153846153844 0.6370192307692307 0.4110576923076923 0.6057692307692307 0.4110576923076923
23 0.9663461538461539 0.5240384615384616 1 0.5240384615384616 1 0.6201923076923077 0.9663461538461539 0.6201923076923077
23 0.6033653846153846 0.5168269230769231 0.6394230769230769 0.5168269230769231 0.6394230769230769 0.6153846153846154 0.6033653846153846 0.6153846153846154
23 0.7043269230769231 0.5168269230769231 0.7403846153846154 0.5168269230769231 0.7403846153846154 0.6177884615384616 0.7043269230769231 0.6177884615384616
23 0.7716346153846154 0.5192307692307693 0.8052884615384616 0.5192307692307693 0.8052884615384616 0.6177884615384616 0.7716346153846154 0.6177884615384616
23 0.8317307692307693 0.5192307692307693 0.8725961538461539 0.5192307692307693 0.8725961538461539 0.6177884615384616 0.8317307692307693 0.6177884615384616
23 0.8942307692307693 0.5216346153846154 0.9302884615384616 0.5216346153846154 0.9302884615384616 0.6177884615384616 0.8942307692307693 0.6177884615384616
20 0.6538461538461539 0.7596153846153846 0.8028846153846154 0.7596153846153846 0.8028846153846154 0.875 0.6538461538461539 0.875
8 0.8173076923076923 0.75 0.8846153846153846 0.75 0.8846153846153846 0.875 0.8173076923076923 0.875
8 0.6009615384615384 0.7644230769230769 0.6418269230769231 0.7644230769230769 0.6418269230769231 0.8653846153846154 0.6009615384615384 0.8653846153846154
20 0.7115384615384616 0.7716346153846154 0.7740384615384616 0.7716346153846154 0.7740384615384616 0.78125 0.7115384615384616 0.78125
23 0.7716346153846154 0.16346153846153846 0.8028846153846154 0.16346153846153846 0.8028846153846154 0.22596153846153846 0.7716346153846154 0.22596153846153846
23 0.8966346153846154 0.1658653846153846 0.9302884615384616 0.1658653846153846 0.9302884615384616 0.23076923076923078 0.8966346153846154 0.23076923076923078
4 0.25240384615384615 0.1346153846153846 0.3942307692307692 0.1346153846153846 0.3942307692307692 0.1778846153846154 0.25240384615384615 0.1778846153846154
4 0.2644230769230769 0.4951923076923077 0.3870192307692308 0.4951923076923077 0.3870192307692308 0.5120192307692307 0.2644230769230769 0.5120192307692307
23 0.30288461538461536 0.7451923076923077 0.35096153846153844 0.7451923076923077 0.35096153846153844 0.78125 0.30288461538461536 0.78125
5 0.3293269230769231 0.5240384615384616 0.375 0.5240384615384616 0.375 0.5576923076923077 0.3293269230769231 0.5576923076923077
5 0.27884615384615385 0.5240384615384616 0.32211538461538464 0.5240384615384616 0.32211538461538464 0.5576923076923077 0.27884615384615385 0.5576923076923077
16 0.07932692307692307 0.3293269230769231 0.5721153846153846 0.3293269230769231 0.5721153846153846 0.3485576923076923 0.07932692307692307 0.3485576923076923
16 0.5649038461538461 0.2548076923076923 0.7572115384615384 0.2548076923076923 0.7572115384615384 0.2764423076923077 0.5649038461538461 0.2764423076923077
4 0.7596153846153846 0.0673076923076923 0.9447115384615384 0.0673076923076923 0.9447115384615384 0.14182692307692307 0.7596153846153846 0.14182692307692307
5 0.8966346153846154 0.29086538461538464 0.9302884615384616 0.29086538461538464 0.9302884615384616 0.31971153846153844 0.8966346153846154 0.31971153846153844
5 0.7716346153846154 0.28846153846153844 0.8052884615384616 0.28846153846153844 0.8052884615384616 0.3173076923076923 0.7716346153846154 0.3173076923076923
5 0.8317307692307693 0.2860576923076923 0.8701923076923077 0.2860576923076923 0.8701923076923077 0.3173076923076923 0.8317307692307693 0.3173076923076923
8 0.7716346153846154 0.35336538461538464 0.8004807692307693 0.35336538461538464 0.8004807692307693 0.4375 0.7716346153846154 0.4375
0 0.8317307692307693 0.3557692307692308 0.8653846153846154 0.3557692307692308 0.8653846153846154 0.4375 0.8317307692307693 0.4375
8 0.8966346153846154 0.3581730769230769 0.9254807692307693 0.3581730769230769 0.9254807692307693 0.4375 0.8966346153846154 0.4375
23 0.7716346153846154 0.31971153846153844 0.8004807692307693 0.31971153846153844 0.8004807692307693 0.35336538461538464 0.7716346153846154 0.35336538461538464
23 0.8317307692307693 0.32211538461538464 0.8653846153846154 0.32211538461538464 0.8653846153846154 0.35336538461538464 0.8317307692307693 0.35336538461538464
23 0.8966346153846154 0.3245192307692308 0.9254807692307693 0.3245192307692308 0.9254807692307693 0.3557692307692308 0.8966346153846154 0.3557692307692308
0 0.7644230769230769 0.4110576923076923 0.8149038461538461 0.4110576923076923 0.8149038461538461 0.44711538461538464 0.7644230769230769 0.44711538461538464
0 0.8245192307692307 0.4110576923076923 0.8822115384615384 0.4110576923076923 0.8822115384615384 0.44711538461538464 0.8245192307692307 0.44711538461538464
0 0.8894230769230769 0.41346153846153844 0.9423076923076923 0.41346153846153844 0.9423076923076923 0.4495192307692308 0.8894230769230769 0.4495192307692308
23 0.8173076923076923 0.6971153846153846 0.8846153846153846 0.6971153846153846 0.8846153846153846 0.75 0.8173076923076923 0.75
5 0.84375 0.09134615384615384 0.8605769230769231 0.09134615384615384 0.8605769230769231 0.1201923076923077 0.84375 0.1201923076923077
8 0.3293269230769231 0.5600961538461539 0.375 0.5600961538461539 0.375 0.7115384615384616 0.3293269230769231 0.7115384615384616
8 0.27884615384615385 0.5600961538461539 0.32211538461538464 0.5600961538461539 0.32211538461538464 0.7115384615384616 0.27884615384615385 0.7115384615384616
0 0.2668269230769231 0.6610576923076923 0.38461538461538464 0.6610576923076923 0.38461538461538464 0.71875 0.2668269230769231 0.71875
19 0.07932692307692307 0.2548076923076923 0.5721153846153846 0.2548076923076923 0.5721153846153846 0.3293269230769231 0.07932692307692307 0.3293269230769231
19 0.5649038461538461 0.21634615384615385 0.7572115384615384 0.21634615384615385 0.7572115384615384 0.2620192307692308 0.5649038461538461 0.2620192307692308
19 0.9519230769230769 0.21875 1 0.21875 1 0.2644230769230769 0.9519230769230769 0.2644230769230769
12 0.08413461538461539 0.3485576923076923 0.5721153846153846 0.3485576923076923 0.5721153846153846 0.3605769230769231 0.08413461538461539 0.3605769230769231
22 0.2548076923076923 0.18269230769230768 0.39663461538461536 0.18269230769230768 0.39663461538461536 0.3605769230769231 0.2548076923076923 0.3605769230769231
12 0.08413461538461539 0.5 0.5697115384615384 0.5 0.5697115384615384 0.5120192307692307 0.08413461538461539 0.5120192307692307
12 0.5697115384615384 0.2692307692307692 1 0.2692307692307692 1 0.28125 0.5697115384615384 0.28125
15 0.08173076923076923 0.7403846153846154 0.5673076923076923 0.7403846153846154 0.5673076923076923 0.8846153846153846 0.08173076923076923 0.8846153846153846
11 0.08413461538461539 0.5120192307692307 0.5697115384615384 0.5120192307692307 0.5697115384615384 0.7403846153846154 0.08413461538461539 0.7403846153846154
11 0.08413461538461539 0.3605769230769231 0.5697115384615384 0.3605769230769231 0.5697115384615384 0.5120192307692307 0.08413461538461539 0.5120192307692307
12 0.08173076923076923 0.7307692307692307 0.5673076923076923 0.7307692307692307 0.5673076923076923 0.7427884615384616 0.08173076923076923 0.7427884615384616
22 0.7451923076923077 0.13942307692307693 0.9567307692307693 0.13942307692307693 0.9567307692307693 0.28125 0.7451923076923077 0.28125
12 0.5697115384615384 0.47596153846153844 1 0.47596153846153844 1 0.4879807692307692 0.5697115384615384 0.4879807692307692
12 0.5697115384615384 0.65625 1 0.65625 1 0.6682692307692307 0.5697115384615384 0.6682692307692307
15 0.5697115384615384 0.6682692307692307 1 0.6682692307692307 1 0.8774038461538461 0.5697115384615384 0.8774038461538461
11 0.5697115384615384 0.4879807692307692 1 0.4879807692307692 1 0.6658653846153846 0.5697115384615384 0.6658653846153846
11 0.5697115384615384 0.28365384615384615 1 0.28365384615384615 1 0.4879807692307692 0.5697115384615384 0.4879807692307692
2 0.06971153846153846 0.038461538461538464 1 0.038461538461538464 1 0.8846153846153846 0.06971153846153846 0.8846153846153846
23 0.7067307692307693 0.32211538461538464 0.7379807692307693 0.32211538461538464 0.7379807692307693 0.41346153846153844 0.7067307692307693 0.41346153846153844
10 0.06971153846153846 0.040865384615384616 0.9975961538461539 0.040865384615384616 0.9975961538461539 0.8846153846153846 0.06971153846153846 0.8846153846153846
23 0.5072115384615384 0.7620192307692307 0.5432692307692307 0.7620192307692307 0.5432692307692307 0.8245192307692307 0.5072115384615384 0.8245192307692307
23 0.6009615384615384 0.6947115384615384 0.6466346153846154 0.6947115384615384 0.6466346153846154 0.7572115384615384 0.6009615384615384 0.7572115384615384