23 0.8822115384615384 0.23317307692307693 0.9302884615384616 0.23317307692307693 0.9302884615384616 0.34375 0.8822115384615384 0.34375
23 0.34134615384615385 0.23317307692307693 0.3870192307692308 0.23317307692307693 0.3870192307692308 0.34375 0.34134615384615385 0.34375
23 0.12259615384615384 0.23557692307692307 0.16346153846153846 0.23557692307692307 0.16346153846153846 0.34615384615384615 0.12259615384615384 0.34615384615384615
23 0.0673076923076923 0.23557692307692307 0.11057692307692307 0.23557692307692307 0.11057692307692307 0.34615384615384615 0.0673076923076923 0.34615384615384615
23 0.28125 0.23317307692307693 0.3293269230769231 0.23317307692307693 0.3293269230769231 0.34375 0.28125 0.34375
23 0.22115384615384615 0.23317307692307693 0.2692307692307692 0.23317307692307693 0.2692307692307692 0.34375 0.22115384615384615 0.34375
23 0.4014423076923077 0.23317307692307693 0.44711538461538464 0.23317307692307693 0.44711538461538464 0.34375 0.4014423076923077 0.34375
23 0.5048076923076923 0.23317307692307693 0.5504807692307693 0.23317307692307693 0.5504807692307693 0.34375 0.5048076923076923 0.34375
23 0.5625 0.23317307692307693 0.6081730769230769 0.23317307692307693 0.6081730769230769 0.34375 0.5625 0.34375
23 0.6658653846153846 0.21875 0.7115384615384616 0.21875 0.7115384615384616 0.3293269230769231 0.6658653846153846 0.3293269230769231
23 0.7235576923076923 0.21875 0.7716346153846154 0.21875 0.7716346153846154 0.3293269230769231 0.7235576923076923 0.3293269230769231
23 0.8245192307692307 0.23317307692307693 0.8701923076923077 0.23317307692307693 0.8701923076923077 0.34375 0.8245192307692307 0.34375
23 0.8317307692307693 0.7307692307692307 0.9230769230769231 0.7307692307692307 0.9230769230769231 0.9447115384615384 0.8317307692307693 0.9447115384615384
23 0.07692307692307693 0.7307692307692307 0.15865384615384615 0.7307692307692307 0.15865384615384615 0.9447115384615384 0.07692307692307693 0.9447115384615384
23 0.2283653846153846 0.7331730769230769 0.25961538461538464 0.7331730769230769 0.25961538461538464 0.9447115384615384 0.2283653846153846 0.9447115384615384
23 0.2932692307692308 0.7307692307692307 0.37740384615384615 0.7307692307692307 0.37740384615384615 0.9447115384615384 0.2932692307692308 0.9447115384615384
23 0.4110576923076923 0.7307692307692307 0.4423076923076923 0.7307692307692307 0.4423076923076923 0.9447115384615384 0.4110576923076923 0.9447115384615384
23 0.5120192307692307 0.7307692307692307 0.6009615384615384 0.7307692307692307 0.6009615384615384 0.9423076923076923 0.5120192307692307 0.9423076923076923
23 0.6658653846153846 0.7355769230769231 0.7692307692307693 0.7355769230769231 0.7692307692307693 0.9447115384615384 0.6658653846153846 0.9447115384615384
23 0.8317307692307693 0.43990384615384615 0.9230769230769231 0.43990384615384615 0.9230769230769231 0.6538461538461539 0.8317307692307693 0.6538461538461539
23 0.07692307692307693 0.43990384615384615 0.15865384615384615 0.43990384615384615 0.15865384615384615 0.6514423076923077 0.07692307692307693 0.6514423076923077
23 0.2283653846153846 0.43990384615384615 0.25961538461538464 0.43990384615384615 0.25961538461538464 0.6514423076923077 0.2283653846153846 0.6514423076923077
23 0.2932692307692308 0.43990384615384615 0.37740384615384615 0.43990384615384615 0.37740384615384615 0.6514423076923077 0.2932692307692308 0.6514423076923077
23 0.4110576923076923 0.4375 0.4423076923076923 0.4375 0.4423076923076923 0.6514423076923077 0.4110576923076923 0.6514423076923077
23 0.5120192307692307 0.4375 0.6009615384615384 0.4375 0.6009615384615384 0.6514423076923077 0.5120192307692307 0.6514423076923077
23 0.6658653846153846 0.4254807692307692 0.7692307692307693 0.4254807692307692 0.7692307692307693 0.6418269230769231 0.6658653846153846 0.6418269230769231
23 0.8822115384615384 0.15625 0.9302884615384616 0.15625 0.9302884615384616 0.21875 0.8822115384615384 0.21875
23 0.06490384615384616 0.15625 0.11057692307692307 0.15625 0.11057692307692307 0.21875 0.06490384615384616 0.21875
23 0.1201923076923077 0.15625 0.16346153846153846 0.15625 0.16346153846153846 0.21875 0.1201923076923077 0.21875
23 0.22115384615384615 0.16105769230769232 0.2692307692307692 0.16105769230769232 0.2692307692307692 0.21875 0.22115384615384615 0.21875
23 0.27884615384615385 0.16105769230769232 0.3293269230769231 0.16105769230769232 0.3293269230769231 0.21875 0.27884615384615385 0.21875
23 0.3389423076923077 0.16105769230769232 0.3894230769230769 0.16105769230769232 0.3894230769230769 0.21875 0.3389423076923077 0.21875
23 0.39903846153846156 0.16105769230769232 0.4495192307692308 0.16105769230769232 0.4495192307692308 0.21875 0.39903846153846156 0.21875
23 0.8245192307692307 0.15625 0.8725961538461539 0.15625 0.8725961538461539 0.21875 0.8245192307692307 0.21875
23 0.5625 0.15625 0.6105769230769231 0.15625 0.6105769230769231 0.21875 0.5625 0.21875
23 0.5024038461538461 0.15625 0.5504807692307693 0.15625 0.5504807692307693 0.21875 0.5024038461538461 0.21875
23 0.7259615384615384 0.13942307692307693 0.7716346153846154 0.13942307692307693 0.7716346153846154 0.20192307692307693 0.7259615384615384 0.20192307692307693
23 0.6658653846153846 0.13942307692307693 0.7139423076923077 0.13942307692307693 0.7139423076923077 0.20192307692307693 0.6658653846153846 0.20192307692307693
23 0.7019230769230769 0 0.7331730769230769 0 0.7331730769230769 0.038461538461538464 0.7019230769230769 0.038461538461538464
23 0.31971153846153844 0 0.3485576923076923 0 0.3485576923076923 0.038461538461538464 0.31971153846153844 0.038461538461538464
0 0.6586538461538461 0 0.78125 0 0.78125 0.05048076923076923 0.6586538461538461 0.05048076923076923
17 0.016826923076923076 0.11057692307692307 0.06009615384615385 0.11057692307692307 0.06009615384615385 0.9471153846153846 0.016826923076923076 0.9471153846153846
17 0.16346153846153846 0.11057692307692307 0.21634615384615385 0.11057692307692307 0.21634615384615385 0.9471153846153846 0.16346153846153846 0.9471153846153846
17 0.4495192307692308 0.10817307692307693 0.5024038461538461 0.10817307692307693 0.5024038461538461 0.9471153846153846 0.4495192307692308 0.9471153846153846
17 0.6153846153846154 0.09375 0.6634615384615384 0.09375 0.6634615384615384 0.9471153846153846 0.6153846153846154 0.9471153846153846
17 0.7740384615384616 0.09134615384615384 0.8197115384615384 0.09134615384615384 0.8197115384615384 0.9471153846153846 0.7740384615384616 0.9471153846153846
4 0.06009615384615385 0.12740384615384615 0.11298076923076923 0.12740384615384615 0.11298076923076923 0.15865384615384615 0.06009615384615385 0.15865384615384615
4 0.11298076923076923 0.12740384615384615 0.16826923076923078 0.12740384615384615 0.16826923076923078 0.15865384615384615 0.11298076923076923 0.15865384615384615
4 0.21634615384615385 0.12980769230769232 0.2692307692307692 0.12980769230769232 0.2692307692307692 0.16346153846153846 0.21634615384615385 0.16346153846153846
4 0.2764423076923077 0.12980769230769232 0.3293269230769231 0.12980769230769232 0.3293269230769231 0.16346153846153846 0.2764423076923077 0.16346153846153846
4 0.33653846153846156 0.12980769230769232 0.3894230769230769 0.12980769230769232 0.3894230769230769 0.16105769230769232 0.33653846153846156 0.16105769230769232
4 0.39903846153846156 0.12980769230769232 0.4495192307692308 0.12980769230769232 0.4495192307692308 0.16105769230769232 0.39903846153846156 0.16105769230769232
4 0.5024038461538461 0.125 0.5528846153846154 0.125 0.5528846153846154 0.15625 0.5024038461538461 0.15625
4 0.5600961538461539 0.12740384615384615 0.6105769230769231 0.12740384615384615 0.6105769230769231 0.15865384615384615 0.5600961538461539 0.15865384615384615
4 0.6634615384615384 0.10817307692307693 0.7139423076923077 0.10817307692307693 0.7139423076923077 0.14182692307692307 0.6634615384615384 0.14182692307692307
4 0.7235576923076923 0.10817307692307693 0.7740384615384616 0.10817307692307693 0.7740384615384616 0.13942307692307693 0.7235576923076923 0.13942307692307693
4 0.8245192307692307 0.12740384615384615 0.8725961538461539 0.12740384615384615 0.8725961538461539 0.15865384615384615 0.8245192307692307 0.15865384615384615
4 0.8822115384615384 0.125 0.9326923076923077 0.125 0.9326923076923077 0.15625 0.8822115384615384 0.15625
4 0.8269230769230769 0.3918269230769231 0.9254807692307693 0.3918269230769231 0.9254807692307693 0.43509615384615385 0.8269230769230769 0.43509615384615385
4 0.6610576923076923 0.3798076923076923 0.7764423076923077 0.3798076923076923 0.7764423076923077 0.4230769230769231 0.6610576923076923 0.4230769230769231
4 0.5072115384615384 0.3918269230769231 0.6081730769230769 0.3918269230769231 0.6081730769230769 0.43509615384615385 0.5072115384615384 0.43509615384615385
4 0.28846153846153844 0.3918269230769231 0.38221153846153844 0.3918269230769231 0.38221153846153844 0.43509615384615385 0.28846153846153844 0.43509615384615385
4 0.41346153846153844 0.3918269230769231 0.4375 0.3918269230769231 0.4375 0.43509615384615385 0.41346153846153844 0.43509615384615385
4 0.23076923076923078 0.3918269230769231 0.2548076923076923 0.3918269230769231 0.2548076923076923 0.43509615384615385 0.23076923076923078 0.43509615384615385
4 0.06971153846153846 0.3942307692307692 0.16105769230769232 0.3942307692307692 0.16105769230769232 0.43509615384615385 0.06971153846153846 0.43509615384615385
16 0.8245192307692307 0.6850961538461539 0.9302884615384616 0.6850961538461539 0.9302884615384616 0.7091346153846154 0.8245192307692307 0.7091346153846154
16 0.0673076923076923 0.6850961538461539 0.16346153846153846 0.6850961538461539 0.16346153846153846 0.7091346153846154 0.0673076923076923 0.7091346153846154
16 0.22115384615384615 0.6826923076923077 0.2668269230769231 0.6826923076923077 0.2668269230769231 0.7091346153846154 0.22115384615384615 0.7091346153846154
16 0.28365384615384615 0.6826923076923077 0.3870192307692308 0.6826923076923077 0.3870192307692308 0.7091346153846154 0.28365384615384615 0.7091346153846154
16 0.40384615384615385 0.6826923076923077 0.4495192307692308 0.6826923076923077 0.4495192307692308 0.7091346153846154 0.40384615384615385 0.7091346153846154
16 0.5048076923076923 0.6826923076923077 0.6081730769230769 0.6826923076923077 0.6081730769230769 0.7091346153846154 0.5048076923076923 0.7091346153846154
19 0 0 0.9927884615384616 0 0.9927884615384616 0.09134615384615384 0 0.09134615384615384
17 0.9350961538461539 0.10817307692307693 0.9879807692307693 0.10817307692307693 0.9879807692307693 0.9447115384615384 0.9350961538461539 0.9447115384615384
12 0.002403846153846154 0.0889423076923077 0.9903846153846154 0.0889423076923077 0.9903846153846154 0.10336538461538461 0.002403846153846154 0.10336538461538461
12 0.002403846153846154 0.37259615384615385 1 0.37259615384615385 1 0.3870192307692308 0.002403846153846154 0.3870192307692308
12 0.002403846153846154 0.6754807692307693 1 0.6754807692307693 1 0.6899038461538461 0.002403846153846154 0.6899038461538461
12 0.002403846153846154 0.9471153846153846 1 0.9471153846153846 1 0.9615384615384616 0.002403846153846154 0.9615384615384616
22 0.002403846153846154 0 1 0 1 0.0889423076923077 0.002403846153846154 0.0889423076923077
11 0.002403846153846154 0.6899038461538461 1 0.6899038461538461 1 0.9471153846153846 0.002403846153846154 0.9471153846153846
11 0.002403846153846154 0.3870192307692308 1 0.3870192307692308 1 0.6730769230769231 0.002403846153846154 0.6730769230769231
11 0.002403846153846154 0.10336538461538461 1 0.10336538461538461 1 0.37259615384615385 0.002403846153846154 0.37259615384615385
2 0 0 1 0 1 1 0 1
10 0 0 1 0 1 1 0 1