23 0.6947115384615384 0.6129807692307693 0.7379807692307693 0.6129807692307693 0.7379807692307693 0.7427884615384616 0.6947115384615384 0.7427884615384616
23 0.6971153846153846 0.3918269230769231 0.7379807692307693 0.3918269230769231 0.7379807692307693 0.5144230769230769 0.6971153846153846 0.5144230769230769
23 0.09375 0.6105769230769231 0.13701923076923078 0.6105769230769231 0.13701923076923078 0.7379807692307693 0.09375 0.7379807692307693
23 0.09615384615384616 0.3918269230769231 0.13701923076923078 0.3918269230769231 0.13701923076923078 0.5144230769230769 0.09615384615384616 0.5144230769230769
23 0.23798076923076922 0.6105769230769231 0.27884615384615385 0.6105769230769231 0.27884615384615385 0.7379807692307693 0.23798076923076922 0.7379807692307693
23 0.2403846153846154 0.3918269230769231 0.28125 0.3918269230769231 0.28125 0.5144230769230769 0.2403846153846154 0.5144230769230769
23 0.34615384615384615 0.6081730769230769 0.3870192307692308 0.6081730769230769 0.3870192307692308 0.7379807692307693 0.34615384615384615 0.7379807692307693
23 0.34615384615384615 0.3894230769230769 0.3870192307692308 0.3894230769230769 0.3870192307692308 0.5120192307692307 0.34615384615384615 0.5120192307692307
23 0.46634615384615385 0.6105769230769231 0.5072115384615384 0.6105769230769231 0.5072115384615384 0.7379807692307693 0.46634615384615385 0.7379807692307693
23 0.46634615384615385 0.3894230769230769 0.5072115384615384 0.3894230769230769 0.5072115384615384 0.5120192307692307 0.46634615384615385 0.5120192307692307
23 0.5865384615384616 0.6105769230769231 0.6298076923076923 0.6105769230769231 0.6298076923076923 0.7379807692307693 0.5865384615384616 0.7379807692307693
23 0.5913461538461539 0.3894230769230769 0.6322115384615384 0.3894230769230769 0.6322115384615384 0.5120192307692307 0.5913461538461539 0.5120192307692307
23 0.46153846153846156 0.23076923076923078 0.49759615384615385 0.23076923076923078 0.49759615384615385 0.29086538461538464 0.46153846153846156 0.29086538461538464
23 0.1971153846153846 0.23317307692307693 0.23317307692307693 0.23317307692307693 0.23317307692307693 0.2932692307692308 0.1971153846153846 0.2932692307692308
23 0.7283653846153846 0.23076923076923078 0.7644230769230769 0.23076923076923078 0.7644230769230769 0.2932692307692308 0.7283653846153846 0.2932692307692308
4 0.07932692307692307 0.3701923076923077 0.15384615384615385 0.3701923076923077 0.15384615384615385 0.3918269230769231 0.07932692307692307 0.3918269230769231
4 0.22355769230769232 0.3701923076923077 0.2956730769230769 0.3701923076923077 0.2956730769230769 0.3918269230769231 0.22355769230769232 0.3918269230769231
4 0.33413461538461536 0.36778846153846156 0.4014423076923077 0.36778846153846156 0.4014423076923077 0.3870192307692308 0.33413461538461536 0.3870192307692308
4 0.4495192307692308 0.36778846153846156 0.5240384615384616 0.36778846153846156 0.5240384615384616 0.3894230769230769 0.4495192307692308 0.3894230769230769
4 0.5745192307692307 0.36778846153846156 0.6490384615384616 0.36778846153846156 0.6490384615384616 0.3894230769230769 0.5745192307692307 0.3894230769230769
4 0.6826923076923077 0.3701923076923077 0.7548076923076923 0.3701923076923077 0.7548076923076923 0.3918269230769231 0.6826923076923077 0.3918269230769231
4 0.08173076923076923 0.5913461538461539 0.15144230769230768 0.5913461538461539 0.15144230769230768 0.6105769230769231 0.08173076923076923 0.6105769230769231
4 0.22596153846153846 0.5913461538461539 0.2932692307692308 0.5913461538461539 0.2932692307692308 0.6129807692307693 0.22596153846153846 0.6129807692307693
4 0.3317307692307692 0.5865384615384616 0.4014423076923077 0.5865384615384616 0.4014423076923077 0.6081730769230769 0.3317307692307692 0.6081730769230769
4 0.4519230769230769 0.5865384615384616 0.5216346153846154 0.5865384615384616 0.5216346153846154 0.6105769230769231 0.4519230769230769 0.6105769230769231
4 0.5721153846153846 0.5889423076923077 0.6442307692307693 0.5889423076923077 0.6442307692307693 0.6105769230769231 0.5721153846153846 0.6105769230769231
4 0.6802884615384616 0.5913461538461539 0.7548076923076923 0.5913461538461539 0.7548076923076923 0.6153846153846154 0.6802884615384616 0.6153846153846154
19 0.019230769230769232 0.07692307692307693 0.8870192307692307 0.07692307692307693 0.8870192307692307 0.3942307692307692 0.019230769230769232 0.3942307692307692
2 0.019230769230769232 0.0673076923076923 0.8870192307692307 0.0673076923076923 0.8870192307692307 1 0.019230769230769232 1
12 0.036057692307692304 0.7860576923076923 0.8653846153846154 0.7860576923076923 0.8653846153846154 0.7956730769230769 0.036057692307692304 0.7956730769230769
12 0.036057692307692304 0.5649038461538461 0.8653846153846154 0.5649038461538461 0.8653846153846154 0.5745192307692307 0.036057692307692304 0.5745192307692307
12 0.036057692307692304 0.34615384615384615 0.8653846153846154 0.34615384615384615 0.8653846153846154 0.3557692307692308 0.036057692307692304 0.3557692307692308
11 0.036057692307692304 0.5745192307692307 0.8653846153846154 0.5745192307692307 0.8653846153846154 0.7836538461538461 0.036057692307692304 0.7836538461538461
11 0.036057692307692304 0.35336538461538464 0.8653846153846154 0.35336538461538464 0.8653846153846154 0.5649038461538461 0.036057692307692304 0.5649038461538461
22 0.036057692307692304 0.1201923076923077 0.8653846153846154 0.1201923076923077 0.8653846153846154 0.34615384615384615 0.036057692307692304 0.34615384615384615
10 0.036057692307692304 0.33653846153846156 0.8653846153846154 0.33653846153846156 0.8653846153846154 0.7836538461538461 0.036057692307692304 0.7836538461538461