23 0.3293269230769231 0.41346153846153844 0.3942307692307692 0.41346153846153844 0.3942307692307692 0.5649038461538461 0.3293269230769231 0.5649038461538461
23 0.49759615384615385 0.41346153846153844 0.5600961538461539 0.41346153846153844 0.5600961538461539 0.5673076923076923 0.49759615384615385 0.5673076923076923
23 0.6658653846153846 0.4110576923076923 0.7307692307692307 0.4110576923076923 0.7307692307692307 0.5649038461538461 0.6658653846153846 0.5649038461538461
23 0.3245192307692308 0.71875 0.39663461538461536 0.71875 0.39663461538461536 0.7836538461538461 0.3245192307692308 0.7836538461538461
8 0.6586538461538461 0.7836538461538461 0.7331730769230769 0.7836538461538461 0.7331730769230769 0.9735576923076923 0.6586538461538461 0.9735576923076923
8 0.3245192307692308 0.7836538461538461 0.39663461538461536 0.7836538461538461 0.39663461538461536 0.9759615384615384 0.3245192307692308 0.9759615384615384
23 0.6586538461538461 0.71875 0.7331730769230769 0.71875 0.7331730769230769 0.7836538461538461 0.6586538461538461 0.7836538461538461
23 0.4951923076923077 0.71875 0.5649038461538461 0.71875 0.5649038461538461 0.7836538461538461 0.4951923076923077 0.7836538461538461
8 0.49278846153846156 0.7836538461538461 0.5625 0.7836538461538461 0.5625 0.9735576923076923 0.49278846153846156 0.9735576923076923
5 0.23798076923076922 0.03125 0.8004807692307693 0.03125 0.8004807692307693 0.20673076923076922 0.23798076923076922 0.20673076923076922
5 0.10817307692307693 0 0.27163461538461536 0 0.27163461538461536 0.20673076923076922 0.10817307692307693 0.20673076923076922
16 0.019230769230769232 0.22115384615384615 0.9759615384615384 0.22115384615384615 0.9759615384615384 0.28365384615384615 0.019230769230769232 0.28365384615384615
17 0.7475961538461539 0.35336538461538464 0.8100961538461539 0.35336538461538464 0.8100961538461539 0.9831730769230769 0.7475961538461539 0.9831730769230769
17 0.5697115384615384 0.35336538461538464 0.6394230769230769 0.35336538461538464 0.6394230769230769 0.9783653846153846 0.5697115384615384 0.9783653846153846
17 0.40384615384615385 0.35336538461538464 0.4735576923076923 0.35336538461538464 0.4735576923076923 0.9783653846153846 0.40384615384615385 0.9783653846153846
17 0.23076923076923078 0.35096153846153844 0.3125 0.35096153846153844 0.3125 0.9855769230769231 0.23076923076923078 0.9855769230769231
17 0.04326923076923077 0.37740384615384615 0.10817307692307693 0.37740384615384615 0.10817307692307693 0.9951923076923077 0.04326923076923077 0.9951923076923077
5 0.14903846153846154 0.6706730769230769 0.22355769230769232 0.6706730769230769 0.22355769230769232 0.8846153846153846 0.14903846153846154 0.8846153846153846
5 0.8269230769230769 0.6706730769230769 0.8990384615384616 0.6706730769230769 0.8990384615384616 0.8846153846153846 0.8269230769230769 0.8846153846153846
21 0.1346153846153846 0.5432692307692307 0.23557692307692307 0.5432692307692307 0.23557692307692307 0.6153846153846154 0.1346153846153846 0.6153846153846154
5 0.14903846153846154 0.40625 0.22355769230769232 0.40625 0.22355769230769232 0.5432692307692307 0.14903846153846154 0.5432692307692307
21 0.6490384615384616 0.5649038461538461 0.7451923076923077 0.5649038461538461 0.7451923076923077 0.6201923076923077 0.6490384615384616 0.6201923076923077
21 0.3125 0.5673076923076923 0.40865384615384615 0.5673076923076923 0.40865384615384615 0.6201923076923077 0.3125 0.6201923076923077
21 0.4807692307692308 0.5673076923076923 0.5745192307692307 0.5673076923076923 0.5745192307692307 0.6225961538461539 0.4807692307692308 0.6225961538461539
5 0.8269230769230769 0.40625 0.9014423076923077 0.40625 0.9014423076923077 0.5408653846153846 0.8269230769230769 0.5408653846153846
21 0.8173076923076923 0.5432692307692307 0.9110576923076923 0.5432692307692307 0.9110576923076923 0.6129807692307693 0.8173076923076923 0.6129807692307693
4 0.6298076923076923 0.6418269230769231 0.7572115384615384 0.6418269230769231 0.7572115384615384 0.6754807692307693 0.6298076923076923 0.6754807692307693
4 0.2932692307692308 0.6418269230769231 0.4206730769230769 0.6418269230769231 0.4206730769230769 0.6730769230769231 0.2932692307692308 0.6730769230769231
4 0.4639423076923077 0.6418269230769231 0.5889423076923077 0.6418269230769231 0.5889423076923077 0.6754807692307693 0.4639423076923077 0.6754807692307693
0 0.4110576923076923 0.9230769230769231 0.6225961538461539 0.9230769230769231 0.6225961538461539 0.9831730769230769 0.4110576923076923 0.9831730769230769
0 0.6346153846153846 0.9302884615384616 0.75 0.9302884615384616 0.75 0.9879807692307693 0.6346153846153846 0.9879807692307693
0 0.29086538461538464 0.9326923076923077 0.40625 0.9326923076923077 0.40625 0.9879807692307693 0.29086538461538464 0.9879807692307693
17 0.9375 0.3798076923076923 1 0.3798076923076923 1 0.9903846153846154 0.9375 0.9903846153846154
5 0.78125 0 0.9495192307692307 0 0.9495192307692307 0.20673076923076922 0.78125 0.20673076923076922
4 0.1971153846153846 0 0.8365384615384616 0 0.8365384615384616 0.22355769230769232 0.1971153846153846 0.22355769230769232
22 0.11298076923076923 0.2644230769230769 0.9375 0.2644230769230769 0.9375 0.6418269230769231 0.11298076923076923 0.6418269230769231
12 0.11057692307692307 0.9783653846153846 0.9375 0.9783653846153846 0.9375 0.9975961538461539 0.11057692307692307 0.9975961538461539
12 0.11298076923076923 0.6201923076923077 0.9375 0.6201923076923077 0.9375 0.6418269230769231 0.11298076923076923 0.6418269230769231
11 0.11298076923076923 0.6418269230769231 0.9375 0.6418269230769231 0.9375 0.9783653846153846 0.11298076923076923 0.9783653846153846
2 0.007211538461538462 0 1 0 1 1 0.007211538461538462 1
10 0.11057692307692307 0.2548076923076923 0.9447115384615384 0.2548076923076923 0.9447115384615384 1 0.11057692307692307 1
26 0.02403846153846154 0.6033653846153846 0.10336538461538461 0.6033653846153846 0.10336538461538461 0.8533653846153846 0.02403846153846154 0.8533653846153846
26 0.31009615384615385 0.8870192307692307 0.34615384615384615 0.8870192307692307 0.34615384615384615 1 0.31009615384615385 1
26 0.3557692307692308 0.90625 0.3894230769230769 0.90625 0.3894230769230769 1 0.3557692307692308 1
26 0.2668269230769231 0.90625 0.3004807692307692 0.90625 0.3004807692307692 0.9975961538461539 0.2668269230769231 0.9975961538461539