23 0.7548076923076923 0.7139423076923077 0.9206730769230769 0.7139423076923077 0.9206730769230769 0.9519230769230769 0.7548076923076923 0.9519230769230769
23 0.0889423076923077 0.7115384615384616 0.2548076923076923 0.7115384615384616 0.2548076923076923 0.9519230769230769 0.0889423076923077 0.9519230769230769
23 0.4206730769230769 0.7115384615384616 0.5865384615384616 0.7115384615384616 0.5865384615384616 0.9519230769230769 0.4206730769230769 0.9519230769230769
23 0.7572115384615384 0.05048076923076923 0.9230769230769231 0.05048076923076923 0.9230769230769231 0.28125 0.7572115384615384 0.28125
23 0.09134615384615384 0.052884615384615384 0.25721153846153844 0.052884615384615384 0.25721153846153844 0.28365384615384615 0.09134615384615384 0.28365384615384615
23 0.4230769230769231 0.05048076923076923 0.5889423076923077 0.05048076923076923 0.5889423076923077 0.28125 0.4230769230769231 0.28125
23 0.7572115384615384 0.38221153846153844 0.9230769230769231 0.38221153846153844 0.9230769230769231 0.6129807692307693 0.7572115384615384 0.6129807692307693
23 0.0889423076923077 0.38221153846153844 0.2548076923076923 0.38221153846153844 0.2548076923076923 0.6129807692307693 0.0889423076923077 0.6129807692307693
23 0.4206730769230769 0.38221153846153844 0.5865384615384616 0.38221153846153844 0.5865384615384616 0.6129807692307693 0.4206730769230769 0.6129807692307693
21 0.7379807692307693 0.28125 0.9399038461538461 0.28125 0.9399038461538461 0.30288461538461536 0.7379807692307693 0.30288461538461536
21 0.40384615384615385 0.28125 0.6057692307692307 0.28125 0.6057692307692307 0.30288461538461536 0.40384615384615385 0.30288461538461536
21 0.07211538461538461 0.28125 0.27403846153846156 0.28125 0.27403846153846156 0.30288461538461536 0.07211538461538461 0.30288461538461536
21 0.7355769230769231 0.9519230769230769 0.9375 0.9519230769230769 0.9375 0.9735576923076923 0.7355769230769231 0.9735576923076923
21 0.40384615384615385 0.9519230769230769 0.6057692307692307 0.9519230769230769 0.6057692307692307 0.9735576923076923 0.40384615384615385 0.9735576923076923
21 0.0673076923076923 0.9519230769230769 0.2692307692307692 0.9519230769230769 0.2692307692307692 0.9735576923076923 0.0673076923076923 0.9735576923076923
21 0.7355769230769231 0.6105769230769231 0.9375 0.6105769230769231 0.9375 0.6322115384615384 0.7355769230769231 0.6322115384615384
21 0.4014423076923077 0.6105769230769231 0.6033653846153846 0.6105769230769231 0.6033653846153846 0.6322115384615384 0.4014423076923077 0.6322115384615384
21 0.06971153846153846 0.6105769230769231 0.27163461538461536 0.6105769230769231 0.27163461538461536 0.6322115384615384 0.06971153846153846 0.6322115384615384
4 0.7379807692307693 0.019230769230769232 0.9399038461538461 0.019230769230769232 0.9399038461538461 0.05048076923076923 0.7379807692307693 0.05048076923076923
4 0.40384615384615385 0.019230769230769232 0.6057692307692307 0.019230769230769232 0.6057692307692307 0.05048076923076923 0.40384615384615385 0.05048076923076923
4 0.07451923076923077 0.016826923076923076 0.2764423076923077 0.016826923076923076 0.2764423076923077 0.05048076923076923 0.07451923076923077 0.05048076923076923
4 0.7379807692307693 0.6802884615384616 0.9375 0.6802884615384616 0.9375 0.7139423076923077 0.7379807692307693 0.7139423076923077
4 0.40384615384615385 0.6802884615384616 0.6033653846153846 0.6802884615384616 0.6033653846153846 0.7115384615384616 0.40384615384615385 0.7115384615384616
4 0.06971153846153846 0.6778846153846154 0.27163461538461536 0.6778846153846154 0.27163461538461536 0.7115384615384616 0.06971153846153846 0.7115384615384616
4 0.7379807692307693 0.34615384615384615 0.9399038461538461 0.34615384615384615 0.9399038461538461 0.38221153846153844 0.7379807692307693 0.38221153846153844
4 0.40384615384615385 0.34615384615384615 0.6057692307692307 0.34615384615384615 0.6057692307692307 0.38221153846153844 0.40384615384615385 0.38221153846153844
4 0.07211538461538461 0.34615384615384615 0.27163461538461536 0.34615384615384615 0.27163461538461536 0.38221153846153844 0.07211538461538461 0.38221153846153844
12 0.002403846153846154 0.016826923076923076 1 0.016826923076923076 1 0.036057692307692304 0.002403846153846154 0.036057692307692304
12 0.002403846153846154 0.6778846153846154 1 0.6778846153846154 1 0.6971153846153846 0.002403846153846154 0.6971153846153846
12 0.002403846153846154 0.3485576923076923 1 0.3485576923076923 1 0.36778846153846156 0.002403846153846154 0.36778846153846156
11 0.002403846153846154 0.016826923076923076 1 0.016826923076923076 1 0.34615384615384615 0.002403846153846154 0.34615384615384615
11 0.002403846153846154 0.6971153846153846 1 0.6971153846153846 1 1 0.002403846153846154 1
11 0.002403846153846154 0.36538461538461536 1 0.36538461538461536 1 0.6971153846153846 0.002403846153846154 0.6971153846153846
2 0 0 0.9975961538461539 0 0.9975961538461539 1 0 1
10 0 0 0.9975961538461539 0 0.9975961538461539 1 0 1