23 0.8533653846153846 0.06490384615384616 0.9158653846153846 0.06490384615384616 0.9158653846153846 0.20192307692307693 0.8533653846153846 0.20192307692307693
23 0.04807692307692308 0.06490384615384616 0.11057692307692307 0.06490384615384616 0.11057692307692307 0.20192307692307693 0.04807692307692308 0.20192307692307693
23 0.20673076923076922 0.06490384615384616 0.27163461538461536 0.06490384615384616 0.27163461538461536 0.20192307692307693 0.20673076923076922 0.20192307692307693
23 0.37259615384615385 0.06490384615384616 0.43509615384615385 0.06490384615384616 0.43509615384615385 0.20192307692307693 0.37259615384615385 0.20192307692307693
23 0.53125 0.06490384615384616 0.59375 0.06490384615384616 0.59375 0.20192307692307693 0.53125 0.20192307692307693
23 0.6899038461538461 0.06490384615384616 0.7548076923076923 0.06490384615384616 0.7548076923076923 0.20192307692307693 0.6899038461538461 0.20192307692307693
23 0.04567307692307692 0.7475961538461539 0.11057692307692307 0.7475961538461539 0.11057692307692307 0.9375 0.04567307692307692 0.9375
23 0.04807692307692308 0.35336538461538464 0.11057692307692307 0.35336538461538464 0.11057692307692307 0.5913461538461539 0.04807692307692308 0.5913461538461539
23 0.2091346153846154 0.35336538461538464 0.27163461538461536 0.35336538461538464 0.27163461538461536 0.5913461538461539 0.2091346153846154 0.5913461538461539
23 0.3701923076923077 0.35336538461538464 0.43509615384615385 0.35336538461538464 0.43509615384615385 0.5913461538461539 0.3701923076923077 0.5913461538461539
23 0.53125 0.35336538461538464 0.59375 0.35336538461538464 0.59375 0.5913461538461539 0.53125 0.5913461538461539
23 0.6899038461538461 0.35336538461538464 0.7548076923076923 0.35336538461538464 0.7548076923076923 0.5913461538461539 0.6899038461538461 0.5913461538461539
23 0.8533653846153846 0.35336538461538464 0.9182692307692307 0.35336538461538464 0.9182692307692307 0.5913461538461539 0.8533653846153846 0.5913461538461539
23 0.8533653846153846 0.7475961538461539 0.9182692307692307 0.7475961538461539 0.9182692307692307 0.9375 0.8533653846153846 0.9375
23 0.6899038461538461 0.7475961538461539 0.7548076923076923 0.7475961538461539 0.7548076923076923 0.9375 0.6899038461538461 0.9375
23 0.53125 0.7475961538461539 0.59375 0.7475961538461539 0.59375 0.9375 0.53125 0.9375
23 0.36778846153846156 0.7475961538461539 0.4326923076923077 0.7475961538461539 0.4326923076923077 0.9375 0.36778846153846156 0.9375
23 0.2091346153846154 0.7475961538461539 0.27163461538461536 0.7475961538461539 0.27163461538461536 0.9375 0.2091346153846154 0.9375
12 0.002403846153846154 0.9759615384615384 1 0.9759615384615384 1 0.9975961538461539 0.002403846153846154 0.9975961538461539
12 0.002403846153846154 0.3173076923076923 1 0.3173076923076923 1 0.34134615384615385 0.002403846153846154 0.34134615384615385
12 0.002403846153846154 0.7115384615384616 1 0.7115384615384616 1 0.7331730769230769 0.002403846153846154 0.7331730769230769
11 0.002403846153846154 0 1 0 1 0.3173076923076923 0.002403846153846154 0.3173076923076923
11 0.002403846153846154 0.7331730769230769 1 0.7331730769230769 1 0.9759615384615384 0.002403846153846154 0.9759615384615384
11 0.002403846153846154 0.34134615384615385 1 0.34134615384615385 1 0.7115384615384616 0.002403846153846154 0.7115384615384616
2 0 0 1 0 1 1 0 1
10 0 0 1 0 1 0.9975961538461539 0 0.9975961538461539