23 0.24759615384615385 0.3485576923076923 0.39663461538461536 0.3485576923076923 0.39663461538461536 0.5576923076923077 0.24759615384615385 0.5576923076923077
23 0.25721153846153844 0.13942307692307693 0.3894230769230769 0.13942307692307693 0.3894230769230769 0.2403846153846154 0.25721153846153844 0.2403846153846154
23 0.5985576923076923 0.13942307692307693 0.7307692307692307 0.13942307692307693 0.7307692307692307 0.2403846153846154 0.5985576923076923 0.2403846153846154
23 0.5889423076923077 0.3485576923076923 0.7379807692307693 0.3485576923076923 0.7379807692307693 0.5576923076923077 0.5889423076923077 0.5576923076923077
23 0.5889423076923077 0.7163461538461539 0.7355769230769231 0.7163461538461539 0.7355769230769231 0.9182692307692307 0.5889423076923077 0.9182692307692307
23 0.5576923076923077 0.6971153846153846 0.7668269230769231 0.6971153846153846 0.7668269230769231 0.9399038461538461 0.5576923076923077 0.9399038461538461
23 0.24759615384615385 0.7163461538461539 0.39663461538461536 0.7163461538461539 0.39663461538461536 0.9182692307692307 0.24759615384615385 0.9182692307692307
23 0.21634615384615385 0.6971153846153846 0.4254807692307692 0.6971153846153846 0.4254807692307692 0.9399038461538461 0.21634615384615385 0.9399038461538461
4 0.19230769230769232 0.2692307692307692 0.4519230769230769 0.2692307692307692 0.4519230769230769 0.30288461538461536 0.19230769230769232 0.30288461538461536
4 0.5336538461538461 0.2692307692307692 0.7956730769230769 0.2692307692307692 0.7956730769230769 0.30288461538461536 0.5336538461538461 0.30288461538461536
16 0.019230769230769232 0.06009615384615385 0.96875 0.06009615384615385 0.96875 0.09615384615384616 0.019230769230769232 0.09615384615384616
16 0.007211538461538462 0 0.9807692307692307 0 0.9807692307692307 0.038461538461538464 0.007211538461538462 0.038461538461538464
16 0.004807692307692308 0.6033653846153846 0.9831730769230769 0.6033653846153846 0.9831730769230769 0.6538461538461539 0.004807692307692308 0.6538461538461539
15 0.002403846153846154 0.6298076923076923 1 0.6298076923076923 1 1 0.002403846153846154 1
12 0.002403846153846154 0.6033653846153846 1 0.6033653846153846 1 0.6274038461538461 0.002403846153846154 0.6274038461538461
12 0.002403846153846154 0.27884615384615385 1 0.27884615384615385 1 0.30288461538461536 0.002403846153846154 0.30288461538461536
11 0.002403846153846154 0 1 0 1 0.27884615384615385 0.002403846153846154 0.27884615384615385
11 0.002403846153846154 0.30288461538461536 1 0.30288461538461536 1 0.6033653846153846 0.002403846153846154 0.6033653846153846
2 0 0 0.9975961538461539 0 0.9975961538461539 0.9975961538461539 0 0.9975961538461539
10 0.002403846153846154 0 0.9975961538461539 0 0.9975961538461539 0.9975961538461539 0.002403846153846154 0.9975961538461539