23 0.21634615384615385 0.7475961538461539 0.3004807692307692 0.7475961538461539 0.3004807692307692 0.90625 0.21634615384615385 0.90625
23 0.16346153846153846 0.2548076923076923 0.23557692307692307 0.2548076923076923 0.23557692307692307 0.3557692307692308 0.16346153846153846 0.3557692307692308
23 0.5408653846153846 0.2548076923076923 0.6129807692307693 0.2548076923076923 0.6129807692307693 0.3557692307692308 0.5408653846153846 0.3557692307692308
23 0.10336538461538461 0.7475961538461539 0.18990384615384615 0.7475961538461539 0.18990384615384615 0.90625 0.10336538461538461 0.90625
23 0.21394230769230768 0.4855769230769231 0.2980769230769231 0.4855769230769231 0.2980769230769231 0.6274038461538461 0.21394230769230768 0.6274038461538461
23 0.10336538461538461 0.4855769230769231 0.1875 0.4855769230769231 0.1875 0.6274038461538461 0.10336538461538461 0.6274038461538461
23 0.5913461538461539 0.7475961538461539 0.6754807692307693 0.7475961538461539 0.6754807692307693 0.90625 0.5913461538461539 0.90625
23 0.47836538461538464 0.7475961538461539 0.5649038461538461 0.7475961538461539 0.5649038461538461 0.90625 0.47836538461538464 0.90625
23 0.5913461538461539 0.4855769230769231 0.6754807692307693 0.4855769230769231 0.6754807692307693 0.6274038461538461 0.5913461538461539 0.6274038461538461
23 0.47836538461538464 0.4855769230769231 0.5625 0.4855769230769231 0.5625 0.6274038461538461 0.47836538461538464 0.6274038461538461
23 0.8365384615384616 0.7379807692307693 0.9230769230769231 0.7379807692307693 0.9230769230769231 0.8966346153846154 0.8365384615384616 0.8966346153846154
23 0.8389423076923077 0.47115384615384615 0.9254807692307693 0.47115384615384615 0.9254807692307693 0.6153846153846154 0.8389423076923077 0.6153846153846154
8 0.8846153846153846 0.23557692307692307 0.9543269230769231 0.23557692307692307 0.9543269230769231 0.375 0.8846153846153846 0.375
8 0.7956730769230769 0.23557692307692307 0.8629807692307693 0.23557692307692307 0.8629807692307693 0.375 0.7956730769230769 0.375
23 0.8293269230769231 0.06971153846153846 0.8966346153846154 0.06971153846153846 0.8966346153846154 0.14423076923076922 0.8293269230769231 0.14423076923076922
23 0.17067307692307693 0.06971153846153846 0.23798076923076922 0.06971153846153846 0.23798076923076922 0.14423076923076922 0.17067307692307693 0.14423076923076922
23 0.5384615384615384 0.06971153846153846 0.6057692307692307 0.06971153846153846 0.6057692307692307 0.14423076923076922 0.5384615384615384 0.14423076923076922
4 0.5120192307692307 0.20192307692307693 0.6466346153846154 0.20192307692307693 0.6466346153846154 0.24519230769230768 0.5120192307692307 0.24519230769230768
4 0.13221153846153846 0.20192307692307693 0.2668269230769231 0.20192307692307693 0.2668269230769231 0.24519230769230768 0.13221153846153846 0.24519230769230768
4 0.7596153846153846 0.15384615384615385 0.9951923076923077 0.15384615384615385 0.9951923076923077 0.21875 0.7596153846153846 0.21875
21 0.8245192307692307 0.6153846153846154 0.9423076923076923 0.6153846153846154 0.9423076923076923 0.6298076923076923 0.8245192307692307 0.6298076923076923
21 0.0889423076923077 0.6274038461538461 0.3125 0.6274038461538461 0.3125 0.6394230769230769 0.0889423076923077 0.6394230769230769
21 0.46634615384615385 0.6274038461538461 0.6899038461538461 0.6274038461538461 0.6899038461538461 0.6394230769230769 0.46634615384615385 0.6394230769230769
17 0 0.4543269230769231 0.05048076923076923 0.4543269230769231 0.05048076923076923 0.9038461538461539 0 0.9038461538461539
17 0.3485576923076923 0.4567307692307692 0.4254807692307692 0.4567307692307692 0.4254807692307692 0.9038461538461539 0.3485576923076923 0.9038461538461539
16 0 0.8966346153846154 0.96875 0.8966346153846154 0.96875 0.9543269230769231 0 0.9543269230769231
19 0 0 1 0 1 0.3918269230769231 0 0.3918269230769231
12 0 0.15865384615384615 0.9831730769230769 0.15865384615384615 0.9831730769230769 0.18990384615384615 0 0.18990384615384615
12 0 0.9471153846153846 0.9831730769230769 0.9471153846153846 0.9831730769230769 0.9759615384615384 0 0.9759615384615384
12 0 0.6947115384615384 0.9831730769230769 0.6947115384615384 0.9831730769230769 0.7235576923076923 0 0.7235576923076923
22 0 0.028846153846153848 0.9831730769230769 0.028846153846153848 0.9831730769230769 0.16105769230769232 0 0.16105769230769232
11 0 0.7235576923076923 0.9831730769230769 0.7235576923076923 0.9831730769230769 0.9471153846153846 0 0.9471153846153846
11 0 0.40865384615384615 0.9831730769230769 0.40865384615384615 0.9831730769230769 0.6947115384615384 0 0.6947115384615384
12 0 0.37740384615384615 0.9831730769230769 0.37740384615384615 0.9831730769230769 0.40625 0 0.40625
11 0 0.18990384615384615 0.9831730769230769 0.18990384615384615 0.9831730769230769 0.37740384615384615 0 0.37740384615384615
2 0 0 1 0 1 1 0 1
10 0 0 1 0 1 1 0 1
0 0.7620192307692307 0.2932692307692308 0.9975961538461539 0.2932692307692308 0.9975961538461539 0.3798076923076923 0.7620192307692307 0.3798076923076923