23 0.8413461538461539 0.4182692307692308 0.90625 0.4182692307692308 0.90625 0.5865384615384616 0.8413461538461539 0.5865384615384616
23 0.11057692307692307 0.41586538461538464 0.17548076923076922 0.41586538461538464 0.17548076923076922 0.5889423076923077 0.11057692307692307 0.5889423076923077
23 0.23317307692307693 0.41586538461538464 0.2980769230769231 0.41586538461538464 0.2980769230769231 0.5865384615384616 0.23317307692307693 0.5865384615384616
23 0.3581730769230769 0.41586538461538464 0.4230769230769231 0.41586538461538464 0.4230769230769231 0.5865384615384616 0.3581730769230769 0.5865384615384616
23 0.4807692307692308 0.41586538461538464 0.5432692307692307 0.41586538461538464 0.5432692307692307 0.5865384615384616 0.4807692307692308 0.5865384615384616
23 0.6009615384615384 0.4182692307692308 0.6634615384615384 0.4182692307692308 0.6634615384615384 0.5865384615384616 0.6009615384615384 0.5865384615384616
23 0.7211538461538461 0.4182692307692308 0.7860576923076923 0.4182692307692308 0.7860576923076923 0.5865384615384616 0.7211538461538461 0.5865384615384616
23 0.4831730769230769 0.7067307692307693 0.5432692307692307 0.7067307692307693 0.5432692307692307 0.8870192307692307 0.4831730769230769 0.8870192307692307
23 0.7163461538461539 0.7067307692307693 0.7740384615384616 0.7067307692307693 0.7740384615384616 0.8894230769230769 0.7163461538461539 0.8894230769230769
23 0.35336538461538464 0.7091346153846154 0.42788461538461536 0.7091346153846154 0.42788461538461536 0.7740384615384616 0.35336538461538464 0.7740384615384616
23 0.8245192307692307 0.7115384615384616 0.8870192307692307 0.7115384615384616 0.8870192307692307 0.8918269230769231 0.8245192307692307 0.8918269230769231
23 0.6033653846153846 0.7091346153846154 0.6610576923076923 0.7091346153846154 0.6610576923076923 0.7740384615384616 0.6033653846153846 0.7740384615384616
23 0.1201923076923077 0.7115384615384616 0.18269230769230768 0.7115384615384616 0.18269230769230768 0.8942307692307693 0.1201923076923077 0.8942307692307693
23 0.23557692307692307 0.7091346153846154 0.2980769230769231 0.7091346153846154 0.2980769230769231 0.8918269230769231 0.23557692307692307 0.8918269230769231
8 0.8269230769230769 0.6947115384615384 0.9254807692307693 0.6947115384615384 0.9254807692307693 0.9471153846153846 0.8269230769230769 0.9471153846153846
8 0.09134615384615384 0.6971153846153846 0.19230769230769232 0.6971153846153846 0.19230769230769232 0.9519230769230769 0.09134615384615384 0.9519230769230769
8 0.21634615384615385 0.6947115384615384 0.3173076923076923 0.6947115384615384 0.3173076923076923 0.9495192307692307 0.21634615384615385 0.9495192307692307
8 0.34375 0.6947115384615384 0.43990384615384615 0.6947115384615384 0.43990384615384615 0.9495192307692307 0.34375 0.9495192307692307
8 0.4639423076923077 0.6947115384615384 0.5625 0.6947115384615384 0.5625 0.9495192307692307 0.4639423076923077 0.9495192307692307
8 0.5865384615384616 0.6947115384615384 0.6826923076923077 0.6947115384615384 0.6826923076923077 0.9471153846153846 0.5865384615384616 0.9471153846153846
8 0.7067307692307693 0.6947115384615384 0.8028846153846154 0.6947115384615384 0.8028846153846154 0.9471153846153846 0.7067307692307693 0.9471153846153846
8 0.5985576923076923 0.7932692307692307 0.6682692307692307 0.7932692307692307 0.6682692307692307 0.9423076923076923 0.5985576923076923 0.9423076923076923
8 0.3485576923076923 0.7932692307692307 0.4326923076923077 0.7932692307692307 0.4326923076923077 0.9423076923076923 0.3485576923076923 0.9423076923076923
4 0.2956730769230769 0.15144230769230768 0.7259615384615384 0.15144230769230768 0.7259615384615384 0.31971153846153844 0.2956730769230769 0.31971153846153844
5 0.46153846153846156 0.19230769230769232 0.5600961538461539 0.19230769230769232 0.5600961538461539 0.3125 0.46153846153846156 0.3125
21 0.8317307692307693 0.5865384615384616 0.9182692307692307 0.5865384615384616 0.9182692307692307 0.6009615384615384 0.8317307692307693 0.6009615384615384
21 0.09615384615384616 0.5889423076923077 0.1875 0.5889423076923077 0.1875 0.6033653846153846 0.09615384615384616 0.6033653846153846
21 0.22115384615384615 0.5865384615384616 0.31009615384615385 0.5865384615384616 0.31009615384615385 0.6033653846153846 0.22115384615384615 0.6033653846153846
21 0.34615384615384615 0.5841346153846154 0.43509615384615385 0.5841346153846154 0.43509615384615385 0.6009615384615384 0.34615384615384615 0.6009615384615384
21 0.46875 0.5841346153846154 0.5576923076923077 0.5841346153846154 0.5576923076923077 0.6009615384615384 0.46875 0.6009615384615384
21 0.5889423076923077 0.5841346153846154 0.6754807692307693 0.5841346153846154 0.6754807692307693 0.6009615384615384 0.5889423076923077 0.6009615384615384
21 0.7091346153846154 0.5865384615384616 0.7980769230769231 0.5865384615384616 0.7980769230769231 0.6009615384615384 0.7091346153846154 0.6009615384615384
17 0.9206730769230769 0.7211538461538461 0.9639423076923077 0.7211538461538461 0.9639423076923077 0.9495192307692307 0.9206730769230769 0.9495192307692307
17 0.8004807692307693 0.7235576923076923 0.8293269230769231 0.7235576923076923 0.8293269230769231 0.9471153846153846 0.8004807692307693 0.9471153846153846
17 0.6802884615384616 0.7259615384615384 0.7067307692307693 0.7259615384615384 0.7067307692307693 0.9471153846153846 0.6802884615384616 0.9471153846153846
17 0.5625 0.7259615384615384 0.5889423076923077 0.7259615384615384 0.5889423076923077 0.9471153846153846 0.5625 0.9471153846153846
17 0.43990384615384615 0.7259615384615384 0.46634615384615385 0.7259615384615384 0.46634615384615385 0.9495192307692307 0.43990384615384615 0.9495192307692307
17 0.3173076923076923 0.7259615384615384 0.34375 0.7259615384615384 0.34375 0.9495192307692307 0.3173076923076923 0.9495192307692307
17 0.18990384615384615 0.7259615384615384 0.21875 0.7259615384615384 0.21875 0.9519230769230769 0.18990384615384615 0.9519230769230769
17 0.052884615384615384 0.7283653846153846 0.09375 0.7283653846153846 0.09375 0.9519230769230769 0.052884615384615384 0.9519230769230769
5 0.6706730769230769 0.3269230769230769 0.6875 0.3269230769230769 0.6875 0.3894230769230769 0.6706730769230769 0.3894230769230769
5 0.6971153846153846 0.3269230769230769 0.7115384615384616 0.3269230769230769 0.7115384615384616 0.3894230769230769 0.6971153846153846 0.3894230769230769
5 0.3076923076923077 0.3245192307692308 0.3245192307692308 0.3245192307692308 0.3245192307692308 0.3870192307692308 0.3076923076923077 0.3870192307692308
5 0.3317307692307692 0.3245192307692308 0.3485576923076923 0.3245192307692308 0.3485576923076923 0.3870192307692308 0.3317307692307692 0.3870192307692308
19 0.0673076923076923 0.07451923076923077 0.9471153846153846 0.07451923076923077 0.9471153846153846 0.29086538461538464 0.0673076923076923 0.29086538461538464
22 0.055288461538461536 0.30528846153846156 0.9615384615384616 0.30528846153846156 0.9615384615384616 0.6658653846153846 0.055288461538461536 0.6658653846153846
12 0.055288461538461536 0.6466346153846154 0.9615384615384616 0.6466346153846154 0.9615384615384616 0.6658653846153846 0.055288461538461536 0.6658653846153846
15 0.055288461538461536 0.6658653846153846 0.9615384615384616 0.6658653846153846 0.9615384615384616 0.9495192307692307 0.055288461538461536 0.9495192307692307
2 0.03365384615384615 0 0.9807692307692307 0 0.9807692307692307 0.9543269230769231 0.03365384615384615 0.9543269230769231
10 0.055288461538461536 0.28846153846153844 0.9615384615384616 0.28846153846153844 0.9615384615384616 0.9519230769230769 0.055288461538461536 0.9519230769230769
26 0.4639423076923077 0.8677884615384616 0.5432692307692307 0.8677884615384616 0.5432692307692307 0.9423076923076923 0.4639423076923077 0.9423076923076923
26 0.5120192307692307 0.12740384615384615 0.53125 0.12740384615384615 0.53125 0.4254807692307692 0.5120192307692307 0.4254807692307692