23 0.12740384615384615 0.07692307692307693 0.21875 0.07692307692307693 0.21875 0.15625 0.12740384615384615 0.15625
23 0.3317307692307692 0.07451923076923077 0.4230769230769231 0.07451923076923077 0.4230769230769231 0.15625 0.3317307692307692 0.15625
23 0.7980769230769231 0.07451923076923077 0.8870192307692307 0.07451923076923077 0.8870192307692307 0.15625 0.7980769230769231 0.15625
23 0.59375 0.07451923076923077 0.6826923076923077 0.07451923076923077 0.6826923076923077 0.15625 0.59375 0.15625
23 0.8028846153846154 0.2956730769230769 0.8918269230769231 0.2956730769230769 0.8918269230769231 0.41346153846153844 0.8028846153846154 0.41346153846153844
23 0.12980769230769232 0.2980769230769231 0.21875 0.2980769230769231 0.21875 0.41346153846153844 0.12980769230769232 0.41346153846153844
23 0.12740384615384615 0.5745192307692307 0.21634615384615385 0.5745192307692307 0.21634615384615385 0.7091346153846154 0.12740384615384615 0.7091346153846154
23 0.8004807692307693 0.5721153846153846 0.8918269230769231 0.5721153846153846 0.8918269230769231 0.7067307692307693 0.8004807692307693 0.7067307692307693
23 0.7860576923076923 0.8004807692307693 0.9014423076923077 0.8004807692307693 0.9014423076923077 0.9038461538461539 0.7860576923076923 0.9038461538461539
8 0.1346153846153846 0.8533653846153846 0.32211538461538464 0.8533653846153846 0.32211538461538464 0.9591346153846154 0.1346153846153846 0.9591346153846154
8 0.5985576923076923 0.5721153846153846 0.6875 0.5721153846153846 0.6875 0.7572115384615384 0.5985576923076923 0.7572115384615384
8 0.4519230769230769 0.2956730769230769 0.5697115384615384 0.2956730769230769 0.5697115384615384 0.4639423076923077 0.4519230769230769 0.4639423076923077
8 0.59375 0.2932692307692308 0.6875 0.2932692307692308 0.6875 0.46153846153846156 0.59375 0.46153846153846156
8 0.33413461538461536 0.2956730769230769 0.42788461538461536 0.2956730769230769 0.42788461538461536 0.4639423076923077 0.33413461538461536 0.4639423076923077
8 0.3317307692307692 0.5721153846153846 0.42788461538461536 0.5721153846153846 0.42788461538461536 0.7572115384615384 0.3317307692307692 0.7572115384615384
8 0.46153846153846156 0.5721153846153846 0.5600961538461539 0.5721153846153846 0.5600961538461539 0.7572115384615384 0.46153846153846156 0.7572115384615384
0 0.2980769230769231 0.3918269230769231 0.7139423076923077 0.3918269230769231 0.7139423076923077 0.4735576923076923 0.2980769230769231 0.4735576923076923
23 0.5961538461538461 0.24519230769230768 0.6850961538461539 0.24519230769230768 0.6850961538461539 0.2932692307692308 0.5961538461538461 0.2932692307692308
23 0.12980769230769232 0.24519230769230768 0.22115384615384615 0.24519230769230768 0.22115384615384615 0.2980769230769231 0.12980769230769232 0.2980769230769231
23 0.4543269230769231 0.24278846153846154 0.5649038461538461 0.24278846153846154 0.5649038461538461 0.2932692307692308 0.4543269230769231 0.2932692307692308
23 0.3317307692307692 0.24519230769230768 0.4206730769230769 0.24519230769230768 0.4206730769230769 0.2932692307692308 0.3317307692307692 0.2932692307692308
23 0.8028846153846154 0.24519230769230768 0.8918269230769231 0.24519230769230768 0.8918269230769231 0.2956730769230769 0.8028846153846154 0.2956730769230769
23 0.3317307692307692 0.5168269230769231 0.4254807692307692 0.5168269230769231 0.4254807692307692 0.5697115384615384 0.3317307692307692 0.5697115384615384
23 0.12740384615384615 0.5192307692307693 0.21875 0.5192307692307693 0.21875 0.5721153846153846 0.12740384615384615 0.5721153846153846
23 0.4567307692307692 0.5144230769230769 0.5673076923076923 0.5144230769230769 0.5673076923076923 0.5697115384615384 0.4567307692307692 0.5697115384615384
23 0.8004807692307693 0.5168269230769231 0.8894230769230769 0.5168269230769231 0.8894230769230769 0.5697115384615384 0.8004807692307693 0.5697115384615384
23 0.5961538461538461 0.5168269230769231 0.6875 0.5168269230769231 0.6875 0.5697115384615384 0.5961538461538461 0.5697115384615384
23 0.1346153846153846 0.7884615384615384 0.31490384615384615 0.7884615384615384 0.31490384615384615 0.8509615384615384 0.1346153846153846 0.8509615384615384
16 0 0.028846153846153848 0.9783653846153846 0.028846153846153848 0.9783653846153846 0.04567307692307692 0 0.04567307692307692
19 0.028846153846153848 0 0.9975961538461539 0 0.9975961538461539 0.028846153846153848 0.028846153846153848 0.028846153846153848
0 0.2692307692307692 0.6971153846153846 0.7403846153846154 0.6971153846153846 0.7403846153846154 0.7668269230769231 0.2692307692307692 0.7668269230769231
12 0 0.1875 1 0.1875 1 0.19951923076923078 0 0.19951923076923078
11 0 0.02403846153846154 1 0.02403846153846154 1 0.19951923076923078 0 0.19951923076923078
12 0 0.46153846153846156 1 0.46153846153846156 1 0.4735576923076923 0 0.4735576923076923
12 0 0.7572115384615384 1 0.7572115384615384 1 0.7692307692307693 0 0.7692307692307693
15 0 0.7692307692307693 1 0.7692307692307693 1 0.9903846153846154 0 0.9903846153846154
11 0 0.4735576923076923 1 0.4735576923076923 1 0.7692307692307693 0 0.7692307692307693
11 0 0.1971153846153846 1 0.1971153846153846 1 0.4735576923076923 0 0.4735576923076923
2 0 0 1 0 1 0.9879807692307693 0 0.9879807692307693
10 0.002403846153846154 0.02403846153846154 1 0.02403846153846154 1 0.9879807692307693 0.002403846153846154 0.9879807692307693
1 0.3317307692307692 0.07451923076923077 0.4230769230769231 0.07451923076923077 0.4230769230769231 0.15625 0.3317307692307692 0.15625
1 0.59375 0.07451923076923077 0.6826923076923077 0.07451923076923077 0.6826923076923077 0.15625 0.59375 0.15625
1 0.7980769230769231 0.07451923076923077 0.8870192307692307 0.07451923076923077 0.8870192307692307 0.15625 0.7980769230769231 0.15625
1 0.8028846153846154 0.2956730769230769 0.8918269230769231 0.2956730769230769 0.8918269230769231 0.41346153846153844 0.8028846153846154 0.41346153846153844
1 0.12980769230769232 0.2980769230769231 0.21875 0.2980769230769231 0.21875 0.41346153846153844 0.12980769230769232 0.41346153846153844
1 0.12740384615384615 0.5745192307692307 0.21634615384615385 0.5745192307692307 0.21634615384615385 0.7091346153846154 0.12740384615384615 0.7091346153846154
1 0.8004807692307693 0.5721153846153846 0.8918269230769231 0.5721153846153846 0.8918269230769231 0.7067307692307693 0.8004807692307693 0.7067307692307693
1 0.21394230769230768 0.07692307692307693 0.25240384615384615 0.07692307692307693 0.25240384615384615 0.15865384615384615 0.21394230769230768 0.15865384615384615
1 0.0985576923076923 0.07692307692307693 0.13942307692307693 0.07692307692307693 0.13942307692307693 0.15865384615384615 0.0985576923076923 0.15865384615384615