23 0.5 0.5576923076923077 0.5625 0.5576923076923077 0.5625 0.6466346153846154 0.5 0.6466346153846154
23 0.12980769230769232 0.5576923076923077 0.18990384615384615 0.5576923076923077 0.18990384615384615 0.6466346153846154 0.12980769230769232 0.6466346153846154
23 0.7524038461538461 0.5576923076923077 0.8149038461538461 0.5576923076923077 0.8149038461538461 0.6466346153846154 0.7524038461538461 0.6466346153846154
23 0.6322115384615384 0.5576923076923077 0.6923076923076923 0.5576923076923077 0.6923076923076923 0.6466346153846154 0.6322115384615384 0.6466346153846154
23 0.3701923076923077 0.5576923076923077 0.43028846153846156 0.5576923076923077 0.43028846153846156 0.6466346153846154 0.3701923076923077 0.6466346153846154
23 0.24278846153846154 0.5576923076923077 0.30288461538461536 0.5576923076923077 0.30288461538461536 0.6466346153846154 0.24278846153846154 0.6466346153846154
23 0.5 0.0889423076923077 0.5625 0.0889423076923077 0.5625 0.1778846153846154 0.5 0.1778846153846154
23 0.12980769230769232 0.0889423076923077 0.18990384615384615 0.0889423076923077 0.18990384615384615 0.1778846153846154 0.12980769230769232 0.1778846153846154
23 0.7548076923076923 0.0889423076923077 0.8173076923076923 0.0889423076923077 0.8173076923076923 0.1778846153846154 0.7548076923076923 0.1778846153846154
23 0.6322115384615384 0.0889423076923077 0.6947115384615384 0.0889423076923077 0.6947115384615384 0.1778846153846154 0.6322115384615384 0.1778846153846154
23 0.3701923076923077 0.0889423076923077 0.4326923076923077 0.0889423076923077 0.4326923076923077 0.1778846153846154 0.3701923076923077 0.1778846153846154
23 0.24278846153846154 0.0889423076923077 0.30288461538461536 0.0889423076923077 0.30288461538461536 0.1778846153846154 0.24278846153846154 0.1778846153846154
23 0.5 0.3245192307692308 0.5625 0.3245192307692308 0.5625 0.41346153846153844 0.5 0.41346153846153844
23 0.12980769230769232 0.32211538461538464 0.18990384615384615 0.32211538461538464 0.18990384615384615 0.4110576923076923 0.12980769230769232 0.4110576923076923
23 0.7548076923076923 0.3245192307692308 0.8149038461538461 0.3245192307692308 0.8149038461538461 0.41346153846153844 0.7548076923076923 0.41346153846153844
23 0.6322115384615384 0.32211538461538464 0.6923076923076923 0.32211538461538464 0.6923076923076923 0.4110576923076923 0.6322115384615384 0.4110576923076923
23 0.3701923076923077 0.32211538461538464 0.4326923076923077 0.32211538461538464 0.4326923076923077 0.4110576923076923 0.3701923076923077 0.4110576923076923
23 0.2403846153846154 0.32211538461538464 0.30288461538461536 0.32211538461538464 0.30288461538461536 0.4110576923076923 0.2403846153846154 0.4110576923076923
23 0.12980769230769232 0.7644230769230769 0.19471153846153846 0.7644230769230769 0.19471153846153846 0.8485576923076923 0.12980769230769232 0.8485576923076923
8 0.6298076923076923 0.7644230769230769 0.6947115384615384 0.7644230769230769 0.6947115384615384 0.8846153846153846 0.6298076923076923 0.8846153846153846
8 0.2403846153846154 0.7644230769230769 0.30528846153846156 0.7644230769230769 0.30528846153846156 0.8870192307692307 0.2403846153846154 0.8870192307692307
8 0.36778846153846156 0.7644230769230769 0.4326923076923077 0.7644230769230769 0.4326923076923077 0.8870192307692307 0.36778846153846156 0.8870192307692307
8 0.49759615384615385 0.7644230769230769 0.5649038461538461 0.7644230769230769 0.5649038461538461 0.8870192307692307 0.49759615384615385 0.8870192307692307
23 0.7548076923076923 0.7620192307692307 0.8197115384615384 0.7620192307692307 0.8197115384615384 0.8509615384615384 0.7548076923076923 0.8509615384615384
21 0.7355769230769231 0.6442307692307693 0.8341346153846154 0.6442307692307693 0.8341346153846154 0.6610576923076923 0.7355769230769231 0.6610576923076923
21 0.11057692307692307 0.6442307692307693 0.2091346153846154 0.6442307692307693 0.2091346153846154 0.6610576923076923 0.11057692307692307 0.6610576923076923
21 0.22355769230769232 0.6442307692307693 0.32211538461538464 0.6442307692307693 0.32211538461538464 0.6586538461538461 0.22355769230769232 0.6586538461538461
21 0.35336538461538464 0.6442307692307693 0.4495192307692308 0.6442307692307693 0.4495192307692308 0.6610576923076923 0.35336538461538464 0.6610576923076923
21 0.4831730769230769 0.6442307692307693 0.5793269230769231 0.6442307692307693 0.5793269230769231 0.6586538461538461 0.4831730769230769 0.6586538461538461
21 0.6129807692307693 0.6418269230769231 0.7115384615384616 0.6418269230769231 0.7115384615384616 0.6586538461538461 0.6129807692307693 0.6586538461538461
21 0.7355769230769231 0.1778846153846154 0.8341346153846154 0.1778846153846154 0.8341346153846154 0.19471153846153846 0.7355769230769231 0.19471153846153846
21 0.11057692307692307 0.1778846153846154 0.2091346153846154 0.1778846153846154 0.2091346153846154 0.19230769230769232 0.11057692307692307 0.19230769230769232
21 0.22355769230769232 0.1778846153846154 0.32211538461538464 0.1778846153846154 0.32211538461538464 0.19230769230769232 0.22355769230769232 0.19230769230769232
21 0.35336538461538464 0.1778846153846154 0.4519230769230769 0.1778846153846154 0.4519230769230769 0.19230769230769232 0.35336538461538464 0.19230769230769232
21 0.4831730769230769 0.1778846153846154 0.5817307692307693 0.1778846153846154 0.5817307692307693 0.19471153846153846 0.4831730769230769 0.19471153846153846
21 0.6129807692307693 0.1778846153846154 0.7115384615384616 0.1778846153846154 0.7115384615384616 0.19471153846153846 0.6129807692307693 0.19471153846153846
21 0.7355769230769231 0.4110576923076923 0.8341346153846154 0.4110576923076923 0.8341346153846154 0.4254807692307692 0.7355769230769231 0.4254807692307692
21 0.11057692307692307 0.4110576923076923 0.2091346153846154 0.4110576923076923 0.2091346153846154 0.4254807692307692 0.11057692307692307 0.4254807692307692
21 0.22355769230769232 0.4110576923076923 0.32211538461538464 0.4110576923076923 0.32211538461538464 0.4254807692307692 0.22355769230769232 0.4254807692307692
21 0.35096153846153844 0.4110576923076923 0.4495192307692308 0.4110576923076923 0.4495192307692308 0.4254807692307692 0.35096153846153844 0.4254807692307692
21 0.4807692307692308 0.4110576923076923 0.5793269230769231 0.4110576923076923 0.5793269230769231 0.42788461538461536 0.4807692307692308 0.42788461538461536
21 0.6129807692307693 0.4110576923076923 0.7115384615384616 0.4110576923076923 0.7115384615384616 0.4254807692307692 0.6129807692307693 0.4254807692307692
4 0.7307692307692307 0.28846153846153844 0.8389423076923077 0.28846153846153844 0.8389423076923077 0.30288461538461536 0.7307692307692307 0.30288461538461536
4 0.10336538461538461 0.2860576923076923 0.21394230769230768 0.2860576923076923 0.21394230769230768 0.3004807692307692 0.10336538461538461 0.3004807692307692
4 0.21875 0.2860576923076923 0.3293269230769231 0.2860576923076923 0.3293269230769231 0.3004807692307692 0.21875 0.3004807692307692
4 0.34615384615384615 0.2860576923076923 0.4567307692307692 0.2860576923076923 0.4567307692307692 0.3004807692307692 0.34615384615384615 0.3004807692307692
4 0.47596153846153844 0.28846153846153844 0.5865384615384616 0.28846153846153844 0.5865384615384616 0.30288461538461536 0.47596153846153844 0.30288461538461536
4 0.6081730769230769 0.28846153846153844 0.7163461538461539 0.28846153846153844 0.7163461538461539 0.30288461538461536 0.6081730769230769 0.30288461538461536
0 0.21394230769230768 0.8341346153846154 0.7451923076923077 0.8341346153846154 0.7451923076923077 0.90625 0.21394230769230768 0.90625
8 0.1466346153846154 0.9471153846153846 0.27403846153846156 0.9471153846153846 0.27403846153846156 1 0.1466346153846154 1
4 0.21875 0.5240384615384616 0.3269230769230769 0.5240384615384616 0.3269230769230769 0.5360576923076923 0.21875 0.5360576923076923
4 0.10576923076923077 0.5240384615384616 0.21394230769230768 0.5240384615384616 0.21394230769230768 0.5360576923076923 0.10576923076923077 0.5360576923076923
4 0.34615384615384615 0.5240384615384616 0.4543269230769231 0.5240384615384616 0.4543269230769231 0.5360576923076923 0.34615384615384615 0.5360576923076923
4 0.47596153846153844 0.5240384615384616 0.5841346153846154 0.5240384615384616 0.5841346153846154 0.5360576923076923 0.47596153846153844 0.5360576923076923
4 0.6105769230769231 0.5240384615384616 0.7163461538461539 0.5240384615384616 0.7163461538461539 0.5360576923076923 0.6105769230769231 0.5360576923076923
4 0.7307692307692307 0.5216346153846154 0.8389423076923077 0.5216346153846154 0.8389423076923077 0.5360576923076923 0.7307692307692307 0.5360576923076923
4 0.7307692307692307 0.7307692307692307 0.8413461538461539 0.7307692307692307 0.8413461538461539 0.7451923076923077 0.7307692307692307 0.7451923076923077
4 0.10576923076923077 0.7307692307692307 0.21634615384615385 0.7307692307692307 0.21634615384615385 0.7451923076923077 0.10576923076923077 0.7451923076923077
4 0.21875 0.7307692307692307 0.3293269230769231 0.7307692307692307 0.3293269230769231 0.7451923076923077 0.21875 0.7451923076923077
4 0.34615384615384615 0.7307692307692307 0.4567307692307692 0.7307692307692307 0.4567307692307692 0.7451923076923077 0.34615384615384615 0.7451923076923077
4 0.47596153846153844 0.7307692307692307 0.5889423076923077 0.7307692307692307 0.5889423076923077 0.7451923076923077 0.47596153846153844 0.7451923076923077
4 0.6057692307692307 0.7307692307692307 0.7163461538461539 0.7307692307692307 0.7163461538461539 0.7451923076923077 0.6057692307692307 0.7451923076923077
12 0.06009615384615385 0.22355769230769232 0.8653846153846154 0.22355769230769232 0.8653846153846154 0.23798076923076922 0.06009615384615385 0.23798076923076922
22 0.06009615384615385 0.057692307692307696 0.8653846153846154 0.057692307692307696 0.8653846153846154 0.23798076923076922 0.06009615384615385 0.23798076923076922
12 0.06009615384615385 0.6826923076923077 0.8653846153846154 0.6826923076923077 0.8653846153846154 0.6971153846153846 0.06009615384615385 0.6971153846153846
12 0.06009615384615385 0.46634615384615385 0.8653846153846154 0.46634615384615385 0.8653846153846154 0.4807692307692308 0.06009615384615385 0.4807692307692308
12 0.06009615384615385 0.8918269230769231 0.8653846153846154 0.8918269230769231 0.8653846153846154 0.90625 0.06009615384615385 0.90625
15 0.06009615384615385 0.90625 0.8653846153846154 0.90625 0.8653846153846154 1 0.06009615384615385 1
11 0.06009615384615385 0.6971153846153846 0.8653846153846154 0.6971153846153846 0.8653846153846154 0.90625 0.06009615384615385 0.90625
11 0.06009615384615385 0.4807692307692308 0.8653846153846154 0.4807692307692308 0.8653846153846154 0.6971153846153846 0.06009615384615385 0.6971153846153846
11 0.06009615384615385 0.23798076923076922 0.8653846153846154 0.23798076923076922 0.8653846153846154 0.4807692307692308 0.06009615384615385 0.4807692307692308
2 0.052884615384615384 0.03365384615384615 0.8653846153846154 0.03365384615384615 0.8653846153846154 1 0.052884615384615384 1
10 0.05048076923076923 0.03125 0.8677884615384616 0.03125 0.8677884615384616 1 0.05048076923076923 1