23 0.6298076923076923 0.4855769230769231 0.7451923076923077 0.4855769230769231 0.7451923076923077 0.6923076923076923 0.6298076923076923 0.6923076923076923
23 0.18509615384615385 0.22115384615384615 0.2956730769230769 0.22115384615384615 0.2956730769230769 0.3918269230769231 0.18509615384615385 0.3918269230769231
23 0.6346153846153846 0.22115384615384615 0.7427884615384616 0.22115384615384615 0.7427884615384616 0.3918269230769231 0.6346153846153846 0.3918269230769231
23 0.4110576923076923 0.22115384615384615 0.5192307692307693 0.22115384615384615 0.5192307692307693 0.3918269230769231 0.4110576923076923 0.3918269230769231
23 0.1778846153846154 0.4855769230769231 0.2932692307692308 0.4855769230769231 0.2932692307692308 0.6923076923076923 0.1778846153846154 0.6923076923076923
23 0.40384615384615385 0.4855769230769231 0.5192307692307693 0.4855769230769231 0.5192307692307693 0.6923076923076923 0.40384615384615385 0.6923076923076923
23 0.6394230769230769 0.03365384615384615 0.7139423076923077 0.03365384615384615 0.7139423076923077 0.09615384615384616 0.6394230769230769 0.09615384615384616
23 0.4206730769230769 0.03365384615384615 0.4951923076923077 0.03365384615384615 0.4951923076923077 0.09615384615384616 0.4206730769230769 0.09615384615384616
8 0.6081730769230769 0.7884615384615384 0.7740384615384616 0.7884615384615384 0.7740384615384616 0.9807692307692307 0.6081730769230769 0.9807692307692307
20 0.15384615384615385 0.7884615384615384 0.31971153846153844 0.7884615384615384 0.31971153846153844 0.9807692307692307 0.15384615384615385 0.9807692307692307
20 0.38221153846153844 0.7884615384615384 0.5480769230769231 0.7884615384615384 0.5480769230769231 0.9807692307692307 0.38221153846153844 0.9807692307692307
4 0.4519230769230769 0.7740384615384616 0.4807692307692308 0.7740384615384616 0.4807692307692308 0.7884615384615384 0.4519230769230769 0.7884615384615384
4 0.22355769230769232 0.7764423076923077 0.25240384615384615 0.7764423076923077 0.25240384615384615 0.7908653846153846 0.22355769230769232 0.7908653846153846
4 0.18028846153846154 0.4375 0.2956730769230769 0.4375 0.2956730769230769 0.4831730769230769 0.18028846153846154 0.4831730769230769
4 0.6322115384615384 0.4375 0.7451923076923077 0.4375 0.7451923076923077 0.4855769230769231 0.6322115384615384 0.4855769230769231
4 0.40384615384615385 0.4375 0.5192307692307693 0.4375 0.5192307692307693 0.4855769230769231 0.40384615384615385 0.4855769230769231
4 0.19951923076923078 0.1875 0.27884615384615385 0.1875 0.27884615384615385 0.22355769230769232 0.19951923076923078 0.22355769230769232
4 0.6514423076923077 0.1875 0.7283653846153846 0.1875 0.7283653846153846 0.22355769230769232 0.6514423076923077 0.22355769230769232
4 0.4254807692307692 0.1875 0.5048076923076923 0.1875 0.5048076923076923 0.22355769230769232 0.4254807692307692 0.22355769230769232
16 0.03125 0.7235576923076923 0.8221153846153846 0.7235576923076923 0.8221153846153846 0.7451923076923077 0.03125 0.7451923076923077
16 0.016826923076923076 0.17548076923076922 0.8221153846153846 0.17548076923076922 0.8221153846153846 0.20432692307692307 0.016826923076923076 0.20432692307692307
16 0.03125 0.43028846153846156 0.8221153846153846 0.43028846153846156 0.8221153846153846 0.4543269230769231 0.03125 0.4543269230769231
4 0.40384615384615385 0.009615384615384616 0.5120192307692307 0.009615384615384616 0.5120192307692307 0.028846153846153848 0.40384615384615385 0.028846153846153848
4 0.6225961538461539 0.01201923076923077 0.7307692307692307 0.01201923076923077 0.7307692307692307 0.03125 0.6225961538461539 0.03125
22 0.04326923076923077 0.01201923076923077 0.8221153846153846 0.01201923076923077 0.8221153846153846 0.17548076923076922 0.04326923076923077 0.17548076923076922
5 0.1201923076923077 0.6971153846153846 0.8076923076923077 0.6971153846153846 0.8076923076923077 0.7235576923076923 0.1201923076923077 0.7235576923076923
5 0.18028846153846154 0.39903846153846156 0.625 0.39903846153846156 0.625 0.43028846153846156 0.18028846153846154 0.43028846153846156
2 0.01201923076923077 0.009615384615384616 0.8221153846153846 0.009615384615384616 0.8221153846153846 0.9951923076923077 0.01201923076923077 0.9951923076923077
12 0.04326923076923077 0.17548076923076922 0.8221153846153846 0.17548076923076922 0.8221153846153846 0.20673076923076922 0.04326923076923077 0.20673076923076922
12 0.04326923076923077 0.7235576923076923 0.8221153846153846 0.7235576923076923 0.8221153846153846 0.7451923076923077 0.04326923076923077 0.7451923076923077
12 0.04326923076923077 0.43028846153846156 0.8221153846153846 0.43028846153846156 0.8221153846153846 0.4543269230769231 0.04326923076923077 0.4543269230769231
15 0.04326923076923077 0.7451923076923077 0.8221153846153846 0.7451923076923077 0.8221153846153846 0.9927884615384616 0.04326923076923077 0.9927884615384616
11 0.04326923076923077 0.4543269230769231 0.8221153846153846 0.4543269230769231 0.8221153846153846 0.7235576923076923 0.04326923076923077 0.7235576923076923
11 0.04326923076923077 0.20432692307692307 0.8221153846153846 0.20432692307692307 0.8221153846153846 0.43028846153846156 0.04326923076923077 0.43028846153846156
19 0.27403846153846156 0.009615384615384616 0.7884615384615384 0.009615384615384616 0.7884615384615384 0.0985576923076923 0.27403846153846156 0.0985576923076923
10 0.01201923076923077 0.009615384615384616 0.8245192307692307 0.009615384615384616 0.8245192307692307 0.9927884615384616 0.01201923076923077 0.9927884615384616