23 0.8197115384615384 0.36538461538461536 0.9038461538461539 0.36538461538461536 0.9038461538461539 0.5072115384615384 0.8197115384615384 0.5072115384615384
23 0.11298076923076923 0.3629807692307692 0.1971153846153846 0.3629807692307692 0.1971153846153846 0.5048076923076923 0.11298076923076923 0.5048076923076923
23 0.29086538461538464 0.3629807692307692 0.375 0.3629807692307692 0.375 0.5048076923076923 0.29086538461538464 0.5048076923076923
23 0.46634615384615385 0.3629807692307692 0.5504807692307693 0.3629807692307692 0.5504807692307693 0.5048076923076923 0.46634615384615385 0.5048076923076923
23 0.6418269230769231 0.3629807692307692 0.7259615384615384 0.3629807692307692 0.7259615384615384 0.5048076923076923 0.6418269230769231 0.5048076923076923
23 0.8173076923076923 0.5625 0.9086538461538461 0.5625 0.9086538461538461 0.7524038461538461 0.8173076923076923 0.7524038461538461
23 0.11057692307692307 0.5625 0.19951923076923078 0.5625 0.19951923076923078 0.7524038461538461 0.11057692307692307 0.7524038461538461
23 0.28846153846153844 0.5625 0.37740384615384615 0.5625 0.37740384615384615 0.7524038461538461 0.28846153846153844 0.7524038461538461
23 0.4639423076923077 0.5625 0.5528846153846154 0.5625 0.5528846153846154 0.7524038461538461 0.4639423076923077 0.7524038461538461
23 0.6394230769230769 0.5625 0.7283653846153846 0.5625 0.7283653846153846 0.7524038461538461 0.6394230769230769 0.7524038461538461
8 0.44711538461538464 0.84375 0.5721153846153846 0.84375 0.5721153846153846 0.9831730769230769 0.44711538461538464 0.9831730769230769
20 0.10336538461538461 0.8413461538461539 0.36538461538461536 0.8413461538461539 0.36538461538461536 0.9807692307692307 0.10336538461538461 0.9807692307692307
23 0.8173076923076923 0.1466346153846154 0.9014423076923077 0.1466346153846154 0.9014423076923077 0.27163461538461536 0.8173076923076923 0.27163461538461536
23 0.11057692307692307 0.1466346153846154 0.1971153846153846 0.1466346153846154 0.1971153846153846 0.27163461538461536 0.11057692307692307 0.27163461538461536
23 0.28846153846153844 0.1466346153846154 0.375 0.1466346153846154 0.375 0.27163461538461536 0.28846153846153844 0.27163461538461536
23 0.4639423076923077 0.1466346153846154 0.5504807692307693 0.1466346153846154 0.5504807692307693 0.27163461538461536 0.4639423076923077 0.27163461538461536
23 0.6370192307692307 0.1466346153846154 0.7235576923076923 0.1466346153846154 0.7235576923076923 0.27163461538461536 0.6370192307692307 0.27163461538461536
23 0.8100961538461539 0.8028846153846154 0.9182692307692307 0.8028846153846154 0.9182692307692307 0.9807692307692307 0.8100961538461539 0.9807692307692307
23 0.6322115384615384 0.8028846153846154 0.7379807692307693 0.8028846153846154 0.7379807692307693 0.9807692307692307 0.6322115384615384 0.9807692307692307
23 0.44711538461538464 0.7980769230769231 0.5697115384615384 0.7980769230769231 0.5697115384615384 0.8413461538461539 0.44711538461538464 0.8413461538461539
8 0.19951923076923078 0.8461538461538461 0.2668269230769231 0.8461538461538461 0.2668269230769231 0.9807692307692307 0.19951923076923078 0.9807692307692307
5 0.1201923076923077 0.53125 0.1875 0.53125 0.1875 0.5625 0.1201923076923077 0.5625
5 0.3004807692307692 0.53125 0.36778846153846156 0.53125 0.36778846153846156 0.5625 0.3004807692307692 0.5625
5 0.46875 0.53125 0.5432692307692307 0.53125 0.5432692307692307 0.5625 0.46875 0.5625
5 0.6490384615384616 0.53125 0.71875 0.53125 0.71875 0.5625 0.6490384615384616 0.5625
5 0.8293269230769231 0.5288461538461539 0.8966346153846154 0.5288461538461539 0.8966346153846154 0.5625 0.8293269230769231 0.5625
5 0.12259615384615384 0.3317307692307692 0.18509615384615385 0.3317307692307692 0.18509615384615385 0.3629807692307692 0.12259615384615384 0.3629807692307692
5 0.30288461538461536 0.3317307692307692 0.3629807692307692 0.3317307692307692 0.3629807692307692 0.3629807692307692 0.30288461538461536 0.3629807692307692
5 0.47596153846153844 0.3317307692307692 0.5360576923076923 0.3317307692307692 0.5360576923076923 0.3629807692307692 0.47596153846153844 0.3629807692307692
5 0.6538461538461539 0.3317307692307692 0.7139423076923077 0.3317307692307692 0.7139423076923077 0.3629807692307692 0.6538461538461539 0.3629807692307692
5 0.8317307692307693 0.3317307692307692 0.8918269230769231 0.3317307692307692 0.8918269230769231 0.3629807692307692 0.8317307692307693 0.3629807692307692
4 0.7908653846153846 0.11778846153846154 0.9302884615384616 0.11778846153846154 0.9302884615384616 0.16105769230769232 0.7908653846153846 0.16105769230769232
4 0.08173076923076923 0.11778846153846154 0.22115384615384615 0.11778846153846154 0.22115384615384615 0.16346153846153846 0.08173076923076923 0.16346153846153846
4 0.2620192307692308 0.11778846153846154 0.40384615384615385 0.11778846153846154 0.40384615384615385 0.16346153846153846 0.2620192307692308 0.16346153846153846
4 0.4375 0.11778846153846154 0.5769230769230769 0.11778846153846154 0.5769230769230769 0.16105769230769232 0.4375 0.16105769230769232
4 0.6129807692307693 0.11778846153846154 0.75 0.11778846153846154 0.75 0.16105769230769232 0.6129807692307693 0.16105769230769232
21 0.10576923076923077 0.5048076923076923 0.20192307692307693 0.5048076923076923 0.20192307692307693 0.5144230769230769 0.10576923076923077 0.5144230769230769
21 0.8149038461538461 0.5048076923076923 0.9110576923076923 0.5048076923076923 0.9110576923076923 0.5144230769230769 0.8149038461538461 0.5144230769230769
21 0.6370192307692307 0.5048076923076923 0.7331730769230769 0.5048076923076923 0.7331730769230769 0.5144230769230769 0.6370192307692307 0.5144230769230769
21 0.45913461538461536 0.5048076923076923 0.5552884615384616 0.5048076923076923 0.5552884615384616 0.5144230769230769 0.45913461538461536 0.5144230769230769
21 0.28365384615384615 0.5048076923076923 0.3798076923076923 0.5048076923076923 0.3798076923076923 0.5144230769230769 0.28365384615384615 0.5144230769230769
5 0.4543269230769231 0.7596153846153846 0.5600961538461539 0.7596153846153846 0.5600961538461539 0.8028846153846154 0.4543269230769231 0.8028846153846154
26 0.09615384615384616 0.9182692307692307 1 0.9182692307692307 1 1 0.09615384615384616 1
26 0.22596153846153846 0.9783653846153846 0.2403846153846154 0.9783653846153846 0.2403846153846154 1 0.22596153846153846 1
26 0.39663461538461536 0.9783653846153846 0.40865384615384615 0.9783653846153846 0.40865384615384615 1 0.39663461538461536 1
26 0.057692307692307696 0.9783653846153846 0.07211538461538461 0.9783653846153846 0.07211538461538461 1 0.057692307692307696 1
4 0.6346153846153846 0.019230769230769232 0.7139423076923077 0.019230769230769232 0.7139423076923077 0.052884615384615384 0.6346153846153846 0.052884615384615384
4 0.2980769230769231 0.016826923076923076 0.37740384615384615 0.016826923076923076 0.37740384615384615 0.05048076923076923 0.2980769230769231 0.05048076923076923
4 0.46875 0.016826923076923076 0.5480769230769231 0.016826923076923076 0.5480769230769231 0.052884615384615384 0.46875 0.052884615384615384
19 0.036057692307692304 0.040865384615384616 0.9735576923076923 0.040865384615384616 0.9735576923076923 0.11778846153846154 0.036057692307692304 0.11778846153846154
11 0.038461538461538464 0.12740384615384615 0.9711538461538461 0.12740384615384615 0.9711538461538461 0.30288461538461536 0.038461538461538464 0.30288461538461536
12 0.016826923076923076 0.7596153846153846 1 0.7596153846153846 1 0.7716346153846154 0.016826923076923076 0.7716346153846154
12 0.016826923076923076 0.5192307692307693 1 0.5192307692307693 1 0.53125 0.016826923076923076 0.53125
15 0.016826923076923076 0.7716346153846154 0.9975961538461539 0.7716346153846154 0.9975961538461539 0.9807692307692307 0.016826923076923076 0.9807692307692307
12 0.038461538461538464 0.11538461538461539 0.9711538461538461 0.11538461538461539 0.9711538461538461 0.12740384615384615 0.038461538461538464 0.12740384615384615
12 0.016826923076923076 0.29086538461538464 1 0.29086538461538464 1 0.30288461538461536 0.016826923076923076 0.30288461538461536
11 0.016826923076923076 0.30288461538461536 0.9975961538461539 0.30288461538461536 0.9975961538461539 0.53125 0.016826923076923076 0.53125
11 0.016826923076923076 0.5288461538461539 0.9975961538461539 0.5288461538461539 0.9975961538461539 0.7716346153846154 0.016826923076923076 0.7716346153846154
22 0.038461538461538464 0.016826923076923076 0.9711538461538461 0.016826923076923076 0.9711538461538461 0.12740384615384615 0.038461538461538464 0.12740384615384615
2 0 0 1 0 1 0.9807692307692307 0 0.9807692307692307
10 0.016826923076923076 0.29086538461538464 0.9711538461538461 0.29086538461538464 0.9711538461538461 0.9807692307692307 0.016826923076923076 0.9807692307692307