23 0.8557692307692307 0.7980769230769231 0.9615384615384616 0.7980769230769231 0.9615384615384616 0.9591346153846154 0.8557692307692307 0.9591346153846154
23 0.040865384615384616 0.7980769230769231 0.14903846153846154 0.7980769230769231 0.14903846153846154 0.9350961538461539 0.040865384615384616 0.9350961538461539
23 0.19951923076923078 0.7980769230769231 0.3076923076923077 0.7980769230769231 0.3076923076923077 0.9350961538461539 0.19951923076923078 0.9350961538461539
23 0.3581730769230769 0.7980769230769231 0.4639423076923077 0.7980769230769231 0.4639423076923077 0.9350961538461539 0.3581730769230769 0.9350961538461539
23 0.5432692307692307 0.7980769230769231 0.6490384615384616 0.7980769230769231 0.6490384615384616 0.9591346153846154 0.5432692307692307 0.9591346153846154
23 0.6995192307692307 0.7980769230769231 0.8052884615384616 0.7980769230769231 0.8052884615384616 0.9591346153846154 0.6995192307692307 0.9591346153846154
23 0.8557692307692307 0.04567307692307692 0.9591346153846154 0.04567307692307692 0.9591346153846154 0.2091346153846154 0.8557692307692307 0.2091346153846154
23 0.040865384615384616 0.04567307692307692 0.1466346153846154 0.04567307692307692 0.1466346153846154 0.18509615384615385 0.040865384615384616 0.18509615384615385
23 0.19951923076923078 0.04567307692307692 0.30528846153846156 0.04567307692307692 0.30528846153846156 0.18509615384615385 0.19951923076923078 0.18509615384615385
23 0.3557692307692308 0.04567307692307692 0.4639423076923077 0.04567307692307692 0.4639423076923077 0.18509615384615385 0.3557692307692308 0.18509615384615385
23 0.5432692307692307 0.04567307692307692 0.6466346153846154 0.04567307692307692 0.6466346153846154 0.2091346153846154 0.5432692307692307 0.2091346153846154
23 0.6995192307692307 0.04567307692307692 0.8028846153846154 0.04567307692307692 0.8028846153846154 0.2091346153846154 0.6995192307692307 0.2091346153846154
23 0.8557692307692307 0.2956730769230769 0.9591346153846154 0.2956730769230769 0.9591346153846154 0.4567307692307692 0.8557692307692307 0.4567307692307692
23 0.040865384615384616 0.2956730769230769 0.1466346153846154 0.2956730769230769 0.1466346153846154 0.4326923076923077 0.040865384615384616 0.4326923076923077
23 0.19951923076923078 0.2956730769230769 0.30528846153846156 0.2956730769230769 0.30528846153846156 0.4326923076923077 0.19951923076923078 0.4326923076923077
23 0.3557692307692308 0.2956730769230769 0.4639423076923077 0.2956730769230769 0.4639423076923077 0.4326923076923077 0.3557692307692308 0.4326923076923077
23 0.5432692307692307 0.2956730769230769 0.6466346153846154 0.2956730769230769 0.6466346153846154 0.4567307692307692 0.5432692307692307 0.4567307692307692
23 0.6995192307692307 0.2956730769230769 0.8052884615384616 0.2956730769230769 0.8052884615384616 0.4567307692307692 0.6995192307692307 0.4567307692307692
23 0.8557692307692307 0.5456730769230769 0.9615384615384616 0.5456730769230769 0.9615384615384616 0.7091346153846154 0.8557692307692307 0.7091346153846154
23 0.040865384615384616 0.5456730769230769 0.14903846153846154 0.5456730769230769 0.14903846153846154 0.6850961538461539 0.040865384615384616 0.6850961538461539
23 0.19951923076923078 0.5456730769230769 0.3076923076923077 0.5456730769230769 0.3076923076923077 0.6850961538461539 0.19951923076923078 0.6850961538461539
23 0.3581730769230769 0.5456730769230769 0.4639423076923077 0.5456730769230769 0.4639423076923077 0.6850961538461539 0.3581730769230769 0.6850961538461539
23 0.5432692307692307 0.5456730769230769 0.6490384615384616 0.5456730769230769 0.6490384615384616 0.7091346153846154 0.5432692307692307 0.7091346153846154
23 0.6995192307692307 0.5456730769230769 0.8052884615384616 0.5456730769230769 0.8052884615384616 0.7091346153846154 0.6995192307692307 0.7091346153846154
12 0 0.9855769230769231 1 0.9855769230769231 1 1 0 1
12 0 0.23557692307692307 1 0.23557692307692307 1 0.25 0 0.25
12 0 0.4855769230769231 1 0.4855769230769231 1 0.5 0 0.5
12 0 0.7355769230769231 1 0.7355769230769231 1 0.75 0 0.75
11 0 0 1 0 1 0.23317307692307693 0 0.23317307692307693
11 0 0.75 1 0.75 1 0.9855769230769231 0 0.9855769230769231
11 0 0.24759615384615385 1 0.24759615384615385 1 0.4855769230769231 0 0.4855769230769231
11 0 0.5 1 0.5 1 0.7355769230769231 0 0.7355769230769231
2 0 0 1 0 1 1 0 1
10 0 0 1 0 1 1 0 1