23 0.8149038461538461 0.42788461538461536 0.8365384615384616 0.42788461538461536 0.8365384615384616 0.4879807692307692 0.8149038461538461 0.4879807692307692
23 0.7860576923076923 0.42788461538461536 0.8076923076923077 0.42788461538461536 0.8076923076923077 0.4879807692307692 0.7860576923076923 0.4879807692307692
23 0.6947115384615384 0.4254807692307692 0.7163461538461539 0.4254807692307692 0.7163461538461539 0.4855769230769231 0.6947115384615384 0.4855769230769231
23 0.6658653846153846 0.4254807692307692 0.6875 0.4254807692307692 0.6875 0.4855769230769231 0.6658653846153846 0.4855769230769231
23 0.27403846153846156 0.42788461538461536 0.2980769230769231 0.42788461538461536 0.2980769230769231 0.4879807692307692 0.27403846153846156 0.4879807692307692
23 0.24519230769230768 0.42788461538461536 0.2692307692307692 0.42788461538461536 0.2692307692307692 0.4879807692307692 0.24519230769230768 0.4879807692307692
23 0.15384615384615385 0.42788461538461536 0.17548076923076922 0.42788461538461536 0.17548076923076922 0.4879807692307692 0.15384615384615385 0.4879807692307692
23 0.125 0.42788461538461536 0.1466346153846154 0.42788461538461536 0.1466346153846154 0.4879807692307692 0.125 0.4879807692307692
23 0.24519230769230768 0.5504807692307693 0.2956730769230769 0.5504807692307693 0.2956730769230769 0.6490384615384616 0.24519230769230768 0.6490384615384616
23 0.125 0.8966346153846154 0.17548076923076922 0.8966346153846154 0.17548076923076922 1 0.125 1
23 0.24519230769230768 0.8966346153846154 0.2956730769230769 0.8966346153846154 0.2956730769230769 1 0.24519230769230768 1
23 0.125 0.5480769230769231 0.17548076923076922 0.5480769230769231 0.17548076923076922 0.6490384615384616 0.125 0.6490384615384616
23 0.4543269230769231 0.8966346153846154 0.5072115384615384 0.8966346153846154 0.5072115384615384 0.9975961538461539 0.4543269230769231 0.9975961538461539
23 0.125 0.7235576923076923 0.17548076923076922 0.7235576923076923 0.17548076923076922 0.8245192307692307 0.125 0.8245192307692307
23 0.7860576923076923 0.5480769230769231 0.8365384615384616 0.5480769230769231 0.8365384615384616 0.6466346153846154 0.7860576923076923 0.6466346153846154
23 0.6658653846153846 0.8966346153846154 0.7163461538461539 0.8966346153846154 0.7163461538461539 1 0.6658653846153846 1
23 0.7860576923076923 0.8966346153846154 0.8365384615384616 0.8966346153846154 0.8365384615384616 1 0.7860576923076923 1
23 0.6658653846153846 0.5480769230769231 0.7163461538461539 0.5480769230769231 0.7163461538461539 0.6466346153846154 0.6658653846153846 0.6466346153846154
23 0.7860576923076923 0.7235576923076923 0.8365384615384616 0.7235576923076923 0.8365384615384616 0.8221153846153846 0.7860576923076923 0.8221153846153846
23 0.6658653846153846 0.7235576923076923 0.7163461538461539 0.7235576923076923 0.7163461538461539 0.8221153846153846 0.6658653846153846 0.8221153846153846
23 0.24519230769230768 0.7235576923076923 0.2956730769230769 0.7235576923076923 0.2956730769230769 0.8245192307692307 0.24519230769230768 0.8245192307692307
23 0.4543269230769231 0.7235576923076923 0.5048076923076923 0.7235576923076923 0.5048076923076923 0.8245192307692307 0.4543269230769231 0.8245192307692307
23 0.4831730769230769 0.5625 0.5168269230769231 0.5625 0.5168269230769231 0.6490384615384616 0.4831730769230769 0.6490384615384616
23 0.44471153846153844 0.5625 0.47836538461538464 0.5625 0.47836538461538464 0.6490384615384616 0.44471153846153844 0.6490384615384616
23 0.5 0.38461538461538464 0.5504807692307693 0.38461538461538464 0.5504807692307693 0.4831730769230769 0.5 0.4831730769230769
23 0.40865384615384615 0.38461538461538464 0.45913461538461536 0.38461538461538464 0.45913461538461536 0.4831730769230769 0.40865384615384615 0.4831730769230769
4 0.22596153846153846 0.8725961538461539 0.31009615384615385 0.8725961538461539 0.31009615384615385 0.9038461538461539 0.22596153846153846 0.9038461538461539
4 0.10336538461538461 0.8701923076923077 0.18990384615384615 0.8701923076923077 0.18990384615384615 0.9038461538461539 0.10336538461538461 0.9038461538461539
4 0.22596153846153846 0.5240384615384616 0.3125 0.5240384615384616 0.3125 0.5576923076923077 0.22596153846153846 0.5576923076923077
4 0.10336538461538461 0.5240384615384616 0.18990384615384615 0.5240384615384616 0.18990384615384615 0.5552884615384616 0.10336538461538461 0.5552884615384616
4 0.22596153846153846 0.6995192307692307 0.31009615384615385 0.6995192307692307 0.31009615384615385 0.7307692307692307 0.22596153846153846 0.7307692307692307
4 0.10336538461538461 0.6995192307692307 0.18990384615384615 0.6995192307692307 0.18990384615384615 0.7307692307692307 0.10336538461538461 0.7307692307692307
4 0.43509615384615385 0.8725961538461539 0.5216346153846154 0.8725961538461539 0.5216346153846154 0.9038461538461539 0.43509615384615385 0.9038461538461539
4 0.4326923076923077 0.5408653846153846 0.5264423076923077 0.5408653846153846 0.5264423076923077 0.5673076923076923 0.4326923076923077 0.5673076923076923
4 0.43509615384615385 0.6995192307692307 0.5216346153846154 0.6995192307692307 0.5216346153846154 0.7307692307692307 0.43509615384615385 0.7307692307692307
4 0.7668269230769231 0.5216346153846154 0.8509615384615384 0.5216346153846154 0.8509615384615384 0.5552884615384616 0.7668269230769231 0.5552884615384616
4 0.6466346153846154 0.5216346153846154 0.7307692307692307 0.5216346153846154 0.7307692307692307 0.5552884615384616 0.6466346153846154 0.5552884615384616
4 0.7668269230769231 0.8701923076923077 0.8533653846153846 0.8701923076923077 0.8533653846153846 0.9038461538461539 0.7668269230769231 0.9038461538461539
4 0.6466346153846154 0.8701923076923077 0.7307692307692307 0.8701923076923077 0.7307692307692307 0.9038461538461539 0.6466346153846154 0.9038461538461539
4 0.7668269230769231 0.6971153846153846 0.8509615384615384 0.6971153846153846 0.8509615384615384 0.7307692307692307 0.7668269230769231 0.7307692307692307
4 0.6466346153846154 0.6995192307692307 0.7307692307692307 0.6995192307692307 0.7307692307692307 0.7307692307692307 0.6466346153846154 0.7307692307692307
16 0.08413461538461539 0.21634615384615385 0.8677884615384616 0.21634615384615385 0.8677884615384616 0.40625 0.08413461538461539 0.40625
2 0 0.021634615384615384 0.9975961538461539 0.021634615384615384 0.9975961538461539 1 0 1
12 0.028846153846153848 0.875 0.9230769230769231 0.875 0.9230769230769231 0.8870192307692307 0.028846153846153848 0.8870192307692307
12 0.028846153846153848 0.7019230769230769 0.9230769230769231 0.7019230769230769 0.9230769230769231 0.7163461538461539 0.028846153846153848 0.7163461538461539
12 0.028846153846153848 0.5264423076923077 0.9230769230769231 0.5264423076923077 0.9230769230769231 0.5384615384615384 0.028846153846153848 0.5384615384615384
22 0.028846153846153848 0.12980769230769232 0.9230769230769231 0.12980769230769232 0.9230769230769231 0.5240384615384616 0.028846153846153848 0.5240384615384616
11 0.028846153846153848 0.8870192307692307 0.9230769230769231 0.8870192307692307 0.9230769230769231 0.9975961538461539 0.028846153846153848 0.9975961538461539
11 0.028846153846153848 0.7139423076923077 0.9230769230769231 0.7139423076923077 0.9230769230769231 0.875 0.028846153846153848 0.875
11 0.028846153846153848 0.5384615384615384 0.9230769230769231 0.5384615384615384 0.9230769230769231 0.7019230769230769 0.028846153846153848 0.7019230769230769
10 0.004807692307692308 0.021634615384615384 0.9543269230769231 0.021634615384615384 0.9543269230769231 0.9615384615384616 0.004807692307692308 0.9615384615384616