8 0.23317307692307693 0.53125 0.32211538461538464 0.53125 0.32211538461538464 0.6995192307692307 0.23317307692307693 0.6995192307692307
8 0.23317307692307693 0.1875 0.32211538461538464 0.1875 0.32211538461538464 0.3557692307692308 0.23317307692307693 0.3557692307692308
8 0.47836538461538464 0.1875 0.5673076923076923 0.1875 0.5673076923076923 0.3557692307692308 0.47836538461538464 0.3557692307692308
8 0.7259615384615384 0.1875 0.8149038461538461 0.1875 0.8149038461538461 0.3557692307692308 0.7259615384615384 0.3557692307692308
8 0.7235576923076923 0.53125 0.8125 0.53125 0.8125 0.6995192307692307 0.7235576923076923 0.6995192307692307
8 0.47596153846153844 0.53125 0.5649038461538461 0.53125 0.5649038461538461 0.6995192307692307 0.47596153846153844 0.6995192307692307
23 0.24278846153846154 0.8461538461538461 0.30528846153846156 0.8461538461538461 0.30528846153846156 0.9206730769230769 0.24278846153846154 0.9206730769230769
23 0.7355769230769231 0.8413461538461539 0.8004807692307693 0.8413461538461539 0.8004807692307693 0.9206730769230769 0.7355769230769231 0.9206730769230769
0 0.6971153846153846 0.31009615384615385 0.8461538461538461 0.31009615384615385 0.8461538461538461 0.3605769230769231 0.6971153846153846 0.3605769230769231
0 0.20192307692307693 0.31009615384615385 0.35096153846153844 0.31009615384615385 0.35096153846153844 0.3605769230769231 0.20192307692307693 0.3605769230769231
0 0.4495192307692308 0.31009615384615385 0.5961538461538461 0.31009615384615385 0.5961538461538461 0.3605769230769231 0.4495192307692308 0.3605769230769231
0 0.19951923076923078 0.65625 0.3485576923076923 0.65625 0.3485576923076923 0.7043269230769231 0.19951923076923078 0.7043269230769231
0 0.6947115384615384 0.65625 0.8461538461538461 0.65625 0.8461538461538461 0.7043269230769231 0.6947115384615384 0.7043269230769231
0 0.44711538461538464 0.65625 0.5961538461538461 0.65625 0.5961538461538461 0.7043269230769231 0.44711538461538464 0.7043269230769231
4 0.6802884615384616 0.10336538461538461 0.8605769230769231 0.10336538461538461 0.8605769230769231 0.16105769230769232 0.6802884615384616 0.16105769230769232
4 0.18990384615384615 0.10576923076923077 0.36538461538461536 0.10576923076923077 0.36538461538461536 0.16346153846153846 0.18990384615384615 0.16346153846153846
4 0.4326923076923077 0.10336538461538461 0.6105769230769231 0.10336538461538461 0.6105769230769231 0.16346153846153846 0.4326923076923077 0.16346153846153846
4 0.18509615384615385 0.4519230769230769 0.3629807692307692 0.4519230769230769 0.3629807692307692 0.5072115384615384 0.18509615384615385 0.5072115384615384
4 0.6802884615384616 0.4519230769230769 0.8581730769230769 0.4519230769230769 0.8581730769230769 0.5048076923076923 0.6802884615384616 0.5048076923076923
4 0.4326923076923077 0.4519230769230769 0.6129807692307693 0.4519230769230769 0.6129807692307693 0.5072115384615384 0.4326923076923077 0.5072115384615384
16 0.055288461538461536 0.7043269230769231 0.9903846153846154 0.7043269230769231 0.9903846153846154 0.7331730769230769 0.055288461538461536 0.7331730769230769
23 0.7091346153846154 0.8149038461538461 0.8365384615384616 0.8149038461538461 0.8365384615384616 0.9975961538461539 0.7091346153846154 0.9975961538461539
16 0.10336538461538461 0.04807692307692308 0.9326923076923077 0.04807692307692308 0.9326923076923077 0.06971153846153846 0.10336538461538461 0.06971153846153846
4 0.4326923076923077 0.4519230769230769 0.6129807692307693 0.4519230769230769 0.6129807692307693 0.5072115384615384 0.4326923076923077 0.5072115384615384
4 0.4326923076923077 0.4519230769230769 0.6129807692307693 0.4519230769230769 0.6129807692307693 0.5072115384615384 0.4326923076923077 0.5072115384615384
17 0.35096153846153844 0.06490384615384616 0.39903846153846156 0.06490384615384616 0.39903846153846156 0.3581730769230769 0.35096153846153844 0.3581730769230769
17 0.11298076923076923 0.41586538461538464 0.15625 0.41586538461538464 0.15625 0.7019230769230769 0.11298076923076923 0.7019230769230769
17 0.15144230769230768 0.41586538461538464 0.19471153846153846 0.41586538461538464 0.19471153846153846 0.7019230769230769 0.15144230769230768 0.7019230769230769
17 0.6033653846153846 0.41586538461538464 0.6466346153846154 0.41586538461538464 0.6466346153846154 0.7019230769230769 0.6033653846153846 0.7019230769230769
17 0.8894230769230769 0.41586538461538464 0.9302884615384616 0.41586538461538464 0.9302884615384616 0.6995192307692307 0.8894230769230769 0.6995192307692307
17 0.39663461538461536 0.41586538461538464 0.43990384615384615 0.41586538461538464 0.43990384615384615 0.7019230769230769 0.39663461538461536 0.7019230769230769
17 0.3581730769230769 0.41586538461538464 0.4014423076923077 0.41586538461538464 0.4014423076923077 0.7019230769230769 0.3581730769230769 0.7019230769230769
17 0.8509615384615384 0.41586538461538464 0.8942307692307693 0.41586538461538464 0.8942307692307693 0.6995192307692307 0.8509615384615384 0.6995192307692307
17 0.6442307692307693 0.41586538461538464 0.6850961538461539 0.41586538461538464 0.6850961538461539 0.7019230769230769 0.6442307692307693 0.7019230769230769
16 0.09615384615384616 0.3701923076923077 0.9158653846153846 0.3701923076923077 0.9158653846153846 0.3870192307692308 0.09615384615384616 0.3870192307692308
17 0.39903846153846156 0.06490384615384616 0.4423076923076923 0.06490384615384616 0.4423076923076923 0.3581730769230769 0.39903846153846156 0.3581730769230769
17 0.10817307692307693 0.0673076923076923 0.15384615384615385 0.0673076923076923 0.15384615384615385 0.3605769230769231 0.10817307692307693 0.3605769230769231
17 0.1466346153846154 0.0673076923076923 0.1971153846153846 0.0673076923076923 0.1971153846153846 0.3605769230769231 0.1466346153846154 0.3605769230769231
17 0.8918269230769231 0.06490384615384616 0.9375 0.06490384615384616 0.9375 0.3557692307692308 0.8918269230769231 0.3557692307692308
17 0.6442307692307693 0.06490384615384616 0.6899038461538461 0.06490384615384616 0.6899038461538461 0.3581730769230769 0.6442307692307693 0.3581730769230769
17 0.8485576923076923 0.06490384615384616 0.8942307692307693 0.06490384615384616 0.8942307692307693 0.3557692307692308 0.8485576923076923 0.3557692307692308
17 0.6009615384615384 0.06490384615384616 0.6466346153846154 0.06490384615384616 0.6466346153846154 0.3581730769230769 0.6009615384615384 0.3581730769230769
5 0.49759615384615385 0.6538461538461539 0.5432692307692307 0.6538461538461539 0.5432692307692307 0.7259615384615384 0.49759615384615385 0.7259615384615384
20 0.7475961538461539 0.9471153846153846 0.7860576923076923 0.9471153846153846 0.7860576923076923 1 0.7475961538461539 1
20 0.25 0.9399038461538461 0.2980769230769231 0.9399038461538461 0.2980769230769231 1 0.25 1
12 0.10096153846153846 0.3581730769230769 0.9567307692307693 0.3581730769230769 0.9567307692307693 0.37740384615384615 0.10096153846153846 0.37740384615384615
22 0.10096153846153846 0.04567307692307692 0.9567307692307693 0.04567307692307692 0.9567307692307693 0.37740384615384615 0.10096153846153846 0.37740384615384615
12 0.06490384615384616 0.7043269230769231 0.9807692307692307 0.7043269230769231 0.9807692307692307 0.7235576923076923 0.06490384615384616 0.7235576923076923
15 0.06490384615384616 0.7235576923076923 0.9807692307692307 0.7235576923076923 0.9807692307692307 1 0.06490384615384616 1
11 0.10096153846153846 0.37740384615384615 0.9567307692307693 0.37740384615384615 0.9567307692307693 0.7235576923076923 0.10096153846153846 0.7235576923076923
2 0.055288461538461536 0.002403846153846154 0.9903846153846154 0.002403846153846154 0.9903846153846154 1 0.055288461538461536 1
10 0.08173076923076923 0.002403846153846154 0.9903846153846154 0.002403846153846154 0.9903846153846154 0.9975961538461539 0.08173076923076923 0.9975961538461539
8 0.4567307692307692 0.8149038461538461 0.5841346153846154 0.8149038461538461 0.5841346153846154 0.9975961538461539 0.4567307692307692 0.9975961538461539
23 0.2091346153846154 0.8149038461538461 0.33653846153846156 0.8149038461538461 0.33653846153846156 0.9975961538461539 0.2091346153846154 0.9975961538461539