4 0.04807692307692308 0.4206730769230769 0.14182692307692307 0.4206730769230769 0.14182692307692307 0.4855769230769231 0.04807692307692308 0.4855769230769231
4 0.8725961538461539 0.4206730769230769 0.96875 0.4206730769230769 0.96875 0.4831730769230769 0.8725961538461539 0.4831730769230769
4 0.2860576923076923 0.4206730769230769 0.375 0.4206730769230769 0.375 0.4831730769230769 0.2860576923076923 0.4831730769230769
4 0.1658653846153846 0.4206730769230769 0.25961538461538464 0.4206730769230769 0.25961538461538464 0.4855769230769231 0.1658653846153846 0.4855769230769231
4 0.05048076923076923 0.22596153846153846 0.14182692307692307 0.22596153846153846 0.14182692307692307 0.3004807692307692 0.05048076923076923 0.3004807692307692
4 0.5240384615384616 0.4206730769230769 0.6129807692307693 0.4206730769230769 0.6129807692307693 0.4831730769230769 0.5240384615384616 0.4831730769230769
4 0.6394230769230769 0.4206730769230769 0.7331730769230769 0.4206730769230769 0.7331730769230769 0.4831730769230769 0.6394230769230769 0.4831730769230769
4 0.7548076923076923 0.4206730769230769 0.8509615384615384 0.4206730769230769 0.8509615384615384 0.4831730769230769 0.7548076923076923 0.4831730769230769
4 0.04567307692307692 0.6346153846153846 0.1466346153846154 0.6346153846153846 0.1466346153846154 0.6706730769230769 0.04567307692307692 0.6706730769230769
4 0.8725961538461539 0.6322115384615384 0.9759615384615384 0.6322115384615384 0.9759615384615384 0.6706730769230769 0.8725961538461539 0.6706730769230769
4 0.28125 0.6346153846153846 0.3798076923076923 0.6346153846153846 0.3798076923076923 0.6706730769230769 0.28125 0.6706730769230769
4 0.16105769230769232 0.6346153846153846 0.2644230769230769 0.6346153846153846 0.2644230769230769 0.6706730769230769 0.16105769230769232 0.6706730769230769
4 0.40384615384615385 0.6346153846153846 0.49759615384615385 0.6346153846153846 0.49759615384615385 0.6706730769230769 0.40384615384615385 0.6706730769230769
4 0.5216346153846154 0.6346153846153846 0.6177884615384616 0.6346153846153846 0.6177884615384616 0.6706730769230769 0.5216346153846154 0.6706730769230769
4 0.6370192307692307 0.6322115384615384 0.7379807692307693 0.6322115384615384 0.7379807692307693 0.6706730769230769 0.6370192307692307 0.6706730769230769
4 0.7548076923076923 0.6322115384615384 0.8557692307692307 0.6322115384615384 0.8557692307692307 0.6706730769230769 0.7548076923076923 0.6706730769230769
4 0.40384615384615385 0.4206730769230769 0.4951923076923077 0.4206730769230769 0.4951923076923077 0.4831730769230769 0.40384615384615385 0.4831730769230769
4 0.875 0.22596153846153846 0.9663461538461539 0.22596153846153846 0.9663461538461539 0.3004807692307692 0.875 0.3004807692307692
4 0.28846153846153844 0.22596153846153846 0.375 0.22596153846153846 0.375 0.2980769230769231 0.28846153846153844 0.2980769230769231
4 0.16826923076923078 0.22596153846153846 0.25721153846153844 0.22596153846153846 0.25721153846153844 0.3004807692307692 0.16826923076923078 0.3004807692307692
4 0.40625 0.22596153846153846 0.49038461538461536 0.22596153846153846 0.49038461538461536 0.2980769230769231 0.40625 0.2980769230769231
4 0.5240384615384616 0.22355769230769232 0.6105769230769231 0.22355769230769232 0.6105769230769231 0.2980769230769231 0.5240384615384616 0.2980769230769231
4 0.6418269230769231 0.22355769230769232 0.7307692307692307 0.22355769230769232 0.7307692307692307 0.2980769230769231 0.6418269230769231 0.2980769230769231
4 0.7620192307692307 0.22596153846153846 0.8485576923076923 0.22596153846153846 0.8485576923076923 0.3004807692307692 0.7620192307692307 0.3004807692307692
17 0.026442307692307692 0.08653846153846154 0.04807692307692308 0.08653846153846154 0.04807692307692308 0.19471153846153846 0.026442307692307692 0.19471153846153846
17 0.9663461538461539 0.08653846153846154 0.9927884615384616 0.08653846153846154 0.9927884615384616 0.19471153846153846 0.9663461538461539 0.19471153846153846
17 0.3798076923076923 0.08653846153846154 0.4014423076923077 0.08653846153846154 0.4014423076923077 0.19471153846153846 0.3798076923076923 0.19471153846153846
17 0.2620192307692308 0.08653846153846154 0.28365384615384615 0.08653846153846154 0.28365384615384615 0.19471153846153846 0.2620192307692308 0.19471153846153846
17 0.14423076923076922 0.08653846153846154 0.1658653846153846 0.08653846153846154 0.1658653846153846 0.19471153846153846 0.14423076923076922 0.19471153846153846
17 0.5 0.08653846153846154 0.5216346153846154 0.08653846153846154 0.5216346153846154 0.19471153846153846 0.5 0.19471153846153846
17 0.6153846153846154 0.08653846153846154 0.6370192307692307 0.08653846153846154 0.6370192307692307 0.19471153846153846 0.6153846153846154 0.19471153846153846
17 0.7331730769230769 0.08653846153846154 0.7548076923076923 0.08653846153846154 0.7548076923076923 0.19471153846153846 0.7331730769230769 0.19471153846153846
17 0.8485576923076923 0.08653846153846154 0.8725961538461539 0.08653846153846154 0.8725961538461539 0.19471153846153846 0.8485576923076923 0.19471153846153846
16 0.02403846153846154 0.19471153846153846 0.9927884615384616 0.19471153846153846 0.9927884615384616 0.2283653846153846 0.02403846153846154 0.2283653846153846
16 0.028846153846153848 0.38461538461538464 0.9879807692307693 0.38461538461538464 0.9879807692307693 0.40625 0.028846153846153848 0.40625
16 0.02403846153846154 0.6081730769230769 0.9975961538461539 0.6081730769230769 0.9975961538461539 0.6274038461538461 0.02403846153846154 0.6274038461538461
16 0.019230769230769232 0.8004807692307693 0.9975961538461539 0.8004807692307693 0.9975961538461539 0.8197115384615384 0.019230769230769232 0.8197115384615384
16 0.040865384615384616 0.08653846153846154 0.9783653846153846 0.08653846153846154 0.9783653846153846 0.09615384615384616 0.040865384615384616 0.09615384615384616
16 0.040865384615384616 0.0625 0.9783653846153846 0.0625 0.9783653846153846 0.07692307692307693 0.040865384615384616 0.07692307692307693
23 0.39663461538461536 0.8894230769230769 0.5096153846153846 0.8894230769230769 0.5096153846153846 0.9350961538461539 0.39663461538461536 0.9350961538461539
23 0.8966346153846154 0.8870192307692307 0.9447115384615384 0.8870192307692307 0.9447115384615384 0.9855769230769231 0.8966346153846154 0.9855769230769231
23 0.5504807692307693 0.8894230769230769 0.5961538461538461 0.8894230769230769 0.5961538461538461 0.9855769230769231 0.5504807692307693 0.9855769230769231
23 0.6610576923076923 0.8870192307692307 0.7091346153846154 0.8870192307692307 0.7091346153846154 0.9855769230769231 0.6610576923076923 0.9855769230769231
23 0.7788461538461539 0.8870192307692307 0.8245192307692307 0.8870192307692307 0.8245192307692307 0.9855769230769231 0.7788461538461539 0.9855769230769231
16 0.5120192307692307 0.9855769230769231 1 0.9855769230769231 1 1 0.5120192307692307 1
8 0.39663461538461536 0.9447115384615384 0.5096153846153846 0.9447115384615384 0.5096153846153846 1 0.39663461538461536 1
23 0.24759615384615385 0.8870192307692307 0.35336538461538464 0.8870192307692307 0.35336538461538464 1 0.24759615384615385 1
23 0.1875 0.8894230769230769 0.23798076923076922 0.8894230769230769 0.23798076923076922 1 0.1875 1
23 0.06971153846153846 0.8870192307692307 0.1778846153846154 0.8870192307692307 0.1778846153846154 1 0.06971153846153846 1
23 0.07211538461538461 0.1201923076923077 0.1201923076923077 0.1201923076923077 0.1201923076923077 0.19471153846153846 0.07211538461538461 0.19471153846153846
23 0.07211538461538461 0.6706730769230769 0.125 0.6706730769230769 0.125 0.7908653846153846 0.07211538461538461 0.7908653846153846
23 0.1875 0.6706730769230769 0.2403846153846154 0.6706730769230769 0.2403846153846154 0.7908653846153846 0.1875 0.7908653846153846
23 0.30528846153846156 0.6706730769230769 0.3581730769230769 0.6706730769230769 0.3581730769230769 0.7908653846153846 0.30528846153846156 0.7908653846153846
23 0.4254807692307692 0.6706730769230769 0.47596153846153844 0.6706730769230769 0.47596153846153844 0.7908653846153846 0.4254807692307692 0.7908653846153846
23 0.5432692307692307 0.6706730769230769 0.59375 0.6706730769230769 0.59375 0.7908653846153846 0.5432692307692307 0.7908653846153846
23 0.6610576923076923 0.6706730769230769 0.7115384615384616 0.6706730769230769 0.7115384615384616 0.7908653846153846 0.6610576923076923 0.7908653846153846
23 0.7788461538461539 0.6706730769230769 0.8317307692307693 0.6706730769230769 0.8317307692307693 0.7908653846153846 0.7788461538461539 0.7908653846153846
23 0.8942307692307693 0.6706730769230769 0.9471153846153846 0.6706730769230769 0.9471153846153846 0.7908653846153846 0.8942307692307693 0.7908653846153846
23 0.8942307692307693 0.47836538461538464 0.9471153846153846 0.47836538461538464 0.9471153846153846 0.5793269230769231 0.8942307692307693 0.5793269230769231
23 0.7788461538461539 0.47836538461538464 0.8293269230769231 0.47836538461538464 0.8293269230769231 0.5793269230769231 0.7788461538461539 0.5793269230769231
23 0.6610576923076923 0.47836538461538464 0.7115384615384616 0.47836538461538464 0.7115384615384616 0.5793269230769231 0.6610576923076923 0.5793269230769231
23 0.5432692307692307 0.47836538461538464 0.59375 0.47836538461538464 0.59375 0.5793269230769231 0.5432692307692307 0.5793269230769231
23 0.4254807692307692 0.4807692307692308 0.47596153846153844 0.4807692307692308 0.47596153846153844 0.5817307692307693 0.4254807692307692 0.5817307692307693
23 0.30528846153846156 0.4807692307692308 0.3581730769230769 0.4807692307692308 0.3581730769230769 0.5817307692307693 0.30528846153846156 0.5817307692307693
23 0.1875 0.4807692307692308 0.2403846153846154 0.4807692307692308 0.2403846153846154 0.5817307692307693 0.1875 0.5817307692307693
23 0.07211538461538461 0.4807692307692308 0.12259615384615384 0.4807692307692308 0.12259615384615384 0.5817307692307693 0.07211538461538461 0.5817307692307693
23 0.07451923076923077 0.2932692307692308 0.12259615384615384 0.2932692307692308 0.12259615384615384 0.3870192307692308 0.07451923076923077 0.3870192307692308
23 0.19230769230769232 0.29086538461538464 0.2403846153846154 0.29086538461538464 0.2403846153846154 0.38461538461538464 0.19230769230769232 0.38461538461538464
23 0.3076923076923077 0.29086538461538464 0.3557692307692308 0.29086538461538464 0.3557692307692308 0.38461538461538464 0.3076923076923077 0.38461538461538464
23 0.4254807692307692 0.29086538461538464 0.4735576923076923 0.29086538461538464 0.4735576923076923 0.38461538461538464 0.4254807692307692 0.38461538461538464
23 0.5432692307692307 0.29086538461538464 0.5913461538461539 0.29086538461538464 0.5913461538461539 0.38461538461538464 0.5432692307692307 0.38461538461538464
23 0.6610576923076923 0.29086538461538464 0.7091346153846154 0.29086538461538464 0.7091346153846154 0.38461538461538464 0.6610576923076923 0.38461538461538464
23 0.7788461538461539 0.29086538461538464 0.8269230769230769 0.29086538461538464 0.8269230769230769 0.38461538461538464 0.7788461538461539 0.38461538461538464
23 0.8966346153846154 0.29086538461538464 0.9423076923076923 0.29086538461538464 0.9423076923076923 0.38461538461538464 0.8966346153846154 0.38461538461538464
23 0.8942307692307693 0.1201923076923077 0.9423076923076923 0.1201923076923077 0.9423076923076923 0.19471153846153846 0.8942307692307693 0.19471153846153846
23 0.7788461538461539 0.1201923076923077 0.8245192307692307 0.1201923076923077 0.8245192307692307 0.19471153846153846 0.7788461538461539 0.19471153846153846
23 0.6610576923076923 0.1201923076923077 0.7091346153846154 0.1201923076923077 0.7091346153846154 0.19471153846153846 0.6610576923076923 0.19471153846153846
23 0.5432692307692307 0.1201923076923077 0.5913461538461539 0.1201923076923077 0.5913461538461539 0.19471153846153846 0.5432692307692307 0.19471153846153846
23 0.4254807692307692 0.1201923076923077 0.4735576923076923 0.1201923076923077 0.4735576923076923 0.19471153846153846 0.4254807692307692 0.19471153846153846
23 0.3076923076923077 0.1201923076923077 0.3557692307692308 0.1201923076923077 0.3557692307692308 0.19471153846153846 0.3076923076923077 0.19471153846153846
23 0.18990384615384615 0.1201923076923077 0.23798076923076922 0.1201923076923077 0.23798076923076922 0.19471153846153846 0.18990384615384615 0.19471153846153846
5 0.016826923076923076 0.040865384615384616 0.038461538461538464 0.040865384615384616 0.038461538461538464 0.08653846153846154 0.016826923076923076 0.08653846153846154
5 0.13942307692307693 0.04326923076923077 0.15865384615384615 0.04326923076923077 0.15865384615384615 0.08653846153846154 0.13942307692307693 0.08653846153846154
5 0.25721153846153844 0.04326923076923077 0.2764423076923077 0.04326923076923077 0.2764423076923077 0.08653846153846154 0.25721153846153844 0.08653846153846154
5 0.3798076923076923 0.04326923076923077 0.39663461538461536 0.04326923076923077 0.39663461538461536 0.08653846153846154 0.3798076923076923 0.08653846153846154
5 0.5 0.040865384615384616 0.5168269230769231 0.040865384615384616 0.5168269230769231 0.08653846153846154 0.5 0.08653846153846154
5 0.7379807692307693 0.04326923076923077 0.7596153846153846 0.04326923076923077 0.7596153846153846 0.08653846153846154 0.7379807692307693 0.08653846153846154
5 0.8557692307692307 0.04326923076923077 0.8774038461538461 0.04326923076923077 0.8774038461538461 0.08653846153846154 0.8557692307692307 0.08653846153846154
5 0.9735576923076923 0.04326923076923077 1 0.04326923076923077 1 0.08653846153846154 0.9735576923076923 0.08653846153846154
5 0.6201923076923077 0.040865384615384616 0.6394230769230769 0.040865384615384616 0.6394230769230769 0.08653846153846154 0.6201923076923077 0.08653846153846154
12 0.038461538461538464 0.2283653846153846 0.9903846153846154 0.2283653846153846 0.9903846153846154 0.25721153846153844 0.038461538461538464 0.25721153846153844
12 0.038461538461538464 0.8004807692307693 0.9903846153846154 0.8004807692307693 0.9903846153846154 0.8269230769230769 0.038461538461538464 0.8269230769230769
12 0.038461538461538464 0.6105769230769231 0.9903846153846154 0.6105769230769231 0.9903846153846154 0.6370192307692307 0.038461538461538464 0.6370192307692307
12 0.038461538461538464 0.40865384615384615 0.9903846153846154 0.40865384615384615 0.9903846153846154 0.43509615384615385 0.038461538461538464 0.43509615384615385
22 0.038461538461538464 0.038461538461538464 0.9903846153846154 0.038461538461538464 0.9903846153846154 0.2283653846153846 0.038461538461538464 0.2283653846153846
15 0.038461538461538464 0.8269230769230769 0.9903846153846154 0.8269230769230769 0.9903846153846154 1 0.038461538461538464 1
11 0.038461538461538464 0.6370192307692307 0.9903846153846154 0.6370192307692307 0.9903846153846154 0.8004807692307693 0.038461538461538464 0.8004807692307693
11 0.038461538461538464 0.43509615384615385 0.9903846153846154 0.43509615384615385 0.9903846153846154 0.6081730769230769 0.038461538461538464 0.6081730769230769
11 0.038461538461538464 0.25721153846153844 0.9903846153846154 0.25721153846153844 0.9903846153846154 0.40625 0.038461538461538464 0.40625
2 0.007211538461538462 0 1 0 1 1 0.007211538461538462 1
10 0.004807692307692308 0.009615384615384616 1 0.009615384615384616 1 1 0.004807692307692308 1