23 0.8028846153846154 0.2091346153846154 0.8966346153846154 0.2091346153846154 0.8966346153846154 0.34134615384615385 0.8028846153846154 0.34134615384615385
23 0.8004807692307693 0.42788461538461536 0.8942307692307693 0.42788461538461536 0.8942307692307693 0.5841346153846154 0.8004807692307693 0.5841346153846154
23 0.34134615384615385 0.2091346153846154 0.4375 0.2091346153846154 0.4375 0.34134615384615385 0.34134615384615385 0.34134615384615385
23 0.5745192307692307 0.2091346153846154 0.6682692307692307 0.2091346153846154 0.6682692307692307 0.34134615384615385 0.5745192307692307 0.34134615384615385
23 0.11538461538461539 0.2091346153846154 0.21153846153846154 0.2091346153846154 0.21153846153846154 0.34134615384615385 0.11538461538461539 0.34134615384615385
23 0.7980769230769231 0.6442307692307693 0.8942307692307693 0.6442307692307693 0.8942307692307693 0.7596153846153846 0.7980769230769231 0.7596153846153846
23 0.34375 0.42788461538461536 0.4375 0.42788461538461536 0.4375 0.5841346153846154 0.34375 0.5841346153846154
23 0.5745192307692307 0.42788461538461536 0.6682692307692307 0.42788461538461536 0.6682692307692307 0.5841346153846154 0.5745192307692307 0.5841346153846154
23 0.11538461538461539 0.42788461538461536 0.21153846153846154 0.42788461538461536 0.21153846153846154 0.5841346153846154 0.11538461538461539 0.5841346153846154
23 0.11538461538461539 0.6442307692307693 0.21153846153846154 0.6442307692307693 0.21153846153846154 0.7596153846153846 0.11538461538461539 0.7596153846153846
23 0.5721153846153846 0.6442307692307693 0.6682692307692307 0.6442307692307693 0.6682692307692307 0.7596153846153846 0.5721153846153846 0.7596153846153846
23 0.34134615384615385 0.6442307692307693 0.43509615384615385 0.6442307692307693 0.43509615384615385 0.7596153846153846 0.34134615384615385 0.7596153846153846
23 0.5745192307692307 0.8341346153846154 0.6658653846153846 0.8341346153846154 0.6658653846153846 0.9615384615384616 0.5745192307692307 0.9615384615384616
0 0.021634615384615384 0.5264423076923077 0.9975961538461539 0.5264423076923077 0.9975961538461539 0.5841346153846154 0.021634615384615384 0.5841346153846154
16 0.019230769230769232 0.0985576923076923 1 0.0985576923076923 1 0.125 0.019230769230769232 0.125
16 0.019230769230769232 0.5841346153846154 1 0.5841346153846154 1 0.6177884615384616 0.019230769230769232 0.6177884615384616
16 0.036057692307692304 0.15144230769230768 1 0.15144230769230768 1 0.17067307692307693 0.036057692307692304 0.17067307692307693
16 0.036057692307692304 0.7836538461538461 0.9759615384615384 0.7836538461538461 0.9759615384615384 0.8052884615384616 0.036057692307692304 0.8052884615384616
23 0.34134615384615385 0.8341346153846154 0.43509615384615385 0.8341346153846154 0.43509615384615385 0.9615384615384616 0.34134615384615385 0.9615384615384616
4 0.5480769230769231 0.8052884615384616 0.6947115384615384 0.8052884615384616 0.6947115384615384 0.8221153846153846 0.5480769230769231 0.8221153846153846
4 0.31490384615384615 0.8052884615384616 0.46153846153846156 0.8052884615384616 0.46153846153846156 0.8221153846153846 0.31490384615384615 0.8221153846153846
4 0.12259615384615384 0.17067307692307693 0.20432692307692307 0.17067307692307693 0.20432692307692307 0.20432692307692307 0.12259615384615384 0.20432692307692307
4 0.5841346153846154 0.17067307692307693 0.6634615384615384 0.17067307692307693 0.6634615384615384 0.20432692307692307 0.5841346153846154 0.20432692307692307
4 0.35096153846153844 0.17067307692307693 0.43028846153846156 0.17067307692307693 0.43028846153846156 0.20432692307692307 0.35096153846153844 0.20432692307692307
4 0.8052884615384616 0.17067307692307693 0.8918269230769231 0.17067307692307693 0.8918269230769231 0.20432692307692307 0.8052884615384616 0.20432692307692307
4 0.2860576923076923 0.35096153846153844 0.49278846153846156 0.35096153846153844 0.49278846153846156 0.4014423076923077 0.2860576923076923 0.4014423076923077
4 0.5192307692307693 0.35096153846153844 0.7307692307692307 0.35096153846153844 0.7307692307692307 0.4014423076923077 0.5192307692307693 0.4014423076923077
4 0.7451923076923077 0.35096153846153844 0.9639423076923077 0.35096153846153844 0.9639423076923077 0.40384615384615385 0.7451923076923077 0.40384615384615385
4 0.055288461538461536 0.35096153846153844 0.2668269230769231 0.35096153846153844 0.2668269230769231 0.4014423076923077 0.055288461538461536 0.4014423076923077
4 0.1466346153846154 0.6081730769230769 0.1778846153846154 0.6081730769230769 0.1778846153846154 0.6394230769230769 0.1466346153846154 0.6394230769230769
4 0.5576923076923077 0.6201923076923077 0.6875 0.6201923076923077 0.6875 0.6370192307692307 0.5576923076923077 0.6370192307692307
4 0.3245192307692308 0.6201923076923077 0.4543269230769231 0.6201923076923077 0.4543269230769231 0.6370192307692307 0.3245192307692308 0.6370192307692307
4 0.8341346153846154 0.6105769230769231 0.8677884615384616 0.6105769230769231 0.8677884615384616 0.6394230769230769 0.8341346153846154 0.6394230769230769
5 0.0673076923076923 0.7956730769230769 0.25721153846153844 0.7956730769230769 0.25721153846153844 0.8485576923076923 0.0673076923076923 0.8485576923076923
5 0.75 0.7956730769230769 0.9471153846153846 0.7956730769230769 0.9471153846153846 0.8509615384615384 0.75 0.8509615384615384
5 0.9423076923076923 0.6009615384615384 0.9807692307692307 0.6009615384615384 0.9807692307692307 0.6826923076923077 0.9423076923076923 0.6826923076923077
5 0.036057692307692304 0.6009615384615384 0.0673076923076923 0.6009615384615384 0.0673076923076923 0.6826923076923077 0.036057692307692304 0.6826923076923077
5 0.25 0.6009615384615384 0.28125 0.6009615384615384 0.28125 0.6826923076923077 0.25 0.6826923076923077
5 0.49278846153846156 0.6009615384615384 0.5216346153846154 0.6009615384615384 0.5216346153846154 0.6826923076923077 0.49278846153846156 0.6826923076923077
5 0.7307692307692307 0.6009615384615384 0.7644230769230769 0.6009615384615384 0.7644230769230769 0.6826923076923077 0.7307692307692307 0.6826923076923077
17 0.9326923076923077 0.17067307692307693 1 0.17067307692307693 1 0.5841346153846154 0.9326923076923077 0.5841346153846154
17 0 0.17067307692307693 0.07932692307692307 0.17067307692307693 0.07932692307692307 0.5841346153846154 0 0.5841346153846154
17 0.47115384615384615 0.17067307692307693 0.5408653846153846 0.17067307692307693 0.5408653846153846 0.5841346153846154 0.47115384615384615 0.5841346153846154
17 0.7043269230769231 0.17067307692307693 0.7692307692307693 0.17067307692307693 0.7692307692307693 0.5841346153846154 0.7043269230769231 0.5841346153846154
17 0.24519230769230768 0.17067307692307693 0.30528846153846156 0.17067307692307693 0.30528846153846156 0.5841346153846154 0.24519230769230768 0.5841346153846154
21 0.7764423076923077 0.7596153846153846 0.9230769230769231 0.7596153846153846 0.9230769230769231 0.7692307692307693 0.7764423076923077 0.7692307692307693
21 0.09134615384615384 0.7596153846153846 0.23798076923076922 0.7596153846153846 0.23798076923076922 0.7692307692307693 0.09134615384615384 0.7692307692307693
21 0.31971153846153844 0.9615384615384616 0.4543269230769231 0.9615384615384616 0.4543269230769231 0.9711538461538461 0.31971153846153844 0.9711538461538461
21 0.5528846153846154 0.9615384615384616 0.6899038461538461 0.9615384615384616 0.6899038461538461 0.9711538461538461 0.5528846153846154 0.9711538461538461
21 0.7764423076923077 0.34375 0.9230769230769231 0.34375 0.9230769230769231 0.35336538461538464 0.7764423076923077 0.35336538461538464
21 0.09134615384615384 0.34375 0.23798076923076922 0.34375 0.23798076923076922 0.35336538461538464 0.09134615384615384 0.35336538461538464
21 0.3173076923076923 0.34375 0.4639423076923077 0.34375 0.4639423076923077 0.35336538461538464 0.3173076923076923 0.35336538461538464
21 0.5504807692307693 0.34375 0.6971153846153846 0.34375 0.6971153846153846 0.35336538461538464 0.5504807692307693 0.35336538461538464
21 0.3269230769230769 0.7596153846153846 0.44711538461538464 0.7596153846153846 0.44711538461538464 0.7692307692307693 0.3269230769230769 0.7692307692307693
21 0.5600961538461539 0.7596153846153846 0.6850961538461539 0.7596153846153846 0.6850961538461539 0.7692307692307693 0.5600961538461539 0.7692307692307693
12 0.002403846153846154 0.35336538461538464 1 0.35336538461538464 1 0.36778846153846156 0.002403846153846154 0.36778846153846156
12 0.002403846153846154 0.5841346153846154 1 0.5841346153846154 1 0.5985576923076923 0.002403846153846154 0.5985576923076923
22 0.002403846153846154 0.15144230769230768 1 0.15144230769230768 1 0.35336538461538464 0.002403846153846154 0.35336538461538464
8 0.7764423076923077 0.8389423076923077 0.9110576923076923 0.8389423076923077 0.9110576923076923 1 0.7764423076923077 1
8 0.10336538461538461 0.8389423076923077 0.2283653846153846 0.8389423076923077 0.2283653846153846 1 0.10336538461538461 1
12 0.002403846153846154 0.7860576923076923 1 0.7860576923076923 1 0.8004807692307693 0.002403846153846154 0.8004807692307693
15 0.002403846153846154 0.8004807692307693 1 0.8004807692307693 1 1 0.002403846153846154 1
11 0.002403846153846154 0.5985576923076923 1 0.5985576923076923 1 0.7860576923076923 0.002403846153846154 0.7860576923076923
11 0.002403846153846154 0.36778846153846156 1 0.36778846153846156 1 0.5841346153846154 0.002403846153846154 0.5841346153846154
2 0 0 1 0 1 1 0 1
10 0 0.07451923076923077 1 0.07451923076923077 1 0.7884615384615384 0 0.7884615384615384