23 0.4326923076923077 0.15144230769230768 0.5576923076923077 0.15144230769230768 0.5576923076923077 0.28125 0.4326923076923077 0.28125
23 0.6274038461538461 0.6153846153846154 0.7548076923076923 0.6153846153846154 0.7548076923076923 0.7716346153846154 0.6274038461538461 0.7716346153846154
23 0.6274038461538461 0.37259615384615385 0.7548076923076923 0.37259615384615385 0.7548076923076923 0.5288461538461539 0.6274038461538461 0.5288461538461539
23 0.24759615384615385 0.37259615384615385 0.375 0.37259615384615385 0.375 0.5288461538461539 0.24759615384615385 0.5288461538461539
23 0.4375 0.37259615384615385 0.5649038461538461 0.37259615384615385 0.5649038461538461 0.5288461538461539 0.4375 0.5288461538461539
23 0.24759615384615385 0.6153846153846154 0.375 0.6153846153846154 0.375 0.7716346153846154 0.24759615384615385 0.7716346153846154
23 0.43990384615384615 0.6153846153846154 0.5673076923076923 0.6153846153846154 0.5673076923076923 0.7716346153846154 0.43990384615384615 0.7716346153846154
8 0.43990384615384615 0.8581730769230769 0.5649038461538461 0.8581730769230769 0.5649038461538461 1 0.43990384615384615 1
23 0.25 0.8581730769230769 0.37259615384615385 0.8581730769230769 0.37259615384615385 1 0.25 1
23 0.6298076923076923 0.8581730769230769 0.7548076923076923 0.8581730769230769 0.7548076923076923 1 0.6298076923076923 1
21 0.6057692307692307 0.7716346153846154 0.78125 0.7716346153846154 0.78125 0.78125 0.6057692307692307 0.78125
21 0.22355769230769232 0.7716346153846154 0.39903846153846156 0.7716346153846154 0.39903846153846156 0.7836538461538461 0.22355769230769232 0.7836538461538461
21 0.41346153846153844 0.7716346153846154 0.5913461538461539 0.7716346153846154 0.5913461538461539 0.7836538461538461 0.41346153846153844 0.7836538461538461
21 0.6009615384615384 0.5288461538461539 0.78125 0.5288461538461539 0.78125 0.5384615384615384 0.6009615384615384 0.5384615384615384
21 0.22355769230769232 0.5288461538461539 0.4014423076923077 0.5288461538461539 0.4014423076923077 0.5384615384615384 0.22355769230769232 0.5384615384615384
21 0.41346153846153844 0.5288461538461539 0.59375 0.5288461538461539 0.59375 0.5384615384615384 0.41346153846153844 0.5384615384615384
21 0.40865384615384615 0.27884615384615385 0.5889423076923077 0.27884615384615385 0.5889423076923077 0.29086538461538464 0.40865384615384615 0.29086538461538464
4 0.3004807692307692 0 0.6899038461538461 0 0.6899038461538461 0.09615384615384616 0.3004807692307692 0.09615384615384616
26 0.10576923076923077 0.6778846153846154 0.3485576923076923 0.6778846153846154 0.3485576923076923 1 0.10576923076923077 1
22 0.33653846153846156 0.09134615384615384 0.6514423076923077 0.09134615384615384 0.6514423076923077 0.34375 0.33653846153846156 0.34375
12 0.1875 0.3317307692307692 0.7860576923076923 0.3317307692307692 0.7860576923076923 0.34375 0.1875 0.34375
12 0.1875 0.5649038461538461 0.7860576923076923 0.5649038461538461 0.7860576923076923 0.5769230769230769 0.1875 0.5769230769230769
12 0.1875 0.8076923076923077 0.7860576923076923 0.8076923076923077 0.7860576923076923 0.8197115384615384 0.1875 0.8197115384615384
15 0.1875 0.8197115384615384 0.7860576923076923 0.8197115384615384 0.7860576923076923 1 0.1875 1
11 0.1875 0.5769230769230769 0.7860576923076923 0.5769230769230769 0.7860576923076923 0.8197115384615384 0.1875 0.8197115384615384
11 0.1875 0.34375 0.7860576923076923 0.34375 0.7860576923076923 0.5769230769230769 0.1875 0.5769230769230769
2 0.1875 0 0.7884615384615384 0 0.7884615384615384 1 0.1875 1
10 0.1875 0.29086538461538464 0.7884615384615384 0.29086538461538464 0.7884615384615384 0.9975961538461539 0.1875 0.9975961538461539