23 0.8293269230769231 0.08173076923076923 0.9615384615384616 0.08173076923076923 0.9615384615384616 0.41586538461538464 0.8293269230769231 0.41586538461538464
23 0.03125 0.07932692307692307 0.15865384615384615 0.07932692307692307 0.15865384615384615 0.41346153846153844 0.03125 0.41346153846153844
23 0.23076923076923078 0.08173076923076923 0.3581730769230769 0.08173076923076923 0.3581730769230769 0.41586538461538464 0.23076923076923078 0.41586538461538464
23 0.43028846153846156 0.08173076923076923 0.5625 0.08173076923076923 0.5625 0.41586538461538464 0.43028846153846156 0.41586538461538464
23 0.6322115384615384 0.08173076923076923 0.7644230769230769 0.08173076923076923 0.7644230769230769 0.41586538461538464 0.6322115384615384 0.41586538461538464
23 0.8293269230769231 0.5745192307692307 0.9615384615384616 0.5745192307692307 0.9615384615384616 0.90625 0.8293269230769231 0.90625
23 0.03125 0.5745192307692307 0.15865384615384615 0.5745192307692307 0.15865384615384615 0.90625 0.03125 0.90625
23 0.23317307692307693 0.5745192307692307 0.3605769230769231 0.5745192307692307 0.3605769230769231 0.90625 0.23317307692307693 0.90625
23 0.43028846153846156 0.5769230769230769 0.5625 0.5769230769230769 0.5625 0.90625 0.43028846153846156 0.90625
23 0.6298076923076923 0.5745192307692307 0.7620192307692307 0.5745192307692307 0.7620192307692307 0.90625 0.6298076923076923 0.90625
17 0.7620192307692307 0 0.8293269230769231 0 0.8293269230769231 1 0.7620192307692307 1
17 0.16105769230769232 0 0.2283653846153846 0 0.2283653846153846 1 0.16105769230769232 1
17 0.3581730769230769 0 0.42788461538461536 0 0.42788461538461536 1 0.3581730769230769 1
17 0.5600961538461539 0 0.6298076923076923 0 0.6298076923076923 1 0.5600961538461539 1
11 0.002403846153846154 0.5048076923076923 1 0.5048076923076923 1 0.9783653846153846 0.002403846153846154 0.9783653846153846
11 0 0 0.9975961538461539 0 0.9975961538461539 0.4807692307692308 0 0.4807692307692308
12 0.002403846153846154 0.4807692307692308 1 0.4807692307692308 1 0.5024038461538461 0.002403846153846154 0.5024038461538461
12 0.002403846153846154 0.9783653846153846 1 0.9783653846153846 1 1 0.002403846153846154 1
2 0.002403846153846154 0 1 0 1 1 0.002403846153846154 1
10 0.002403846153846154 0 0.9975961538461539 0 0.9975961538461539 1 0.002403846153846154 1