23 0.1466346153846154 0.5384615384615384 0.21875 0.5384615384615384 0.21875 0.7692307692307693 0.1466346153846154 0.7692307692307693
23 0.6634615384615384 0.5384615384615384 0.7379807692307693 0.5384615384615384 0.7379807692307693 0.7740384615384616 0.6634615384615384 0.7740384615384616
23 0.875 0.5384615384615384 0.9495192307692307 0.5384615384615384 0.9495192307692307 0.7788461538461539 0.875 0.7788461538461539
4 0.1346153846153846 0.5120192307692307 0.23317307692307693 0.5120192307692307 0.23317307692307693 0.5216346153846154 0.1346153846153846 0.5216346153846154
4 0.6514423076923077 0.5144230769230769 0.7524038461538461 0.5144230769230769 0.7524038461538461 0.5240384615384616 0.6514423076923077 0.5240384615384616
4 0.8629807692307693 0.5120192307692307 0.9639423076923077 0.5120192307692307 0.9639423076923077 0.5216346153846154 0.8629807692307693 0.5216346153846154
8 0.35096153846153844 0.5024038461538461 0.5384615384615384 0.5024038461538461 0.5384615384615384 0.9567307692307693 0.35096153846153844 0.9567307692307693
23 0.9423076923076923 0.08653846153846154 1 0.08653846153846154 1 0.4182692307692308 0.9423076923076923 0.4182692307692308
15 0 0.39903846153846156 1 0.39903846153846156 1 0.9639423076923077 0 0.9639423076923077
22 0 0 1 0 1 0.39663461538461536 0 0.39663461538461536
19 0 0 0.9663461538461539 0 0.9663461538461539 0.3701923076923077 0 0.3701923076923077
2 0 0 1 0 1 0.9639423076923077 0 0.9639423076923077
12 0 0.4182692307692308 1 0.4182692307692308 1 0.4375 0 0.4375
4 0.9326923076923077 0.0673076923076923 1 0.0673076923076923 1 0.07692307692307693 0.9326923076923077 0.07692307692307693