1 0.2283653846153846 0.4807692307692308 0.23798076923076922 0.4807692307692308 0.23798076923076922 0.6514423076923077 0.2283653846153846 0.6514423076923077
1 0.5144230769230769 0.4807692307692308 0.5240384615384616 0.4807692307692308 0.5240384615384616 0.6514423076923077 0.5144230769230769 0.6514423076923077
1 0.3004807692307692 0.4807692307692308 0.31009615384615385 0.4807692307692308 0.31009615384615385 0.6514423076923077 0.3004807692307692 0.6514423076923077
1 0.5889423076923077 0.4807692307692308 0.5961538461538461 0.4807692307692308 0.5961538461538461 0.6514423076923077 0.5889423076923077 0.6514423076923077
23 0.7379807692307693 0.4807692307692308 0.8221153846153846 0.4807692307692308 0.8221153846153846 0.6514423076923077 0.7379807692307693 0.6514423076923077
1 0.7379807692307693 0.4807692307692308 0.8221153846153846 0.4807692307692308 0.8221153846153846 0.6514423076923077 0.7379807692307693 0.6514423076923077
1 0.23557692307692307 0.22596153846153846 0.25240384615384615 0.22596153846153846 0.25240384615384615 0.37740384615384615 0.23557692307692307 0.37740384615384615
1 0.30528846153846156 0.22596153846153846 0.3125 0.22596153846153846 0.3125 0.37740384615384615 0.30528846153846156 0.37740384615384615
23 0.23557692307692307 0.22596153846153846 0.3125 0.22596153846153846 0.3125 0.37740384615384615 0.23557692307692307 0.37740384615384615
23 0.47115384615384615 0.2283653846153846 0.6298076923076923 0.2283653846153846 0.6298076923076923 0.3389423076923077 0.47115384615384615 0.3389423076923077
23 0.5144230769230769 0.4807692307692308 0.5961538461538461 0.4807692307692308 0.5961538461538461 0.6514423076923077 0.5144230769230769 0.6514423076923077
23 0.2283653846153846 0.4807692307692308 0.31009615384615385 0.4807692307692308 0.31009615384615385 0.6514423076923077 0.2283653846153846 0.6514423076923077
8 0.7427884615384616 0.7355769230769231 0.8197115384615384 0.7355769230769231 0.8197115384615384 0.9495192307692307 0.7427884615384616 0.9495192307692307
8 0.4519230769230769 0.7644230769230769 0.6346153846153846 0.7644230769230769 0.6346153846153846 0.9519230769230769 0.4519230769230769 0.9519230769230769
1 0.4567307692307692 0.7692307692307693 0.6346153846153846 0.7692307692307693 0.6346153846153846 0.8028846153846154 0.4567307692307692 0.8028846153846154
23 0.30528846153846156 0.7331730769230769 0.3245192307692308 0.7331730769230769 0.3245192307692308 0.8894230769230769 0.30528846153846156 0.8894230769230769
1 0.21153846153846154 0.7355769230769231 0.23317307692307693 0.7355769230769231 0.23317307692307693 0.8894230769230769 0.21153846153846154 0.8894230769230769
23 0.23557692307692307 0.7355769230769231 0.3125 0.7355769230769231 0.3125 0.8894230769230769 0.23557692307692307 0.8894230769230769
1 0.7451923076923077 0.2283653846153846 0.7548076923076923 0.2283653846153846 0.7548076923076923 0.3798076923076923 0.7451923076923077 0.3798076923076923
1 0.8052884615384616 0.2283653846153846 0.8197115384615384 0.2283653846153846 0.8197115384615384 0.3798076923076923 0.8052884615384616 0.3798076923076923
23 0.7451923076923077 0.2283653846153846 0.8221153846153846 0.2283653846153846 0.8221153846153846 0.38221153846153844 0.7451923076923077 0.38221153846153844
21 0.21634615384615385 0.3870192307692308 0.3293269230769231 0.3870192307692308 0.3293269230769231 0.39903846153846156 0.21634615384615385 0.39903846153846156
21 0.7259615384615384 0.3870192307692308 0.8413461538461539 0.3870192307692308 0.8413461538461539 0.39903846153846156 0.7259615384615384 0.39903846153846156
4 0.7115384615384616 0.43028846153846156 0.8533653846153846 0.43028846153846156 0.8533653846153846 0.4423076923076923 0.7115384615384616 0.4423076923076923
4 0.4879807692307692 0.43028846153846156 0.625 0.43028846153846156 0.625 0.43990384615384615 0.4879807692307692 0.43990384615384615
21 0.22596153846153846 0.8870192307692307 0.31009615384615385 0.8870192307692307 0.31009615384615385 0.9014423076923077 0.22596153846153846 0.9014423076923077
4 0.21634615384615385 0.7091346153846154 0.3245192307692308 0.7091346153846154 0.3245192307692308 0.7331730769230769 0.21634615384615385 0.7331730769230769
5 0.5264423076923077 0.34615384615384615 0.5721153846153846 0.34615384615384615 0.5721153846153846 0.40865384615384615 0.5264423076923077 0.40865384615384615
16 0.10817307692307693 0.1346153846153846 0.9230769230769231 0.1346153846153846 0.9230769230769231 0.15384615384615385 0.10817307692307693 0.15384615384615385
4 0.19471153846153846 0.43028846153846156 0.3389423076923077 0.43028846153846156 0.3389423076923077 0.4423076923076923 0.19471153846153846 0.4423076923076923
12 0.11057692307692307 0.1875 0.9158653846153846 0.1875 0.9158653846153846 0.20432692307692307 0.11057692307692307 0.20432692307692307
15 0.11057692307692307 0.6899038461538461 0.9134615384615384 0.6899038461538461 0.9134615384615384 0.9639423076923077 0.11057692307692307 0.9639423076923077
12 0.11057692307692307 0.6730769230769231 0.9134615384615384 0.6730769230769231 0.9134615384615384 0.6899038461538461 0.11057692307692307 0.6899038461538461
12 0.11057692307692307 0.4110576923076923 0.9134615384615384 0.4110576923076923 0.9134615384615384 0.42788461538461536 0.11057692307692307 0.42788461538461536
22 0.11057692307692307 0.13701923076923078 0.9134615384615384 0.13701923076923078 0.9134615384615384 0.42788461538461536 0.11057692307692307 0.42788461538461536
11 0.11057692307692307 0.42788461538461536 0.9134615384615384 0.42788461538461536 0.9134615384615384 0.6899038461538461 0.11057692307692307 0.6899038461538461
26 0.8557692307692307 0.34375 0.8942307692307693 0.34375 0.8942307692307693 0.96875 0.8557692307692307 0.96875
26 0.35336538461538464 0.8966346153846154 0.3918269230769231 0.8966346153846154 0.3918269230769231 0.96875 0.35336538461538464 0.96875
26 0.026442307692307692 0.90625 0.16826923076923078 0.90625 0.16826923076923078 0.9783653846153846 0.026442307692307692 0.9783653846153846
2 0.10336538461538461 0 0.9302884615384616 0 0.9302884615384616 0.9639423076923077 0.10336538461538461 0.9639423076923077
10 0.11057692307692307 0.13701923076923078 0.9134615384615384 0.13701923076923078 0.9134615384615384 0.9639423076923077 0.11057692307692307 0.9639423076923077