23 0.5889423076923077 0.11057692307692307 0.6610576923076923 0.11057692307692307 0.6610576923076923 0.18990384615384615 0.5889423076923077 0.18990384615384615
1 0.5889423076923077 0.11057692307692307 0.6610576923076923 0.11057692307692307 0.6610576923076923 0.18990384615384615 0.5889423076923077 0.18990384615384615
23 0.4567307692307692 0.11057692307692307 0.53125 0.11057692307692307 0.53125 0.18990384615384615 0.4567307692307692 0.18990384615384615
1 0.42788461538461536 0.11057692307692307 0.45913461538461536 0.11057692307692307 0.45913461538461536 0.1875 0.42788461538461536 0.1875
1 0.5288461538461539 0.10817307692307693 0.5576923076923077 0.10817307692307693 0.5576923076923077 0.1875 0.5288461538461539 0.1875
23 0.2091346153846154 0.10817307692307693 0.28125 0.10817307692307693 0.28125 0.1875 0.2091346153846154 0.1875
1 0.28125 0.10576923076923077 0.3125 0.10576923076923077 0.3125 0.1875 0.28125 0.1875
1 0.1778846153846154 0.10576923076923077 0.2091346153846154 0.10576923076923077 0.2091346153846154 0.18509615384615385 0.1778846153846154 0.18509615384615385
23 0.21394230769230768 0.2956730769230769 0.28365384615384615 0.2956730769230769 0.28365384615384615 0.43509615384615385 0.21394230769230768 0.43509615384615385
1 0.24519230769230768 0.2956730769230769 0.28365384615384615 0.2956730769230769 0.28365384615384615 0.43509615384615385 0.24519230769230768 0.43509615384615385
1 0.18509615384615385 0.2932692307692308 0.21394230769230768 0.2932692307692308 0.21394230769230768 0.43509615384615385 0.18509615384615385 0.43509615384615385
23 0.45913461538461536 0.2980769230769231 0.53125 0.2980769230769231 0.53125 0.4375 0.45913461538461536 0.4375
1 0.5288461538461539 0.2956730769230769 0.5576923076923077 0.2956730769230769 0.5576923076923077 0.4375 0.5288461538461539 0.4375
23 0.4326923076923077 0.2956730769230769 0.45913461538461536 0.2956730769230769 0.45913461538461536 0.4375 0.4326923076923077 0.4375
23 0.5913461538461539 0.2956730769230769 0.6586538461538461 0.2956730769230769 0.6586538461538461 0.43509615384615385 0.5913461538461539 0.43509615384615385
1 0.6586538461538461 0.2932692307692308 0.6875 0.2932692307692308 0.6875 0.43509615384615385 0.6586538461538461 0.43509615384615385
1 0.5865384615384616 0.29086538461538464 0.6033653846153846 0.29086538461538464 0.6033653846153846 0.43509615384615385 0.5865384615384616 0.43509615384615385
1 0.5913461538461539 0.5336538461538461 0.6634615384615384 0.5336538461538461 0.6634615384615384 0.6995192307692307 0.5913461538461539 0.6995192307692307
23 0.5913461538461539 0.5336538461538461 0.6634615384615384 0.5336538461538461 0.6634615384615384 0.6995192307692307 0.5913461538461539 0.6995192307692307
23 0.4567307692307692 0.5360576923076923 0.5288461538461539 0.5360576923076923 0.5288461538461539 0.7019230769230769 0.4567307692307692 0.7019230769230769
1 0.4567307692307692 0.5360576923076923 0.5288461538461539 0.5360576923076923 0.5288461538461539 0.7019230769230769 0.4567307692307692 0.7019230769230769
23 0.21394230769230768 0.5336538461538461 0.2860576923076923 0.5336538461538461 0.2860576923076923 0.7019230769230769 0.21394230769230768 0.7019230769230769
1 0.21394230769230768 0.5336538461538461 0.2860576923076923 0.5336538461538461 0.2860576923076923 0.7019230769230769 0.21394230769230768 0.7019230769230769
8 0.21634615384615385 0.8221153846153846 0.2860576923076923 0.8221153846153846 0.2860576923076923 0.9639423076923077 0.21634615384615385 0.9639423076923077
23 0.3317307692307692 0.8197115384615384 0.4014423076923077 0.8197115384615384 0.4014423076923077 0.9014423076923077 0.3317307692307692 0.9014423076923077
1 0.3317307692307692 0.8197115384615384 0.4014423076923077 0.8197115384615384 0.4014423076923077 0.9014423076923077 0.3317307692307692 0.9014423076923077
1 0.4567307692307692 0.8173076923076923 0.5288461538461539 0.8173076923076923 0.5288461538461539 0.8990384615384616 0.4567307692307692 0.8990384615384616
23 0.4567307692307692 0.8173076923076923 0.5288461538461539 0.8173076923076923 0.5288461538461539 0.8990384615384616 0.4567307692307692 0.8990384615384616
8 0.5913461538461539 0.8076923076923077 0.6634615384615384 0.8076923076923077 0.6634615384615384 0.9711538461538461 0.5913461538461539 0.9711538461538461
23 0.7235576923076923 0.8269230769230769 0.7884615384615384 0.8269230769230769 0.7884615384615384 0.8870192307692307 0.7235576923076923 0.8870192307692307
8 0.8557692307692307 0.8389423076923077 0.9254807692307693 0.8389423076923077 0.9254807692307693 0.9735576923076923 0.8557692307692307 0.9735576923076923
23 0.8533653846153846 0.8052884615384616 0.9278846153846154 0.8052884615384616 0.9278846153846154 0.8317307692307693 0.8533653846153846 0.8317307692307693
23 0.8533653846153846 0.5360576923076923 0.9254807692307693 0.5360576923076923 0.9254807692307693 0.7019230769230769 0.8533653846153846 0.7019230769230769
1 0.8533653846153846 0.5360576923076923 0.9254807692307693 0.5360576923076923 0.9254807692307693 0.7019230769230769 0.8533653846153846 0.7019230769230769
23 0.8509615384615384 0.2980769230769231 0.9230769230769231 0.2980769230769231 0.9230769230769231 0.43509615384615385 0.8509615384615384 0.43509615384615385
1 0.8509615384615384 0.28846153846153844 0.8701923076923077 0.28846153846153844 0.8701923076923077 0.43509615384615385 0.8509615384615384 0.43509615384615385
1 0.9230769230769231 0.2956730769230769 0.9519230769230769 0.2956730769230769 0.9519230769230769 0.43509615384615385 0.9230769230769231 0.43509615384615385
23 0.8533653846153846 0.11057692307692307 0.9230769230769231 0.11057692307692307 0.9230769230769231 0.1875 0.8533653846153846 0.1875
1 0.8533653846153846 0.11057692307692307 0.9230769230769231 0.11057692307692307 0.9230769230769231 0.1875 0.8533653846153846 0.1875
5 0.7331730769230769 0.7019230769230769 0.7956730769230769 0.7019230769230769 0.7956730769230769 0.8004807692307693 0.7331730769230769 0.8004807692307693
21 0.19951923076923078 0.18509615384615385 0.2932692307692308 0.18509615384615385 0.2932692307692308 0.19951923076923078 0.19951923076923078 0.19951923076923078
21 0.4495192307692308 0.18990384615384615 0.5384615384615384 0.18990384615384615 0.5384615384615384 0.19951923076923078 0.4495192307692308 0.19951923076923078
21 0.5817307692307693 0.18990384615384615 0.6706730769230769 0.18990384615384615 0.6706730769230769 0.19951923076923078 0.5817307692307693 0.19951923076923078
21 0.8413461538461539 0.1875 0.9375 0.1875 0.9375 0.19471153846153846 0.8413461538461539 0.19471153846153846
21 0.8413461538461539 0.43509615384615385 0.9375 0.43509615384615385 0.9375 0.44471153846153844 0.8413461538461539 0.44471153846153844
21 0.5817307692307693 0.43509615384615385 0.6706730769230769 0.43509615384615385 0.6706730769230769 0.44471153846153844 0.5817307692307693 0.44471153846153844
21 0.44711538461538464 0.43509615384615385 0.5408653846153846 0.43509615384615385 0.5408653846153846 0.44471153846153844 0.44711538461538464 0.44471153846153844
21 0.20673076923076922 0.43509615384615385 0.2932692307692308 0.43509615384615385 0.2932692307692308 0.44471153846153844 0.20673076923076922 0.44471153846153844
21 0.20192307692307693 0.6995192307692307 0.2932692307692308 0.6995192307692307 0.2932692307692308 0.7115384615384616 0.20192307692307693 0.7115384615384616
21 0.44471153846153844 0.7019230769230769 0.5384615384615384 0.7019230769230769 0.5384615384615384 0.7115384615384616 0.44471153846153844 0.7115384615384616
21 0.5841346153846154 0.7019230769230769 0.6730769230769231 0.7019230769230769 0.6730769230769231 0.7091346153846154 0.5841346153846154 0.7091346153846154
21 0.4543269230769231 0.9014423076923077 0.53125 0.9014423076923077 0.53125 0.9110576923076923 0.4543269230769231 0.9110576923076923
21 0.84375 0.6995192307692307 0.9326923076923077 0.6995192307692307 0.9326923076923077 0.7115384615384616 0.84375 0.7115384615384616
16 0.18509615384615385 0.04807692307692308 0.9399038461538461 0.04807692307692308 0.9399038461538461 0.07451923076923077 0.18509615384615385 0.07451923076923077
23 0.9735576923076923 0.5745192307692307 1 0.5745192307692307 1 0.6875 0.9735576923076923 0.6875
1 0.9567307692307693 0.5745192307692307 0.9783653846153846 0.5745192307692307 0.9783653846153846 0.6875 0.9567307692307693 0.6875
15 0.17307692307692307 0.7644230769230769 0.9543269230769231 0.7644230769230769 0.9543269230769231 0.9759615384615384 0.17307692307692307 0.9759615384615384
12 0.17307692307692307 0.47596153846153844 0.9543269230769231 0.47596153846153844 0.9543269230769231 0.4951923076923077 0.17307692307692307 0.4951923076923077
12 0.17307692307692307 0.7451923076923077 0.9543269230769231 0.7451923076923077 0.9543269230769231 0.7620192307692307 0.17307692307692307 0.7620192307692307
12 0.17307692307692307 0.23317307692307693 0.9543269230769231 0.23317307692307693 0.9543269230769231 0.25 0.17307692307692307 0.25
22 0.17307692307692307 0.05048076923076923 0.9543269230769231 0.05048076923076923 0.9543269230769231 0.25240384615384615 0.17307692307692307 0.25240384615384615
11 0.17307692307692307 0.25240384615384615 0.9543269230769231 0.25240384615384615 0.9543269230769231 0.4951923076923077 0.17307692307692307 0.4951923076923077
11 0.17307692307692307 0.4951923076923077 0.9543269230769231 0.4951923076923077 0.9543269230769231 0.7644230769230769 0.17307692307692307 0.7644230769230769
2 0.15865384615384615 0.01201923076923077 1 0.01201923076923077 1 0.9783653846153846 0.15865384615384615 0.9783653846153846
10 0.17548076923076922 0.05048076923076923 0.9567307692307693 0.05048076923076923 0.9567307692307693 0.9735576923076923 0.17548076923076922 0.9735576923076923