23 0.5168269230769231 0.15384615384615385 0.5480769230769231 0.15384615384615385 0.5480769230769231 0.19230769230769232 0.5168269230769231 0.19230769230769232
23 0.46875 0.15384615384615385 0.5 0.15384615384615385 0.5 0.19230769230769232 0.46875 0.19230769230769232
23 0.3701923076923077 0.24519230769230768 0.4206730769230769 0.24519230769230768 0.4206730769230769 0.31009615384615385 0.3701923076923077 0.31009615384615385
23 0.4831730769230769 0.24519230769230768 0.5336538461538461 0.24519230769230768 0.5336538461538461 0.31009615384615385 0.4831730769230769 0.31009615384615385
23 0.59375 0.24519230769230768 0.6418269230769231 0.24519230769230768 0.6418269230769231 0.31009615384615385 0.59375 0.31009615384615385
23 0.6899038461538461 0.35096153846153844 0.7307692307692307 0.35096153846153844 0.7307692307692307 0.38461538461538464 0.6899038461538461 0.38461538461538464
23 0.6442307692307693 0.35096153846153844 0.6826923076923077 0.35096153846153844 0.6826923076923077 0.38461538461538464 0.6442307692307693 0.38461538461538464
23 0.6442307692307693 0.3870192307692308 0.6826923076923077 0.3870192307692308 0.6826923076923077 0.4567307692307692 0.6442307692307693 0.4567307692307692
23 0.6923076923076923 0.3870192307692308 0.7307692307692307 0.3870192307692308 0.7307692307692307 0.4567307692307692 0.6923076923076923 0.4567307692307692
23 0.32211538461538464 0.35096153846153844 0.3629807692307692 0.35096153846153844 0.3629807692307692 0.38461538461538464 0.32211538461538464 0.38461538461538464
23 0.27403846153846156 0.35096153846153844 0.31490384615384615 0.35096153846153844 0.31490384615384615 0.38461538461538464 0.27403846153846156 0.38461538461538464
23 0.27403846153846156 0.3870192307692308 0.31490384615384615 0.3870192307692308 0.31490384615384615 0.4567307692307692 0.27403846153846156 0.4567307692307692
23 0.32211538461538464 0.3870192307692308 0.3629807692307692 0.3870192307692308 0.3629807692307692 0.4567307692307692 0.32211538461538464 0.4567307692307692
23 0.5096153846153846 0.35096153846153844 0.5504807692307693 0.35096153846153844 0.5504807692307693 0.38461538461538464 0.5096153846153846 0.38461538461538464
23 0.46153846153846156 0.35096153846153844 0.5024038461538461 0.35096153846153844 0.5024038461538461 0.38461538461538464 0.46153846153846156 0.38461538461538464
23 0.46153846153846156 0.3870192307692308 0.5024038461538461 0.3870192307692308 0.5024038461538461 0.4567307692307692 0.46153846153846156 0.4567307692307692
23 0.5096153846153846 0.3870192307692308 0.5504807692307693 0.3870192307692308 0.5504807692307693 0.4567307692307692 0.5096153846153846 0.4567307692307692
23 0.6682692307692307 0.5072115384615384 0.7139423076923077 0.5072115384615384 0.7139423076923077 0.5504807692307693 0.6682692307692307 0.5504807692307693
23 0.7235576923076923 0.5072115384615384 0.7716346153846154 0.5072115384615384 0.7716346153846154 0.5504807692307693 0.7235576923076923 0.5504807692307693
23 0.6682692307692307 0.5576923076923077 0.7163461538461539 0.5576923076923077 0.7163461538461539 0.6442307692307693 0.6682692307692307 0.6442307692307693
23 0.7235576923076923 0.5552884615384616 0.7716346153846154 0.5552884615384616 0.7716346153846154 0.6442307692307693 0.7235576923076923 0.6442307692307693
23 0.23798076923076922 0.5072115384615384 0.28365384615384615 0.5072115384615384 0.28365384615384615 0.5504807692307693 0.23798076923076922 0.5504807692307693
23 0.2932692307692308 0.5072115384615384 0.34134615384615385 0.5072115384615384 0.34134615384615385 0.5504807692307693 0.2932692307692308 0.5504807692307693
23 0.23798076923076922 0.5576923076923077 0.2860576923076923 0.5576923076923077 0.2860576923076923 0.6442307692307693 0.23798076923076922 0.6442307692307693
23 0.2932692307692308 0.5552884615384616 0.34134615384615385 0.5552884615384616 0.34134615384615385 0.6442307692307693 0.2932692307692308 0.6442307692307693
23 0.4543269230769231 0.5072115384615384 0.5 0.5072115384615384 0.5 0.5504807692307693 0.4543269230769231 0.5504807692307693
23 0.5096153846153846 0.5072115384615384 0.5576923076923077 0.5072115384615384 0.5576923076923077 0.5504807692307693 0.5096153846153846 0.5504807692307693
23 0.4543269230769231 0.5576923076923077 0.5024038461538461 0.5576923076923077 0.5024038461538461 0.6442307692307693 0.4543269230769231 0.6442307692307693
23 0.5096153846153846 0.5552884615384616 0.5576923076923077 0.5552884615384616 0.5576923076923077 0.6442307692307693 0.5096153846153846 0.6442307692307693
23 0.23798076923076922 0.6995192307692307 0.28365384615384615 0.6995192307692307 0.28365384615384615 0.78125 0.23798076923076922 0.78125
23 0.2932692307692308 0.6995192307692307 0.34134615384615385 0.6995192307692307 0.34134615384615385 0.78125 0.2932692307692308 0.78125
23 0.7235576923076923 0.6995192307692307 0.7692307692307693 0.6995192307692307 0.7692307692307693 0.78125 0.7235576923076923 0.78125
23 0.6682692307692307 0.6995192307692307 0.7139423076923077 0.6995192307692307 0.7139423076923077 0.78125 0.6682692307692307 0.78125
23 0.5096153846153846 0.6995192307692307 0.5552884615384616 0.6995192307692307 0.5552884615384616 0.78125 0.5096153846153846 0.78125
23 0.4543269230769231 0.6995192307692307 0.5 0.6995192307692307 0.5 0.78125 0.4543269230769231 0.78125
23 0.6658653846153846 0.8317307692307693 0.7139423076923077 0.8317307692307693 0.7139423076923077 0.8629807692307693 0.6658653846153846 0.8629807692307693
23 0.7235576923076923 0.8317307692307693 0.7692307692307693 0.8317307692307693 0.7692307692307693 0.8629807692307693 0.7235576923076923 0.8629807692307693
23 0.6682692307692307 0.8677884615384616 0.7163461538461539 0.8677884615384616 0.7163461538461539 0.9399038461538461 0.6682692307692307 0.9399038461538461
23 0.7235576923076923 0.8677884615384616 0.7692307692307693 0.8677884615384616 0.7692307692307693 0.9399038461538461 0.7235576923076923 0.9399038461538461
23 0.23798076923076922 0.8317307692307693 0.28365384615384615 0.8317307692307693 0.28365384615384615 0.8629807692307693 0.23798076923076922 0.8629807692307693
23 0.2932692307692308 0.8317307692307693 0.34134615384615385 0.8317307692307693 0.34134615384615385 0.8629807692307693 0.2932692307692308 0.8629807692307693
23 0.23798076923076922 0.8677884615384616 0.2860576923076923 0.8677884615384616 0.2860576923076923 0.9399038461538461 0.23798076923076922 0.9399038461538461
23 0.2932692307692308 0.8677884615384616 0.34134615384615385 0.8677884615384616 0.34134615384615385 0.9399038461538461 0.2932692307692308 0.9399038461538461
23 0.4543269230769231 0.8317307692307693 0.5 0.8317307692307693 0.5 0.8629807692307693 0.4543269230769231 0.8629807692307693
23 0.5096153846153846 0.8317307692307693 0.5576923076923077 0.8317307692307693 0.5576923076923077 0.8629807692307693 0.5096153846153846 0.8629807692307693
23 0.4543269230769231 0.8677884615384616 0.5024038461538461 0.8677884615384616 0.5024038461538461 0.9399038461538461 0.4543269230769231 0.9399038461538461
23 0.5096153846153846 0.8677884615384616 0.5576923076923077 0.8677884615384616 0.5576923076923077 0.9399038461538461 0.5096153846153846 0.9399038461538461
4 0.6634615384615384 0.8076923076923077 0.7764423076923077 0.8076923076923077 0.7764423076923077 0.8269230769230769 0.6634615384615384 0.8269230769230769
4 0.23076923076923078 0.8076923076923077 0.34615384615384615 0.8076923076923077 0.34615384615384615 0.8269230769230769 0.23076923076923078 0.8269230769230769
4 0.4495192307692308 0.8076923076923077 0.5625 0.8076923076923077 0.5625 0.8269230769230769 0.4495192307692308 0.8269230769230769
5 0.13701923076923078 0.2548076923076923 0.1658653846153846 0.2548076923076923 0.1658653846153846 0.3076923076923077 0.13701923076923078 0.3076923076923077
5 0.28846153846153844 0.10817307692307693 0.3173076923076923 0.10817307692307693 0.3173076923076923 0.15865384615384615 0.28846153846153844 0.15865384615384615
5 0.6947115384615384 0.11057692307692307 0.7235576923076923 0.11057692307692307 0.7235576923076923 0.16105769230769232 0.6947115384615384 0.16105769230769232
5 0.8413461538461539 0.25961538461538464 0.8701923076923077 0.25961538461538464 0.8701923076923077 0.31009615384615385 0.8413461538461539 0.31009615384615385
5 0.5841346153846154 0.6177884615384616 0.6370192307692307 0.6177884615384616 0.6370192307692307 0.8028846153846154 0.5841346153846154 0.8028846153846154
5 0.3701923076923077 0.6153846153846154 0.4230769230769231 0.6153846153846154 0.4230769230769231 0.8028846153846154 0.3701923076923077 0.8028846153846154
4 0.6634615384615384 0.4831730769230769 0.7764423076923077 0.4831730769230769 0.7764423076923077 0.5024038461538461 0.6634615384615384 0.5024038461538461
4 0.23076923076923078 0.4831730769230769 0.34615384615384615 0.4831730769230769 0.34615384615384615 0.5024038461538461 0.23076923076923078 0.5024038461538461
4 0.4495192307692308 0.4831730769230769 0.5625 0.4831730769230769 0.5625 0.5024038461538461 0.4495192307692308 0.5024038461538461
4 0.6634615384615384 0.6754807692307693 0.7764423076923077 0.6754807692307693 0.7764423076923077 0.6947115384615384 0.6634615384615384 0.6947115384615384
4 0.23317307692307693 0.6730769230769231 0.34615384615384615 0.6730769230769231 0.34615384615384615 0.6947115384615384 0.23317307692307693 0.6947115384615384
4 0.4495192307692308 0.6754807692307693 0.5625 0.6754807692307693 0.5625 0.6947115384615384 0.4495192307692308 0.6947115384615384
12 0.13942307692307693 0.7932692307692307 0.8629807692307693 0.7932692307692307 0.8629807692307693 0.8028846153846154 0.13942307692307693 0.8028846153846154
22 0.3942307692307692 0.125 0.6201923076923077 0.125 0.6201923076923077 0.22596153846153846 0.3942307692307692 0.22596153846153846
12 0.13942307692307693 0.65625 0.8629807692307693 0.65625 0.8629807692307693 0.6682692307692307 0.13942307692307693 0.6682692307692307
12 0.13942307692307693 0.46875 0.8629807692307693 0.46875 0.8629807692307693 0.47836538461538464 0.13942307692307693 0.47836538461538464
15 0.13942307692307693 0.8028846153846154 0.8629807692307693 0.8028846153846154 0.8629807692307693 0.9975961538461539 0.13942307692307693 0.9975961538461539
5 0.4735576923076923 0.06009615384615385 0.5432692307692307 0.06009615384615385 0.5432692307692307 0.11538461538461539 0.4735576923076923 0.11538461538461539
11 0.28125 0.22596153846153846 0.7283653846153846 0.22596153846153846 0.7283653846153846 0.3317307692307692 0.28125 0.3317307692307692
12 0.28125 0.21394230769230768 0.7283653846153846 0.21394230769230768 0.7283653846153846 0.22596153846153846 0.28125 0.22596153846153846
12 0.20673076923076922 0.32211538461538464 0.8004807692307693 0.32211538461538464 0.8004807692307693 0.3317307692307692 0.20673076923076922 0.3317307692307692
11 0.13221153846153846 0.33413461538461536 0.875 0.33413461538461536 0.875 0.4807692307692308 0.13221153846153846 0.4807692307692308
11 0.13942307692307693 0.4807692307692308 0.8629807692307693 0.4807692307692308 0.8629807692307693 0.6682692307692307 0.13942307692307693 0.6682692307692307
11 0.13942307692307693 0.6682692307692307 0.8629807692307693 0.6682692307692307 0.8629807692307693 0.8052884615384616 0.13942307692307693 0.8052884615384616
2 0.12259615384615384 0 0.8822115384615384 0 0.8822115384615384 0.9975961538461539 0.12259615384615384 0.9975961538461539
10 0.13942307692307693 0.34615384615384615 0.8629807692307693 0.34615384615384615 0.8629807692307693 1 0.13942307692307693 1
26 0.6322115384615384 0.9495192307692307 0.7043269230769231 0.9495192307692307 0.7043269230769231 0.9951923076923077 0.6322115384615384 0.9951923076923077
26 0.7403846153846154 0.9519230769230769 0.8149038461538461 0.9519230769230769 0.8149038461538461 0.9951923076923077 0.7403846153846154 0.9951923076923077
26 0.5817307692307693 0.9783653846153846 0.6274038461538461 0.9783653846153846 0.6274038461538461 0.9951923076923077 0.5817307692307693 0.9951923076923077
26 0.8197115384615384 0.7668269230769231 0.8894230769230769 0.7668269230769231 0.8894230769230769 0.8149038461538461 0.8197115384615384 0.8149038461538461
26 0.8149038461538461 0.8413461538461539 0.8870192307692307 0.8413461538461539 0.8870192307692307 0.8822115384615384 0.8149038461538461 0.8822115384615384
23 0.47115384615384615 0.96875 0.5384615384615384 0.96875 0.5384615384615384 0.9927884615384616 0.47115384615384615 0.9927884615384616