23 0.04567307692307692 0.2932692307692308 0.08173076923076923 0.2932692307692308 0.08173076923076923 0.40384615384615385 0.04567307692307692 0.40384615384615385
23 0.90625 0.2932692307692308 0.9447115384615384 0.2932692307692308 0.9447115384615384 0.40384615384615385 0.90625 0.40384615384615385
23 0.13942307692307693 0.2932692307692308 0.1778846153846154 0.2932692307692308 0.1778846153846154 0.40384615384615385 0.13942307692307693 0.40384615384615385
23 0.23557692307692307 0.2932692307692308 0.27163461538461536 0.2932692307692308 0.27163461538461536 0.40384615384615385 0.23557692307692307 0.40384615384615385
23 0.3317307692307692 0.2932692307692308 0.3701923076923077 0.2932692307692308 0.3701923076923077 0.40384615384615385 0.3317307692307692 0.40384615384615385
23 0.42788461538461536 0.2932692307692308 0.4639423076923077 0.2932692307692308 0.4639423076923077 0.40384615384615385 0.42788461538461536 0.40384615384615385
23 0.5216346153846154 0.2932692307692308 0.5600961538461539 0.2932692307692308 0.5600961538461539 0.40384615384615385 0.5216346153846154 0.40384615384615385
23 0.6177884615384616 0.2932692307692308 0.65625 0.2932692307692308 0.65625 0.40384615384615385 0.6177884615384616 0.40384615384615385
23 0.7139423076923077 0.2932692307692308 0.7524038461538461 0.2932692307692308 0.7524038461538461 0.40384615384615385 0.7139423076923077 0.40384615384615385
23 0.8100961538461539 0.2932692307692308 0.8485576923076923 0.2932692307692308 0.8485576923076923 0.40384615384615385 0.8100961538461539 0.40384615384615385
8 0.9038461538461539 0.5649038461538461 0.9447115384615384 0.5649038461538461 0.9447115384615384 0.7067307692307693 0.9038461538461539 0.7067307692307693
8 0.04326923076923077 0.5649038461538461 0.08413461538461539 0.5649038461538461 0.08413461538461539 0.7043269230769231 0.04326923076923077 0.7043269230769231
8 0.5216346153846154 0.5649038461538461 0.5625 0.5649038461538461 0.5625 0.7067307692307693 0.5216346153846154 0.7067307692307693
8 0.6153846153846154 0.5649038461538461 0.65625 0.5649038461538461 0.65625 0.7067307692307693 0.6153846153846154 0.7067307692307693
8 0.7115384615384616 0.5649038461538461 0.7524038461538461 0.5649038461538461 0.7524038461538461 0.7067307692307693 0.7115384615384616 0.7067307692307693
8 0.8076923076923077 0.5649038461538461 0.8485576923076923 0.5649038461538461 0.8485576923076923 0.7067307692307693 0.8076923076923077 0.7067307692307693
23 0.9038461538461539 0.5192307692307693 0.9447115384615384 0.5192307692307693 0.9447115384615384 0.5649038461538461 0.9038461538461539 0.5649038461538461
23 0.04326923076923077 0.5192307692307693 0.08413461538461539 0.5192307692307693 0.08413461538461539 0.5649038461538461 0.04326923076923077 0.5649038461538461
23 0.7115384615384616 0.5192307692307693 0.7524038461538461 0.5192307692307693 0.7524038461538461 0.5649038461538461 0.7115384615384616 0.5649038461538461
23 0.4254807692307692 0.5192307692307693 0.46634615384615385 0.5192307692307693 0.46634615384615385 0.5649038461538461 0.4254807692307692 0.5649038461538461
23 0.6153846153846154 0.5192307692307693 0.65625 0.5192307692307693 0.65625 0.5649038461538461 0.6153846153846154 0.5649038461538461
23 0.5216346153846154 0.5192307692307693 0.5625 0.5192307692307693 0.5625 0.5649038461538461 0.5216346153846154 0.5649038461538461
8 0.4254807692307692 0.5649038461538461 0.46634615384615385 0.5649038461538461 0.46634615384615385 0.7067307692307693 0.4254807692307692 0.7067307692307693
8 0.3293269230769231 0.5649038461538461 0.3701923076923077 0.5649038461538461 0.3701923076923077 0.7067307692307693 0.3293269230769231 0.7067307692307693
23 0.3293269230769231 0.5192307692307693 0.3701923076923077 0.5192307692307693 0.3701923076923077 0.5649038461538461 0.3293269230769231 0.5649038461538461
8 0.23317307692307693 0.5649038461538461 0.27403846153846156 0.5649038461538461 0.27403846153846156 0.7067307692307693 0.23317307692307693 0.7067307692307693
23 0.23317307692307693 0.5192307692307693 0.27403846153846156 0.5192307692307693 0.27403846153846156 0.5649038461538461 0.23317307692307693 0.5649038461538461
8 0.13701923076923078 0.5649038461538461 0.1778846153846154 0.5649038461538461 0.1778846153846154 0.7067307692307693 0.13701923076923078 0.7067307692307693
23 0.13701923076923078 0.5192307692307693 0.1778846153846154 0.5192307692307693 0.1778846153846154 0.5649038461538461 0.13701923076923078 0.5649038461538461
23 0.04326923076923077 0.8028846153846154 0.08413461538461539 0.8028846153846154 0.08413461538461539 0.9711538461538461 0.04326923076923077 0.9711538461538461
23 0.8076923076923077 0.8052884615384616 0.8485576923076923 0.8052884615384616 0.8485576923076923 0.9711538461538461 0.8076923076923077 0.9711538461538461
23 0.3293269230769231 0.8028846153846154 0.3701923076923077 0.8028846153846154 0.3701923076923077 0.9711538461538461 0.3293269230769231 0.9711538461538461
23 0.23317307692307693 0.8028846153846154 0.27403846153846156 0.8028846153846154 0.27403846153846156 0.9711538461538461 0.23317307692307693 0.9711538461538461
23 0.13701923076923078 0.8052884615384616 0.1778846153846154 0.8052884615384616 0.1778846153846154 0.9711538461538461 0.13701923076923078 0.9711538461538461
23 0.4254807692307692 0.8028846153846154 0.4639423076923077 0.8028846153846154 0.4639423076923077 0.9711538461538461 0.4254807692307692 0.9711538461538461
23 0.6153846153846154 0.8028846153846154 0.65625 0.8028846153846154 0.65625 0.9711538461538461 0.6153846153846154 0.9711538461538461
23 0.7115384615384616 0.8052884615384616 0.7524038461538461 0.8052884615384616 0.7524038461538461 0.9711538461538461 0.7115384615384616 0.9711538461538461
17 0.07211538461538461 0.2283653846153846 0.11538461538461539 0.2283653846153846 0.11538461538461539 0.7067307692307693 0.07211538461538461 0.7067307692307693
17 0.17307692307692307 0.23076923076923078 0.21394230769230768 0.23076923076923078 0.21394230769230768 0.7067307692307693 0.17307692307692307 0.7067307692307693
17 0.27163461538461536 0.23076923076923078 0.31490384615384615 0.23076923076923078 0.31490384615384615 0.7067307692307693 0.27163461538461536 0.7067307692307693
17 0.37259615384615385 0.23076923076923078 0.41586538461538464 0.23076923076923078 0.41586538461538464 0.7067307692307693 0.37259615384615385 0.7067307692307693
17 0.47115384615384615 0.23076923076923078 0.5096153846153846 0.23076923076923078 0.5096153846153846 0.7067307692307693 0.47115384615384615 0.7067307692307693
17 0.5721153846153846 0.23076923076923078 0.6081730769230769 0.23076923076923078 0.6081730769230769 0.7067307692307693 0.5721153846153846 0.7067307692307693
17 0.6706730769230769 0.23076923076923078 0.7091346153846154 0.23076923076923078 0.7091346153846154 0.7067307692307693 0.6706730769230769 0.7067307692307693
17 0.7716346153846154 0.23076923076923078 0.8100961538461539 0.23076923076923078 0.8100961538461539 0.7067307692307693 0.7716346153846154 0.7067307692307693
17 0.8701923076923077 0.23076923076923078 0.9110576923076923 0.23076923076923078 0.9110576923076923 0.7067307692307693 0.8701923076923077 0.7067307692307693
21 0.6081730769230769 0.40625 0.6634615384615384 0.40625 0.6634615384615384 0.44711538461538464 0.6081730769230769 0.44711538461538464
21 0.036057692307692304 0.40384615384615385 0.09134615384615384 0.40384615384615385 0.09134615384615384 0.44471153846153844 0.036057692307692304 0.44471153846153844
21 0.4182692307692308 0.40384615384615385 0.4735576923076923 0.40384615384615385 0.4735576923076923 0.44471153846153844 0.4182692307692308 0.44471153846153844
21 0.5144230769230769 0.40625 0.5673076923076923 0.40625 0.5673076923076923 0.44711538461538464 0.5144230769230769 0.44711538461538464
21 0.7043269230769231 0.40384615384615385 0.7596153846153846 0.40384615384615385 0.7596153846153846 0.44471153846153844 0.7043269230769231 0.44471153846153844
21 0.8966346153846154 0.40384615384615385 0.9519230769230769 0.40384615384615385 0.9519230769230769 0.44711538461538464 0.8966346153846154 0.44711538461538464
21 0.8004807692307693 0.40384615384615385 0.8557692307692307 0.40384615384615385 0.8557692307692307 0.44711538461538464 0.8004807692307693 0.44711538461538464
21 0.32211538461538464 0.40384615384615385 0.37740384615384615 0.40384615384615385 0.37740384615384615 0.44471153846153844 0.32211538461538464 0.44471153846153844
21 0.22596153846153846 0.40384615384615385 0.28125 0.40384615384615385 0.28125 0.44471153846153844 0.22596153846153846 0.44471153846153844
21 0.12980769230769232 0.40384615384615385 0.18509615384615385 0.40384615384615385 0.18509615384615385 0.44471153846153844 0.12980769230769232 0.44471153846153844
0 0.004807692307692308 0.6682692307692307 0.07451923076923077 0.6682692307692307 0.07451923076923077 0.7235576923076923 0.004807692307692308 0.7235576923076923
0 0.10576923076923077 0.6682692307692307 0.17548076923076922 0.6682692307692307 0.17548076923076922 0.7211538461538461 0.10576923076923077 0.7211538461538461
0 0.20432692307692307 0.6658653846153846 0.27403846153846156 0.6658653846153846 0.27403846153846156 0.7235576923076923 0.20432692307692307 0.7235576923076923
0 0.3076923076923077 0.6706730769230769 0.37259615384615385 0.6706730769230769 0.37259615384615385 0.7259615384615384 0.3076923076923077 0.7259615384615384
0 0.40625 0.6682692307692307 0.47115384615384615 0.6682692307692307 0.47115384615384615 0.7235576923076923 0.40625 0.7235576923076923
0 0.5048076923076923 0.6682692307692307 0.5721153846153846 0.6682692307692307 0.5721153846153846 0.7235576923076923 0.5048076923076923 0.7235576923076923
0 0.6057692307692307 0.6682692307692307 0.6730769230769231 0.6682692307692307 0.6730769230769231 0.7235576923076923 0.6057692307692307 0.7235576923076923
0 0.7067307692307693 0.6682692307692307 0.7740384615384616 0.6682692307692307 0.7740384615384616 0.7235576923076923 0.7067307692307693 0.7235576923076923
0 0.9086538461538461 0.6682692307692307 0.9735576923076923 0.6682692307692307 0.9735576923076923 0.7259615384615384 0.9086538461538461 0.7259615384615384
0 0.8076923076923077 0.6682692307692307 0.8725961538461539 0.6682692307692307 0.8725961538461539 0.7259615384615384 0.8076923076923077 0.7259615384615384
4 0.8894230769230769 0.4735576923076923 0.9639423076923077 0.4735576923076923 0.9639423076923077 0.49038461538461536 0.8894230769230769 0.49038461538461536
4 0.21634615384615385 0.4735576923076923 0.28846153846153844 0.4735576923076923 0.28846153846153844 0.4879807692307692 0.21634615384615385 0.4879807692307692
4 0.6009615384615384 0.4735576923076923 0.6730769230769231 0.4735576923076923 0.6730769230769231 0.49038461538461536 0.6009615384615384 0.49038461538461536
4 0.6971153846153846 0.4735576923076923 0.7692307692307693 0.4735576923076923 0.7692307692307693 0.49038461538461536 0.6971153846153846 0.49038461538461536
4 0.7932692307692307 0.4735576923076923 0.8653846153846154 0.4735576923076923 0.8653846153846154 0.49038461538461536 0.7932692307692307 0.49038461538461536
4 0.5048076923076923 0.4735576923076923 0.5769230769230769 0.4735576923076923 0.5769230769230769 0.49038461538461536 0.5048076923076923 0.49038461538461536
4 0.40865384615384615 0.4735576923076923 0.4807692307692308 0.4735576923076923 0.4807692307692308 0.49038461538461536 0.40865384615384615 0.49038461538461536
4 0.3125 0.4735576923076923 0.38461538461538464 0.4735576923076923 0.38461538461538464 0.4879807692307692 0.3125 0.4879807692307692
8 0.8052884615384616 0.7788461538461539 0.875 0.7788461538461539 0.875 1 0.8052884615384616 1
8 0.004807692307692308 0.7788461538461539 0.07451923076923077 0.7788461538461539 0.07451923076923077 1 0.004807692307692308 1
8 0.6033653846153846 0.7788461538461539 0.6730769230769231 0.7788461538461539 0.6730769230769231 1 0.6033653846153846 1
8 0.7043269230769231 0.7788461538461539 0.7740384615384616 0.7788461538461539 0.7740384615384616 1 0.7043269230769231 1
8 0.5048076923076923 0.7788461538461539 0.5745192307692307 0.7788461538461539 0.5745192307692307 1 0.5048076923076923 1
8 0.40384615384615385 0.7788461538461539 0.4735576923076923 0.7788461538461539 0.4735576923076923 1 0.40384615384615385 1
8 0.30528846153846156 0.7788461538461539 0.37259615384615385 0.7788461538461539 0.37259615384615385 1 0.30528846153846156 1
8 0.20432692307692307 0.7788461538461539 0.27403846153846156 0.7788461538461539 0.27403846153846156 1 0.20432692307692307 1
8 0.10336538461538461 0.7788461538461539 0.17307692307692307 0.7788461538461539 0.17307692307692307 1 0.10336538461538461 1
17 0.36778846153846156 0.8413461538461539 0.4110576923076923 0.8413461538461539 0.4110576923076923 1 0.36778846153846156 1
17 0.0673076923076923 0.8413461538461539 0.11538461538461539 0.8413461538461539 0.11538461538461539 1 0.0673076923076923 1
17 0.1658653846153846 0.8413461538461539 0.21394230769230768 0.8413461538461539 0.21394230769230768 1 0.1658653846153846 1
17 0.2668269230769231 0.8413461538461539 0.3125 0.8413461538461539 0.3125 1 0.2668269230769231 1
17 0.5697115384615384 0.8413461538461539 0.6081730769230769 0.8413461538461539 0.6081730769230769 1 0.5697115384615384 1
17 0.46875 0.8413461538461539 0.5096153846153846 0.8413461538461539 0.5096153846153846 1 0.46875 1
17 0.6682692307692307 0.8413461538461539 0.7091346153846154 0.8413461538461539 0.7091346153846154 1 0.6682692307692307 1
17 0.7692307692307693 0.8413461538461539 0.8100961538461539 0.8413461538461539 0.8100961538461539 1 0.7692307692307693 1
16 0 0.11778846153846154 1 0.11778846153846154 1 0.16346153846153846 0 0.16346153846153846
12 0 0.1201923076923077 1 0.1201923076923077 1 0.13701923076923078 0 0.13701923076923078
22 0 0.19951923076923078 1 0.19951923076923078 1 0.4735576923076923 0 0.4735576923076923
12 0 0.4567307692307692 1 0.4567307692307692 1 0.4735576923076923 0 0.4735576923076923
12 0 0.7091346153846154 1 0.7091346153846154 1 0.7259615384615384 0 0.7259615384615384
15 0 0.7259615384615384 1 0.7259615384615384 1 1 0 1
11 0 0.4735576923076923 1 0.4735576923076923 1 0.7259615384615384 0 0.7259615384615384
0 0 0.04326923076923077 1 0.04326923076923077 1 0.12740384615384615 0 0.12740384615384615
2 0 0.04567307692307692 1 0.04567307692307692 1 1 0 1
10 0.002403846153846154 0.12740384615384615 0.9975961538461539 0.12740384615384615 0.9975961538461539 0.9975961538461539 0.002403846153846154 0.9975961538461539
26 0 0.9735576923076923 0.09615384615384616 0.9735576923076923 0.09615384615384616 1 0 1
26 0.11057692307692307 0.9663461538461539 0.13221153846153846 0.9663461538461539 0.13221153846153846 1 0.11057692307692307 1
26 0.5769230769230769 0.9783653846153846 0.6802884615384616 0.9783653846153846 0.6802884615384616 1 0.5769230769230769 1
26 0.14182692307692307 0.34375 0.20432692307692307 0.34375 0.20432692307692307 1 0.14182692307692307 1
26 0.7115384615384616 0.9807692307692307 0.78125 0.9807692307692307 0.78125 1 0.7115384615384616 1
26 0.6971153846153846 0.6730769230769231 0.7235576923076923 0.6730769230769231 0.7235576923076923 1 0.6971153846153846 1