23 0.17067307692307693 0.07932692307692307 0.23076923076923078 0.07932692307692307 0.23076923076923078 0.1346153846153846 0.17067307692307693 0.1346153846153846
23 0.6298076923076923 0.07932692307692307 0.6899038461538461 0.07932692307692307 0.6899038461538461 0.1346153846153846 0.6298076923076923 0.1346153846153846
23 0.5024038461538461 0.07932692307692307 0.5625 0.07932692307692307 0.5625 0.13701923076923078 0.5024038461538461 0.13701923076923078
23 0.3004807692307692 0.07932692307692307 0.3605769230769231 0.07932692307692307 0.3605769230769231 0.13701923076923078 0.3004807692307692 0.13701923076923078
23 0.90625 0.25 0.96875 0.25 0.96875 0.3557692307692308 0.90625 0.3557692307692308
23 0.17067307692307693 0.24759615384615385 0.23317307692307693 0.24759615384615385 0.23317307692307693 0.35336538461538464 0.17067307692307693 0.35336538461538464
23 0.3004807692307692 0.25 0.3629807692307692 0.25 0.3629807692307692 0.3557692307692308 0.3004807692307692 0.3557692307692308
23 0.5024038461538461 0.25 0.5625 0.25 0.5625 0.3557692307692308 0.5024038461538461 0.3557692307692308
23 0.6298076923076923 0.25 0.6923076923076923 0.25 0.6923076923076923 0.3557692307692308 0.6298076923076923 0.3557692307692308
23 0.90625 0.6682692307692307 0.9663461538461539 0.6682692307692307 0.9663461538461539 0.7788461538461539 0.90625 0.7788461538461539
23 0.17307692307692307 0.6682692307692307 0.23557692307692307 0.6682692307692307 0.23557692307692307 0.7788461538461539 0.17307692307692307 0.7788461538461539
23 0.3004807692307692 0.6682692307692307 0.3629807692307692 0.6682692307692307 0.3629807692307692 0.7788461538461539 0.3004807692307692 0.7788461538461539
23 0.5024038461538461 0.6682692307692307 0.5625 0.6682692307692307 0.5625 0.7788461538461539 0.5024038461538461 0.7788461538461539
23 0.6274038461538461 0.6706730769230769 0.6899038461538461 0.6706730769230769 0.6899038461538461 0.78125 0.6274038461538461 0.78125
23 0.17067307692307693 0.46875 0.23557692307692307 0.46875 0.23557692307692307 0.5841346153846154 0.17067307692307693 0.5841346153846154
23 0.9038461538461539 0.46875 0.96875 0.46875 0.96875 0.5841346153846154 0.9038461538461539 0.5841346153846154
23 0.2980769230769231 0.46875 0.3629807692307692 0.46875 0.3629807692307692 0.5841346153846154 0.2980769230769231 0.5841346153846154
23 0.5 0.46875 0.5649038461538461 0.46875 0.5649038461538461 0.5841346153846154 0.5 0.5841346153846154
23 0.6274038461538461 0.46875 0.6923076923076923 0.46875 0.6923076923076923 0.5841346153846154 0.6274038461538461 0.5841346153846154
21 0.8942307692307693 0.1346153846153846 0.9855769230769231 0.1346153846153846 0.9855769230769231 0.14423076923076922 0.8942307692307693 0.14423076923076922
21 0.15625 0.1346153846153846 0.24759615384615385 0.1346153846153846 0.24759615384615385 0.14423076923076922 0.15625 0.14423076923076922
21 0.2860576923076923 0.1346153846153846 0.375 0.1346153846153846 0.375 0.1466346153846154 0.2860576923076923 0.1466346153846154
21 0.4879807692307692 0.1346153846153846 0.5769230769230769 0.1346153846153846 0.5769230769230769 0.1466346153846154 0.4879807692307692 0.1466346153846154
21 0.6153846153846154 0.1346153846153846 0.7067307692307693 0.1346153846153846 0.7067307692307693 0.1466346153846154 0.6153846153846154 0.1466346153846154
21 0.15625 0.3557692307692308 0.24519230769230768 0.3557692307692308 0.24519230769230768 0.36538461538461536 0.15625 0.36538461538461536
21 0.8942307692307693 0.3557692307692308 0.9831730769230769 0.3557692307692308 0.9831730769230769 0.36538461538461536 0.8942307692307693 0.36538461538461536
21 0.6153846153846154 0.3557692307692308 0.7043269230769231 0.3557692307692308 0.7043269230769231 0.36538461538461536 0.6153846153846154 0.36538461538461536
21 0.4879807692307692 0.3557692307692308 0.5793269230769231 0.3557692307692308 0.5793269230769231 0.36538461538461536 0.4879807692307692 0.36538461538461536
21 0.2860576923076923 0.3557692307692308 0.37740384615384615 0.3557692307692308 0.37740384615384615 0.36538461538461536 0.2860576923076923 0.36538461538461536
21 0.28846153846153844 0.5841346153846154 0.37740384615384615 0.5841346153846154 0.37740384615384615 0.59375 0.28846153846153844 0.59375
21 0.8942307692307693 0.7788461538461539 0.9807692307692307 0.7788461538461539 0.9807692307692307 0.7884615384615384 0.8942307692307693 0.7884615384615384
21 0.4879807692307692 0.5841346153846154 0.5793269230769231 0.5841346153846154 0.5793269230769231 0.59375 0.4879807692307692 0.59375
21 0.6153846153846154 0.5841346153846154 0.7043269230769231 0.5841346153846154 0.7043269230769231 0.59375 0.6153846153846154 0.59375
21 0.8918269230769231 0.5817307692307693 0.9831730769230769 0.5817307692307693 0.9831730769230769 0.59375 0.8918269230769231 0.59375
16 0.02403846153846154 0.03125 0.9903846153846154 0.03125 0.9903846153846154 0.06009615384615385 0.02403846153846154 0.06009615384615385
5 0.6370192307692307 0.8221153846153846 0.7019230769230769 0.8221153846153846 0.7019230769230769 0.84375 0.6370192307692307 0.84375
23 0.16826923076923078 0.8581730769230769 0.23557692307692307 0.8581730769230769 0.23557692307692307 0.9086538461538461 0.16826923076923078 0.9086538461538461
23 0.3004807692307692 0.8581730769230769 0.35336538461538464 0.8581730769230769 0.35336538461538464 0.9615384615384616 0.3004807692307692 0.9615384615384616
23 0.5120192307692307 0.8581730769230769 0.5625 0.8581730769230769 0.5625 0.9615384615384616 0.5120192307692307 0.9615384615384616
8 0.3701923076923077 0.8605769230769231 0.4951923076923077 0.8605769230769231 0.4951923076923077 1 0.3701923076923077 1
23 0.36778846153846156 0.7908653846153846 0.4951923076923077 0.7908653846153846 0.4951923076923077 0.8605769230769231 0.36778846153846156 0.8605769230769231
21 0.15865384615384615 0.5841346153846154 0.24759615384615385 0.5841346153846154 0.24759615384615385 0.59375 0.15865384615384615 0.59375
21 0.15865384615384615 0.7788461538461539 0.24759615384615385 0.7788461538461539 0.24759615384615385 0.7884615384615384 0.15865384615384615 0.7884615384615384
21 0.28846153846153844 0.7788461538461539 0.37259615384615385 0.7788461538461539 0.37259615384615385 0.7884615384615384 0.28846153846153844 0.7884615384615384
21 0.49038461538461536 0.7788461538461539 0.5769230769230769 0.7788461538461539 0.5769230769230769 0.7884615384615384 0.49038461538461536 0.7884615384615384
21 0.6177884615384616 0.7788461538461539 0.7019230769230769 0.7788461538461539 0.7019230769230769 0.7884615384615384 0.6177884615384616 0.7884615384615384
12 0 0.8076923076923077 1 0.8076923076923077 1 0.8197115384615384 0 0.8197115384615384
15 0.002403846153846154 0.8221153846153846 1 0.8221153846153846 1 0.9831730769230769 0.002403846153846154 0.9831730769230769
12 0 0.3942307692307692 1 0.3942307692307692 1 0.40865384615384615 0 0.40865384615384615
12 0 0.6177884615384616 1 0.6177884615384616 1 0.6322115384615384 0 0.6322115384615384
12 0 0.17548076923076922 1 0.17548076923076922 1 0.1875 0 0.1875
22 0 0.03365384615384615 1 0.03365384615384615 1 0.1875 0 0.1875
11 0 0.1875 1 0.1875 1 0.40865384615384615 0 0.40865384615384615
11 0 0.40865384615384615 1 0.40865384615384615 1 0.6322115384615384 0 0.6322115384615384
11 0 0.6322115384615384 1 0.6322115384615384 1 0.8197115384615384 0 0.8197115384615384
2 0 0 1 0 1 1 0 1
10 0.028846153846153848 0.03125 0.9975961538461539 0.03125 0.9975961538461539 0.9975961538461539 0.028846153846153848 0.9975961538461539
1 0.9615384615384616 0.07692307692307693 0.9927884615384616 0.07692307692307693 0.9927884615384616 0.1346153846153846 0.9615384615384616 0.1346153846153846
1 0.1466346153846154 0.07692307692307693 0.17307692307692307 0.07692307692307693 0.17307692307692307 0.1346153846153846 0.1466346153846154 0.1346153846153846
1 0.2283653846153846 0.07692307692307693 0.2548076923076923 0.07692307692307693 0.2548076923076923 0.1346153846153846 0.2283653846153846 0.1346153846153846
1 0.27884615384615385 0.07932692307692307 0.30528846153846156 0.07932692307692307 0.30528846153846156 0.13701923076923078 0.27884615384615385 0.13701923076923078
1 0.3605769230769231 0.07692307692307693 0.3870192307692308 0.07692307692307693 0.3870192307692308 0.13701923076923078 0.3605769230769231 0.13701923076923078
1 0.47836538461538464 0.07932692307692307 0.5048076923076923 0.07932692307692307 0.5048076923076923 0.13701923076923078 0.47836538461538464 0.13701923076923078
1 0.5600961538461539 0.07932692307692307 0.5865384615384616 0.07932692307692307 0.5865384615384616 0.13701923076923078 0.5600961538461539 0.13701923076923078
1 0.6081730769230769 0.07692307692307693 0.6322115384615384 0.07692307692307693 0.6322115384615384 0.1346153846153846 0.6081730769230769 0.1346153846153846
1 0.6850961538461539 0.07692307692307693 0.7139423076923077 0.07692307692307693 0.7139423076923077 0.13701923076923078 0.6850961538461539 0.13701923076923078
23 0.9086538461538461 0.07932692307692307 0.9711538461538461 0.07932692307692307 0.9711538461538461 0.1346153846153846 0.9086538461538461 0.1346153846153846
1 0.8918269230769231 0.07451923076923077 0.9134615384615384 0.07451923076923077 0.9134615384615384 0.1346153846153846 0.8918269230769231 0.1346153846153846
1 0.90625 0.25 0.96875 0.25 0.96875 0.3557692307692308 0.90625 0.3557692307692308
1 0.5625 0.24519230769230768 0.5865384615384616 0.24519230769230768 0.5865384615384616 0.3557692307692308 0.5625 0.3557692307692308
1 0.6850961538461539 0.23557692307692307 0.6923076923076923 0.23557692307692307 0.6923076923076923 0.3557692307692308 0.6850961538461539 0.3557692307692308
1 0.15144230769230768 0.24278846153846154 0.17548076923076922 0.24278846153846154 0.17548076923076922 0.35336538461538464 0.15144230769230768 0.35336538461538464
1 0.6201923076923077 0.23798076923076922 0.6346153846153846 0.23798076923076922 0.6346153846153846 0.35336538461538464 0.6201923076923077 0.35336538461538464
1 0.5 0.23798076923076922 0.5192307692307693 0.23798076923076922 0.5192307692307693 0.3557692307692308 0.5 0.3557692307692308
1 0.3605769230769231 0.24278846153846154 0.38461538461538464 0.24278846153846154 0.38461538461538464 0.3557692307692308 0.3605769230769231 0.3557692307692308
1 0.2860576923076923 0.2403846153846154 0.31009615384615385 0.2403846153846154 0.31009615384615385 0.3557692307692308 0.2860576923076923 0.3557692307692308
1 0.2283653846153846 0.24278846153846154 0.25240384615384615 0.24278846153846154 0.25240384615384615 0.35336538461538464 0.2283653846153846 0.35336538461538464
1 0.17067307692307693 0.46875 0.23557692307692307 0.46875 0.23557692307692307 0.5841346153846154 0.17067307692307693 0.5841346153846154
1 0.28125 0.4375 0.30528846153846156 0.4375 0.30528846153846156 0.5841346153846154 0.28125 0.5841346153846154
1 0.5576923076923077 0.43509615384615385 0.5793269230769231 0.43509615384615385 0.5793269230769231 0.5841346153846154 0.5576923076923077 0.5841346153846154
1 0.3605769230769231 0.4375 0.3798076923076923 0.4375 0.3798076923076923 0.5841346153846154 0.3605769230769231 0.5841346153846154
1 0.5 0.43509615384615385 0.5240384615384616 0.43509615384615385 0.5240384615384616 0.5841346153846154 0.5 0.5841346153846154
1 0.6274038461538461 0.46875 0.6923076923076923 0.46875 0.6923076923076923 0.5841346153846154 0.6274038461538461 0.5841346153846154
1 0.6274038461538461 0.6706730769230769 0.6899038461538461 0.6706730769230769 0.6899038461538461 0.78125 0.6274038461538461 0.78125
1 0.5024038461538461 0.6682692307692307 0.5625 0.6682692307692307 0.5625 0.7788461538461539 0.5024038461538461 0.7788461538461539
1 0.3004807692307692 0.6682692307692307 0.3629807692307692 0.6682692307692307 0.3629807692307692 0.7788461538461539 0.3004807692307692 0.7788461538461539
1 0.17307692307692307 0.6682692307692307 0.23557692307692307 0.6682692307692307 0.23557692307692307 0.7788461538461539 0.17307692307692307 0.7788461538461539