23 0.5600961538461539 0.34615384615384615 0.5769230769230769 0.34615384615384615 0.5769230769230769 0.4206730769230769 0.5600961538461539 0.4206730769230769
23 0.31490384615384615 0.34134615384615385 0.3317307692307692 0.34134615384615385 0.3317307692307692 0.4182692307692308 0.31490384615384615 0.4182692307692308
23 0.36538461538461536 0.34134615384615385 0.38221153846153844 0.34134615384615385 0.38221153846153844 0.4182692307692308 0.36538461538461536 0.4182692307692308
23 0.41586538461538464 0.34375 0.43509615384615385 0.34375 0.43509615384615385 0.4182692307692308 0.41586538461538464 0.4182692307692308
23 0.4639423076923077 0.34375 0.4831730769230769 0.34375 0.4831730769230769 0.4182692307692308 0.4639423076923077 0.4182692307692308
23 0.5120192307692307 0.34615384615384615 0.5288461538461539 0.34615384615384615 0.5288461538461539 0.4206730769230769 0.5120192307692307 0.4206730769230769
23 0.5600961538461539 0.5096153846153846 0.5745192307692307 0.5096153846153846 0.5745192307692307 0.5697115384615384 0.5600961538461539 0.5697115384615384
23 0.31490384615384615 0.5072115384615384 0.3293269230769231 0.5072115384615384 0.3293269230769231 0.5673076923076923 0.31490384615384615 0.5673076923076923
23 0.36538461538461536 0.5096153846153846 0.38221153846153844 0.5096153846153846 0.38221153846153844 0.5697115384615384 0.36538461538461536 0.5697115384615384
23 0.41586538461538464 0.5096153846153846 0.4326923076923077 0.5096153846153846 0.4326923076923077 0.5697115384615384 0.41586538461538464 0.5697115384615384
23 0.46634615384615385 0.5096153846153846 0.4807692307692308 0.5096153846153846 0.4807692307692308 0.5697115384615384 0.46634615384615385 0.5697115384615384
23 0.5120192307692307 0.5096153846153846 0.5288461538461539 0.5096153846153846 0.5288461538461539 0.5697115384615384 0.5120192307692307 0.5697115384615384
23 0.5144230769230769 0.7067307692307693 0.53125 0.7067307692307693 0.53125 0.7764423076923077 0.5144230769230769 0.7764423076923077
23 0.5600961538461539 0.7091346153846154 0.5769230769230769 0.7091346153846154 0.5769230769230769 0.7764423076923077 0.5600961538461539 0.7764423076923077
23 0.46634615384615385 0.7091346153846154 0.4831730769230769 0.7091346153846154 0.4831730769230769 0.7788461538461539 0.46634615384615385 0.7788461538461539
23 0.31490384615384615 0.7091346153846154 0.3317307692307692 0.7091346153846154 0.3317307692307692 0.7788461538461539 0.31490384615384615 0.7788461538461539
23 0.36538461538461536 0.7091346153846154 0.38221153846153844 0.7091346153846154 0.38221153846153844 0.7788461538461539 0.36538461538461536 0.7788461538461539
23 0.4182692307692308 0.7091346153846154 0.43509615384615385 0.7091346153846154 0.43509615384615385 0.7788461538461539 0.4182692307692308 0.7788461538461539
23 0.5625 0.6298076923076923 0.5745192307692307 0.6298076923076923 0.5745192307692307 0.6899038461538461 0.5625 0.6899038461538461
23 0.5144230769230769 0.6298076923076923 0.5288461538461539 0.6298076923076923 0.5288461538461539 0.6899038461538461 0.5144230769230769 0.6899038461538461
23 0.7019230769230769 0.7067307692307693 0.71875 0.7067307692307693 0.71875 0.7764423076923077 0.7019230769230769 0.7764423076923077
23 0.6274038461538461 0.7091346153846154 0.6442307692307693 0.7091346153846154 0.6442307692307693 0.7788461538461539 0.6274038461538461 0.7788461538461539
23 0.7980769230769231 0.6514423076923077 0.8293269230769231 0.6514423076923077 0.8293269230769231 0.7211538461538461 0.7980769230769231 0.7211538461538461
23 0.7596153846153846 0.6538461538461539 0.7908653846153846 0.6538461538461539 0.7908653846153846 0.7235576923076923 0.7596153846153846 0.7235576923076923
23 0.8509615384615384 0.5072115384615384 0.8653846153846154 0.5072115384615384 0.8653846153846154 0.5673076923076923 0.8509615384615384 0.5673076923076923
23 0.8509615384615384 0.6610576923076923 0.8653846153846154 0.6610576923076923 0.8653846153846154 0.7211538461538461 0.8509615384615384 0.7211538461538461
23 0.8485576923076923 0.34375 0.8653846153846154 0.34375 0.8653846153846154 0.4182692307692308 0.8485576923076923 0.4182692307692308
23 0.7596153846153846 0.35096153846153844 0.7908653846153846 0.35096153846153844 0.7908653846153846 0.4206730769230769 0.7596153846153846 0.4206730769230769
23 0.9254807692307693 0.5072115384615384 0.9423076923076923 0.5072115384615384 0.9423076923076923 0.5673076923076923 0.9254807692307693 0.5673076923076923
23 0.9230769230769231 0.34375 0.9399038461538461 0.34375 0.9399038461538461 0.4182692307692308 0.9230769230769231 0.4182692307692308
23 0.8894230769230769 0.22115384615384615 0.8990384615384616 0.22115384615384615 0.8990384615384616 0.2403846153846154 0.8894230769230769 0.2403846153846154
23 0.8076923076923077 0.22596153846153846 0.8173076923076923 0.22596153846153846 0.8173076923076923 0.25961538461538464 0.8076923076923077 0.25961538461538464
23 0.7692307692307693 0.22596153846153846 0.7788461538461539 0.22596153846153846 0.7788461538461539 0.25961538461538464 0.7692307692307693 0.25961538461538464
23 0.7043269230769231 0.22115384615384615 0.7163461538461539 0.22115384615384615 0.7163461538461539 0.2548076923076923 0.7043269230769231 0.2548076923076923
23 0.6995192307692307 0.3004807692307692 0.7211538461538461 0.3004807692307692 0.7211538461538461 0.37259615384615385 0.6995192307692307 0.37259615384615385
23 0.6995192307692307 0.4423076923076923 0.7211538461538461 0.4423076923076923 0.7211538461538461 0.5168269230769231 0.6995192307692307 0.5168269230769231
23 0.6995192307692307 0.5913461538461539 0.7211538461538461 0.5913461538461539 0.7211538461538461 0.6682692307692307 0.6995192307692307 0.6682692307692307
23 0.625 0.59375 0.6466346153846154 0.59375 0.6466346153846154 0.6682692307692307 0.625 0.6682692307692307
23 0.625 0.44471153846153844 0.6466346153846154 0.44471153846153844 0.6466346153846154 0.5192307692307693 0.625 0.5192307692307693
23 0.6225961538461539 0.3004807692307692 0.6466346153846154 0.3004807692307692 0.6466346153846154 0.37259615384615385 0.6225961538461539 0.37259615384615385
23 0.36778846153846156 0.22355769230769232 0.3798076923076923 0.22355769230769232 0.3798076923076923 0.25961538461538464 0.36778846153846156 0.25961538461538464
23 0.5625 0.2283653846153846 0.5721153846153846 0.2283653846153846 0.5721153846153846 0.2620192307692308 0.5625 0.2620192307692308
23 0.5144230769230769 0.2283653846153846 0.5264423076923077 0.2283653846153846 0.5264423076923077 0.2620192307692308 0.5144230769230769 0.2620192307692308
23 0.46875 0.22596153846153846 0.47836538461538464 0.22596153846153846 0.47836538461538464 0.2620192307692308 0.46875 0.2620192307692308
23 0.4182692307692308 0.22596153846153846 0.43028846153846156 0.22596153846153846 0.43028846153846156 0.25961538461538464 0.4182692307692308 0.25961538461538464
23 0.5120192307692307 0.12980769230769232 0.5336538461538461 0.12980769230769232 0.5336538461538461 0.1778846153846154 0.5120192307692307 0.1778846153846154
23 0.3629807692307692 0.125 0.38461538461538464 0.125 0.38461538461538464 0.17307692307692307 0.3629807692307692 0.17307692307692307
23 0.41346153846153844 0.12740384615384615 0.4326923076923077 0.12740384615384615 0.4326923076923077 0.17307692307692307 0.41346153846153844 0.17307692307692307
23 0.4639423076923077 0.12980769230769232 0.4855769230769231 0.12980769230769232 0.4855769230769231 0.17548076923076922 0.4639423076923077 0.17548076923076922
23 0.5576923076923077 0.13221153846153846 0.5769230769230769 0.13221153846153846 0.5769230769230769 0.18028846153846154 0.5576923076923077 0.18028846153846154
23 0.5913461538461539 0.1346153846153846 0.6105769230769231 0.1346153846153846 0.6105769230769231 0.18028846153846154 0.5913461538461539 0.18028846153846154
23 0.6298076923076923 0.1346153846153846 0.6418269230769231 0.1346153846153846 0.6418269230769231 0.17067307692307693 0.6298076923076923 0.17067307692307693
23 0.7163461538461539 0.15144230769230768 0.7355769230769231 0.15144230769230768 0.7355769230769231 0.17067307692307693 0.7163461538461539 0.17067307692307693
23 0.7620192307692307 0.15144230769230768 0.7836538461538461 0.15144230769230768 0.7836538461538461 0.18028846153846154 0.7620192307692307 0.18028846153846154
10 0.8004807692307693 0.15144230769230768 0.8221153846153846 0.15144230769230768 0.8221153846153846 0.18028846153846154 0.8004807692307693 0.18028846153846154
23 0.8509615384615384 0.15144230769230768 0.8629807692307693 0.15144230769230768 0.8629807692307693 0.17067307692307693 0.8509615384615384 0.17067307692307693
23 0.21634615384615385 0.2932692307692308 0.22355769230769232 0.2932692307692308 0.22355769230769232 0.3269230769230769 0.21634615384615385 0.3269230769230769
23 0.24519230769230768 0.31490384615384615 0.25961538461538464 0.31490384615384615 0.25961538461538464 0.3605769230769231 0.24519230769230768 0.3605769230769231
23 0.23076923076923078 0.4110576923076923 0.2403846153846154 0.4110576923076923 0.2403846153846154 0.43509615384615385 0.23076923076923078 0.43509615384615385
23 0.2668269230769231 0.46875 0.27163461538461536 0.46875 0.27163461538461536 0.4879807692307692 0.2668269230769231 0.4879807692307692
23 0.2692307692307692 0.12259615384615384 0.28846153846153844 0.12259615384615384 0.28846153846153844 0.17067307692307693 0.2692307692307692 0.17067307692307693
23 0.3125 0.125 0.3317307692307692 0.125 0.3317307692307692 0.17067307692307693 0.3125 0.17067307692307693
23 0.3173076923076923 0.22355769230769232 0.3293269230769231 0.22355769230769232 0.3293269230769231 0.25961538461538464 0.3173076923076923 0.25961538461538464
23 0.2091346153846154 0.53125 0.25721153846153844 0.53125 0.25721153846153844 0.6346153846153846 0.2091346153846154 0.6346153846153846
23 0.055288461538461536 0.5697115384615384 0.09375 0.5697115384615384 0.09375 0.6274038461538461 0.055288461538461536 0.6274038461538461
23 0.05048076923076923 0.5360576923076923 0.09615384615384616 0.5360576923076923 0.09615384615384616 0.6322115384615384 0.05048076923076923 0.6322115384615384
23 0.21153846153846154 0.5673076923076923 0.25 0.5673076923076923 0.25 0.625 0.21153846153846154 0.625
17 0.0985576923076923 0.8389423076923077 0.11057692307692307 0.8389423076923077 0.11057692307692307 0.9399038461538461 0.0985576923076923 0.9399038461538461
17 0.1466346153846154 0.8413461538461539 0.15625 0.8413461538461539 0.15625 0.9375 0.1466346153846154 0.9375
17 0.19230769230769232 0.8413461538461539 0.20192307692307693 0.8413461538461539 0.20192307692307693 0.9302884615384616 0.19230769230769232 0.9302884615384616
17 0.20192307692307693 0.8317307692307693 0.2091346153846154 0.8317307692307693 0.2091346153846154 0.9206730769230769 0.20192307692307693 0.9206730769230769
17 0.2548076923076923 0.8317307692307693 0.2620192307692308 0.8317307692307693 0.2620192307692308 0.9206730769230769 0.2548076923076923 0.9206730769230769
19 0.17548076923076922 0.6875 0.2644230769230769 0.6875 0.2644230769230769 0.7139423076923077 0.17548076923076922 0.7139423076923077
19 0.10096153846153846 0.38221153846153844 0.19951923076923078 0.38221153846153844 0.19951923076923078 0.4182692307692308 0.10096153846153846 0.4182692307692308
16 0.25721153846153844 0.20192307692307693 0.9879807692307693 0.20192307692307693 0.9879807692307693 0.22115384615384615 0.25721153846153844 0.22115384615384615
23 0.8485576923076923 0.2403846153846154 0.8677884615384616 0.2403846153846154 0.8677884615384616 0.28125 0.8485576923076923 0.28125
23 0.9230769230769231 0.2403846153846154 0.9399038461538461 0.2403846153846154 0.9399038461538461 0.27884615384615385 0.9230769230769231 0.27884615384615385
23 0.7572115384615384 0.30528846153846156 0.7884615384615384 0.30528846153846156 0.7884615384615384 0.3485576923076923 0.7572115384615384 0.3485576923076923
23 0.7956730769230769 0.30528846153846156 0.8269230769230769 0.30528846153846156 0.8269230769230769 0.3485576923076923 0.7956730769230769 0.3485576923076923
23 0.7596153846153846 0.6129807692307693 0.7908653846153846 0.6129807692307693 0.7908653846153846 0.6514423076923077 0.7596153846153846 0.6514423076923077
23 0.7980769230769231 0.6105769230769231 0.8293269230769231 0.6105769230769231 0.8293269230769231 0.6514423076923077 0.7980769230769231 0.6514423076923077
23 0.7572115384615384 0.45913461538461536 0.7884615384615384 0.45913461538461536 0.7884615384615384 0.5 0.7572115384615384 0.5
23 0.7956730769230769 0.45913461538461536 0.8269230769230769 0.45913461538461536 0.8269230769230769 0.49759615384615385 0.7956730769230769 0.49759615384615385
23 0.7980769230769231 0.5 0.8293269230769231 0.5 0.8293269230769231 0.5697115384615384 0.7980769230769231 0.5697115384615384
23 0.7596153846153846 0.5 0.7908653846153846 0.5 0.7908653846153846 0.5697115384615384 0.7596153846153846 0.5697115384615384
23 0.7980769230769231 0.35096153846153844 0.8293269230769231 0.35096153846153844 0.8293269230769231 0.4206730769230769 0.7980769230769231 0.4206730769230769
21 0.84375 0.41586538461538464 0.9807692307692307 0.41586538461538464 0.9807692307692307 0.4326923076923077 0.84375 0.4326923076923077
4 0.9134615384615384 0.22355769230769232 0.9495192307692307 0.22355769230769232 0.9495192307692307 0.24759615384615385 0.9134615384615384 0.24759615384615385
4 0.8389423076923077 0.22355769230769232 0.875 0.22355769230769232 0.875 0.24759615384615385 0.8389423076923077 0.24759615384615385
23 0.6225961538461539 0.41586538461538464 0.6466346153846154 0.41586538461538464 0.6466346153846154 0.4423076923076923 0.6225961538461539 0.4423076923076923
23 0.6225961538461539 0.2764423076923077 0.6466346153846154 0.2764423076923077 0.6466346153846154 0.3004807692307692 0.6225961538461539 0.3004807692307692
23 0.6995192307692307 0.27403846153846156 0.7211538461538461 0.27403846153846156 0.7211538461538461 0.3004807692307692 0.6995192307692307 0.3004807692307692
23 0.6225961538461539 0.5649038461538461 0.6466346153846154 0.5649038461538461 0.6466346153846154 0.59375 0.6225961538461539 0.59375
23 0.6995192307692307 0.41586538461538464 0.7211538461538461 0.41586538461538464 0.7211538461538461 0.4423076923076923 0.6995192307692307 0.4423076923076923
23 0.6995192307692307 0.5649038461538461 0.7211538461538461 0.5649038461538461 0.7211538461538461 0.5913461538461539 0.6995192307692307 0.5913461538461539
21 0.2956730769230769 0.4182692307692308 0.59375 0.4182692307692308 0.59375 0.4326923076923077 0.2956730769230769 0.4326923076923077
23 0.22596153846153846 0.14423076923076922 0.25240384615384615 0.14423076923076922 0.25240384615384615 0.22355769230769232 0.22596153846153846 0.22355769230769232
19 0.19951923076923078 0.06009615384615385 0.6923076923076923 0.06009615384615385 0.6923076923076923 0.10817307692307693 0.19951923076923078 0.10817307692307693
12 0.20432692307692307 0.20432692307692307 0.6177884615384616 0.20432692307692307 0.6177884615384616 0.21875 0.20432692307692307 0.21875
22 0.20432692307692307 0.09375 0.6177884615384616 0.09375 0.6177884615384616 0.21875 0.20432692307692307 0.21875
12 0.20432692307692307 0.4326923076923077 0.6153846153846154 0.4326923076923077 0.6153846153846154 0.44711538461538464 0.20432692307692307 0.44711538461538464
12 0.20432692307692307 0.2692307692307692 0.6177884615384616 0.2692307692307692 0.6177884615384616 0.28365384615384615 0.20432692307692307 0.28365384615384615
12 0.6153846153846154 0.20432692307692307 0.7548076923076923 0.20432692307692307 0.7548076923076923 0.21875 0.6153846153846154 0.21875
15 0.2644230769230769 0.6009615384615384 0.6153846153846154 0.6009615384615384 0.6153846153846154 0.9086538461538461 0.2644230769230769 0.9086538461538461
11 0.2644230769230769 0.44711538461538464 0.6153846153846154 0.44711538461538464 0.6153846153846154 0.6009615384615384 0.2644230769230769 0.6009615384615384
11 0.2644230769230769 0.28365384615384615 0.6153846153846154 0.28365384615384615 0.6153846153846154 0.44711538461538464 0.2644230769230769 0.44711538461538464
11 0.20432692307692307 0.21875 0.6177884615384616 0.21875 0.6177884615384616 0.28365384615384615 0.20432692307692307 0.28365384615384615
12 0.2644230769230769 0.5841346153846154 0.6153846153846154 0.5841346153846154 0.6153846153846154 0.6009615384615384 0.2644230769230769 0.6009615384615384
22 0.6153846153846154 0.10576923076923077 0.7548076923076923 0.10576923076923077 0.7548076923076923 0.21875 0.6153846153846154 0.21875
12 0.6153846153846154 0.5336538461538461 0.7548076923076923 0.5336538461538461 0.7548076923076923 0.5480769230769231 0.6153846153846154 0.5480769230769231
12 0.6153846153846154 0.3870192307692308 0.7548076923076923 0.3870192307692308 0.7548076923076923 0.4014423076923077 0.6153846153846154 0.4014423076923077
12 0.7548076923076923 0.20432692307692307 0.9783653846153846 0.20432692307692307 0.9783653846153846 0.21875 0.7548076923076923 0.21875
15 0.6153846153846154 0.6971153846153846 0.7548076923076923 0.6971153846153846 0.7548076923076923 0.90625 0.6153846153846154 0.90625
11 0.6153846153846154 0.5504807692307693 0.7548076923076923 0.5504807692307693 0.7548076923076923 0.6995192307692307 0.6153846153846154 0.6995192307692307
11 0.6153846153846154 0.40384615384615385 0.7548076923076923 0.40384615384615385 0.7548076923076923 0.5504807692307693 0.6153846153846154 0.5504807692307693
11 0.6153846153846154 0.21875 0.7548076923076923 0.21875 0.7548076923076923 0.40384615384615385 0.6153846153846154 0.40384615384615385
12 0.6153846153846154 0.6826923076923077 0.7548076923076923 0.6826923076923077 0.7548076923076923 0.6971153846153846 0.6153846153846154 0.6971153846153846
22 0.7548076923076923 0.10576923076923077 0.9783653846153846 0.10576923076923077 0.9783653846153846 0.21875 0.7548076923076923 0.21875
12 0.7548076923076923 0.4254807692307692 0.9783653846153846 0.4254807692307692 0.9783653846153846 0.43990384615384615 0.7548076923076923 0.43990384615384615
12 0.7548076923076923 0.28365384615384615 0.9783653846153846 0.28365384615384615 0.9783653846153846 0.3004807692307692 0.7548076923076923 0.3004807692307692
12 0.7548076923076923 0.5817307692307693 0.9783653846153846 0.5817307692307693 0.9783653846153846 0.5985576923076923 0.7548076923076923 0.5985576923076923
15 0.7548076923076923 0.5985576923076923 0.9783653846153846 0.5985576923076923 0.9783653846153846 0.90625 0.7548076923076923 0.90625
11 0.7548076923076923 0.4423076923076923 0.9783653846153846 0.4423076923076923 0.9783653846153846 0.5985576923076923 0.7548076923076923 0.5985576923076923
11 0.7548076923076923 0.28365384615384615 0.9783653846153846 0.28365384615384615 0.9783653846153846 0.4423076923076923 0.7548076923076923 0.4423076923076923
11 0.7548076923076923 0.22115384615384615 0.9783653846153846 0.22115384615384615 0.9783653846153846 0.30288461538461536 0.7548076923076923 0.30288461538461536
15 0.038461538461538464 0.40625 0.2644230769230769 0.40625 0.2644230769230769 0.9375 0.038461538461538464 0.9375
2 0.036057692307692304 0 0.9951923076923077 0 0.9951923076923077 0.9399038461538461 0.036057692307692304 0.9399038461538461
10 0.038461538461538464 0.026442307692307692 0.9951923076923077 0.026442307692307692 0.9951923076923077 0.9375 0.038461538461538464 0.9375