23 0.625 0.038461538461538464 0.7259615384615384 0.038461538461538464 0.7259615384615384 0.18269230769230768 0.625 0.18269230769230768
23 0.2860576923076923 0.038461538461538464 0.38461538461538464 0.038461538461538464 0.38461538461538464 0.18269230769230768 0.2860576923076923 0.18269230769230768
23 0.40625 0.038461538461538464 0.6057692307692307 0.038461538461538464 0.6057692307692307 0.18269230769230768 0.40625 0.18269230769230768
23 0.6971153846153846 0.3125 0.9158653846153846 0.3125 0.9158653846153846 0.5456730769230769 0.6971153846153846 0.5456730769230769
23 0.08413461538461539 0.3125 0.30288461538461536 0.3125 0.30288461538461536 0.5456730769230769 0.08413461538461539 0.5456730769230769
23 0.3918269230769231 0.3125 0.6105769230769231 0.3125 0.6105769230769231 0.5456730769230769 0.3918269230769231 0.5456730769230769
23 0.6971153846153846 0.6826923076923077 0.9158653846153846 0.6826923076923077 0.9158653846153846 0.9158653846153846 0.6971153846153846 0.9158653846153846
23 0.07932692307692307 0.6826923076923077 0.2980769230769231 0.6826923076923077 0.2980769230769231 0.9158653846153846 0.07932692307692307 0.9158653846153846
23 0.3894230769230769 0.6826923076923077 0.6081730769230769 0.6826923076923077 0.6081730769230769 0.9158653846153846 0.3894230769230769 0.9158653846153846
4 0.2644230769230769 0.016826923076923076 0.7427884615384616 0.016826923076923076 0.7427884615384616 0.028846153846153848 0.2644230769230769 0.028846153846153848
4 0.0673076923076923 0.6610576923076923 0.31971153846153844 0.6610576923076923 0.31971153846153844 0.6706730769230769 0.0673076923076923 0.6706730769230769
4 0.37259615384615385 0.6610576923076923 0.625 0.6610576923076923 0.625 0.6706730769230769 0.37259615384615385 0.6706730769230769
4 0.6802884615384616 0.6610576923076923 0.9326923076923077 0.6610576923076923 0.9326923076923077 0.6706730769230769 0.6802884615384616 0.6706730769230769
4 0.06490384615384616 0.2932692307692308 0.3173076923076923 0.2932692307692308 0.3173076923076923 0.30288461538461536 0.06490384615384616 0.30288461538461536
4 0.37259615384615385 0.29086538461538464 0.625 0.29086538461538464 0.625 0.30288461538461536 0.37259615384615385 0.30288461538461536
4 0.6778846153846154 0.29086538461538464 0.9302884615384616 0.29086538461538464 0.9302884615384616 0.30288461538461536 0.6778846153846154 0.30288461538461536
12 0.002403846153846154 0.25961538461538464 0.9975961538461539 0.25961538461538464 0.9975961538461539 0.2692307692307692 0.002403846153846154 0.2692307692307692
11 0.002403846153846154 0 0.9975961538461539 0 0.9975961538461539 0.25721153846153844 0.002403846153846154 0.25721153846153844
12 0.002403846153846154 0.6322115384615384 0.9975961538461539 0.6322115384615384 0.9975961538461539 0.6418269230769231 0.002403846153846154 0.6418269230769231
12 0.002403846153846154 0.9903846153846154 0.9975961538461539 0.9903846153846154 0.9975961538461539 1 0.002403846153846154 1
11 0.002403846153846154 0.6418269230769231 0.9975961538461539 0.6418269230769231 0.9975961538461539 0.9903846153846154 0.002403846153846154 0.9903846153846154
11 0.002403846153846154 0.2692307692307692 0.9975961538461539 0.2692307692307692 0.9975961538461539 0.6322115384615384 0.002403846153846154 0.6322115384615384
2 0 0 1 0 1 1 0 1
10 0 0 1 0 1 1 0 1