23 0.35336538461538464 0.8317307692307693 0.42788461538461536 0.8317307692307693 0.42788461538461536 0.9206730769230769 0.35336538461538464 0.9206730769230769
23 0.43990384615384615 0.8293269230769231 0.5144230769230769 0.8293269230769231 0.5144230769230769 0.9206730769230769 0.43990384615384615 0.9206730769230769
23 0.43990384615384615 0.22115384615384615 0.5144230769230769 0.22115384615384615 0.5144230769230769 0.30288461538461536 0.43990384615384615 0.30288461538461536
23 0.35336538461538464 0.22115384615384615 0.42788461538461536 0.22115384615384615 0.42788461538461536 0.30288461538461536 0.35336538461538464 0.30288461538461536
23 0.10096153846153846 0.8317307692307693 0.17548076923076922 0.8317307692307693 0.17548076923076922 0.8966346153846154 0.10096153846153846 0.8966346153846154
23 0.18990384615384615 0.8317307692307693 0.2644230769230769 0.8317307692307693 0.2644230769230769 0.8990384615384616 0.18990384615384615 0.8990384615384616
23 0.6033653846153846 0.8293269230769231 0.6802884615384616 0.8293269230769231 0.6802884615384616 0.8966346153846154 0.6033653846153846 0.8966346153846154
23 0.6899038461538461 0.8317307692307693 0.7644230769230769 0.8317307692307693 0.7644230769230769 0.8990384615384616 0.6899038461538461 0.8990384615384616
23 0.35336538461538464 0.36778846153846156 0.42788461538461536 0.36778846153846156 0.42788461538461536 0.4543269230769231 0.35336538461538464 0.4543269230769231
23 0.43990384615384615 0.36778846153846156 0.5144230769230769 0.36778846153846156 0.5144230769230769 0.4567307692307692 0.43990384615384615 0.4567307692307692
23 0.10336538461538461 0.36778846153846156 0.1778846153846154 0.36778846153846156 0.1778846153846154 0.43509615384615385 0.10336538461538461 0.43509615384615385
23 0.18990384615384615 0.36778846153846156 0.2644230769230769 0.36778846153846156 0.2644230769230769 0.43509615384615385 0.18990384615384615 0.43509615384615385
23 0.6033653846153846 0.36778846153846156 0.6802884615384616 0.36778846153846156 0.6802884615384616 0.4326923076923077 0.6033653846153846 0.4326923076923077
23 0.6899038461538461 0.36778846153846156 0.7668269230769231 0.36778846153846156 0.7668269230769231 0.43509615384615385 0.6899038461538461 0.43509615384615385
23 0.35336538461538464 0.5192307692307693 0.42788461538461536 0.5192307692307693 0.42788461538461536 0.6081730769230769 0.35336538461538464 0.6081730769230769
23 0.43990384615384615 0.5192307692307693 0.5144230769230769 0.5192307692307693 0.5144230769230769 0.6081730769230769 0.43990384615384615 0.6081730769230769
23 0.10336538461538461 0.5192307692307693 0.1778846153846154 0.5192307692307693 0.1778846153846154 0.5865384615384616 0.10336538461538461 0.5865384615384616
23 0.18990384615384615 0.5192307692307693 0.2644230769230769 0.5192307692307693 0.2644230769230769 0.5865384615384616 0.18990384615384615 0.5865384615384616
23 0.6033653846153846 0.5192307692307693 0.6802884615384616 0.5192307692307693 0.6802884615384616 0.5841346153846154 0.6033653846153846 0.5841346153846154
23 0.6899038461538461 0.5192307692307693 0.7644230769230769 0.5192307692307693 0.7644230769230769 0.5865384615384616 0.6899038461538461 0.5865384615384616
23 0.35336538461538464 0.6706730769230769 0.42788461538461536 0.6706730769230769 0.42788461538461536 0.7596153846153846 0.35336538461538464 0.7596153846153846
23 0.43990384615384615 0.6682692307692307 0.5144230769230769 0.6682692307692307 0.5144230769230769 0.7596153846153846 0.43990384615384615 0.7596153846153846
23 0.10336538461538461 0.6706730769230769 0.1778846153846154 0.6706730769230769 0.1778846153846154 0.7379807692307693 0.10336538461538461 0.7379807692307693
23 0.18990384615384615 0.6706730769230769 0.2644230769230769 0.6706730769230769 0.2644230769230769 0.7379807692307693 0.18990384615384615 0.7379807692307693
23 0.6033653846153846 0.6682692307692307 0.6802884615384616 0.6682692307692307 0.6802884615384616 0.7355769230769231 0.6033653846153846 0.7355769230769231
23 0.6899038461538461 0.6706730769230769 0.7644230769230769 0.6706730769230769 0.7644230769230769 0.7379807692307693 0.6899038461538461 0.7379807692307693
23 0.40865384615384615 0.08173076923076923 0.45913461538461536 0.08173076923076923 0.45913461538461536 0.13942307692307693 0.40865384615384615 0.13942307692307693
12 0.16346153846153846 0.15865384615384615 0.7043269230769231 0.15865384615384615 0.7043269230769231 0.17307692307692307 0.16346153846153846 0.17307692307692307
22 0.3245192307692308 0 0.5288461538461539 0 0.5288461538461539 0.17307692307692307 0.3245192307692308 0.17307692307692307
12 0.03365384615384615 0.7740384615384616 0.8293269230769231 0.7740384615384616 0.8293269230769231 0.7884615384615384 0.03365384615384615 0.7884615384615384
12 0.03365384615384615 0.6201923076923077 0.8293269230769231 0.6201923076923077 0.8293269230769231 0.6346153846153846 0.03365384615384615 0.6346153846153846
12 0.03365384615384615 0.47115384615384615 0.8293269230769231 0.47115384615384615 0.8293269230769231 0.4855769230769231 0.03365384615384615 0.4855769230769231
12 0.03365384615384615 0.3173076923076923 0.8293269230769231 0.3173076923076923 0.8293269230769231 0.3317307692307692 0.03365384615384615 0.3317307692307692
12 0.03365384615384615 0.9519230769230769 0.8293269230769231 0.9519230769230769 0.8293269230769231 0.9663461538461539 0.03365384615384615 0.9663461538461539
15 0.03365384615384615 0.9639423076923077 0.8293269230769231 0.9639423076923077 0.8293269230769231 1 0.03365384615384615 1
11 0.03365384615384615 0.7884615384615384 0.8293269230769231 0.7884615384615384 0.8293269230769231 0.9639423076923077 0.03365384615384615 0.9639423076923077
11 0.03365384615384615 0.6370192307692307 0.8293269230769231 0.6370192307692307 0.8293269230769231 0.7884615384615384 0.03365384615384615 0.7884615384615384
11 0.03365384615384615 0.4855769230769231 0.8293269230769231 0.4855769230769231 0.8293269230769231 0.6370192307692307 0.03365384615384615 0.6370192307692307
11 0.03365384615384615 0.3317307692307692 0.8293269230769231 0.3317307692307692 0.8293269230769231 0.4831730769230769 0.03365384615384615 0.4831730769230769
11 0.14182692307692307 0.17307692307692307 0.7211538461538461 0.17307692307692307 0.7211538461538461 0.3317307692307692 0.14182692307692307 0.3317307692307692
2 0.03365384615384615 0 0.8341346153846154 0 0.8341346153846154 1 0.03365384615384615 1
10 0.03365384615384615 0.28846153846153844 0.8293269230769231 0.28846153846153844 0.8293269230769231 1 0.03365384615384615 1
26 0.052884615384615384 0.90625 0.12980769230769232 0.90625 0.12980769230769232 1 0.052884615384615384 1