23 0.8461538461538461 0.7355769230769231 0.9807692307692307 0.7355769230769231 0.9807692307692307 0.9134615384615384 0.8461538461538461 0.9134615384615384
23 0.01201923076923077 0.7355769230769231 0.14903846153846154 0.7355769230769231 0.14903846153846154 0.9134615384615384 0.01201923076923077 0.9134615384615384
23 0.18028846153846154 0.7355769230769231 0.31490384615384615 0.7355769230769231 0.31490384615384615 0.9134615384615384 0.18028846153846154 0.9134615384615384
23 0.34615384615384615 0.7355769230769231 0.4807692307692308 0.7355769230769231 0.4807692307692308 0.9134615384615384 0.34615384615384615 0.9134615384615384
23 0.5120192307692307 0.7355769230769231 0.6466346153846154 0.7355769230769231 0.6466346153846154 0.9134615384615384 0.5120192307692307 0.9134615384615384
23 0.6778846153846154 0.7355769230769231 0.8149038461538461 0.7355769230769231 0.8149038461538461 0.9134615384615384 0.6778846153846154 0.9134615384615384
23 0.8461538461538461 0.06490384615384616 0.9807692307692307 0.06490384615384616 0.9807692307692307 0.24519230769230768 0.8461538461538461 0.24519230769230768
23 0.01201923076923077 0.06490384615384616 0.14903846153846154 0.06490384615384616 0.14903846153846154 0.24519230769230768 0.01201923076923077 0.24519230769230768
23 0.18028846153846154 0.06490384615384616 0.31490384615384615 0.06490384615384616 0.31490384615384615 0.24519230769230768 0.18028846153846154 0.24519230769230768
23 0.34615384615384615 0.06490384615384616 0.4807692307692308 0.06490384615384616 0.4807692307692308 0.24519230769230768 0.34615384615384615 0.24519230769230768
23 0.5120192307692307 0.06490384615384616 0.6466346153846154 0.06490384615384616 0.6466346153846154 0.24519230769230768 0.5120192307692307 0.24519230769230768
23 0.6778846153846154 0.06490384615384616 0.8149038461538461 0.06490384615384616 0.8149038461538461 0.24519230769230768 0.6778846153846154 0.24519230769230768
23 0.8461538461538461 0.39903846153846156 0.9807692307692307 0.39903846153846156 0.9807692307692307 0.5769230769230769 0.8461538461538461 0.5769230769230769
23 0.01201923076923077 0.39903846153846156 0.14903846153846154 0.39903846153846156 0.14903846153846154 0.5769230769230769 0.01201923076923077 0.5769230769230769
23 0.18028846153846154 0.39903846153846156 0.31490384615384615 0.39903846153846156 0.31490384615384615 0.5769230769230769 0.18028846153846154 0.5769230769230769
23 0.34615384615384615 0.39903846153846156 0.4807692307692308 0.39903846153846156 0.4807692307692308 0.5769230769230769 0.34615384615384615 0.5769230769230769
23 0.5120192307692307 0.39903846153846156 0.6466346153846154 0.39903846153846156 0.6466346153846154 0.5769230769230769 0.5120192307692307 0.5769230769230769
23 0.6778846153846154 0.39903846153846156 0.8149038461538461 0.39903846153846156 0.8149038461538461 0.5769230769230769 0.6778846153846154 0.5769230769230769
11 0 0.6778846153846154 0.9975961538461539 0.6778846153846154 0.9975961538461539 0.9783653846153846 0 0.9783653846153846
12 0 0.6586538461538461 1 0.6586538461538461 1 0.6778846153846154 0 0.6778846153846154
12 0 0.9783653846153846 1 0.9783653846153846 1 1 0 1
12 0 0.31971153846153844 1 0.31971153846153844 1 0.34134615384615385 0 0.34134615384615385
11 0 0 0.9975961538461539 0 0.9975961538461539 0.32211538461538464 0 0.32211538461538464
11 0 0.34134615384615385 0.9975961538461539 0.34134615384615385 0.9975961538461539 0.6586538461538461 0 0.6586538461538461
2 0 0 0.9975961538461539 0 0.9975961538461539 1 0 1
10 0 0 0.9975961538461539 0 0.9975961538461539 1 0 1