23 0.8774038461538461 0.22115384615384615 1 0.22115384615384615 1 0.47115384615384615 0.8774038461538461 0.47115384615384615
4 0.8557692307692307 0.14903846153846154 1 0.14903846153846154 1 0.24278846153846154 0.8557692307692307 0.24278846153846154
23 0.5528846153846154 0.22115384615384615 0.7235576923076923 0.22115384615384615 0.7235576923076923 0.47115384615384615 0.5528846153846154 0.47115384615384615
23 0 0.22115384615384615 0.07211538461538461 0.22115384615384615 0.07211538461538461 0.4735576923076923 0 0.4735576923076923
4 0 0.14903846153846154 0.09375 0.14903846153846154 0.09375 0.24278846153846154 0 0.24278846153846154
4 0.53125 0.1466346153846154 0.7403846153846154 0.1466346153846154 0.7403846153846154 0.24278846153846154 0.53125 0.24278846153846154
23 0.22596153846153846 0.22115384615384615 0.39903846153846156 0.22115384615384615 0.39903846153846156 0.47115384615384615 0.22596153846153846 0.47115384615384615
4 0.20673076923076922 0.14903846153846154 0.41586538461538464 0.14903846153846154 0.41586538461538464 0.24278846153846154 0.20673076923076922 0.24278846153846154
23 0.8774038461538461 0.6826923076923077 1 0.6826923076923077 1 0.9326923076923077 0.8774038461538461 0.9326923076923077
4 0.8557692307692307 0.6105769230769231 1 0.6105769230769231 1 0.7043269230769231 0.8557692307692307 0.7043269230769231
23 0.5528846153846154 0.6826923076923077 0.7235576923076923 0.6826923076923077 0.7235576923076923 0.9326923076923077 0.5528846153846154 0.9326923076923077
23 0 0.6826923076923077 0.07211538461538461 0.6826923076923077 0.07211538461538461 0.9350961538461539 0 0.9350961538461539
4 0 0.6081730769230769 0.09375 0.6081730769230769 0.09375 0.7043269230769231 0 0.7043269230769231
4 0.53125 0.6081730769230769 0.7403846153846154 0.6081730769230769 0.7403846153846154 0.7043269230769231 0.53125 0.7043269230769231
23 0.22596153846153846 0.6826923076923077 0.39903846153846156 0.6826923076923077 0.39903846153846156 0.9326923076923077 0.22596153846153846 0.9326923076923077
4 0.20673076923076922 0.6105769230769231 0.41586538461538464 0.6105769230769231 0.41586538461538464 0.7043269230769231 0.20673076923076922 0.7043269230769231
5 0.7836538461538461 0.5576923076923077 0.8197115384615384 0.5576923076923077 0.8197115384615384 0.6514423076923077 0.7836538461538461 0.6514423076923077
5 0.12740384615384615 0.5576923076923077 0.1658653846153846 0.5576923076923077 0.1658653846153846 0.6514423076923077 0.12740384615384615 0.6514423076923077
5 0.7836538461538461 0.08413461538461539 0.8197115384615384 0.08413461538461539 0.8197115384615384 0.1778846153846154 0.7836538461538461 0.1778846153846154
5 0.12740384615384615 0.08413461538461539 0.1658653846153846 0.08413461538461539 0.1658653846153846 0.1778846153846154 0.12740384615384615 0.1778846153846154
4 0.002403846153846154 0.01201923076923077 1 0.01201923076923077 1 0.052884615384615384 0.002403846153846154 0.052884615384615384
4 0.002403846153846154 0.9350961538461539 1 0.9350961538461539 1 0.9783653846153846 0.002403846153846154 0.9783653846153846
4 0.002403846153846154 0.4735576923076923 1 0.4735576923076923 1 0.5264423076923077 0.002403846153846154 0.5264423076923077
12 0.002403846153846154 0.9350961538461539 1 0.9350961538461539 1 0.9783653846153846 0.002403846153846154 0.9783653846153846
12 0.002403846153846154 0.4735576923076923 1 0.4735576923076923 1 0.5264423076923077 0.002403846153846154 0.5264423076923077
12 0.002403846153846154 0.01201923076923077 1 0.01201923076923077 1 0.052884615384615384 0.002403846153846154 0.052884615384615384
11 0.002403846153846154 0.052884615384615384 1 0.052884615384615384 1 0.4735576923076923 0.002403846153846154 0.4735576923076923
11 0.002403846153846154 0.5264423076923077 1 0.5264423076923077 1 0.9326923076923077 0.002403846153846154 0.9326923076923077
2 0.002403846153846154 0.002403846153846154 1 0.002403846153846154 1 1 0.002403846153846154 1
10 0.002403846153846154 0.002403846153846154 1 0.002403846153846154 1 1 0.002403846153846154 1