23 0.0673076923076923 0.19471153846153846 0.10817307692307693 0.19471153846153846 0.10817307692307693 0.28846153846153844 0.0673076923076923 0.28846153846153844
23 0.19230769230769232 0.19230769230769232 0.23557692307692307 0.19230769230769232 0.23557692307692307 0.2860576923076923 0.19230769230769232 0.2860576923076923
23 0.3004807692307692 0.1875 0.34375 0.1875 0.34375 0.28365384615384615 0.3004807692307692 0.28365384615384615
23 0.4567307692307692 0.1875 0.5 0.1875 0.5 0.28125 0.4567307692307692 0.28125
23 0.5649038461538461 0.18509615384615385 0.6081730769230769 0.18509615384615385 0.6081730769230769 0.28365384615384615 0.5649038461538461 0.28365384615384615
23 0.5625 0.39903846153846156 0.6081730769230769 0.39903846153846156 0.6081730769230769 0.5168269230769231 0.5625 0.5168269230769231
23 0.6706730769230769 0.39903846153846156 0.7163461538461539 0.39903846153846156 0.7163461538461539 0.5168269230769231 0.6706730769230769 0.5168269230769231
23 0.6730769230769231 0.18509615384615385 0.71875 0.18509615384615385 0.71875 0.28125 0.6730769230769231 0.28125
23 0.7572115384615384 0.18269230769230768 0.8004807692307693 0.18269230769230768 0.8004807692307693 0.28125 0.7572115384615384 0.28125
23 0.8725961538461539 0.18028846153846154 0.9182692307692307 0.18028846153846154 0.9182692307692307 0.27884615384615385 0.8725961538461539 0.27884615384615385
23 0.8701923076923077 0.39903846153846156 0.9182692307692307 0.39903846153846156 0.9182692307692307 0.5192307692307693 0.8701923076923077 0.5192307692307693
23 0.7548076923076923 0.4014423076923077 0.8004807692307693 0.4014423076923077 0.8004807692307693 0.5192307692307693 0.7548076923076923 0.5192307692307693
23 0.06490384615384616 0.40384615384615385 0.11057692307692307 0.40384615384615385 0.11057692307692307 0.5192307692307693 0.06490384615384616 0.5192307692307693
23 0.19230769230769232 0.4014423076923077 0.23798076923076922 0.4014423076923077 0.23798076923076922 0.5168269230769231 0.19230769230769232 0.5168269230769231
8 0.0673076923076923 0.6899038461538461 0.11778846153846154 0.6899038461538461 0.11778846153846154 0.9038461538461539 0.0673076923076923 0.9038461538461539
20 0.19230769230769232 0.6875 0.23798076923076922 0.6875 0.23798076923076922 0.8028846153846154 0.19230769230769232 0.8028846153846154
5 0.12259615384615384 0.7211538461538461 0.13221153846153846 0.7211538461538461 0.13221153846153846 0.7331730769230769 0.12259615384615384 0.7331730769230769
8 0.4206730769230769 0.7451923076923077 0.4951923076923077 0.7451923076923077 0.4951923076923077 0.9158653846153846 0.4206730769230769 0.9158653846153846
23 0.4206730769230769 0.7283653846153846 0.4951923076923077 0.7283653846153846 0.4951923076923077 0.7451923076923077 0.4206730769230769 0.7451923076923077
20 0.6899038461538461 0.7668269230769231 0.7644230769230769 0.7668269230769231 0.7644230769230769 0.8629807692307693 0.6899038461538461 0.8629807692307693
20 0.8125 0.7524038461538461 0.8822115384615384 0.7524038461538461 0.8822115384615384 0.8605769230769231 0.8125 0.8605769230769231
8 0.6057692307692307 0.75 0.6490384615384616 0.75 0.6490384615384616 0.9110576923076923 0.6057692307692307 0.9110576923076923
20 0.5576923076923077 0.7259615384615384 0.6129807692307693 0.7259615384615384 0.6129807692307693 0.7451923076923077 0.5576923076923077 0.7451923076923077
20 0.6634615384615384 0.7211538461538461 0.8365384615384616 0.7211538461538461 0.8365384615384616 0.7475961538461539 0.6634615384615384 0.7475961538461539
5 0.3173076923076923 0.5889423076923077 0.3317307692307692 0.5889423076923077 0.3317307692307692 0.6153846153846154 0.3173076923076923 0.6153846153846154
5 0.36778846153846156 0.5889423076923077 0.38461538461538464 0.5889423076923077 0.38461538461538464 0.6153846153846154 0.36778846153846156 0.6153846153846154
5 0.4206730769230769 0.5889423076923077 0.43509615384615385 0.5889423076923077 0.43509615384615385 0.6153846153846154 0.4206730769230769 0.6153846153846154
5 0.47115384615384615 0.5889423076923077 0.4855769230769231 0.5889423076923077 0.4855769230769231 0.6153846153846154 0.47115384615384615 0.6153846153846154
16 0.021634615384615384 0.13942307692307693 0.9783653846153846 0.13942307692307693 0.9783653846153846 0.16826923076923078 0.021634615384615384 0.16826923076923078
0 0.3076923076923077 0.4951923076923077 0.4951923076923077 0.4951923076923077 0.4951923076923077 0.5793269230769231 0.3076923076923077 0.5793269230769231
8 0.3269230769230769 0.4014423076923077 0.3701923076923077 0.4014423076923077 0.3701923076923077 0.5793269230769231 0.3269230769230769 0.5793269230769231
8 0.4326923076923077 0.4014423076923077 0.47596153846153844 0.4014423076923077 0.47596153846153844 0.5793269230769231 0.4326923076923077 0.5793269230769231
12 0.028846153846153848 0.3485576923076923 0.9711538461538461 0.3485576923076923 0.9711538461538461 0.3605769230769231 0.028846153846153848 0.3605769230769231
12 0.028846153846153848 0.6057692307692307 0.9711538461538461 0.6057692307692307 0.9711538461538461 0.6177884615384616 0.028846153846153848 0.6177884615384616
22 0.028846153846153848 0.14182692307692307 0.9711538461538461 0.14182692307692307 0.9711538461538461 0.3605769230769231 0.028846153846153848 0.3605769230769231
15 0.028846153846153848 0.6153846153846154 0.9711538461538461 0.6153846153846154 0.9711538461538461 0.9302884615384616 0.028846153846153848 0.9302884615384616
11 0.028846153846153848 0.3605769230769231 0.9711538461538461 0.3605769230769231 0.9711538461538461 0.6177884615384616 0.028846153846153848 0.6177884615384616
23 0.2644230769230769 0 0.30288461538461536 0 0.30288461538461536 0.08173076923076923 0.2644230769230769 0.08173076923076923
2 0.021634615384615384 0 0.9783653846153846 0 0.9783653846153846 0.9326923076923077 0.021634615384615384 0.9326923076923077
11 0.028846153846153848 0.3605769230769231 0.9711538461538461 0.3605769230769231 0.9711538461538461 0.6177884615384616 0.028846153846153848 0.6177884615384616
19 0.021634615384615384 0 0.9783653846153846 0 0.9783653846153846 0.13942307692307693 0.021634615384615384 0.13942307692307693
10 0.021634615384615384 0 0.9807692307692307 0 0.9807692307692307 0.9302884615384616 0.021634615384615384 0.9302884615384616
4 0.06490384615384616 0.3918269230769231 0.11298076923076923 0.3918269230769231 0.11298076923076923 0.40384615384615385 0.06490384615384616 0.40384615384615385
4 0.06490384615384616 0.18028846153846154 0.11298076923076923 0.18028846153846154 0.11298076923076923 0.19471153846153846 0.06490384615384616 0.19471153846153846
4 0.19230769230769232 0.1778846153846154 0.2403846153846154 0.1778846153846154 0.2403846153846154 0.19230769230769232 0.19230769230769232 0.19230769230769232
4 0.2980769230769231 0.17548076923076922 0.34615384615384615 0.17548076923076922 0.34615384615384615 0.18990384615384615 0.2980769230769231 0.18990384615384615
4 0.4543269230769231 0.17307692307692307 0.5024038461538461 0.17307692307692307 0.5024038461538461 0.1875 0.4543269230769231 0.1875
4 0.5649038461538461 0.17307692307692307 0.6129807692307693 0.17307692307692307 0.6129807692307693 0.1875 0.5649038461538461 0.1875
4 0.6730769230769231 0.17307692307692307 0.7211538461538461 0.17307692307692307 0.7211538461538461 0.18509615384615385 0.6730769230769231 0.18509615384615385
4 0.7572115384615384 0.17067307692307693 0.8052884615384616 0.17067307692307693 0.8052884615384616 0.18269230769230768 0.7572115384615384 0.18269230769230768
4 0.8725961538461539 0.16826923076923078 0.9206730769230769 0.16826923076923078 0.9206730769230769 0.18028846153846154 0.8725961538461539 0.18028846153846154
4 0.8677884615384616 0.38461538461538464 0.9206730769230769 0.38461538461538464 0.9206730769230769 0.39903846153846156 0.8677884615384616 0.39903846153846156
4 0.7524038461538461 0.3870192307692308 0.8028846153846154 0.3870192307692308 0.8028846153846154 0.39903846153846156 0.7524038461538461 0.39903846153846156
4 0.6682692307692307 0.3870192307692308 0.71875 0.3870192307692308 0.71875 0.39903846153846156 0.6682692307692307 0.39903846153846156
4 0.5576923076923077 0.3870192307692308 0.6105769230769231 0.3870192307692308 0.6105769230769231 0.39903846153846156 0.5576923076923077 0.39903846153846156
4 0.31490384615384615 0.3870192307692308 0.37740384615384615 0.3870192307692308 0.37740384615384615 0.4014423076923077 0.31490384615384615 0.4014423076923077
4 0.19230769230769232 0.3894230769230769 0.2403846153846154 0.3894230769230769 0.2403846153846154 0.4014423076923077 0.19230769230769232 0.4014423076923077
21 0.055288461538461536 0.5144230769230769 0.1201923076923077 0.5144230769230769 0.1201923076923077 0.5288461538461539 0.055288461538461536 0.5288461538461539
21 0.057692307692307696 0.2860576923076923 0.11538461538461539 0.2860576923076923 0.11538461538461539 0.3004807692307692 0.057692307692307696 0.3004807692307692
21 0.18509615384615385 0.2860576923076923 0.24278846153846154 0.2860576923076923 0.24278846153846154 0.2980769230769231 0.18509615384615385 0.2980769230769231
21 0.2932692307692308 0.28365384615384615 0.3485576923076923 0.28365384615384615 0.3485576923076923 0.2956730769230769 0.2932692307692308 0.2956730769230769
21 0.4495192307692308 0.28125 0.5072115384615384 0.28125 0.5072115384615384 0.2932692307692308 0.4495192307692308 0.2932692307692308
21 0.5576923076923077 0.28125 0.6129807692307693 0.28125 0.6129807692307693 0.2956730769230769 0.5576923076923077 0.2956730769230769
21 0.6658653846153846 0.28125 0.7235576923076923 0.28125 0.7235576923076923 0.2932692307692308 0.6658653846153846 0.2932692307692308
21 0.75 0.27884615384615385 0.8076923076923077 0.27884615384615385 0.8076923076923077 0.2932692307692308 0.75 0.2932692307692308
21 0.8653846153846154 0.2764423076923077 0.9254807692307693 0.2764423076923077 0.9254807692307693 0.29086538461538464 0.8653846153846154 0.29086538461538464
21 0.8605769230769231 0.5144230769230769 0.9254807692307693 0.5144230769230769 0.9254807692307693 0.5288461538461539 0.8605769230769231 0.5288461538461539
21 0.7451923076923077 0.5144230769230769 0.8076923076923077 0.5144230769230769 0.8076923076923077 0.5288461538461539 0.7451923076923077 0.5288461538461539
21 0.6610576923076923 0.5144230769230769 0.7235576923076923 0.5144230769230769 0.7235576923076923 0.5288461538461539 0.6610576923076923 0.5288461538461539
21 0.5504807692307693 0.5144230769230769 0.6153846153846154 0.5144230769230769 0.6153846153846154 0.5288461538461539 0.5504807692307693 0.5288461538461539
21 0.18269230769230768 0.5144230769230769 0.24759615384615385 0.5144230769230769 0.24759615384615385 0.5288461538461539 0.18269230769230768 0.5288461538461539