23 0.8798076923076923 0.3581730769230769 0.9326923076923077 0.3581730769230769 0.9326923076923077 0.4831730769230769 0.8798076923076923 0.4831730769230769
23 0.07932692307692307 0.3557692307692308 0.13221153846153846 0.3557692307692308 0.13221153846153846 0.4831730769230769 0.07932692307692307 0.4831730769230769
23 0.7475961538461539 0.28846153846153844 0.7884615384615384 0.28846153846153844 0.7884615384615384 0.33413461538461536 0.7475961538461539 0.33413461538461536
23 0.7524038461538461 0.8509615384615384 0.7884615384615384 0.8509615384615384 0.7884615384615384 0.8894230769230769 0.7524038461538461 0.8894230769230769
23 0.6057692307692307 0.6682692307692307 0.6586538461538461 0.6682692307692307 0.6586538461538461 0.8125 0.6057692307692307 0.8125
23 0.8774038461538461 0.6634615384615384 0.9399038461538461 0.6634615384615384 0.9399038461538461 0.8100961538461539 0.8774038461538461 0.8100961538461539
23 0.07211538461538461 0.6610576923076923 0.13221153846153846 0.6610576923076923 0.13221153846153846 0.8100961538461539 0.07211538461538461 0.8100961538461539
23 0.3894230769230769 0.5673076923076923 0.42788461538461536 0.5673076923076923 0.42788461538461536 0.6177884615384616 0.3894230769230769 0.6177884615384616
23 0.18028846153846154 0.5697115384615384 0.21875 0.5697115384615384 0.21875 0.6177884615384616 0.18028846153846154 0.6177884615384616
23 0.23317307692307693 0.5649038461538461 0.27163461538461536 0.5649038461538461 0.27163461538461536 0.6153846153846154 0.23317307692307693 0.6153846153846154
23 0.28365384615384615 0.5649038461538461 0.3245192307692308 0.5649038461538461 0.3245192307692308 0.6153846153846154 0.28365384615384615 0.6153846153846154
23 0.33653846153846156 0.5649038461538461 0.375 0.5649038461538461 0.375 0.6153846153846154 0.33653846153846156 0.6153846153846154
23 0.15384615384615385 0.5721153846153846 0.1658653846153846 0.5721153846153846 0.1658653846153846 0.6105769230769231 0.15384615384615385 0.6105769230769231
23 0.4423076923076923 0.5793269230769231 0.4543269230769231 0.5793269230769231 0.4543269230769231 0.6105769230769231 0.4423076923076923 0.6105769230769231
23 0.4110576923076923 0.3004807692307692 0.4519230769230769 0.3004807692307692 0.4519230769230769 0.4254807692307692 0.4110576923076923 0.4254807692307692
23 0.14903846153846154 0.5288461538461539 0.45913461538461536 0.5288461538461539 0.45913461538461536 0.7524038461538461 0.14903846153846154 0.7524038461538461
23 0.15384615384615385 0.84375 0.23557692307692307 0.84375 0.23557692307692307 1 0.15384615384615385 1
23 0.06009615384615385 0.84375 0.14182692307692307 0.84375 0.14182692307692307 1 0.06009615384615385 1
23 0.46875 0.84375 0.5504807692307693 0.84375 0.5504807692307693 1 0.46875 1
23 0.375 0.84375 0.4567307692307692 0.84375 0.4567307692307692 1 0.375 1
23 0.24759615384615385 0.8413461538461539 0.3629807692307692 0.8413461538461539 0.3629807692307692 0.9975961538461539 0.24759615384615385 0.9975961538461539
23 0.3629807692307692 0.6177884615384616 0.40384615384615385 0.6177884615384616 0.40384615384615385 0.75 0.3629807692307692 0.75
23 0.25961538461538464 0.6177884615384616 0.2980769230769231 0.6177884615384616 0.2980769230769231 0.75 0.25961538461538464 0.75
23 0.15384615384615385 0.6177884615384616 0.19230769230769232 0.6177884615384616 0.19230769230769232 0.75 0.15384615384615385 0.75
23 0.41586538461538464 0.6177884615384616 0.4567307692307692 0.6177884615384616 0.4567307692307692 0.75 0.41586538461538464 0.75
23 0.31009615384615385 0.6177884615384616 0.3485576923076923 0.6177884615384616 0.3485576923076923 0.75 0.31009615384615385 0.75
23 0.20432692307692307 0.6177884615384616 0.24519230769230768 0.6177884615384616 0.24519230769230768 0.75 0.20432692307692307 0.75
23 0.16105769230769232 0.30288461538461536 0.19951923076923078 0.30288461538461536 0.19951923076923078 0.42788461538461536 0.16105769230769232 0.42788461538461536
23 0.21153846153846154 0.30288461538461536 0.25 0.30288461538461536 0.25 0.4254807692307692 0.21153846153846154 0.4254807692307692
23 0.25961538461538464 0.30288461538461536 0.3004807692307692 0.30288461538461536 0.3004807692307692 0.4254807692307692 0.25961538461538464 0.4254807692307692
23 0.3125 0.3004807692307692 0.35096153846153844 0.3004807692307692 0.35096153846153844 0.4254807692307692 0.3125 0.4254807692307692
23 0.3605769230769231 0.3004807692307692 0.4014423076923077 0.3004807692307692 0.4014423076923077 0.4254807692307692 0.3605769230769231 0.4254807692307692
23 0.8846153846153846 0.8725961538461539 0.9350961538461539 0.8725961538461539 0.9350961538461539 0.9783653846153846 0.8846153846153846 0.9783653846153846
23 0.07932692307692307 0.2956730769230769 0.12980769230769232 0.2956730769230769 0.12980769230769232 0.3557692307692308 0.07932692307692307 0.3557692307692308
23 0.07451923076923077 0.6322115384615384 0.0985576923076923 0.6322115384615384 0.0985576923076923 0.6610576923076923 0.07451923076923077 0.6610576923076923
23 0.10817307692307693 0.6322115384615384 0.13221153846153846 0.6322115384615384 0.13221153846153846 0.6586538461538461 0.10817307692307693 0.6586538461538461
23 0.06971153846153846 0.5769230769230769 0.13942307692307693 0.5769230769230769 0.13942307692307693 0.6586538461538461 0.06971153846153846 0.6586538461538461
23 0.6346153846153846 0.6394230769230769 0.65625 0.6394230769230769 0.65625 0.6682692307692307 0.6346153846153846 0.6682692307692307
23 0.6081730769230769 0.6394230769230769 0.6298076923076923 0.6394230769230769 0.6298076923076923 0.6682692307692307 0.6081730769230769 0.6682692307692307
23 0.9158653846153846 0.6057692307692307 0.9278846153846154 0.6057692307692307 0.9278846153846154 0.6225961538461539 0.9158653846153846 0.6225961538461539
23 0.8894230769230769 0.6057692307692307 0.9014423076923077 0.6057692307692307 0.9014423076923077 0.6225961538461539 0.8894230769230769 0.6225961538461539
23 0.9014423076923077 0.6225961538461539 0.9182692307692307 0.6225961538461539 0.9182692307692307 0.6418269230769231 0.9014423076923077 0.6418269230769231
23 0.8798076923076923 0.6370192307692307 0.9038461538461539 0.6370192307692307 0.9038461538461539 0.6634615384615384 0.8798076923076923 0.6634615384615384
23 0.9134615384615384 0.6346153846153846 0.9375 0.6346153846153846 0.9375 0.6634615384615384 0.9134615384615384 0.6634615384615384
23 0.875 0.5793269230769231 0.9447115384615384 0.5793269230769231 0.9447115384615384 0.6610576923076923 0.875 0.6610576923076923
23 0.09615384615384616 0.5913461538461539 0.11057692307692307 0.5913461538461539 0.11057692307692307 0.6129807692307693 0.09615384615384616 0.6129807692307693
23 0.11298076923076923 0.6033653846153846 0.12740384615384615 0.6033653846153846 0.12740384615384615 0.6225961538461539 0.11298076923076923 0.6225961538461539
23 0.09615384615384616 0.625 0.11057692307692307 0.625 0.11057692307692307 0.6418269230769231 0.09615384615384616 0.6418269230769231
23 0.47836538461538464 0.3557692307692308 0.53125 0.3557692307692308 0.53125 0.4831730769230769 0.47836538461538464 0.4831730769230769
23 0.8798076923076923 0.2956730769230769 0.9350961538461539 0.2956730769230769 0.9350961538461539 0.3557692307692308 0.8798076923076923 0.3557692307692308
23 0.4807692307692308 0.2956730769230769 0.5288461538461539 0.2956730769230769 0.5288461538461539 0.3557692307692308 0.4807692307692308 0.3557692307692308
23 0.47115384615384615 0.6610576923076923 0.5360576923076923 0.6610576923076923 0.5360576923076923 0.8100961538461539 0.47115384615384615 0.8100961538461539
23 0.5120192307692307 0.6009615384615384 0.5240384615384616 0.6009615384615384 0.5240384615384616 0.6201923076923077 0.5120192307692307 0.6201923076923077
23 0.4831730769230769 0.6009615384615384 0.4951923076923077 0.6009615384615384 0.4951923076923077 0.6201923076923077 0.4831730769230769 0.6201923076923077
23 0.4951923076923077 0.6177884615384616 0.5120192307692307 0.6177884615384616 0.5120192307692307 0.6370192307692307 0.4951923076923077 0.6370192307692307
23 0.49759615384615385 0.5913461538461539 0.5096153846153846 0.5913461538461539 0.5096153846153846 0.6057692307692307 0.49759615384615385 0.6057692307692307
23 0.4735576923076923 0.6322115384615384 0.5 0.6322115384615384 0.5 0.6610576923076923 0.4735576923076923 0.6610576923076923
23 0.5072115384615384 0.6322115384615384 0.5336538461538461 0.6322115384615384 0.5336538461538461 0.6610576923076923 0.5072115384615384 0.6610576923076923
23 0.46875 0.5769230769230769 0.5384615384615384 0.5769230769230769 0.5384615384615384 0.6586538461538461 0.46875 0.6586538461538461
23 0.9038461538461539 0.59375 0.9134615384615384 0.59375 0.9134615384615384 0.6081730769230769 0.9038461538461539 0.6081730769230769
23 0.6057692307692307 0.3581730769230769 0.6586538461538461 0.3581730769230769 0.6586538461538461 0.4831730769230769 0.6057692307692307 0.4831730769230769
23 0.6057692307692307 0.2956730769230769 0.6586538461538461 0.2956730769230769 0.6586538461538461 0.3557692307692308 0.6057692307692307 0.3557692307692308
23 0.6081730769230769 0.8725961538461539 0.6586538461538461 0.8725961538461539 0.6586538461538461 0.9783653846153846 0.6081730769230769 0.9783653846153846
23 0.20432692307692307 0.5336538461538461 0.24519230769230768 0.5336538461538461 0.24519230769230768 0.5576923076923077 0.20432692307692307 0.5576923076923077
23 0.15384615384615385 0.5336538461538461 0.18990384615384615 0.5336538461538461 0.18990384615384615 0.5576923076923077 0.15384615384615385 0.5576923076923077
23 0.25961538461538464 0.5336538461538461 0.2980769230769231 0.5336538461538461 0.2980769230769231 0.5576923076923077 0.25961538461538464 0.5576923076923077
23 0.3125 0.53125 0.3485576923076923 0.53125 0.3485576923076923 0.5576923076923077 0.3125 0.5576923076923077
23 0.3629807692307692 0.5336538461538461 0.4014423076923077 0.5336538461538461 0.4014423076923077 0.5576923076923077 0.3629807692307692 0.5576923076923077
23 0.41586538461538464 0.5336538461538461 0.4543269230769231 0.5336538461538461 0.4543269230769231 0.5576923076923077 0.41586538461538464 0.5576923076923077
23 0.4110576923076923 0.2644230769230769 0.4519230769230769 0.2644230769230769 0.4519230769230769 0.29086538461538464 0.4110576923076923 0.29086538461538464
23 0.15865384615384615 0.2668269230769231 0.19951923076923078 0.2668269230769231 0.19951923076923078 0.2932692307692308 0.15865384615384615 0.2932692307692308
23 0.2091346153846154 0.2668269230769231 0.25 0.2668269230769231 0.25 0.29086538461538464 0.2091346153846154 0.29086538461538464
23 0.25961538461538464 0.2668269230769231 0.3004807692307692 0.2668269230769231 0.3004807692307692 0.29086538461538464 0.25961538461538464 0.29086538461538464
23 0.31009615384615385 0.2668269230769231 0.35096153846153844 0.2668269230769231 0.35096153846153844 0.29086538461538464 0.31009615384615385 0.29086538461538464
23 0.3605769230769231 0.2668269230769231 0.4014423076923077 0.2668269230769231 0.4014423076923077 0.29086538461538464 0.3605769230769231 0.29086538461538464
23 0.3894230769230769 0.2764423076923077 0.4230769230769231 0.2764423076923077 0.4230769230769231 0.33413461538461536 0.3894230769230769 0.33413461538461536
23 0.1875 0.27884615384615385 0.22355769230769232 0.27884615384615385 0.22355769230769232 0.33413461538461536 0.1875 0.33413461538461536
23 0.23798076923076922 0.2764423076923077 0.27403846153846156 0.2764423076923077 0.27403846153846156 0.3317307692307692 0.23798076923076922 0.3317307692307692
23 0.28846153846153844 0.2764423076923077 0.3245192307692308 0.2764423076923077 0.3245192307692308 0.3317307692307692 0.28846153846153844 0.3317307692307692
23 0.3389423076923077 0.2764423076923077 0.375 0.2764423076923077 0.375 0.33413461538461536 0.3389423076923077 0.33413461538461536
23 0.4375 0.28125 0.4543269230769231 0.28125 0.4543269230769231 0.31971153846153844 0.4375 0.31971153846153844
23 0.15625 0.28365384615384615 0.17307692307692307 0.28365384615384615 0.17307692307692307 0.32211538461538464 0.15625 0.32211538461538464
23 0.16105769230769232 0.2668269230769231 0.4519230769230769 0.2668269230769231 0.4519230769230769 0.4735576923076923 0.16105769230769232 0.4735576923076923
23 0.08173076923076923 0.6033653846153846 0.09615384615384616 0.6033653846153846 0.09615384615384616 0.6225961538461539 0.08173076923076923 0.6225961538461539
21 0.04807692307692308 0.8100961538461539 0.14903846153846154 0.8100961538461539 0.14903846153846154 0.8485576923076923 0.04807692307692308 0.8485576923076923
21 0.45913461538461536 0.8125 0.5552884615384616 0.8125 0.5552884615384616 0.8485576923076923 0.45913461538461536 0.8485576923076923
21 0.59375 0.8100961538461539 0.6706730769230769 0.8100961538461539 0.6706730769230769 0.8485576923076923 0.59375 0.8485576923076923
21 0.8605769230769231 0.8100961538461539 0.9615384615384616 0.8100961538461539 0.9615384615384616 0.8461538461538461 0.8605769230769231 0.8461538461538461
21 0.5961538461538461 0.9783653846153846 0.6682692307692307 0.9783653846153846 0.6682692307692307 1 0.5961538461538461 1
21 0.8774038461538461 0.9783653846153846 0.9471153846153846 0.9783653846153846 0.9471153846153846 1 0.8774038461538461 1
21 0.8701923076923077 0.4807692307692308 0.9471153846153846 0.4807692307692308 0.9471153846153846 0.5192307692307693 0.8701923076923077 0.5192307692307693
21 0.46634615384615385 0.4831730769230769 0.5432692307692307 0.4831730769230769 0.5432692307692307 0.5168269230769231 0.46634615384615385 0.5168269230769231
21 0.59375 0.4831730769230769 0.6706730769230769 0.4831730769230769 0.6706730769230769 0.5144230769230769 0.59375 0.5144230769230769
16 0.01201923076923077 0.12740384615384615 0.9975961538461539 0.12740384615384615 0.9975961538461539 0.19471153846153846 0.01201923076923077 0.19471153846153846
16 0.019230769230769232 0.8100961538461539 0.9831730769230769 0.8100961538461539 0.9831730769230769 0.8269230769230769 0.019230769230769232 0.8269230769230769
5 0.5600961538461539 0.5240384615384616 0.5793269230769231 0.5240384615384616 0.5793269230769231 0.7836538461538461 0.5600961538461539 0.7836538461538461
5 0.014423076923076924 0.4567307692307692 0.028846153846153848 0.4567307692307692 0.028846153846153848 0.4879807692307692 0.014423076923076924 0.4879807692307692
5 0.09375 0.5336538461538461 0.11057692307692307 0.5336538461538461 0.11057692307692307 0.5625 0.09375 0.5625
0 0.14903846153846154 0.7524038461538461 0.45913461538461536 0.7524038461538461 0.45913461538461536 0.8149038461538461 0.14903846153846154 0.8149038461538461
0 0.15865384615384615 0.4254807692307692 0.4543269230769231 0.4254807692307692 0.4543269230769231 0.4831730769230769 0.15865384615384615 0.4831730769230769
5 0.0985576923076923 0.24759615384615385 0.11538461538461539 0.24759615384615385 0.11538461538461539 0.27884615384615385 0.0985576923076923 0.27884615384615385
5 0.49759615384615385 0.24759615384615385 0.5168269230769231 0.24759615384615385 0.5168269230769231 0.2764423076923077 0.49759615384615385 0.2764423076923077
5 0.8990384615384616 0.2548076923076923 0.9134615384615384 0.2548076923076923 0.9134615384615384 0.28125 0.8990384615384616 0.28125
21 0.59375 0.4831730769230769 0.6706730769230769 0.4831730769230769 0.6706730769230769 0.5144230769230769 0.59375 0.5144230769230769
5 0.4951923076923077 0.5336538461538461 0.5120192307692307 0.5336538461538461 0.5120192307692307 0.5625 0.4951923076923077 0.5625
16 0.016826923076923076 0.4807692307692308 0.9903846153846154 0.4807692307692308 0.9903846153846154 0.49759615384615385 0.016826923076923076 0.49759615384615385
5 0.9014423076923077 0.5360576923076923 0.9158653846153846 0.5360576923076923 0.9158653846153846 0.5673076923076923 0.9014423076923077 0.5673076923076923
5 0.9783653846153846 0.4519230769230769 0.9927884615384616 0.4519230769230769 0.9927884615384616 0.4831730769230769 0.9783653846153846 0.4831730769230769
5 0.9711538461538461 0.07692307692307693 0.9975961538461539 0.07692307692307693 0.9975961538461539 0.12740384615384615 0.9711538461538461 0.12740384615384615
5 0.014423076923076924 0.07692307692307693 0.038461538461538464 0.07692307692307693 0.038461538461538464 0.12740384615384615 0.014423076923076924 0.12740384615384615
12 0.02403846153846154 0.4831730769230769 0.9831730769230769 0.4831730769230769 0.9831730769230769 0.5 0.02403846153846154 0.5
22 0.02403846153846154 0.14423076923076922 0.9831730769230769 0.14423076923076922 0.9831730769230769 0.5 0.02403846153846154 0.5
12 0.02403846153846154 0.8100961538461539 0.9831730769230769 0.8100961538461539 0.9831730769230769 0.8269230769230769 0.02403846153846154 0.8269230769230769
15 0.02403846153846154 0.8269230769230769 0.9831730769230769 0.8269230769230769 0.9831730769230769 1 0.02403846153846154 1
11 0.02403846153846154 0.5 0.9831730769230769 0.5 0.9831730769230769 0.8245192307692307 0.02403846153846154 0.8245192307692307
5 0.6225961538461539 0.2548076923076923 0.6370192307692307 0.2548076923076923 0.6370192307692307 0.28125 0.6225961538461539 0.28125
2 0.01201923076923077 0.002403846153846154 0.9975961538461539 0.002403846153846154 0.9975961538461539 1 0.01201923076923077 1
10 0.01201923076923077 0.002403846153846154 0.9975961538461539 0.002403846153846154 0.9975961538461539 1 0.01201923076923077 1