23 0.84375 0.8774038461538461 0.9855769230769231 0.8774038461538461 0.9855769230769231 0.96875 0.84375 0.96875
23 0.014423076923076924 0.8774038461538461 0.16346153846153846 0.8774038461538461 0.16346153846153846 0.96875 0.014423076923076924 0.96875
23 0.3870192307692308 0.8774038461538461 0.44471153846153844 0.8774038461538461 0.44471153846153844 0.9375 0.3870192307692308 0.9375
23 0.18990384615384615 0.8774038461538461 0.28365384615384615 0.8774038461538461 0.28365384615384615 0.96875 0.18990384615384615 0.96875
23 0.46634615384615385 0.8774038461538461 0.6298076923076923 0.8774038461538461 0.6298076923076923 0.96875 0.46634615384615385 0.96875
23 0.6586538461538461 0.8774038461538461 0.7740384615384616 0.8774038461538461 0.7740384615384616 0.96875 0.6586538461538461 0.96875
23 0.84375 0.04567307692307692 0.9855769230769231 0.04567307692307692 0.9855769230769231 0.13701923076923078 0.84375 0.13701923076923078
23 0.014423076923076924 0.04567307692307692 0.16346153846153846 0.04567307692307692 0.16346153846153846 0.13701923076923078 0.014423076923076924 0.13701923076923078
23 0.3870192307692308 0.04567307692307692 0.44471153846153844 0.04567307692307692 0.44471153846153844 0.10576923076923077 0.3870192307692308 0.10576923076923077
23 0.18990384615384615 0.04567307692307692 0.28365384615384615 0.04567307692307692 0.28365384615384615 0.13701923076923078 0.18990384615384615 0.13701923076923078
23 0.46634615384615385 0.04567307692307692 0.6298076923076923 0.04567307692307692 0.6298076923076923 0.13701923076923078 0.46634615384615385 0.13701923076923078
23 0.6586538461538461 0.04567307692307692 0.7740384615384616 0.04567307692307692 0.7740384615384616 0.13701923076923078 0.6586538461538461 0.13701923076923078
23 0.84375 0.21153846153846154 0.9855769230769231 0.21153846153846154 0.9855769230769231 0.30288461538461536 0.84375 0.30288461538461536
23 0.014423076923076924 0.21153846153846154 0.16346153846153846 0.21153846153846154 0.16346153846153846 0.3004807692307692 0.014423076923076924 0.3004807692307692
23 0.3870192307692308 0.21153846153846154 0.44471153846153844 0.21153846153846154 0.44471153846153844 0.27163461538461536 0.3870192307692308 0.27163461538461536
23 0.18990384615384615 0.21153846153846154 0.28365384615384615 0.21153846153846154 0.28365384615384615 0.3004807692307692 0.18990384615384615 0.3004807692307692
23 0.46634615384615385 0.21153846153846154 0.6298076923076923 0.21153846153846154 0.6298076923076923 0.30288461538461536 0.46634615384615385 0.30288461538461536
23 0.6586538461538461 0.21153846153846154 0.7740384615384616 0.21153846153846154 0.7740384615384616 0.30288461538461536 0.6586538461538461 0.30288461538461536
23 0.84375 0.37740384615384615 0.9855769230769231 0.37740384615384615 0.9855769230769231 0.46875 0.84375 0.46875
23 0.014423076923076924 0.37740384615384615 0.16346153846153846 0.37740384615384615 0.16346153846153846 0.46875 0.014423076923076924 0.46875
23 0.3870192307692308 0.37740384615384615 0.44471153846153844 0.37740384615384615 0.44471153846153844 0.4375 0.3870192307692308 0.4375
23 0.18990384615384615 0.37740384615384615 0.28365384615384615 0.37740384615384615 0.28365384615384615 0.46875 0.18990384615384615 0.46875
23 0.46634615384615385 0.37740384615384615 0.6298076923076923 0.37740384615384615 0.6298076923076923 0.46875 0.46634615384615385 0.46875
23 0.6586538461538461 0.37740384615384615 0.7740384615384616 0.37740384615384615 0.7740384615384616 0.46875 0.6586538461538461 0.46875
23 0.84375 0.5432692307692307 0.9855769230769231 0.5432692307692307 0.9855769230769231 0.6346153846153846 0.84375 0.6346153846153846
23 0.014423076923076924 0.5432692307692307 0.16346153846153846 0.5432692307692307 0.16346153846153846 0.6346153846153846 0.014423076923076924 0.6346153846153846
23 0.3870192307692308 0.5456730769230769 0.44471153846153844 0.5456730769230769 0.44471153846153844 0.6033653846153846 0.3870192307692308 0.6033653846153846
23 0.18990384615384615 0.5432692307692307 0.28365384615384615 0.5432692307692307 0.28365384615384615 0.6346153846153846 0.18990384615384615 0.6346153846153846
23 0.46634615384615385 0.5432692307692307 0.6298076923076923 0.5432692307692307 0.6298076923076923 0.6346153846153846 0.46634615384615385 0.6346153846153846
23 0.6586538461538461 0.5432692307692307 0.7740384615384616 0.5432692307692307 0.7740384615384616 0.6346153846153846 0.6586538461538461 0.6346153846153846
23 0.84375 0.7115384615384616 0.9855769230769231 0.7115384615384616 0.9855769230769231 0.8028846153846154 0.84375 0.8028846153846154
23 0.014423076923076924 0.7115384615384616 0.16346153846153846 0.7115384615384616 0.16346153846153846 0.8004807692307693 0.014423076923076924 0.8004807692307693
23 0.3870192307692308 0.7115384615384616 0.44471153846153844 0.7115384615384616 0.44471153846153844 0.7692307692307693 0.3870192307692308 0.7692307692307693
23 0.18990384615384615 0.7115384615384616 0.28365384615384615 0.7115384615384616 0.28365384615384615 0.8004807692307693 0.18990384615384615 0.8004807692307693
23 0.46634615384615385 0.7115384615384616 0.6298076923076923 0.7115384615384616 0.6298076923076923 0.8028846153846154 0.46634615384615385 0.8028846153846154
23 0.6586538461538461 0.7115384615384616 0.7740384615384616 0.7115384615384616 0.7740384615384616 0.8028846153846154 0.6586538461538461 0.8028846153846154
12 0 0.9879807692307693 1 0.9879807692307693 1 1 0 1
12 0 0.15625 1 0.15625 1 0.16826923076923078 0 0.16826923076923078
12 0 0.3245192307692308 1 0.3245192307692308 1 0.33413461538461536 0 0.33413461538461536
12 0 0.49038461538461536 1 0.49038461538461536 1 0.5 0 0.5
12 0 0.65625 1 0.65625 1 0.6658653846153846 0 0.6658653846153846
12 0 0.8221153846153846 1 0.8221153846153846 1 0.8341346153846154 0 0.8341346153846154
11 0 0 0.9975961538461539 0 0.9975961538461539 0.15625 0 0.15625
11 0 0.8317307692307693 1 0.8317307692307693 1 0.9903846153846154 0 0.9903846153846154
11 0 0.6658653846153846 1 0.6658653846153846 1 0.8221153846153846 0 0.8221153846153846
11 0 0.49759615384615385 1 0.49759615384615385 1 0.65625 0 0.65625
11 0 0.33413461538461536 1 0.33413461538461536 1 0.49038461538461536 0 0.49038461538461536
11 0 0.16826923076923078 1 0.16826923076923078 1 0.3245192307692308 0 0.3245192307692308
2 0 0.002403846153846154 1 0.002403846153846154 1 1 0 1
10 0 0.002403846153846154 1 0.002403846153846154 1 1 0 1