23 0.7475961538461539 0.5504807692307693 0.8533653846153846 0.5504807692307693 0.8533653846153846 0.6634615384615384 0.7475961538461539 0.6634615384615384
23 0.7524038461538461 0.17307692307692307 0.84375 0.17307692307692307 0.84375 0.2548076923076923 0.7524038461538461 0.2548076923076923
23 0.7475961538461539 0.35096153846153844 0.8485576923076923 0.35096153846153844 0.8485576923076923 0.4543269230769231 0.7475961538461539 0.4543269230769231
23 0.08653846153846154 0.5504807692307693 0.19230769230769232 0.5504807692307693 0.19230769230769232 0.6634615384615384 0.08653846153846154 0.6634615384615384
23 0.09134615384615384 0.17307692307692307 0.18269230769230768 0.17307692307692307 0.18269230769230768 0.2548076923076923 0.09134615384615384 0.2548076923076923
23 0.08653846153846154 0.35096153846153844 0.1875 0.35096153846153844 0.1875 0.4543269230769231 0.08653846153846154 0.4543269230769231
23 0.31009615384615385 0.5504807692307693 0.41586538461538464 0.5504807692307693 0.41586538461538464 0.6634615384615384 0.31009615384615385 0.6634615384615384
23 0.3173076923076923 0.17307692307692307 0.40625 0.17307692307692307 0.40625 0.2548076923076923 0.3173076923076923 0.2548076923076923
23 0.31009615384615385 0.35096153846153844 0.4110576923076923 0.35096153846153844 0.4110576923076923 0.4543269230769231 0.31009615384615385 0.4543269230769231
23 0.5264423076923077 0.5504807692307693 0.6322115384615384 0.5504807692307693 0.6322115384615384 0.6634615384615384 0.5264423076923077 0.6634615384615384
23 0.5336538461538461 0.17307692307692307 0.6225961538461539 0.17307692307692307 0.6225961538461539 0.2548076923076923 0.5336538461538461 0.2548076923076923
23 0.5264423076923077 0.35096153846153844 0.6274038461538461 0.35096153846153844 0.6274038461538461 0.4543269230769231 0.5264423076923077 0.4543269230769231
23 0.07932692307692307 0.7451923076923077 0.20432692307692307 0.7451923076923077 0.20432692307692307 0.8870192307692307 0.07932692307692307 0.8870192307692307
23 0.7355769230769231 0.7451923076923077 0.8605769230769231 0.7451923076923077 0.8605769230769231 0.8870192307692307 0.7355769230769231 0.8870192307692307
23 0.2980769230769231 0.7451923076923077 0.4230769230769231 0.7451923076923077 0.4230769230769231 0.8870192307692307 0.2980769230769231 0.8870192307692307
23 0.5144230769230769 0.7451923076923077 0.6394230769230769 0.7451923076923077 0.6394230769230769 0.8870192307692307 0.5144230769230769 0.8870192307692307
4 0.6995192307692307 0.29086538461538464 0.9038461538461539 0.29086538461538464 0.9038461538461539 0.3629807692307692 0.6995192307692307 0.3629807692307692
4 0.028846153846153848 0.29086538461538464 0.23798076923076922 0.29086538461538464 0.23798076923076922 0.3629807692307692 0.028846153846153848 0.3629807692307692
4 0.4735576923076923 0.29086538461538464 0.6802884615384616 0.29086538461538464 0.6802884615384616 0.3629807692307692 0.4735576923076923 0.3629807692307692
4 0.2548076923076923 0.29086538461538464 0.46153846153846156 0.29086538461538464 0.46153846153846156 0.3629807692307692 0.2548076923076923 0.3629807692307692
4 0.24519230769230768 0.4807692307692308 0.46875 0.4807692307692308 0.46875 0.5600961538461539 0.24519230769230768 0.5600961538461539
4 0.019230769230769232 0.4831730769230769 0.24519230769230768 0.4831730769230769 0.24519230769230768 0.5600961538461539 0.019230769230769232 0.5600961538461539
4 0.6899038461538461 0.4831730769230769 0.9182692307692307 0.4831730769230769 0.9182692307692307 0.5600961538461539 0.6899038461538461 0.5600961538461539
4 0.46875 0.4807692307692308 0.6923076923076923 0.4807692307692308 0.6923076923076923 0.5600961538461539 0.46875 0.5600961538461539
4 0.6995192307692307 0.7235576923076923 0.8966346153846154 0.7235576923076923 0.8966346153846154 0.7860576923076923 0.6995192307692307 0.7860576923076923
4 0.038461538461538464 0.7235576923076923 0.23557692307692307 0.7235576923076923 0.23557692307692307 0.7860576923076923 0.038461538461538464 0.7860576923076923
4 0.2620192307692308 0.7235576923076923 0.45913461538461536 0.7235576923076923 0.45913461538461536 0.7860576923076923 0.2620192307692308 0.7860576923076923
4 0.47836538461538464 0.7235576923076923 0.6754807692307693 0.7235576923076923 0.6754807692307693 0.7860576923076923 0.47836538461538464 0.7860576923076923
16 0 0.6971153846153846 1 0.6971153846153846 1 0.7259615384615384 0 0.7259615384615384
21 0.7163461538461539 0.4543269230769231 0.8870192307692307 0.4543269230769231 0.8870192307692307 0.47836538461538464 0.7163461538461539 0.47836538461538464
21 0.49278846153846156 0.4543269230769231 0.6658653846153846 0.4543269230769231 0.6658653846153846 0.47836538461538464 0.49278846153846156 0.47836538461538464
21 0.27403846153846156 0.4543269230769231 0.44711538461538464 0.4543269230769231 0.44711538461538464 0.47836538461538464 0.27403846153846156 0.47836538461538464
21 0.04807692307692308 0.4543269230769231 0.22115384615384615 0.4543269230769231 0.22115384615384615 0.47836538461538464 0.04807692307692308 0.47836538461538464
16 0 0.9326923076923077 0.9639423076923077 0.9326923076923077 0.9639423076923077 0.9519230769230769 0 0.9519230769230769
17 0 0.9495192307692307 0.06490384615384616 0.9495192307692307 0.06490384615384616 1 0 1
17 0.875 0.9519230769230769 0.9495192307692307 0.9519230769230769 0.9495192307692307 1 0.875 1
17 0.21394230769230768 0.9495192307692307 0.28365384615384615 0.9495192307692307 0.28365384615384615 1 0.21394230769230768 1
17 0.43509615384615385 0.9519230769230769 0.5024038461538461 0.9519230769230769 0.5024038461538461 1 0.43509615384615385 1
17 0.6538461538461539 0.9519230769230769 0.7211538461538461 0.9519230769230769 0.7211538461538461 1 0.6538461538461539 1
17 0.8966346153846154 0.13942307692307693 0.9495192307692307 0.13942307692307693 0.9495192307692307 0.2548076923076923 0.8966346153846154 0.2548076923076923
17 0.47836538461538464 0.13942307692307693 0.5288461538461539 0.13942307692307693 0.5288461538461539 0.2548076923076923 0.47836538461538464 0.2548076923076923
17 0.40384615384615385 0.13942307692307693 0.4567307692307692 0.13942307692307693 0.4567307692307692 0.2548076923076923 0.40384615384615385 0.2548076923076923
17 0.25961538461538464 0.13942307692307693 0.3125 0.13942307692307693 0.3125 0.2548076923076923 0.25961538461538464 0.2548076923076923
17 0.18269230769230768 0.13942307692307693 0.23557692307692307 0.13942307692307693 0.23557692307692307 0.2548076923076923 0.18269230769230768 0.2548076923076923
17 0 0.13942307692307693 0.014423076923076924 0.13942307692307693 0.014423076923076924 0.2548076923076923 0 0.2548076923076923
17 0.6225961538461539 0.13942307692307693 0.6754807692307693 0.13942307692307693 0.6754807692307693 0.2548076923076923 0.6225961538461539 0.2548076923076923
17 0.6995192307692307 0.13942307692307693 0.75 0.13942307692307693 0.75 0.2548076923076923 0.6995192307692307 0.2548076923076923
17 0.84375 0.13942307692307693 0.8966346153846154 0.13942307692307693 0.8966346153846154 0.2548076923076923 0.84375 0.2548076923076923
16 0 0.11538461538461539 0.9519230769230769 0.11538461538461539 0.9519230769230769 0.13942307692307693 0 0.13942307692307693
17 0.036057692307692304 0.13942307692307693 0.0889423076923077 0.13942307692307693 0.0889423076923077 0.2548076923076923 0.036057692307692304 0.2548076923076923
5 0 0.052884615384615384 0.01201923076923077 0.052884615384615384 0.01201923076923077 0.11538461538461539 0 0.11538461538461539
5 0.026442307692307692 0.052884615384615384 0.08413461538461539 0.052884615384615384 0.08413461538461539 0.11538461538461539 0.026442307692307692 0.11538461538461539
5 0.9038461538461539 0.052884615384615384 0.9567307692307693 0.052884615384615384 0.9567307692307693 0.11538461538461539 0.9038461538461539 0.11538461538461539
5 0.1778846153846154 0.052884615384615384 0.23557692307692307 0.052884615384615384 0.23557692307692307 0.11538461538461539 0.1778846153846154 0.11538461538461539
5 0.2548076923076923 0.052884615384615384 0.3125 0.052884615384615384 0.3125 0.11538461538461539 0.2548076923076923 0.11538461538461539
5 0.40384615384615385 0.052884615384615384 0.46153846153846156 0.052884615384615384 0.46153846153846156 0.11538461538461539 0.40384615384615385 0.11538461538461539
5 0.47596153846153844 0.052884615384615384 0.5336538461538461 0.052884615384615384 0.5336538461538461 0.11538461538461539 0.47596153846153844 0.11538461538461539
5 0.625 0.052884615384615384 0.6826923076923077 0.052884615384615384 0.6826923076923077 0.11538461538461539 0.625 0.11538461538461539
5 0.7019230769230769 0.052884615384615384 0.7596153846153846 0.052884615384615384 0.7596153846153846 0.11538461538461539 0.7019230769230769 0.11538461538461539
5 0.8461538461538461 0.052884615384615384 0.9038461538461539 0.052884615384615384 0.9038461538461539 0.11538461538461539 0.8461538461538461 0.11538461538461539
23 0.7548076923076923 0.0985576923076923 0.8413461538461539 0.0985576923076923 0.8413461538461539 0.11538461538461539 0.7548076923076923 0.11538461538461539
23 0.31490384615384615 0.0985576923076923 0.4014423076923077 0.0985576923076923 0.4014423076923077 0.11538461538461539 0.31490384615384615 0.11538461538461539
23 0.09134615384615384 0.0985576923076923 0.18028846153846154 0.0985576923076923 0.18028846153846154 0.11538461538461539 0.09134615384615384 0.11538461538461539
23 0.53125 0.0985576923076923 0.6201923076923077 0.0985576923076923 0.6201923076923077 0.11538461538461539 0.53125 0.11538461538461539
16 0.009615384615384616 0.07692307692307693 0.8509615384615384 0.07692307692307693 0.8509615384615384 0.09375 0.009615384615384616 0.09375
16 0 0.25 1 0.25 1 0.27884615384615385 0 0.27884615384615385
23 0.7427884615384616 0.9759615384615384 0.8533653846153846 0.9759615384615384 0.8533653846153846 1 0.7427884615384616 1
23 0.08653846153846154 0.9759615384615384 0.1971153846153846 0.9759615384615384 0.1971153846153846 1 0.08653846153846154 1
23 0.3076923076923077 0.9759615384615384 0.4182692307692308 0.9759615384615384 0.4182692307692308 1 0.3076923076923077 1
23 0.5264423076923077 0.9759615384615384 0.6370192307692307 0.9759615384615384 0.6370192307692307 1 0.5264423076923077 1
17 0 0.7860576923076923 0.0625 0.7860576923076923 0.0625 0.8870192307692307 0 0.8870192307692307
17 0.875 0.7860576923076923 0.9471153846153846 0.7860576923076923 0.9471153846153846 0.8870192307692307 0.875 0.8870192307692307
17 0.21394230769230768 0.7860576923076923 0.2860576923076923 0.7860576923076923 0.2860576923076923 0.8870192307692307 0.21394230769230768 0.8870192307692307
17 0.43509615384615385 0.7860576923076923 0.5024038461538461 0.7860576923076923 0.5024038461538461 0.8870192307692307 0.43509615384615385 0.8870192307692307
17 0.6538461538461539 0.7860576923076923 0.7211538461538461 0.7860576923076923 0.7211538461538461 0.8870192307692307 0.6538461538461539 0.8870192307692307
12 0.002403846153846154 0.1346153846153846 1 0.1346153846153846 1 0.15144230769230768 0.002403846153846154 0.15144230769230768
12 0.002403846153846154 0.9326923076923077 1 0.9326923076923077 1 0.9495192307692307 0.002403846153846154 0.9495192307692307
12 0.002403846153846154 0.7043269230769231 1 0.7043269230769231 1 0.7211538461538461 0.002403846153846154 0.7211538461538461
12 0.002403846153846154 0.5 1 0.5 1 0.5168269230769231 0.002403846153846154 0.5168269230769231
12 0.002403846153846154 0.29086538461538464 1 0.29086538461538464 1 0.3076923076923077 0.002403846153846154 0.3076923076923077
22 0.002403846153846154 0.021634615384615384 1 0.021634615384615384 1 0.1346153846153846 0.002403846153846154 0.1346153846153846
11 0 0.9495192307692307 0.9975961538461539 0.9495192307692307 0.9975961538461539 1 0 1
11 0 0.71875 0.9975961538461539 0.71875 0.9975961538461539 0.9326923076923077 0 0.9326923076923077
11 0 0.5168269230769231 0.9975961538461539 0.5168269230769231 0.9975961538461539 0.7043269230769231 0 0.7043269230769231
11 0 0.3076923076923077 0.9975961538461539 0.3076923076923077 0.9975961538461539 0.49759615384615385 0 0.49759615384615385
11 0 0.15144230769230768 0.9975961538461539 0.15144230769230768 0.9975961538461539 0.29086538461538464 0 0.29086538461538464
10 0.002403846153846154 0.019230769230769232 1 0.019230769230769232 1 0.9975961538461539 0.002403846153846154 0.9975961538461539
2 0.002403846153846154 0.019230769230769232 1 0.019230769230769232 1 0.9975961538461539 0.002403846153846154 0.9975961538461539