23 0.8293269230769231 0.12259615384615384 0.9014423076923077 0.12259615384615384 0.9014423076923077 0.2283653846153846 0.8293269230769231 0.2283653846153846
23 0.036057692307692304 0.125 0.10817307692307693 0.125 0.10817307692307693 0.23076923076923078 0.036057692307692304 0.23076923076923078
23 0.16826923076923078 0.12259615384615384 0.2403846153846154 0.12259615384615384 0.2403846153846154 0.2283653846153846 0.16826923076923078 0.2283653846153846
23 0.3004807692307692 0.12259615384615384 0.37259615384615385 0.12259615384615384 0.37259615384615385 0.2283653846153846 0.3004807692307692 0.2283653846153846
23 0.4326923076923077 0.12259615384615384 0.5048076923076923 0.12259615384615384 0.5048076923076923 0.2283653846153846 0.4326923076923077 0.2283653846153846
23 0.5649038461538461 0.12259615384615384 0.6370192307692307 0.12259615384615384 0.6370192307692307 0.2283653846153846 0.5649038461538461 0.2283653846153846
23 0.8317307692307693 0.6658653846153846 0.9038461538461539 0.6658653846153846 0.9038461538461539 0.8918269230769231 0.8317307692307693 0.8918269230769231
23 0.036057692307692304 0.6658653846153846 0.10817307692307693 0.6658653846153846 0.10817307692307693 0.8918269230769231 0.036057692307692304 0.8918269230769231
23 0.17067307692307693 0.6658653846153846 0.24278846153846154 0.6658653846153846 0.24278846153846154 0.8918269230769231 0.17067307692307693 0.8918269230769231
23 0.30288461538461536 0.6658653846153846 0.375 0.6658653846153846 0.375 0.8918269230769231 0.30288461538461536 0.8918269230769231
23 0.43509615384615385 0.6658653846153846 0.5072115384615384 0.6658653846153846 0.5072115384615384 0.8918269230769231 0.43509615384615385 0.8918269230769231
23 0.5673076923076923 0.6658653846153846 0.6394230769230769 0.6658653846153846 0.6394230769230769 0.8918269230769231 0.5673076923076923 0.8918269230769231
23 0.6995192307692307 0.6658653846153846 0.7716346153846154 0.6658653846153846 0.7716346153846154 0.8918269230769231 0.6995192307692307 0.8918269230769231
11 0.002403846153846154 0 1 0 1 0.4519230769230769 0.002403846153846154 0.4519230769230769
12 0.002403846153846154 0.4519230769230769 1 0.4519230769230769 1 0.47115384615384615 0.002403846153846154 0.47115384615384615
15 0.002403846153846154 0.47115384615384615 1 0.47115384615384615 1 0.9903846153846154 0.002403846153846154 0.9903846153846154
23 0.6971153846153846 0.12259615384615384 0.7692307692307693 0.12259615384615384 0.7692307692307693 0.2283653846153846 0.6971153846153846 0.2283653846153846
2 0 0.002403846153846154 1 0.002403846153846154 1 0.9927884615384616 0 0.9927884615384616
10 0 0.002403846153846154 1 0.002403846153846154 1 0.9927884615384616 0 0.9927884615384616
23 0.9759615384615384 0.6899038461538461 1 0.6899038461538461 1 0.7331730769230769 0.9759615384615384 0.7331730769230769