23 0.7980769230769231 0.14903846153846154 0.8317307692307693 0.14903846153846154 0.8317307692307693 0.25240384615384615 0.7980769230769231 0.25240384615384615
23 0.16346153846153846 0.41346153846153844 0.20432692307692307 0.41346153846153844 0.20432692307692307 0.5480769230769231 0.16346153846153846 0.5480769230769231
23 0.2692307692307692 0.41346153846153844 0.31009615384615385 0.41346153846153844 0.31009615384615385 0.5504807692307693 0.2692307692307692 0.5504807692307693
23 0.375 0.41346153846153844 0.41346153846153844 0.41346153846153844 0.41346153846153844 0.5480769230769231 0.375 0.5480769230769231
23 0.47836538461538464 0.41346153846153844 0.5192307692307693 0.41346153846153844 0.5192307692307693 0.5480769230769231 0.47836538461538464 0.5480769230769231
23 0.5841346153846154 0.41346153846153844 0.625 0.41346153846153844 0.625 0.5504807692307693 0.5841346153846154 0.5504807692307693
23 0.9471153846153846 0.3918269230769231 0.9903846153846154 0.3918269230769231 0.9903846153846154 0.5336538461538461 0.9471153846153846 0.5336538461538461
23 0.6875 0.41346153846153844 0.7283653846153846 0.41346153846153844 0.7283653846153846 0.5504807692307693 0.6875 0.5504807692307693
23 0.7956730769230769 0.41346153846153844 0.8365384615384616 0.41346153846153844 0.8365384615384616 0.5480769230769231 0.7956730769230769 0.5480769230769231
23 0.9471153846153846 0.6274038461538461 0.9951923076923077 0.6274038461538461 0.9951923076923077 0.6802884615384616 0.9471153846153846 0.6802884615384616
23 0.055288461538461536 0.6394230769230769 0.10336538461538461 0.6394230769230769 0.10336538461538461 0.6875 0.055288461538461536 0.6875
23 0.16105769230769232 0.6394230769230769 0.20673076923076922 0.6394230769230769 0.20673076923076922 0.6875 0.16105769230769232 0.6875
23 0.2644230769230769 0.6394230769230769 0.3125 0.6394230769230769 0.3125 0.6875 0.2644230769230769 0.6875
23 0.3701923076923077 0.6394230769230769 0.4182692307692308 0.6394230769230769 0.4182692307692308 0.6875 0.3701923076923077 0.6875
23 0.47596153846153844 0.6394230769230769 0.5216346153846154 0.6394230769230769 0.5216346153846154 0.6875 0.47596153846153844 0.6875
23 0.5817307692307693 0.6394230769230769 0.6298076923076923 0.6394230769230769 0.6298076923076923 0.6875 0.5817307692307693 0.6875
23 0.6875 0.6394230769230769 0.7331730769230769 0.6394230769230769 0.7331730769230769 0.6875 0.6875 0.6875
23 0.7932692307692307 0.6394230769230769 0.8389423076923077 0.6394230769230769 0.8389423076923077 0.6875 0.7932692307692307 0.6875
23 0.057692307692307696 0.41346153846153844 0.0985576923076923 0.41346153846153844 0.0985576923076923 0.5480769230769231 0.057692307692307696 0.5480769230769231
23 0.0625 0.15144230769230768 0.09615384615384616 0.15144230769230768 0.09615384615384616 0.2548076923076923 0.0625 0.2548076923076923
23 0.1658653846153846 0.15144230769230768 0.19951923076923078 0.15144230769230768 0.19951923076923078 0.25240384615384615 0.1658653846153846 0.25240384615384615
23 0.27163461538461536 0.15144230769230768 0.30528846153846156 0.15144230769230768 0.30528846153846156 0.25240384615384615 0.27163461538461536 0.25240384615384615
23 0.37740384615384615 0.14903846153846154 0.4110576923076923 0.14903846153846154 0.4110576923076923 0.25240384615384615 0.37740384615384615 0.25240384615384615
23 0.4831730769230769 0.14903846153846154 0.5168269230769231 0.14903846153846154 0.5168269230769231 0.25240384615384615 0.4831730769230769 0.25240384615384615
23 0.5865384615384616 0.14903846153846154 0.6201923076923077 0.14903846153846154 0.6201923076923077 0.2548076923076923 0.5865384615384616 0.2548076923076923
23 0.6923076923076923 0.14903846153846154 0.7259615384615384 0.14903846153846154 0.7259615384615384 0.25240384615384615 0.6923076923076923 0.25240384615384615
23 0.7836538461538461 0.055288461538461536 0.8076923076923077 0.055288461538461536 0.8076923076923077 0.08173076923076923 0.7836538461538461 0.08173076923076923
23 0.007211538461538462 0.055288461538461536 0.03125 0.055288461538461536 0.03125 0.08173076923076923 0.007211538461538462 0.08173076923076923
23 0.1971153846153846 0.055288461538461536 0.22355769230769232 0.055288461538461536 0.22355769230769232 0.08173076923076923 0.1971153846153846 0.08173076923076923
23 0.38221153846153844 0.052884615384615384 0.40625 0.052884615384615384 0.40625 0.07932692307692307 0.38221153846153844 0.07932692307692307
23 0.5673076923076923 0.055288461538461536 0.5913461538461539 0.055288461538461536 0.5913461538461539 0.07932692307692307 0.5673076923076923 0.07932692307692307
23 0.75 0.055288461538461536 0.7764423076923077 0.055288461538461536 0.7764423076923077 0.07932692307692307 0.75 0.07932692307692307
8 0.9471153846153846 0.6875 0.9951923076923077 0.6875 0.9951923076923077 0.8389423076923077 0.9471153846153846 0.8389423076923077
8 0.055288461538461536 0.6971153846153846 0.10336538461538461 0.6971153846153846 0.10336538461538461 0.8485576923076923 0.055288461538461536 0.8485576923076923
8 0.16105769230769232 0.6971153846153846 0.20673076923076922 0.6971153846153846 0.20673076923076922 0.8485576923076923 0.16105769230769232 0.8485576923076923
8 0.2644230769230769 0.6971153846153846 0.3125 0.6971153846153846 0.3125 0.8485576923076923 0.2644230769230769 0.8485576923076923
8 0.3701923076923077 0.6971153846153846 0.4182692307692308 0.6971153846153846 0.4182692307692308 0.8485576923076923 0.3701923076923077 0.8485576923076923
8 0.47596153846153844 0.6971153846153846 0.5216346153846154 0.6971153846153846 0.5216346153846154 0.8485576923076923 0.47596153846153844 0.8485576923076923
8 0.5817307692307693 0.6971153846153846 0.6298076923076923 0.6971153846153846 0.6298076923076923 0.8485576923076923 0.5817307692307693 0.8485576923076923
8 0.6875 0.6971153846153846 0.7331730769230769 0.6971153846153846 0.7331730769230769 0.8485576923076923 0.6875 0.8485576923076923
8 0.7932692307692307 0.6971153846153846 0.8413461538461539 0.6971153846153846 0.8413461538461539 0.8485576923076923 0.7932692307692307 0.8485576923076923
23 0.9567307692307693 0.8990384615384616 1 0.8990384615384616 1 0.9615384615384616 0.9567307692307693 0.9615384615384616
23 0.052884615384615384 0.8966346153846154 0.09375 0.8966346153846154 0.09375 0.96875 0.052884615384615384 0.96875
23 0.15865384615384615 0.8966346153846154 0.20192307692307693 0.8966346153846154 0.20192307692307693 0.96875 0.15865384615384615 0.96875
23 0.2668269230769231 0.8966346153846154 0.3076923076923077 0.8966346153846154 0.3076923076923077 0.96875 0.2668269230769231 0.96875
23 0.375 0.8966346153846154 0.41586538461538464 0.8966346153846154 0.41586538461538464 0.9663461538461539 0.375 0.9663461538461539
23 0.4807692307692308 0.8966346153846154 0.5240384615384616 0.8966346153846154 0.5240384615384616 0.9639423076923077 0.4807692307692308 0.9639423076923077
23 0.5889423076923077 0.8966346153846154 0.6298076923076923 0.8966346153846154 0.6298076923076923 0.9663461538461539 0.5889423076923077 0.9663461538461539
23 0.6947115384615384 0.8966346153846154 0.7355769230769231 0.8966346153846154 0.7355769230769231 0.9615384615384616 0.6947115384615384 0.9615384615384616
23 0.8004807692307693 0.8966346153846154 0.8413461538461539 0.8966346153846154 0.8413461538461539 0.9615384615384616 0.8004807692307693 0.9615384615384616
4 0.04326923076923077 0.11057692307692307 0.11057692307692307 0.11057692307692307 0.11057692307692307 0.15384615384615385 0.04326923076923077 0.15384615384615385
4 0.14903846153846154 0.11057692307692307 0.21394230769230768 0.11057692307692307 0.21394230769230768 0.15384615384615385 0.14903846153846154 0.15384615384615385
4 0.2548076923076923 0.11057692307692307 0.32211538461538464 0.11057692307692307 0.32211538461538464 0.15384615384615385 0.2548076923076923 0.15384615384615385
4 0.3581730769230769 0.11057692307692307 0.42788461538461536 0.11057692307692307 0.42788461538461536 0.15384615384615385 0.3581730769230769 0.15384615384615385
4 0.4639423076923077 0.11057692307692307 0.5336538461538461 0.11057692307692307 0.5336538461538461 0.15144230769230768 0.4639423076923077 0.15144230769230768
4 0.5721153846153846 0.11057692307692307 0.6394230769230769 0.11057692307692307 0.6394230769230769 0.15384615384615385 0.5721153846153846 0.15384615384615385
4 0.6778846153846154 0.11057692307692307 0.7451923076923077 0.11057692307692307 0.7451923076923077 0.15384615384615385 0.6778846153846154 0.15384615384615385
4 0.78125 0.11057692307692307 0.8485576923076923 0.11057692307692307 0.8485576923076923 0.15384615384615385 0.78125 0.15384615384615385
4 0.9423076923076923 0.11778846153846154 1 0.11778846153846154 1 0.17548076923076922 0.9423076923076923 0.17548076923076922
16 0.02403846153846154 0.25961538461538464 1 0.25961538461538464 1 0.3293269230769231 0.02403846153846154 0.3293269230769231
4 0.05048076923076923 0.8629807692307693 0.09615384615384616 0.8629807692307693 0.09615384615384616 0.9038461538461539 0.05048076923076923 0.9038461538461539
4 0.9519230769230769 0.8629807692307693 1 0.8629807692307693 1 0.9038461538461539 0.9519230769230769 0.9038461538461539
4 0.15865384615384615 0.8629807692307693 0.20432692307692307 0.8629807692307693 0.20432692307692307 0.9038461538461539 0.15865384615384615 0.9038461538461539
4 0.2644230769230769 0.8629807692307693 0.31009615384615385 0.8629807692307693 0.31009615384615385 0.9038461538461539 0.2644230769230769 0.9038461538461539
4 0.3701923076923077 0.8629807692307693 0.4182692307692308 0.8629807692307693 0.4182692307692308 0.9038461538461539 0.3701923076923077 0.9038461538461539
4 0.47836538461538464 0.8629807692307693 0.5264423076923077 0.8629807692307693 0.5264423076923077 0.9038461538461539 0.47836538461538464 0.9038461538461539
4 0.5865384615384616 0.8629807692307693 0.6322115384615384 0.8629807692307693 0.6322115384615384 0.9038461538461539 0.5865384615384616 0.9038461538461539
4 0.6923076923076923 0.8629807692307693 0.7379807692307693 0.8629807692307693 0.7379807692307693 0.9038461538461539 0.6923076923076923 0.9038461538461539
4 0.7980769230769231 0.8629807692307693 0.84375 0.8629807692307693 0.84375 0.9038461538461539 0.7980769230769231 0.9038461538461539
21 0.9375 0.5336538461538461 1 0.5336538461538461 1 0.5432692307692307 0.9375 0.5432692307692307
21 0.04567307692307692 0.5504807692307693 0.11057692307692307 0.5504807692307693 0.11057692307692307 0.5625 0.04567307692307692 0.5625
21 0.15144230769230768 0.5480769230769231 0.21634615384615385 0.5480769230769231 0.21634615384615385 0.5600961538461539 0.15144230769230768 0.5600961538461539
21 0.25721153846153844 0.5480769230769231 0.32211538461538464 0.5480769230769231 0.32211538461538464 0.5600961538461539 0.25721153846153844 0.5600961538461539
21 0.3629807692307692 0.5480769230769231 0.42788461538461536 0.5480769230769231 0.42788461538461536 0.5600961538461539 0.3629807692307692 0.5600961538461539
21 0.46875 0.5480769230769231 0.5336538461538461 0.5480769230769231 0.5336538461538461 0.5600961538461539 0.46875 0.5600961538461539
21 0.5745192307692307 0.5480769230769231 0.6394230769230769 0.5480769230769231 0.6394230769230769 0.5600961538461539 0.5745192307692307 0.5600961538461539
21 0.6802884615384616 0.5504807692307693 0.7451923076923077 0.5504807692307693 0.7451923076923077 0.5600961538461539 0.6802884615384616 0.5600961538461539
21 0.7836538461538461 0.5480769230769231 0.8485576923076923 0.5480769230769231 0.8485576923076923 0.5600961538461539 0.7836538461538461 0.5600961538461539
4 0.9375 0.5697115384615384 1 0.5697115384615384 1 0.6274038461538461 0.9375 0.6274038461538461
4 0.04567307692307692 0.5817307692307693 0.10817307692307693 0.5817307692307693 0.10817307692307693 0.6394230769230769 0.04567307692307692 0.6394230769230769
4 0.15144230769230768 0.5817307692307693 0.21634615384615385 0.5817307692307693 0.21634615384615385 0.6394230769230769 0.15144230769230768 0.6394230769230769
4 0.25721153846153844 0.5817307692307693 0.32211538461538464 0.5817307692307693 0.32211538461538464 0.6394230769230769 0.25721153846153844 0.6394230769230769
4 0.3629807692307692 0.5817307692307693 0.42788461538461536 0.5817307692307693 0.42788461538461536 0.6394230769230769 0.3629807692307692 0.6394230769230769
4 0.46875 0.5817307692307693 0.5336538461538461 0.5817307692307693 0.5336538461538461 0.6394230769230769 0.46875 0.6394230769230769
4 0.5745192307692307 0.5817307692307693 0.6394230769230769 0.5817307692307693 0.6394230769230769 0.6394230769230769 0.5745192307692307 0.6394230769230769
4 0.6802884615384616 0.5817307692307693 0.7451923076923077 0.5817307692307693 0.7451923076923077 0.6394230769230769 0.6802884615384616 0.6394230769230769
4 0.7860576923076923 0.5817307692307693 0.8509615384615384 0.5817307692307693 0.8509615384615384 0.6394230769230769 0.7860576923076923 0.6394230769230769
4 0.9447115384615384 0.36778846153846156 0.9927884615384616 0.36778846153846156 0.9927884615384616 0.3918269230769231 0.9447115384615384 0.3918269230769231
4 0.06009615384615385 0.3894230769230769 0.10336538461538461 0.3894230769230769 0.10336538461538461 0.41346153846153844 0.06009615384615385 0.41346153846153844
4 0.16346153846153846 0.3894230769230769 0.20673076923076922 0.3894230769230769 0.20673076923076922 0.41346153846153844 0.16346153846153846 0.41346153846153844
4 0.2668269230769231 0.3894230769230769 0.31009615384615385 0.3894230769230769 0.31009615384615385 0.41346153846153844 0.2668269230769231 0.41346153846153844
4 0.37259615384615385 0.3894230769230769 0.41586538461538464 0.3894230769230769 0.41586538461538464 0.41346153846153844 0.37259615384615385 0.41346153846153844
4 0.47596153846153844 0.3894230769230769 0.5216346153846154 0.3894230769230769 0.5216346153846154 0.41346153846153844 0.47596153846153844 0.41346153846153844
4 0.5817307692307693 0.3894230769230769 0.6274038461538461 0.3894230769230769 0.6274038461538461 0.41346153846153844 0.5817307692307693 0.41346153846153844
4 0.6875 0.3894230769230769 0.7307692307692307 0.3894230769230769 0.7307692307692307 0.41346153846153844 0.6875 0.41346153846153844
4 0.7932692307692307 0.3870192307692308 0.8365384615384616 0.3870192307692308 0.8365384615384616 0.41346153846153844 0.7932692307692307 0.41346153846153844
19 0 0 1 0 1 0.2860576923076923 0 0.2860576923076923
12 0 0.31490384615384615 1 0.31490384615384615 1 0.3293269230769231 0 0.3293269230769231
22 0 0.055288461538461536 1 0.055288461538461536 1 0.3125 0 0.3125
12 0 0.6057692307692307 1 0.6057692307692307 1 0.6201923076923077 0 0.6201923076923077
11 0 0.6201923076923077 1 0.6201923076923077 1 0.96875 0 0.96875
11 0 0.3293269230769231 1 0.3293269230769231 1 0.6057692307692307 0 0.6057692307692307
2 0 0 1 0 1 0.9783653846153846 0 0.9783653846153846
10 0 0 1 0 1 0.96875 0 0.96875