23 0.06009615384615385 0.42788461538461536 0.1466346153846154 0.42788461538461536 0.1466346153846154 0.49278846153846156 0.06009615384615385 0.49278846153846156
23 0.6995192307692307 0.17307692307692307 0.7427884615384616 0.17307692307692307 0.7427884615384616 0.31490384615384615 0.6995192307692307 0.31490384615384615
23 0.6394230769230769 0.17067307692307693 0.6826923076923077 0.17067307692307693 0.6826923076923077 0.31490384615384615 0.6394230769230769 0.31490384615384615
23 0.44711538461538464 0.4254807692307692 0.5384615384615384 0.4254807692307692 0.5384615384615384 0.5913461538461539 0.44711538461538464 0.5913461538461539
23 0.30288461538461536 0.17067307692307693 0.34615384615384615 0.17067307692307693 0.34615384615384615 0.3125 0.30288461538461536 0.3125
23 0.24519230769230768 0.17307692307692307 0.28846153846153844 0.17307692307692307 0.28846153846153844 0.31490384615384615 0.24519230769230768 0.31490384615384615
23 0.057692307692307696 0.1658653846153846 0.1466346153846154 0.1658653846153846 0.1466346153846154 0.31971153846153844 0.057692307692307696 0.31971153846153844
23 0.8413461538461539 0.16346153846153846 0.9302884615384616 0.16346153846153846 0.9302884615384616 0.31490384615384615 0.8413461538461539 0.31490384615384615
23 0.8413461538461539 0.4254807692307692 0.9326923076923077 0.4254807692307692 0.9326923076923077 0.5865384615384616 0.8413461538461539 0.5865384615384616
23 0.44711538461538464 0.15865384615384615 0.5384615384615384 0.15865384615384615 0.5384615384615384 0.2283653846153846 0.44711538461538464 0.2283653846153846
23 0.8413461538461539 0.6658653846153846 0.9326923076923077 0.6658653846153846 0.9326923076923077 0.8149038461538461 0.8413461538461539 0.8149038461538461
23 0.06009615384615385 0.6682692307692307 0.14903846153846154 0.6682692307692307 0.14903846153846154 0.8149038461538461 0.06009615384615385 0.8149038461538461
23 0.24278846153846154 0.6923076923076923 0.28125 0.6923076923076923 0.28125 0.8173076923076923 0.24278846153846154 0.8173076923076923
23 0.3125 0.6923076923076923 0.35096153846153844 0.6923076923076923 0.35096153846153844 0.8173076923076923 0.3125 0.8173076923076923
23 0.6370192307692307 0.6899038461538461 0.6754807692307693 0.6899038461538461 0.6754807692307693 0.8173076923076923 0.6370192307692307 0.8173076923076923
23 0.7067307692307693 0.6899038461538461 0.7475961538461539 0.6899038461538461 0.7475961538461539 0.8173076923076923 0.7067307692307693 0.8173076923076923
8 0.8509615384615384 0.8846153846153846 0.9230769230769231 0.8846153846153846 0.9230769230769231 0.9951923076923077 0.8509615384615384 0.9951923076923077
8 0.6538461538461539 0.8894230769230769 0.7283653846153846 0.8894230769230769 0.7283653846153846 0.9975961538461539 0.6538461538461539 0.9975961538461539
8 0.2620192307692308 0.8918269230769231 0.33653846153846156 0.8918269230769231 0.33653846153846156 0.9951923076923077 0.2620192307692308 0.9951923076923077
23 0.2932692307692308 0.40625 0.33653846153846156 0.40625 0.33653846153846156 0.5841346153846154 0.2932692307692308 0.5841346153846154
23 0.24278846153846154 0.40625 0.2668269230769231 0.40625 0.2668269230769231 0.5841346153846154 0.24278846153846154 0.5841346153846154
23 0.6466346153846154 0.40625 0.6875 0.40625 0.6875 0.5841346153846154 0.6466346153846154 0.5841346153846154
23 0.7139423076923077 0.40384615384615385 0.7427884615384616 0.40384615384615385 0.7427884615384616 0.5841346153846154 0.7139423076923077 0.5841346153846154
23 0.5144230769230769 0.2283653846153846 0.5384615384615384 0.2283653846153846 0.5384615384615384 0.31009615384615385 0.5144230769230769 0.31009615384615385
23 0.44711538461538464 0.2283653846153846 0.47115384615384615 0.2283653846153846 0.47115384615384615 0.31009615384615385 0.44711538461538464 0.31009615384615385
8 0.47115384615384615 0.2283653846153846 0.5168269230769231 0.2283653846153846 0.5168269230769231 0.3581730769230769 0.47115384615384615 0.3581730769230769
0 0.40384615384615385 0.2692307692307692 0.5745192307692307 0.2692307692307692 0.5745192307692307 0.38221153846153844 0.40384615384615385 0.38221153846153844
23 0.12259615384615384 0.49278846153846156 0.1466346153846154 0.49278846153846156 0.1466346153846154 0.5865384615384616 0.12259615384615384 0.5865384615384616
23 0.06009615384615385 0.49278846153846156 0.08653846153846154 0.49278846153846156 0.08653846153846154 0.5865384615384616 0.06009615384615385 0.5865384615384616
8 0.08653846153846154 0.49278846153846156 0.12259615384615384 0.49278846153846156 0.12259615384615384 0.6201923076923077 0.08653846153846154 0.6201923076923077
0 0 0.5456730769230769 0.18990384615384615 0.5456730769230769 0.18990384615384615 0.6490384615384616 0 0.6490384615384616
16 0.02403846153846154 0.6129807692307693 0.23076923076923078 0.6129807692307693 0.23076923076923078 0.6322115384615384 0.02403846153846154 0.6322115384615384
16 0.3557692307692308 0.6081730769230769 0.6298076923076923 0.6081730769230769 0.6298076923076923 0.6322115384615384 0.3557692307692308 0.6322115384615384
16 0.7548076923076923 0.6081730769230769 0.9711538461538461 0.6081730769230769 0.9711538461538461 0.6298076923076923 0.7548076923076923 0.6298076923076923
4 0.8317307692307693 0.12980769230769232 0.9423076923076923 0.12980769230769232 0.9423076923076923 0.17307692307692307 0.8317307692307693 0.17307692307692307
4 0.04807692307692308 0.4014423076923077 0.15384615384615385 0.4014423076923077 0.15384615384615385 0.4375 0.04807692307692308 0.4375
4 0.04326923076923077 0.6466346153846154 0.16105769230769232 0.6466346153846154 0.16105769230769232 0.7331730769230769 0.04326923076923077 0.7331730769230769
4 0.0625 0.8629807692307693 0.1466346153846154 0.8629807692307693 0.1466346153846154 0.8966346153846154 0.0625 0.8966346153846154
4 0.84375 0.8605769230769231 0.9302884615384616 0.8605769230769231 0.9302884615384616 0.8918269230769231 0.84375 0.8918269230769231
8 0.06971153846153846 0.8894230769230769 0.14182692307692307 0.8894230769230769 0.14182692307692307 0.9855769230769231 0.06971153846153846 0.9855769230769231
4 0.2548076923076923 0.8653846153846154 0.34134615384615385 0.8653846153846154 0.34134615384615385 0.8990384615384616 0.2548076923076923 0.8990384615384616
4 0.6490384615384616 0.8653846153846154 0.7355769230769231 0.8653846153846154 0.7355769230769231 0.8990384615384616 0.6490384615384616 0.8990384615384616
4 0.04567307692307692 0.13221153846153846 0.15625 0.13221153846153846 0.15625 0.17307692307692307 0.04567307692307692 0.17307692307692307
4 0.23557692307692307 0.12740384615384615 0.3557692307692308 0.12740384615384615 0.3557692307692308 0.16826923076923078 0.23557692307692307 0.16826923076923078
4 0.43509615384615385 0.125 0.5480769230769231 0.125 0.5480769230769231 0.16826923076923078 0.43509615384615385 0.16826923076923078
4 0.6298076923076923 0.125 0.7524038461538461 0.125 0.7524038461538461 0.17067307692307693 0.6298076923076923 0.17067307692307693
4 0.8341346153846154 0.39903846153846156 0.9423076923076923 0.39903846153846156 0.9423076923076923 0.43509615384615385 0.8341346153846154 0.43509615384615385
4 0.8293269230769231 0.6442307692307693 0.9495192307692307 0.6442307692307693 0.9495192307692307 0.7307692307692307 0.8293269230769231 0.7307692307692307
4 0.6971153846153846 0.6706730769230769 0.7596153846153846 0.6706730769230769 0.7596153846153846 0.71875 0.6971153846153846 0.71875
4 0.23076923076923078 0.6730769230769231 0.29086538461538464 0.6730769230769231 0.29086538461538464 0.7211538461538461 0.23076923076923078 0.7211538461538461
4 0.2980769230769231 0.6730769230769231 0.3605769230769231 0.6730769230769231 0.3605769230769231 0.7211538461538461 0.2980769230769231 0.7211538461538461
4 0.625 0.6730769230769231 0.6899038461538461 0.6730769230769231 0.6899038461538461 0.71875 0.625 0.71875
8 0.43509615384615385 0.7692307692307693 0.5528846153846154 0.7692307692307693 0.5528846153846154 0.9951923076923077 0.43509615384615385 0.9951923076923077
4 0.40865384615384615 0.7283653846153846 0.5793269230769231 0.7283653846153846 0.5793269230769231 0.8533653846153846 0.40865384615384615 0.8533653846153846
5 0.47596153846153844 0.6514423076923077 0.5072115384615384 0.6514423076923077 0.5072115384615384 0.71875 0.47596153846153844 0.71875
21 0.052884615384615384 0.32211538461538464 0.1466346153846154 0.32211538461538464 0.1466346153846154 0.3317307692307692 0.052884615384615384 0.3317307692307692
21 0.24278846153846154 0.3173076923076923 0.34615384615384615 0.3173076923076923 0.34615384615384615 0.3269230769230769 0.24278846153846154 0.3269230769230769
21 0.6394230769230769 0.31490384615384615 0.7451923076923077 0.31490384615384615 0.7451923076923077 0.3269230769230769 0.6394230769230769 0.3269230769230769
21 0.8413461538461539 0.3173076923076923 0.9350961538461539 0.3173076923076923 0.9350961538461539 0.3293269230769231 0.8413461538461539 0.3293269230769231
21 0.84375 0.5865384615384616 0.9350961538461539 0.5865384615384616 0.9350961538461539 0.5961538461538461 0.84375 0.5961538461538461
21 0.8413461538461539 0.8149038461538461 0.9350961538461539 0.8149038461538461 0.9350961538461539 0.8245192307692307 0.8413461538461539 0.8245192307692307
21 0.24278846153846154 0.8173076923076923 0.28365384615384615 0.8173076923076923 0.28365384615384615 0.8269230769230769 0.24278846153846154 0.8269230769230769
21 0.7067307692307693 0.8173076923076923 0.7475961538461539 0.8173076923076923 0.7475961538461539 0.8269230769230769 0.7067307692307693 0.8269230769230769
21 0.6370192307692307 0.8173076923076923 0.6778846153846154 0.8173076923076923 0.6778846153846154 0.8269230769230769 0.6370192307692307 0.8269230769230769
21 0.31009615384615385 0.8197115384615384 0.35096153846153844 0.8197115384615384 0.35096153846153844 0.8293269230769231 0.31009615384615385 0.8293269230769231
21 0.06009615384615385 0.8149038461538461 0.14903846153846154 0.8149038461538461 0.14903846153846154 0.8269230769230769 0.06009615384615385 0.8269230769230769
21 0.44471153846153844 0.5913461538461539 0.5408653846153846 0.5913461538461539 0.5408653846153846 0.6009615384615384 0.44471153846153844 0.6009615384615384
21 0.2932692307692308 0.5721153846153846 0.34134615384615385 0.5721153846153846 0.34134615384615385 0.59375 0.2932692307692308 0.59375
21 0.2403846153846154 0.5745192307692307 0.2668269230769231 0.5745192307692307 0.2668269230769231 0.59375 0.2403846153846154 0.59375
21 0.6418269230769231 0.5721153846153846 0.6875 0.5721153846153846 0.6875 0.59375 0.6418269230769231 0.59375
21 0.7139423076923077 0.5697115384615384 0.7475961538461539 0.5697115384615384 0.7475961538461539 0.5961538461538461 0.7139423076923077 0.5961538461538461
4 0.4375 0.39903846153846156 0.5480769230769231 0.39903846153846156 0.5480769230769231 0.43509615384615385 0.4375 0.43509615384615385
12 0 0.36778846153846156 1 0.36778846153846156 1 0.3798076923076923 0 0.3798076923076923
22 0 0.07451923076923077 1 0.07451923076923077 1 0.3798076923076923 0 0.3798076923076923
12 0 0.6201923076923077 1 0.6201923076923077 1 0.6322115384615384 0 0.6322115384615384
15 0 0.6298076923076923 1 0.6298076923076923 1 0.9951923076923077 0 0.9951923076923077
11 0 0.3798076923076923 1 0.3798076923076923 1 0.6298076923076923 0 0.6298076923076923
2 0 0 1 0 1 0.9975961538461539 0 0.9975961538461539
10 0 0.07451923076923077 1 0.07451923076923077 1 0.9975961538461539 0 0.9975961538461539