23 0.4831730769230769 0.3942307692307692 0.5336538461538461 0.3942307692307692 0.5336538461538461 0.5408653846153846 0.4831730769230769 0.5408653846153846
23 0.8413461538461539 0.39903846153846156 0.8918269230769231 0.39903846153846156 0.8918269230769231 0.5432692307692307 0.8413461538461539 0.5432692307692307
23 0.3293269230769231 0.39663461538461536 0.3798076923076923 0.39663461538461536 0.3798076923076923 0.5408653846153846 0.3293269230769231 0.5408653846153846
23 0.1201923076923077 0.39663461538461536 0.17067307692307693 0.39663461538461536 0.17067307692307693 0.5408653846153846 0.1201923076923077 0.5408653846153846
23 0.6370192307692307 0.39663461538461536 0.6850961538461539 0.39663461538461536 0.6850961538461539 0.5408653846153846 0.6370192307692307 0.5408653846153846
4 0.22355769230769232 0.03365384615384615 0.8028846153846154 0.03365384615384615 0.8028846153846154 0.22115384615384615 0.22355769230769232 0.22115384615384615
17 0.8149038461538461 0.6754807692307693 0.8317307692307693 0.6754807692307693 0.8317307692307693 0.8774038461538461 0.8149038461538461 0.8774038461538461
17 0.8966346153846154 0.6754807692307693 0.9254807692307693 0.6754807692307693 0.9254807692307693 0.875 0.8966346153846154 0.875
17 0.5480769230769231 0.6754807692307693 0.5673076923076923 0.6754807692307693 0.5673076923076923 0.8774038461538461 0.5480769230769231 0.8774038461538461
17 0.4519230769230769 0.6754807692307693 0.47115384615384615 0.6754807692307693 0.47115384615384615 0.8798076923076923 0.4519230769230769 0.8798076923076923
17 0.18269230769230768 0.6778846153846154 0.20192307692307693 0.6778846153846154 0.20192307692307693 0.8774038461538461 0.18269230769230768 0.8774038461538461
17 0.08653846153846154 0.6778846153846154 0.11057692307692307 0.6778846153846154 0.11057692307692307 0.8774038461538461 0.08653846153846154 0.8774038461538461
26 0.12259615384615384 0.8125 0.15144230769230768 0.8125 0.15144230769230768 0.8822115384615384 0.12259615384615384 0.8822115384615384
4 0.8245192307692307 0.35096153846153844 0.9206730769230769 0.35096153846153844 0.9206730769230769 0.3798076923076923 0.8245192307692307 0.3798076923076923
4 0.6201923076923077 0.34615384615384615 0.7043269230769231 0.34615384615384615 0.7043269230769231 0.375 0.6201923076923077 0.375
4 0.3125 0.34615384615384615 0.39903846153846156 0.34615384615384615 0.39903846153846156 0.375 0.3125 0.375
4 0.09375 0.35096153846153844 0.19230769230769232 0.35096153846153844 0.19230769230769232 0.37740384615384615 0.09375 0.37740384615384615
4 0.46153846153846156 0.34615384615384615 0.5576923076923077 0.34615384615384615 0.5576923076923077 0.375 0.46153846153846156 0.375
17 0.3942307692307692 0.33653846153846156 0.4543269230769231 0.33653846153846156 0.4543269230769231 0.8798076923076923 0.3942307692307692 0.8798076923076923
17 0.5649038461538461 0.33653846153846156 0.6274038461538461 0.33653846153846156 0.6274038461538461 0.8774038461538461 0.5649038461538461 0.8774038461538461
17 0.7019230769230769 0.3389423076923077 0.7668269230769231 0.3389423076923077 0.7668269230769231 0.8774038461538461 0.7019230769230769 0.8774038461538461
17 0.2548076923076923 0.3389423076923077 0.31490384615384615 0.3389423076923077 0.31490384615384615 0.8798076923076923 0.2548076923076923 0.8798076923076923
17 0.02403846153846154 0.34375 0.08653846153846154 0.34375 0.08653846153846154 0.8798076923076923 0.02403846153846154 0.8798076923076923
17 0.19471153846153846 0.34134615384615385 0.2548076923076923 0.34134615384615385 0.2548076923076923 0.8798076923076923 0.19471153846153846 0.8798076923076923
17 0.7644230769230769 0.34375 0.8221153846153846 0.34375 0.8221153846153846 0.8774038461538461 0.7644230769230769 0.8774038461538461
17 0.9230769230769231 0.34375 0.9903846153846154 0.34375 0.9903846153846154 0.8774038461538461 0.9230769230769231 0.8774038461538461
26 0.6658653846153846 0.2764423076923077 0.8725961538461539 0.2764423076923077 0.8725961538461539 1 0.6658653846153846 1
17 0.3173076923076923 0.6754807692307693 0.3269230769230769 0.6754807692307693 0.3269230769230769 0.875 0.3173076923076923 0.875
17 0.38461538461538464 0.6754807692307693 0.3942307692307692 0.6754807692307693 0.3942307692307692 0.875 0.38461538461538464 0.875
17 0.625 0.6754807692307693 0.6346153846153846 0.6754807692307693 0.6346153846153846 0.8774038461538461 0.625 0.8774038461538461
17 0.6899038461538461 0.6754807692307693 0.6995192307692307 0.6754807692307693 0.6995192307692307 0.8725961538461539 0.6899038461538461 0.8725961538461539
5 0.28846153846153844 0.27163461538461536 0.7355769230769231 0.27163461538461536 0.7355769230769231 0.2956730769230769 0.28846153846153844 0.2956730769230769
5 0.04326923076923077 0.27884615384615385 0.2668269230769231 0.27884615384615385 0.2668269230769231 0.30288461538461536 0.04326923076923077 0.30288461538461536
5 0 0.28125 0.028846153846153848 0.28125 0.028846153846153848 0.3076923076923077 0 0.3076923076923077
5 0.7524038461538461 0.27884615384615385 0.9711538461538461 0.27884615384615385 0.9711538461538461 0.30288461538461536 0.7524038461538461 0.30288461538461536
5 0.9879807692307693 0.28365384615384615 1 0.28365384615384615 1 0.31009615384615385 0.9879807692307693 0.31009615384615385
5 0.4807692307692308 0.5817307692307693 0.5384615384615384 0.5817307692307693 0.5384615384615384 0.6225961538461539 0.4807692307692308 0.6225961538461539
8 0.8149038461538461 0.6754807692307693 0.9254807692307693 0.6754807692307693 0.9254807692307693 0.875 0.8149038461538461 0.875
8 0.6274038461538461 0.6754807692307693 0.7019230769230769 0.6754807692307693 0.7019230769230769 0.8798076923076923 0.6274038461538461 0.8798076923076923
8 0.0889423076923077 0.6778846153846154 0.20192307692307693 0.6778846153846154 0.20192307692307693 0.8798076923076923 0.0889423076923077 0.8798076923076923
8 0.31971153846153844 0.6754807692307693 0.3942307692307692 0.6754807692307693 0.3942307692307692 0.8798076923076923 0.31971153846153844 0.8798076923076923
5 0.44711538461538464 0.10336538461538461 0.5721153846153846 0.10336538461538461 0.5721153846153846 0.2091346153846154 0.44711538461538464 0.2091346153846154
16 0 0.21634615384615385 1 0.21634615384615385 1 0.25240384615384615 0 0.25240384615384615
26 0.39903846153846156 0.8100961538461539 0.4639423076923077 0.8100961538461539 0.4639423076923077 0.8822115384615384 0.39903846153846156 0.8822115384615384
26 0.5649038461538461 0.8076923076923077 0.6201923076923077 0.8076923076923077 0.6201923076923077 0.8798076923076923 0.5649038461538461 0.8798076923076923
26 0.6995192307692307 0.8076923076923077 0.7572115384615384 0.8076923076923077 0.7572115384615384 0.8798076923076923 0.6995192307692307 0.8798076923076923
26 0.24278846153846154 0.8052884615384616 0.3004807692307692 0.8052884615384616 0.3004807692307692 0.8798076923076923 0.24278846153846154 0.8798076923076923
26 0 0.4495192307692308 0.13221153846153846 0.4495192307692308 0.13221153846153846 1 0 1
26 0.5264423076923077 0.9471153846153846 0.5480769230769231 0.9471153846153846 0.5480769230769231 0.9951923076923077 0.5264423076923077 0.9951923076923077
26 0.2403846153846154 0.9663461538461539 0.2620192307692308 0.9663461538461539 0.2620192307692308 1 0.2403846153846154 1
15 0 0.6514423076923077 1 0.6514423076923077 1 0.8798076923076923 0 0.8798076923076923
12 0 0.6370192307692307 1 0.6370192307692307 1 0.6514423076923077 0 0.6514423076923077
8 0.4519230769230769 0.6754807692307693 0.5673076923076923 0.6754807692307693 0.5673076923076923 0.8774038461538461 0.4519230769230769 0.8774038461538461
22 0 0.21875 1 0.21875 1 0.6514423076923077 0 0.6514423076923077
2 0 0 1 0 1 0.9591346153846154 0 0.9591346153846154
10 0.002403846153846154 0.21875 0.9975961538461539 0.21875 0.9975961538461539 0.8774038461538461 0.002403846153846154 0.8774038461538461