23 0.17307692307692307 0.5600961538461539 0.2692307692307692 0.5600961538461539 0.2692307692307692 0.8317307692307693 0.17307692307692307 0.8317307692307693
23 0.71875 0.10817307692307693 0.8173076923076923 0.10817307692307693 0.8173076923076923 0.3798076923076923 0.71875 0.3798076923076923
23 0.7139423076923077 0.5721153846153846 0.8125 0.5721153846153846 0.8125 0.84375 0.7139423076923077 0.84375
23 0.17067307692307693 0.10817307692307693 0.2692307692307692 0.10817307692307693 0.2692307692307692 0.3798076923076923 0.17067307692307693 0.3798076923076923
23 0.4423076923076923 0.10817307692307693 0.5408653846153846 0.10817307692307693 0.5408653846153846 0.3798076923076923 0.4423076923076923 0.3798076923076923
8 0.42788461538461536 0.5697115384615384 0.5552884615384616 0.5697115384615384 0.5552884615384616 0.9206730769230769 0.42788461538461536 0.9206730769230769
1 0.5576923076923077 0.5625 0.6225961538461539 0.5625 0.6225961538461539 0.9278846153846154 0.5576923076923077 0.9278846153846154
1 0.17067307692307693 0.10817307692307693 0.2692307692307692 0.10817307692307693 0.2692307692307692 0.3798076923076923 0.17067307692307693 0.3798076923076923
1 0.4423076923076923 0.10817307692307693 0.5408653846153846 0.10817307692307693 0.5408653846153846 0.3798076923076923 0.4423076923076923 0.3798076923076923
1 0.71875 0.10817307692307693 0.8173076923076923 0.10817307692307693 0.8173076923076923 0.3798076923076923 0.71875 0.3798076923076923
1 0.6586538461538461 0.5649038461538461 0.7139423076923077 0.5649038461538461 0.7139423076923077 0.8413461538461539 0.6586538461538461 0.8413461538461539
1 0.8197115384615384 0.5697115384615384 0.875 0.5697115384615384 0.875 0.8461538461538461 0.8197115384615384 0.8461538461538461
1 0.3557692307692308 0.5576923076923077 0.4230769230769231 0.5576923076923077 0.4230769230769231 0.9254807692307693 0.3557692307692308 0.9254807692307693
1 0.11298076923076923 0.5552884615384616 0.16826923076923078 0.5552884615384616 0.16826923076923078 0.8317307692307693 0.11298076923076923 0.8317307692307693
1 0.2668269230769231 0.5576923076923077 0.32211538461538464 0.5576923076923077 0.32211538461538464 0.8341346153846154 0.2668269230769231 0.8341346153846154
12 0.019230769230769232 0.43509615384615385 1 0.43509615384615385 1 0.45913461538461536 0.019230769230769232 0.45913461538461536
16 0.01201923076923077 0.37259615384615385 0.9519230769230769 0.37259615384615385 0.9519230769230769 0.41346153846153844 0.01201923076923077 0.41346153846153844
16 0 0.009615384615384616 0.9615384615384616 0.009615384615384616 0.9615384615384616 0.06971153846153846 0 0.06971153846153846
19 0 0 0.9639423076923077 0 0.9639423076923077 0.01201923076923077 0 0.01201923076923077
4 0.14423076923076922 0.0673076923076923 0.2932692307692308 0.0673076923076923 0.2932692307692308 0.10336538461538461 0.14423076923076922 0.10336538461538461
4 0.41346153846153844 0.0673076923076923 0.5673076923076923 0.0673076923076923 0.5673076923076923 0.10336538461538461 0.41346153846153844 0.10336538461538461
4 0.6923076923076923 0.0673076923076923 0.8461538461538461 0.0673076923076923 0.8461538461538461 0.10336538461538461 0.6923076923076923 0.10336538461538461
4 0.6826923076923077 0.5168269230769231 0.8509615384615384 0.5168269230769231 0.8509615384615384 0.5673076923076923 0.6826923076923077 0.5673076923076923
4 0.4110576923076923 0.5144230769230769 0.5745192307692307 0.5144230769230769 0.5745192307692307 0.5625 0.4110576923076923 0.5625
4 0.13701923076923078 0.5072115384615384 0.3004807692307692 0.5072115384615384 0.3004807692307692 0.5576923076923077 0.13701923076923078 0.5576923076923077
22 0.019230769230769232 0.009615384615384616 1 0.009615384615384616 1 0.43509615384615385 0.019230769230769232 0.43509615384615385
15 0.019230769230769232 0.4567307692307692 1 0.4567307692307692 1 0.9927884615384616 0.019230769230769232 0.9927884615384616
21 0.16346153846153846 0.8317307692307693 0.2668269230769231 0.8317307692307693 0.2668269230769231 0.8557692307692307 0.16346153846153846 0.8557692307692307
21 0.7091346153846154 0.84375 0.8197115384615384 0.84375 0.8197115384615384 0.8677884615384616 0.7091346153846154 0.8677884615384616
2 0 0 1 0 1 0.9951923076923077 0 0.9951923076923077
10 0 0 0.9975961538461539 0 0.9975961538461539 0.9927884615384616 0 0.9927884615384616