8 0.18509615384615385 0.3557692307692308 0.2283653846153846 0.3557692307692308 0.2283653846153846 0.5096153846153846 0.18509615384615385 0.5096153846153846
23 0.18509615384615385 0.3293269230769231 0.2283653846153846 0.3293269230769231 0.2283653846153846 0.5072115384615384 0.18509615384615385 0.5072115384615384
23 0.8725961538461539 0.5480769230769231 0.9182692307692307 0.5480769230769231 0.9182692307692307 0.5889423076923077 0.8725961538461539 0.5889423076923077
8 0.0673076923076923 0.5504807692307693 0.11298076923076923 0.5504807692307693 0.11298076923076923 0.7043269230769231 0.0673076923076923 0.7043269230769231
8 0.0673076923076923 0.3557692307692308 0.11298076923076923 0.3557692307692308 0.11298076923076923 0.5096153846153846 0.0673076923076923 0.5096153846153846
23 0.0673076923076923 0.3293269230769231 0.11298076923076923 0.3293269230769231 0.11298076923076923 0.5072115384615384 0.0673076923076923 0.5072115384615384
8 0.18509615384615385 0.5504807692307693 0.2283653846153846 0.5504807692307693 0.2283653846153846 0.7043269230769231 0.18509615384615385 0.7043269230769231
8 0.8725961538461539 0.5889423076923077 0.9182692307692307 0.5889423076923077 0.9182692307692307 0.7091346153846154 0.8725961538461539 0.7091346153846154
23 0.3004807692307692 0.5480769230769231 0.34615384615384615 0.5480769230769231 0.34615384615384615 0.5913461538461539 0.3004807692307692 0.5913461538461539
8 0.3004807692307692 0.5913461538461539 0.34615384615384615 0.5913461538461539 0.34615384615384615 0.7091346153846154 0.3004807692307692 0.7091346153846154
23 0.41586538461538464 0.5480769230769231 0.46153846153846156 0.5480769230769231 0.46153846153846156 0.5913461538461539 0.41586538461538464 0.5913461538461539
8 0.41586538461538464 0.5913461538461539 0.46153846153846156 0.5913461538461539 0.46153846153846156 0.7091346153846154 0.41586538461538464 0.7091346153846154
23 0.53125 0.5480769230769231 0.5769230769230769 0.5480769230769231 0.5769230769230769 0.5913461538461539 0.53125 0.5913461538461539
8 0.53125 0.5913461538461539 0.5769230769230769 0.5913461538461539 0.5769230769230769 0.7091346153846154 0.53125 0.7091346153846154
23 0.6466346153846154 0.5480769230769231 0.6899038461538461 0.5480769230769231 0.6899038461538461 0.5913461538461539 0.6466346153846154 0.5913461538461539
8 0.6466346153846154 0.5913461538461539 0.6899038461538461 0.5913461538461539 0.6899038461538461 0.7091346153846154 0.6466346153846154 0.7091346153846154
23 0.7596153846153846 0.5480769230769231 0.8052884615384616 0.5480769230769231 0.8052884615384616 0.5889423076923077 0.7596153846153846 0.5889423076923077
8 0.7596153846153846 0.5889423076923077 0.8052884615384616 0.5889423076923077 0.8052884615384616 0.7091346153846154 0.7596153846153846 0.7091346153846154
0 0.8701923076923077 0.6514423076923077 0.9230769230769231 0.6514423076923077 0.9230769230769231 0.7091346153846154 0.8701923076923077 0.7091346153846154
0 0.0625 0.6538461538461539 0.11538461538461539 0.6538461538461539 0.11538461538461539 0.7043269230769231 0.0625 0.7043269230769231
0 0.18269230769230768 0.4567307692307692 0.23076923076923078 0.4567307692307692 0.23076923076923078 0.5072115384615384 0.18269230769230768 0.5072115384615384
0 0.0673076923076923 0.4567307692307692 0.11538461538461539 0.4567307692307692 0.11538461538461539 0.5072115384615384 0.0673076923076923 0.5072115384615384
0 0.18028846153846154 0.6538461538461539 0.23317307692307693 0.6538461538461539 0.23317307692307693 0.7043269230769231 0.18028846153846154 0.7043269230769231
0 0.2956730769230769 0.6586538461538461 0.3485576923076923 0.6586538461538461 0.3485576923076923 0.7091346153846154 0.2956730769230769 0.7091346153846154
0 0.4110576923076923 0.6586538461538461 0.46634615384615385 0.6586538461538461 0.46634615384615385 0.7091346153846154 0.4110576923076923 0.7091346153846154
0 0.5264423076923077 0.6586538461538461 0.5817307692307693 0.6586538461538461 0.5817307692307693 0.7091346153846154 0.5264423076923077 0.7091346153846154
0 0.6418269230769231 0.6586538461538461 0.6947115384615384 0.6586538461538461 0.6947115384615384 0.7091346153846154 0.6418269230769231 0.7091346153846154
0 0.7572115384615384 0.6514423076923077 0.8100961538461539 0.6514423076923077 0.8100961538461539 0.7091346153846154 0.7572115384615384 0.7091346153846154
23 0.3004807692307692 0.3293269230769231 0.34615384615384615 0.3293269230769231 0.34615384615384615 0.4543269230769231 0.3004807692307692 0.4543269230769231
23 0.875 0.3293269230769231 0.9182692307692307 0.3293269230769231 0.9182692307692307 0.4543269230769231 0.875 0.4543269230769231
23 0.7620192307692307 0.3293269230769231 0.8076923076923077 0.3293269230769231 0.8076923076923077 0.4543269230769231 0.7620192307692307 0.4543269230769231
23 0.6490384615384616 0.3269230769230769 0.6923076923076923 0.3269230769230769 0.6923076923076923 0.4519230769230769 0.6490384615384616 0.4519230769230769
23 0.5336538461538461 0.3269230769230769 0.5793269230769231 0.3269230769230769 0.5793269230769231 0.4519230769230769 0.5336538461538461 0.4519230769230769
23 0.4182692307692308 0.3293269230769231 0.46153846153846156 0.3293269230769231 0.46153846153846156 0.4543269230769231 0.4182692307692308 0.4543269230769231
4 0.8798076923076923 0.5192307692307693 0.9134615384615384 0.5192307692307693 0.9134615384615384 0.5504807692307693 0.8798076923076923 0.5504807692307693
4 0.07211538461538461 0.5168269230769231 0.10576923076923077 0.5168269230769231 0.10576923076923077 0.5504807692307693 0.07211538461538461 0.5504807692307693
4 0.6514423076923077 0.5168269230769231 0.6850961538461539 0.5168269230769231 0.6850961538461539 0.5504807692307693 0.6514423076923077 0.5504807692307693
4 0.7668269230769231 0.5168269230769231 0.8004807692307693 0.5168269230769231 0.8004807692307693 0.5504807692307693 0.7668269230769231 0.5504807692307693
4 0.5360576923076923 0.5168269230769231 0.5721153846153846 0.5168269230769231 0.5721153846153846 0.5504807692307693 0.5360576923076923 0.5504807692307693
4 0.4206730769230769 0.5168269230769231 0.4543269230769231 0.5168269230769231 0.4543269230769231 0.5504807692307693 0.4206730769230769 0.5504807692307693
4 0.30528846153846156 0.5168269230769231 0.3389423076923077 0.5168269230769231 0.3389423076923077 0.5504807692307693 0.30528846153846156 0.5504807692307693
4 0.8822115384615384 0.2932692307692308 0.9086538461538461 0.2932692307692308 0.9086538461538461 0.3293269230769231 0.8822115384615384 0.3293269230769231
4 0.07932692307692307 0.2932692307692308 0.10336538461538461 0.2932692307692308 0.10336538461538461 0.3293269230769231 0.07932692307692307 0.3293269230769231
4 0.7716346153846154 0.2932692307692308 0.7980769230769231 0.2932692307692308 0.7980769230769231 0.3293269230769231 0.7716346153846154 0.3293269230769231
4 0.65625 0.2932692307692308 0.6826923076923077 0.2932692307692308 0.6826923076923077 0.3293269230769231 0.65625 0.3293269230769231
4 0.5432692307692307 0.2932692307692308 0.5673076923076923 0.2932692307692308 0.5673076923076923 0.3293269230769231 0.5432692307692307 0.3293269230769231
4 0.4254807692307692 0.2932692307692308 0.4519230769230769 0.2932692307692308 0.4519230769230769 0.3293269230769231 0.4254807692307692 0.3293269230769231
4 0.31009615384615385 0.2932692307692308 0.33413461538461536 0.2932692307692308 0.33413461538461536 0.3293269230769231 0.31009615384615385 0.3293269230769231
4 0.18990384615384615 0.5168269230769231 0.22355769230769232 0.5168269230769231 0.22355769230769232 0.5504807692307693 0.18990384615384615 0.5504807692307693
4 0.19471153846153846 0.2932692307692308 0.22115384615384615 0.2932692307692308 0.22115384615384615 0.3293269230769231 0.19471153846153846 0.3293269230769231
4 0.15384615384615385 0.7259615384615384 0.25721153846153844 0.7259615384615384 0.25721153846153844 0.8197115384615384 0.15384615384615385 0.8197115384615384
4 0.19471153846153846 0.2932692307692308 0.22115384615384615 0.2932692307692308 0.22115384615384615 0.3293269230769231 0.19471153846153846 0.3293269230769231
23 0.28125 0.7908653846153846 0.3629807692307692 0.7908653846153846 0.3629807692307692 0.9615384615384616 0.28125 0.9615384615384616
4 0.03365384615384615 0.7259615384615384 0.14182692307692307 0.7259615384615384 0.14182692307692307 0.8197115384615384 0.03365384615384615 0.8197115384615384
23 0.8557692307692307 0.7884615384615384 0.9350961538461539 0.7884615384615384 0.9350961538461539 0.9615384615384616 0.8557692307692307 0.9615384615384616
23 0.6274038461538461 0.7884615384615384 0.7067307692307693 0.7884615384615384 0.7067307692307693 0.9639423076923077 0.6274038461538461 0.9639423076923077
23 0.5120192307692307 0.7884615384615384 0.5913461538461539 0.7884615384615384 0.5913461538461539 0.9639423076923077 0.5120192307692307 0.9639423076923077
23 0.39663461538461536 0.7884615384615384 0.47836538461538464 0.7884615384615384 0.47836538461538464 0.9639423076923077 0.39663461538461536 0.9639423076923077
23 0.7427884615384616 0.7884615384615384 0.8221153846153846 0.7884615384615384 0.8221153846153846 0.9615384615384616 0.7427884615384616 0.9615384615384616
4 0.05048076923076923 0.10576923076923077 0.12980769230769232 0.10576923076923077 0.12980769230769232 0.15384615384615385 0.05048076923076923 0.15384615384615385
4 0.16826923076923078 0.10576923076923077 0.24759615384615385 0.10576923076923077 0.24759615384615385 0.15625 0.16826923076923078 0.15625
4 0.28365384615384615 0.10576923076923077 0.3629807692307692 0.10576923076923077 0.3629807692307692 0.15384615384615385 0.28365384615384615 0.15384615384615385
4 0.4014423076923077 0.10576923076923077 0.47596153846153844 0.10576923076923077 0.47596153846153844 0.15384615384615385 0.4014423076923077 0.15384615384615385
4 0.5168269230769231 0.10576923076923077 0.59375 0.10576923076923077 0.59375 0.15384615384615385 0.5168269230769231 0.15384615384615385
4 0.6322115384615384 0.10576923076923077 0.7067307692307693 0.10576923076923077 0.7067307692307693 0.15384615384615385 0.6322115384615384 0.15384615384615385
4 0.7451923076923077 0.10336538461538461 0.8245192307692307 0.10336538461538461 0.8245192307692307 0.15384615384615385 0.7451923076923077 0.15384615384615385
4 0.8605769230769231 0.10817307692307693 0.9350961538461539 0.10817307692307693 0.9350961538461539 0.15384615384615385 0.8605769230769231 0.15384615384615385
23 0.8774038461538461 0.13701923076923078 0.9158653846153846 0.13701923076923078 0.9158653846153846 0.25961538461538464 0.8774038461538461 0.25961538461538464
23 0.07211538461538461 0.13701923076923078 0.11057692307692307 0.13701923076923078 0.11057692307692307 0.25961538461538464 0.07211538461538461 0.25961538461538464
23 0.18990384615384615 0.13701923076923078 0.2283653846153846 0.13701923076923078 0.2283653846153846 0.25961538461538464 0.18990384615384615 0.25961538461538464
23 0.30528846153846156 0.13701923076923078 0.34375 0.13701923076923078 0.34375 0.24278846153846154 0.30528846153846156 0.24278846153846154
23 0.4206730769230769 0.13701923076923078 0.45913461538461536 0.13701923076923078 0.45913461538461536 0.24278846153846154 0.4206730769230769 0.24278846153846154
23 0.5360576923076923 0.13701923076923078 0.5745192307692307 0.13701923076923078 0.5745192307692307 0.24278846153846154 0.5360576923076923 0.24278846153846154
23 0.6514423076923077 0.13701923076923078 0.6899038461538461 0.13701923076923078 0.6899038461538461 0.24278846153846154 0.6514423076923077 0.24278846153846154
23 0.7668269230769231 0.13701923076923078 0.8052884615384616 0.13701923076923078 0.8052884615384616 0.25961538461538464 0.7668269230769231 0.25961538461538464
21 0.6490384615384616 0.24278846153846154 0.6899038461538461 0.24278846153846154 0.6899038461538461 0.25 0.6490384615384616 0.25
21 0.30528846153846156 0.24278846153846154 0.34375 0.24278846153846154 0.34375 0.25 0.30528846153846156 0.25
21 0.4182692307692308 0.24278846153846154 0.45913461538461536 0.24278846153846154 0.45913461538461536 0.25 0.4182692307692308 0.25
21 0.5336538461538461 0.24278846153846154 0.5769230769230769 0.24278846153846154 0.5769230769230769 0.25 0.5336538461538461 0.25
23 0.1658653846153846 0.7572115384615384 0.24759615384615385 0.7572115384615384 0.24759615384615385 0.9639423076923077 0.1658653846153846 0.9639423076923077
23 0.04567307692307692 0.7572115384615384 0.12980769230769232 0.7572115384615384 0.12980769230769232 0.9615384615384616 0.04567307692307692 0.9615384615384616
4 0.2692307692307692 0.7620192307692307 0.37259615384615385 0.7620192307692307 0.37259615384615385 0.8413461538461539 0.2692307692307692 0.8413461538461539
4 0.3870192307692308 0.7620192307692307 0.4879807692307692 0.7620192307692307 0.4879807692307692 0.8413461538461539 0.3870192307692308 0.8413461538461539
4 0.5024038461538461 0.7620192307692307 0.6033653846153846 0.7620192307692307 0.6033653846153846 0.8413461538461539 0.5024038461538461 0.8413461538461539
4 0.6201923076923077 0.7644230769230769 0.71875 0.7644230769230769 0.71875 0.8389423076923077 0.6201923076923077 0.8389423076923077
4 0.7307692307692307 0.7620192307692307 0.8317307692307693 0.7620192307692307 0.8317307692307693 0.8389423076923077 0.7307692307692307 0.8389423076923077
4 0.84375 0.7620192307692307 0.9447115384615384 0.7620192307692307 0.9447115384615384 0.8389423076923077 0.84375 0.8389423076923077
23 0.10336538461538461 0.8653846153846154 0.12980769230769232 0.8653846153846154 0.12980769230769232 0.9615384615384616 0.10336538461538461 0.9615384615384616
8 0.07932692307692307 0.8653846153846154 0.10336538461538461 0.8653846153846154 0.10336538461538461 0.9615384615384616 0.07932692307692307 0.9615384615384616
23 0.04567307692307692 0.8653846153846154 0.07932692307692307 0.8653846153846154 0.07932692307692307 0.9615384615384616 0.04567307692307692 0.9615384615384616
20 0.1658653846153846 0.9014423076923077 0.24519230769230768 0.9014423076923077 0.24519230769230768 0.9639423076923077 0.1658653846153846 0.9639423076923077
23 0.17307692307692307 0.8701923076923077 0.20673076923076922 0.8701923076923077 0.20673076923076922 0.8870192307692307 0.17307692307692307 0.8870192307692307
23 0.21153846153846154 0.8701923076923077 0.24519230769230768 0.8701923076923077 0.24519230769230768 0.8870192307692307 0.21153846153846154 0.8870192307692307
8 0.28365384615384615 0.8629807692307693 0.3245192307692308 0.8629807692307693 0.3245192307692308 0.9615384615384616 0.28365384615384615 0.9615384615384616
20 0.39903846153846156 0.8894230769230769 0.47836538461538464 0.8894230769230769 0.47836538461538464 0.9639423076923077 0.39903846153846156 0.9639423076923077
8 0.6298076923076923 0.8798076923076923 0.7067307692307693 0.8798076923076923 0.7067307692307693 0.9639423076923077 0.6298076923076923 0.9639423076923077
8 0.5120192307692307 0.8798076923076923 0.5913461538461539 0.8798076923076923 0.5913461538461539 0.9639423076923077 0.5120192307692307 0.9639423076923077
8 0.7860576923076923 0.8581730769230769 0.8173076923076923 0.8581730769230769 0.8173076923076923 0.9615384615384616 0.7860576923076923 0.9615384615384616
8 0.7451923076923077 0.8581730769230769 0.7788461538461539 0.8581730769230769 0.7788461538461539 0.9615384615384616 0.7451923076923077 0.9615384615384616
20 0.8581730769230769 0.8653846153846154 0.9350961538461539 0.8653846153846154 0.9350961538461539 0.9615384615384616 0.8581730769230769 0.9615384615384616
23 0.04567307692307692 0.7572115384615384 0.12980769230769232 0.7572115384615384 0.12980769230769232 0.8485576923076923 0.04567307692307692 0.8485576923076923
23 0.1658653846153846 0.7572115384615384 0.24759615384615385 0.7572115384615384 0.24759615384615385 0.8485576923076923 0.1658653846153846 0.8485576923076923
23 0.28125 0.7908653846153846 0.3629807692307692 0.7908653846153846 0.3629807692307692 0.8533653846153846 0.28125 0.8533653846153846
23 0.39663461538461536 0.7884615384615384 0.47836538461538464 0.7884615384615384 0.47836538461538464 0.8533653846153846 0.39663461538461536 0.8533653846153846
23 0.5120192307692307 0.7884615384615384 0.59375 0.7884615384615384 0.59375 0.8485576923076923 0.5120192307692307 0.8485576923076923
23 0.6274038461538461 0.7884615384615384 0.7091346153846154 0.7884615384615384 0.7091346153846154 0.8461538461538461 0.6274038461538461 0.8461538461538461
23 0.7451923076923077 0.7884615384615384 0.8197115384615384 0.7884615384615384 0.8197115384615384 0.84375 0.7451923076923077 0.84375
23 0.8557692307692307 0.7884615384615384 0.9350961538461539 0.7884615384615384 0.9350961538461539 0.84375 0.8557692307692307 0.84375
12 0 0.27163461538461536 0.9855769230769231 0.27163461538461536 0.9855769230769231 0.27884615384615385 0 0.27884615384615385
12 0 0.8509615384615384 0.9855769230769231 0.8509615384615384 0.9855769230769231 0.8653846153846154 0 0.8653846153846154
12 0 0.7067307692307693 0.9855769230769231 0.7067307692307693 0.9855769230769231 0.7163461538461539 0 0.7163461538461539
12 0 0.5072115384615384 0.9855769230769231 0.5072115384615384 0.9855769230769231 0.5168269230769231 0 0.5168269230769231
23 0.4206730769230769 0.7163461538461539 0.45913461538461536 0.7163461538461539 0.45913461538461536 0.7524038461538461 0.4206730769230769 0.7524038461538461
23 0.30288461538461536 0.7163461538461539 0.34134615384615385 0.7163461538461539 0.34134615384615385 0.7524038461538461 0.30288461538461536 0.7524038461538461
23 0.06009615384615385 0.06009615384615385 0.0889423076923077 0.06009615384615385 0.0889423076923077 0.07932692307692307 0.06009615384615385 0.07932692307692307
23 0.21634615384615385 0.057692307692307696 0.22596153846153846 0.057692307692307696 0.22596153846153846 0.06490384615384616 0.21634615384615385 0.06490384615384616
23 0.33653846153846156 0.06009615384615385 0.35096153846153844 0.06009615384615385 0.35096153846153844 0.06971153846153846 0.33653846153846156 0.06971153846153846
23 0.4495192307692308 0.038461538461538464 0.4639423076923077 0.038461538461538464 0.4639423076923077 0.05048076923076923 0.4495192307692308 0.05048076923076923
2 0 0 1 0 1 0.9639423076923077 0 0.9639423076923077
15 0 0.8629807692307693 0.9855769230769231 0.8629807692307693 0.9855769230769231 0.9639423076923077 0 0.9639423076923077
22 0 0.10576923076923077 0.9855769230769231 0.10576923076923077 0.9855769230769231 0.27163461538461536 0 0.27163461538461536
11 0 0.27884615384615385 0.9855769230769231 0.27884615384615385 0.9855769230769231 0.5096153846153846 0 0.5096153846153846
11 0 0.5168269230769231 0.9855769230769231 0.5168269230769231 0.9855769230769231 0.7091346153846154 0 0.7091346153846154
11 0 0.7163461538461539 0.9855769230769231 0.7163461538461539 0.9855769230769231 0.8509615384615384 0 0.8509615384615384
19 0 0.021634615384615384 1 0.021634615384615384 1 0.2764423076923077 0 0.2764423076923077
10 0 0.02403846153846154 0.9855769230769231 0.02403846153846154 0.9855769230769231 0.9591346153846154 0 0.9591346153846154