23 0.2980769230769231 0.5 0.3629807692307692 0.5 0.3629807692307692 0.6418269230769231 0.2980769230769231 0.6418269230769231
23 0.15625 0.5 0.22115384615384615 0.5 0.22115384615384615 0.6418269230769231 0.15625 0.6418269230769231
8 0.23076923076923078 0.7668269230769231 0.2956730769230769 0.7668269230769231 0.2956730769230769 0.9903846153846154 0.23076923076923078 0.9903846153846154
20 0.3269230769230769 0.7740384615384616 0.40865384615384615 0.7740384615384616 0.40865384615384615 0.9423076923076923 0.3269230769230769 0.9423076923076923
20 0.1201923076923077 0.7716346153846154 0.20192307692307693 0.7716346153846154 0.20192307692307693 0.9399038461538461 0.1201923076923077 0.9399038461538461
20 0.32211538461538464 0.7524038461538461 0.40865384615384615 0.7524038461538461 0.40865384615384615 0.7644230769230769 0.32211538461538464 0.7644230769230769
8 0.8966346153846154 0.7836538461538461 0.9783653846153846 0.7836538461538461 0.9783653846153846 0.9302884615384616 0.8966346153846154 0.9302884615384616
23 0.9014423076923077 0.49759615384615385 0.9735576923076923 0.49759615384615385 0.9735576923076923 0.6394230769230769 0.9014423076923077 0.6394230769230769
23 0.1875 0.11057692307692307 0.25240384615384615 0.11057692307692307 0.25240384615384615 0.3004807692307692 0.1875 0.3004807692307692
23 0.9038461538461539 0.11298076923076923 0.9711538461538461 0.11298076923076923 0.9711538461538461 0.3004807692307692 0.9038461538461539 0.3004807692307692
23 0.2644230769230769 0.11057692307692307 0.3293269230769231 0.11057692307692307 0.3293269230769231 0.3004807692307692 0.2644230769230769 0.3004807692307692
8 0.6346153846153846 0.7860576923076923 0.7139423076923077 0.7860576923076923 0.7139423076923077 0.9302884615384616 0.6346153846153846 0.9302884615384616
23 0.44711538461538464 0.4230769230769231 0.5216346153846154 0.4230769230769231 0.5216346153846154 0.4735576923076923 0.44711538461538464 0.4735576923076923
0 0.40384615384615385 0.6129807692307693 0.5600961538461539 0.6129807692307693 0.5600961538461539 0.6995192307692307 0.40384615384615385 0.6995192307692307
0 0.40384615384615385 0.28125 0.5600961538461539 0.28125 0.5600961538461539 0.3701923076923077 0.40384615384615385 0.3701923076923077
23 0.6394230769230769 0.49759615384615385 0.7091346153846154 0.49759615384615385 0.7091346153846154 0.6394230769230769 0.6394230769230769 0.6394230769230769
23 0.44711538461538464 0.10096153846153846 0.5216346153846154 0.10096153846153846 0.5216346153846154 0.15144230769230768 0.44711538461538464 0.15144230769230768
8 0.44711538461538464 0.4831730769230769 0.5240384615384616 0.4831730769230769 0.5240384615384616 0.6995192307692307 0.44711538461538464 0.6995192307692307
8 0.44711538461538464 0.15384615384615385 0.5240384615384616 0.15384615384615385 0.5240384615384616 0.3701923076923077 0.44711538461538464 0.3701923076923077
21 0.17067307692307693 0.3004807692307692 0.34375 0.3004807692307692 0.34375 0.3293269230769231 0.17067307692307693 0.3293269230769231
21 0.28365384615384615 0.6418269230769231 0.37740384615384615 0.6418269230769231 0.37740384615384615 0.6658653846153846 0.28365384615384615 0.6658653846153846
21 0.13942307692307693 0.6418269230769231 0.23317307692307693 0.6418269230769231 0.23317307692307693 0.6658653846153846 0.13942307692307693 0.6658653846153846
21 0.8870192307692307 0.6370192307692307 0.9903846153846154 0.6370192307692307 0.9903846153846154 0.6634615384615384 0.8870192307692307 0.6634615384615384
21 0.8870192307692307 0.3004807692307692 0.9903846153846154 0.3004807692307692 0.9903846153846154 0.3293269230769231 0.8870192307692307 0.3293269230769231
4 0.8725961538461539 0.7331730769230769 1 0.7331730769230769 1 0.7475961538461539 0.8725961538461539 0.7475961538461539
21 0.6225961538461539 0.6394230769230769 0.7259615384615384 0.6394230769230769 0.7259615384615384 0.6658653846153846 0.6225961538461539 0.6658653846153846
21 0.6225961538461539 0.3004807692307692 0.7259615384615384 0.3004807692307692 0.7259615384615384 0.3293269230769231 0.6225961538461539 0.3293269230769231
23 0.6394230769230769 0.11298076923076923 0.7091346153846154 0.11298076923076923 0.7091346153846154 0.3004807692307692 0.6394230769230769 0.3004807692307692
16 0.0673076923076923 0.016826923076923076 1 0.016826923076923076 1 0.04807692307692308 0.0673076923076923 0.04807692307692308
12 0.07692307692307693 0.3701923076923077 1 0.3701923076923077 1 0.38221153846153844 0.07692307692307693 0.38221153846153844
12 0.07692307692307693 0.6995192307692307 1 0.6995192307692307 1 0.7115384615384616 0.07692307692307693 0.7115384615384616
2 0.06490384615384616 0 0.9975961538461539 0 0.9975961538461539 0.9879807692307693 0.06490384615384616 0.9879807692307693
22 0.07932692307692307 0.04807692307692308 1 0.04807692307692308 1 0.38221153846153844 0.07932692307692307 0.38221153846153844
15 0.07932692307692307 0.7139423076923077 1 0.7139423076923077 1 0.9903846153846154 0.07932692307692307 0.9903846153846154
11 0.07692307692307693 0.38221153846153844 1 0.38221153846153844 1 0.7115384615384616 0.07692307692307693 0.7115384615384616
19 0.06490384615384616 0 0.9350961538461539 0 0.9350961538461539 0.019230769230769232 0.06490384615384616 0.019230769230769232
10 0.07692307692307693 0 0.9975961538461539 0 0.9975961538461539 0.9879807692307693 0.07692307692307693 0.9879807692307693
4 0.8870192307692307 0.45913461538461536 0.9903846153846154 0.45913461538461536 0.9903846153846154 0.4735576923076923 0.8870192307692307 0.4735576923076923
4 0.13942307692307693 0.4639423076923077 0.23317307692307693 0.4639423076923077 0.23317307692307693 0.4807692307692308 0.13942307692307693 0.4807692307692308
4 0.28365384615384615 0.46153846153846156 0.37740384615384615 0.46153846153846156 0.37740384615384615 0.47836538461538464 0.28365384615384615 0.47836538461538464
4 0.6225961538461539 0.46153846153846156 0.7259615384615384 0.46153846153846156 0.7259615384615384 0.47836538461538464 0.6225961538461539 0.47836538461538464