23 0.7067307692307693 0.78125 0.7427884615384616 0.78125 0.7427884615384616 0.8942307692307693 0.7067307692307693 0.8942307692307693
23 0.8605769230769231 0.78125 0.9567307692307693 0.78125 0.9567307692307693 0.8942307692307693 0.8605769230769231 0.8942307692307693
23 0.7548076923076923 0.78125 0.8052884615384616 0.78125 0.8052884615384616 0.8942307692307693 0.7548076923076923 0.8942307692307693
23 0.2548076923076923 0.78125 0.29086538461538464 0.78125 0.29086538461538464 0.8942307692307693 0.2548076923076923 0.8942307692307693
23 0.040865384615384616 0.78125 0.13701923076923078 0.78125 0.13701923076923078 0.8942307692307693 0.040865384615384616 0.8942307692307693
23 0.19230769230769232 0.78125 0.24278846153846154 0.78125 0.24278846153846154 0.8942307692307693 0.19230769230769232 0.8942307692307693
23 0.5889423076923077 0.78125 0.625 0.78125 0.625 0.8966346153846154 0.5889423076923077 0.8966346153846154
23 0.375 0.78125 0.47115384615384615 0.78125 0.47115384615384615 0.8942307692307693 0.375 0.8942307692307693
23 0.5264423076923077 0.78125 0.5769230769230769 0.78125 0.5769230769230769 0.8966346153846154 0.5264423076923077 0.8966346153846154
23 0.7067307692307693 0.11298076923076923 0.7427884615384616 0.11298076923076923 0.7427884615384616 0.2283653846153846 0.7067307692307693 0.2283653846153846
23 0.8605769230769231 0.11298076923076923 0.9567307692307693 0.11298076923076923 0.9567307692307693 0.2283653846153846 0.8605769230769231 0.2283653846153846
23 0.7548076923076923 0.11298076923076923 0.8052884615384616 0.11298076923076923 0.8052884615384616 0.2283653846153846 0.7548076923076923 0.2283653846153846
23 0.2548076923076923 0.11298076923076923 0.29086538461538464 0.11298076923076923 0.29086538461538464 0.2283653846153846 0.2548076923076923 0.2283653846153846
23 0.040865384615384616 0.11298076923076923 0.13942307692307693 0.11298076923076923 0.13942307692307693 0.2283653846153846 0.040865384615384616 0.2283653846153846
23 0.19230769230769232 0.11298076923076923 0.24278846153846154 0.11298076923076923 0.24278846153846154 0.2283653846153846 0.19230769230769232 0.2283653846153846
23 0.5889423076923077 0.11298076923076923 0.625 0.11298076923076923 0.625 0.2283653846153846 0.5889423076923077 0.2283653846153846
23 0.375 0.11298076923076923 0.47115384615384615 0.11298076923076923 0.47115384615384615 0.2283653846153846 0.375 0.2283653846153846
23 0.5240384615384616 0.11298076923076923 0.5745192307692307 0.11298076923076923 0.5745192307692307 0.2283653846153846 0.5240384615384616 0.2283653846153846
23 0.7067307692307693 0.44711538461538464 0.7427884615384616 0.44711538461538464 0.7427884615384616 0.5625 0.7067307692307693 0.5625
23 0.8605769230769231 0.44711538461538464 0.9567307692307693 0.44711538461538464 0.9567307692307693 0.5625 0.8605769230769231 0.5625
23 0.7548076923076923 0.44711538461538464 0.8052884615384616 0.44711538461538464 0.8052884615384616 0.5625 0.7548076923076923 0.5625
23 0.2548076923076923 0.44711538461538464 0.29086538461538464 0.44711538461538464 0.29086538461538464 0.5625 0.2548076923076923 0.5625
23 0.040865384615384616 0.44711538461538464 0.13942307692307693 0.44711538461538464 0.13942307692307693 0.5625 0.040865384615384616 0.5625
23 0.19230769230769232 0.44711538461538464 0.24278846153846154 0.44711538461538464 0.24278846153846154 0.5625 0.19230769230769232 0.5625
23 0.5889423076923077 0.44711538461538464 0.625 0.44711538461538464 0.625 0.5625 0.5889423076923077 0.5625
23 0.375 0.44711538461538464 0.47115384615384615 0.44711538461538464 0.47115384615384615 0.5625 0.375 0.5625
23 0.5240384615384616 0.44711538461538464 0.5745192307692307 0.44711538461538464 0.5745192307692307 0.5625 0.5240384615384616 0.5625
1 0.8605769230769231 0.44711538461538464 0.9567307692307693 0.44711538461538464 0.9567307692307693 0.5625 0.8605769230769231 0.5625
1 0.040865384615384616 0.11538461538461539 0.13942307692307693 0.11538461538461539 0.13942307692307693 0.1346153846153846 0.040865384615384616 0.1346153846153846
1 0.19230769230769232 0.11298076923076923 0.24278846153846154 0.11298076923076923 0.24278846153846154 0.125 0.19230769230769232 0.125
1 0.2548076923076923 0.11298076923076923 0.29086538461538464 0.11298076923076923 0.29086538461538464 0.125 0.2548076923076923 0.125
1 0.040865384615384616 0.78125 0.13701923076923078 0.78125 0.13701923076923078 0.8942307692307693 0.040865384615384616 0.8942307692307693
1 0.2764423076923077 0.78125 0.29086538461538464 0.78125 0.29086538461538464 0.8942307692307693 0.2764423076923077 0.8942307692307693
1 0.375 0.78125 0.47115384615384615 0.78125 0.47115384615384615 0.8942307692307693 0.375 0.8942307692307693
1 0.6081730769230769 0.78125 0.625 0.78125 0.625 0.8966346153846154 0.6081730769230769 0.8966346153846154
12 0.002403846153846154 0.9735576923076923 1 0.9735576923076923 1 1 0.002403846153846154 1
12 0.002403846153846154 0.30528846153846156 1 0.30528846153846156 1 0.3293269230769231 0.002403846153846154 0.3293269230769231
12 0.002403846153846154 0.6394230769230769 1 0.6394230769230769 1 0.6658653846153846 0.002403846153846154 0.6658653846153846
11 0.002403846153846154 0.6658653846153846 1 0.6658653846153846 1 0.9759615384615384 0.002403846153846154 0.9759615384615384
11 0.002403846153846154 0 1 0 1 0.30528846153846156 0.002403846153846154 0.30528846153846156
11 0.002403846153846154 0.3293269230769231 1 0.3293269230769231 1 0.6418269230769231 0.002403846153846154 0.6418269230769231
2 0 0 1 0 1 1 0 1
10 0 0 1 0 1 1 0 1