8 0.1466346153846154 0.5024038461538461 0.31009615384615385 0.5024038461538461 0.31009615384615385 0.9711538461538461 0.1466346153846154 0.9711538461538461
8 0.4423076923076923 0.5024038461538461 0.5985576923076923 0.5024038461538461 0.5985576923076923 0.9711538461538461 0.4423076923076923 0.9711538461538461
8 0.7259615384615384 0.5048076923076923 0.875 0.5048076923076923 0.875 0.9759615384615384 0.7259615384615384 0.9759615384615384
23 0.15865384615384615 0.18509615384615385 0.22115384615384615 0.18509615384615385 0.22115384615384615 0.38461538461538464 0.15865384615384615 0.38461538461538464
23 0.23557692307692307 0.18509615384615385 0.2980769230769231 0.18509615384615385 0.2980769230769231 0.38461538461538464 0.23557692307692307 0.38461538461538464
23 0.4495192307692308 0.18509615384615385 0.5120192307692307 0.18509615384615385 0.5120192307692307 0.3894230769230769 0.4495192307692308 0.3894230769230769
23 0.5288461538461539 0.18269230769230768 0.5865384615384616 0.18269230769230768 0.5865384615384616 0.3870192307692308 0.5288461538461539 0.3870192307692308
23 0.7355769230769231 0.18509615384615385 0.7932692307692307 0.18509615384615385 0.7932692307692307 0.3894230769230769 0.7355769230769231 0.3894230769230769
23 0.8076923076923077 0.18269230769230768 0.8653846153846154 0.18269230769230768 0.8653846153846154 0.3894230769230769 0.8076923076923077 0.3894230769230769
19 0 0 1 0 1 0.036057692307692304 0 0.036057692307692304
15 0 0.026442307692307692 0.9927884615384616 0.026442307692307692 0.9927884615384616 0.9807692307692307 0 0.9807692307692307
10 0 0 0.9927884615384616 0 0.9927884615384616 0.9807692307692307 0 0.9807692307692307
2 0 0 1 0 1 0.9807692307692307 0 0.9807692307692307