23 0.28846153846153844 0.7139423076923077 0.31490384615384615 0.7139423076923077 0.31490384615384615 0.7860576923076923 0.28846153846153844 0.7860576923076923
23 0.1346153846153846 0.7115384615384616 0.16105769230769232 0.7115384615384616 0.16105769230769232 0.7860576923076923 0.1346153846153846 0.7860576923076923
23 0.1346153846153846 0.47596153846153844 0.16105769230769232 0.47596153846153844 0.16105769230769232 0.5649038461538461 0.1346153846153846 0.5649038461538461
23 0.2283653846153846 0.47596153846153844 0.2548076923076923 0.47596153846153844 0.2548076923076923 0.5961538461538461 0.2283653846153846 0.5961538461538461
5 0.19471153846153846 0.47596153846153844 0.22115384615384615 0.47596153846153844 0.22115384615384615 0.5961538461538461 0.19471153846153846 0.5961538461538461
23 0.29086538461538464 0.47836538461538464 0.3173076923076923 0.47836538461538464 0.3173076923076923 0.5673076923076923 0.29086538461538464 0.5673076923076923
8 0.20432692307692307 0.7139423076923077 0.24278846153846154 0.7139423076923077 0.24278846153846154 0.8413461538461539 0.20432692307692307 0.8413461538461539
23 0.7379807692307693 0.3269230769230769 0.7668269230769231 0.3269230769230769 0.7668269230769231 0.39663461538461536 0.7379807692307693 0.39663461538461536
23 0.3485576923076923 0.3293269230769231 0.37740384615384615 0.3293269230769231 0.37740384615384615 0.39903846153846156 0.3485576923076923 0.39903846153846156
23 0.4543269230769231 0.3293269230769231 0.4831730769230769 0.3293269230769231 0.4831730769230769 0.39903846153846156 0.4543269230769231 0.39903846153846156
23 0.49759615384615385 0.3293269230769231 0.5264423076923077 0.3293269230769231 0.5264423076923077 0.39903846153846156 0.49759615384615385 0.39903846153846156
23 0.5360576923076923 0.3293269230769231 0.5649038461538461 0.3293269230769231 0.5649038461538461 0.39663461538461536 0.5360576923076923 0.39663461538461536
23 0.5721153846153846 0.3293269230769231 0.6009615384615384 0.3293269230769231 0.6009615384615384 0.39903846153846156 0.5721153846153846 0.39903846153846156
23 0.7379807692307693 0.5096153846153846 0.7668269230769231 0.5096153846153846 0.7668269230769231 0.6274038461538461 0.7379807692307693 0.6274038461538461
23 0.3485576923076923 0.5120192307692307 0.37740384615384615 0.5120192307692307 0.37740384615384615 0.6298076923076923 0.3485576923076923 0.6298076923076923
23 0.4543269230769231 0.5120192307692307 0.4831730769230769 0.5120192307692307 0.4831730769230769 0.6298076923076923 0.4543269230769231 0.6298076923076923
23 0.6153846153846154 0.5096153846153846 0.6442307692307693 0.5096153846153846 0.6442307692307693 0.6274038461538461 0.6153846153846154 0.6274038461538461
8 0.7307692307692307 0.7019230769230769 0.7596153846153846 0.7019230769230769 0.7596153846153846 0.8485576923076923 0.7307692307692307 0.8485576923076923
23 0.6610576923076923 0.7019230769230769 0.6899038461538461 0.7019230769230769 0.6899038461538461 0.7644230769230769 0.6610576923076923 0.7644230769230769
23 0.6081730769230769 0.7019230769230769 0.6346153846153846 0.7019230769230769 0.6346153846153846 0.7620192307692307 0.6081730769230769 0.7620192307692307
8 0.53125 0.7331730769230769 0.5673076923076923 0.7331730769230769 0.5673076923076923 0.8557692307692307 0.53125 0.8557692307692307
23 0.4639423076923077 0.7043269230769231 0.49038461538461536 0.7043269230769231 0.49038461538461536 0.7620192307692307 0.4639423076923077 0.7620192307692307
8 0.5745192307692307 0.5480769230769231 0.6009615384615384 0.5480769230769231 0.6009615384615384 0.65625 0.5745192307692307 0.65625
8 0.49759615384615385 0.5480769230769231 0.5240384615384616 0.5480769230769231 0.5240384615384616 0.65625 0.49759615384615385 0.65625
8 0.5360576923076923 0.5480769230769231 0.5625 0.5480769230769231 0.5625 0.65625 0.5360576923076923 0.65625
23 0.36778846153846156 0.6995192307692307 0.41586538461538464 0.6995192307692307 0.41586538461538464 0.7283653846153846 0.36778846153846156 0.7283653846153846
8 0.36778846153846156 0.7427884615384616 0.4182692307692308 0.7427884615384616 0.4182692307692308 0.8557692307692307 0.36778846153846156 0.8557692307692307
23 0.6153846153846154 0.3293269230769231 0.6442307692307693 0.3293269230769231 0.6442307692307693 0.39903846153846156 0.6153846153846154 0.39903846153846156
23 0.5745192307692307 0.5168269230769231 0.6009615384615384 0.5168269230769231 0.6009615384615384 0.5480769230769231 0.5745192307692307 0.5480769230769231
23 0.49759615384615385 0.5168269230769231 0.5240384615384616 0.5168269230769231 0.5240384615384616 0.5480769230769231 0.49759615384615385 0.5480769230769231
23 0.5360576923076923 0.5168269230769231 0.5625 0.5168269230769231 0.5625 0.5480769230769231 0.5360576923076923 0.5480769230769231
23 0.9110576923076923 0.4519230769230769 0.9399038461538461 0.4519230769230769 0.9399038461538461 0.5721153846153846 0.9110576923076923 0.5721153846153846
23 0.8100961538461539 0.4495192307692308 0.8389423076923077 0.4495192307692308 0.8389423076923077 0.5504807692307693 0.8100961538461539 0.5504807692307693
23 0.9567307692307693 0.4543269230769231 0.9831730769230769 0.4543269230769231 0.9831730769230769 0.5528846153846154 0.9567307692307693 0.5528846153846154
23 0.8701923076923077 0.4519230769230769 0.8966346153846154 0.4519230769230769 0.8966346153846154 0.5504807692307693 0.8701923076923077 0.5504807692307693
23 0.8125 0.7091346153846154 0.8389423076923077 0.7091346153846154 0.8389423076923077 0.7836538461538461 0.8125 0.7836538461538461
23 0.9567307692307693 0.7091346153846154 0.9831730769230769 0.7091346153846154 0.9831730769230769 0.7836538461538461 0.9567307692307693 0.7836538461538461
23 0.8701923076923077 0.7091346153846154 0.8966346153846154 0.7091346153846154 0.8966346153846154 0.7836538461538461 0.8701923076923077 0.7836538461538461
8 0.90625 0.7115384615384616 0.9495192307692307 0.7115384615384616 0.9495192307692307 0.8389423076923077 0.90625 0.8389423076923077
8 0.08173076923076923 0.7259615384615384 0.11057692307692307 0.7259615384615384 0.11057692307692307 0.8413461538461539 0.08173076923076923 0.8413461538461539
0 0.4831730769230769 0.6057692307692307 0.6105769230769231 0.6057692307692307 0.6105769230769231 0.6682692307692307 0.4831730769230769 0.6682692307692307
16 0.11778846153846154 0.40865384615384615 0.3293269230769231 0.40865384615384615 0.3293269230769231 0.4326923076923077 0.11778846153846154 0.4326923076923077
16 0.32211538461538464 0.29086538461538464 0.7884615384615384 0.29086538461538464 0.7884615384615384 0.3076923076923077 0.32211538461538464 0.3076923076923077
16 0.7932692307692307 0.40384615384615385 1 0.40384615384615385 1 0.4230769230769231 0.7932692307692307 0.4230769230769231
4 0.8942307692307693 0.6346153846153846 0.9591346153846154 0.6346153846153846 0.9591346153846154 0.6442307692307693 0.8942307692307693 0.6442307692307693
23 0.9038461538461539 0.6586538461538461 0.9495192307692307 0.6586538461538461 0.9495192307692307 0.6995192307692307 0.9038461538461539 0.6995192307692307
4 0.5168269230769231 0.6947115384615384 0.5793269230769231 0.6947115384615384 0.5793269230769231 0.7091346153846154 0.5168269230769231 0.7091346153846154
23 0.20432692307692307 0.6682692307692307 0.24519230769230768 0.6682692307692307 0.24519230769230768 0.7139423076923077 0.20432692307692307 0.7139423076923077
4 0.125 0.4543269230769231 0.16826923076923078 0.4543269230769231 0.16826923076923078 0.4639423076923077 0.125 0.4639423076923077
4 0.18509615384615385 0.4519230769230769 0.2644230769230769 0.4519230769230769 0.2644230769230769 0.4639423076923077 0.18509615384615385 0.4639423076923077
4 0.28125 0.45913461538461536 0.3245192307692308 0.45913461538461536 0.3245192307692308 0.46634615384615385 0.28125 0.46634615384615385
4 0.3389423076923077 0.46634615384615385 0.38461538461538464 0.46634615384615385 0.38461538461538464 0.4735576923076923 0.3389423076923077 0.4735576923076923
27 0.3389423076923077 0.31490384615384615 0.38221153846153844 0.31490384615384615 0.38221153846153844 0.32211538461538464 0.3389423076923077 0.32211538461538464
4 0.44711538461538464 0.31490384615384615 0.49038461538461536 0.31490384615384615 0.49038461538461536 0.32211538461538464 0.44711538461538464 0.32211538461538464
4 0.49038461538461536 0.3125 0.6081730769230769 0.3125 0.6081730769230769 0.31971153846153844 0.49038461538461536 0.31971153846153844
4 0.6105769230769231 0.3125 0.6514423076923077 0.3125 0.6514423076923077 0.32211538461538464 0.6105769230769231 0.32211538461538464
4 0.44471153846153844 0.46634615384615385 0.49038461538461536 0.46634615384615385 0.49038461538461536 0.4735576923076923 0.44471153846153844 0.4735576923076923
4 0.49038461538461536 0.4639423076923077 0.6081730769230769 0.4639423076923077 0.6081730769230769 0.4735576923076923 0.49038461538461536 0.4735576923076923
4 0.6081730769230769 0.4639423076923077 0.6514423076923077 0.4639423076923077 0.6514423076923077 0.4735576923076923 0.6081730769230769 0.4735576923076923
23 0.6153846153846154 0.4807692307692308 0.6442307692307693 0.4807692307692308 0.6442307692307693 0.5048076923076923 0.6153846153846154 0.5048076923076923
23 0.4543269230769231 0.4807692307692308 0.4831730769230769 0.4807692307692308 0.4831730769230769 0.5072115384615384 0.4543269230769231 0.5072115384615384
23 0.49759615384615385 0.4807692307692308 0.5264423076923077 0.4807692307692308 0.5264423076923077 0.5072115384615384 0.49759615384615385 0.5072115384615384
23 0.5360576923076923 0.4807692307692308 0.5649038461538461 0.4807692307692308 0.5649038461538461 0.5048076923076923 0.5360576923076923 0.5048076923076923
23 0.5745192307692307 0.4807692307692308 0.6009615384615384 0.4807692307692308 0.6009615384615384 0.5048076923076923 0.5745192307692307 0.5048076923076923
21 0.28365384615384615 0.5649038461538461 0.32211538461538464 0.5649038461538461 0.32211538461538464 0.5817307692307693 0.28365384615384615 0.5817307692307693
21 0.12740384615384615 0.5625 0.1658653846153846 0.5625 0.1658653846153846 0.5793269230769231 0.12740384615384615 0.5793269230769231
21 0.33653846153846156 0.6298076923076923 0.38221153846153844 0.6298076923076923 0.38221153846153844 0.6514423076923077 0.33653846153846156 0.6514423076923077
21 0.44471153846153844 0.6298076923076923 0.49038461538461536 0.6298076923076923 0.49038461538461536 0.6514423076923077 0.44471153846153844 0.6514423076923077
21 0.7283653846153846 0.6274038461538461 0.7740384615384616 0.6274038461538461 0.7740384615384616 0.6466346153846154 0.7283653846153846 0.6466346153846154
21 0.6057692307692307 0.6274038461538461 0.6514423076923077 0.6274038461538461 0.6514423076923077 0.6466346153846154 0.6057692307692307 0.6466346153846154
19 0.1201923076923077 0.33653846153846156 0.3245192307692308 0.33653846153846156 0.3245192307692308 0.41346153846153844 0.1201923076923077 0.41346153846153844
19 0.3293269230769231 0.21875 0.78125 0.21875 0.78125 0.28365384615384615 0.3293269230769231 0.28365384615384615
12 0.11778846153846154 0.4495192307692308 0.7908653846153846 0.4495192307692308 0.7908653846153846 0.4639423076923077 0.11778846153846154 0.4639423076923077
22 0.3293269230769231 0.2932692307692308 0.7836538461538461 0.2932692307692308 0.7836538461538461 0.46634615384615385 0.3293269230769231 0.46634615384615385
22 0.7908653846153846 0.40865384615384615 1 0.40865384615384615 1 0.6346153846153846 0.7908653846153846 0.6346153846153846
15 0.07211538461538461 0.6682692307692307 0.7908653846153846 0.6682692307692307 0.7908653846153846 0.8557692307692307 0.07211538461538461 0.8557692307692307
11 0.11778846153846154 0.4639423076923077 0.7908653846153846 0.4639423076923077 0.7908653846153846 0.6538461538461539 0.11778846153846154 0.6538461538461539
12 0.07211538461538461 0.6538461538461539 0.7908653846153846 0.6538461538461539 0.7908653846153846 0.6682692307692307 0.07211538461538461 0.6682692307692307
12 0.7908653846153846 0.6201923076923077 1 0.6201923076923077 1 0.6346153846153846 0.7908653846153846 0.6346153846153846
15 0.7908653846153846 0.6346153846153846 1 0.6346153846153846 1 0.8605769230769231 0.7908653846153846 0.8605769230769231
21 0.18509615384615385 0.5985576923076923 0.25961538461538464 0.5985576923076923 0.25961538461538464 0.6153846153846154 0.18509615384615385 0.6153846153846154
19 0.7836538461538461 0.3485576923076923 1 0.3485576923076923 1 0.40625 0.7836538461538461 0.40625
2 0.07211538461538461 0.20192307692307693 1 0.20192307692307693 1 0.8581730769230769 0.07211538461538461 0.8581730769230769
10 0.07451923076923077 0.20192307692307693 1 0.20192307692307693 1 0.8557692307692307 0.07451923076923077 0.8557692307692307