23 0.19951923076923078 0.3076923076923077 0.27884615384615385 0.3076923076923077 0.27884615384615385 0.40384615384615385 0.19951923076923078 0.40384615384615385
23 0.44471153846153844 0.12980769230769232 0.5216346153846154 0.12980769230769232 0.5216346153846154 0.23076923076923078 0.44471153846153844 0.23076923076923078
23 0.6850961538461539 0.3076923076923077 0.7644230769230769 0.3076923076923077 0.7644230769230769 0.40625 0.6850961538461539 0.40625
23 0.6947115384615384 0.6682692307692307 0.7740384615384616 0.6682692307692307 0.7740384615384616 0.7668269230769231 0.6947115384615384 0.7668269230769231
23 0.18509615384615385 0.6706730769230769 0.2644230769230769 0.6706730769230769 0.2644230769230769 0.7692307692307693 0.18509615384615385 0.7692307692307693
23 0.3701923076923077 0.2548076923076923 0.5865384615384616 0.2548076923076923 0.5865384615384616 0.5264423076923077 0.3701923076923077 0.5264423076923077
8 0.28365384615384615 0.6586538461538461 0.6947115384615384 0.6586538461538461 0.6947115384615384 0.9831730769230769 0.28365384615384615 0.9831730769230769
15 0 0.5985576923076923 0.9495192307692307 0.5985576923076923 0.9495192307692307 0.9831730769230769 0 0.9831730769230769
12 0 0.5817307692307693 0.9495192307692307 0.5817307692307693 0.9495192307692307 0.5985576923076923 0 0.5985576923076923
22 0 0.052884615384615384 0.9519230769230769 0.052884615384615384 0.9519230769230769 0.5817307692307693 0 0.5817307692307693
2 0 0.009615384615384616 0.9975961538461539 0.009615384615384616 0.9975961538461539 0.9855769230769231 0 0.9855769230769231
10 0.17067307692307693 0.25721153846153844 0.8052884615384616 0.25721153846153844 0.8052884615384616 0.9831730769230769 0.17067307692307693 0.9831730769230769