23 0.7067307692307693 0.7788461538461539 0.8221153846153846 0.7788461538461539 0.8221153846153846 0.9014423076923077 0.7067307692307693 0.9014423076923077
23 0.16826923076923078 0.7788461538461539 0.28365384615384615 0.7788461538461539 0.28365384615384615 0.9014423076923077 0.16826923076923078 0.9014423076923077
23 0.34615384615384615 0.7788461538461539 0.46153846153846156 0.7788461538461539 0.46153846153846156 0.9014423076923077 0.34615384615384615 0.9014423076923077
23 0.5264423076923077 0.7788461538461539 0.6418269230769231 0.7788461538461539 0.6418269230769231 0.9014423076923077 0.5264423076923077 0.9014423076923077
23 0.7067307692307693 0.0625 0.8221153846153846 0.0625 0.8221153846153846 0.18509615384615385 0.7067307692307693 0.18509615384615385
23 0.16826923076923078 0.0625 0.28365384615384615 0.0625 0.28365384615384615 0.18509615384615385 0.16826923076923078 0.18509615384615385
23 0.34615384615384615 0.0625 0.46153846153846156 0.0625 0.46153846153846156 0.18509615384615385 0.34615384615384615 0.18509615384615385
23 0.5264423076923077 0.0625 0.6418269230769231 0.0625 0.6418269230769231 0.18509615384615385 0.5264423076923077 0.18509615384615385
23 0.7067307692307693 0.3004807692307692 0.8221153846153846 0.3004807692307692 0.8221153846153846 0.4230769230769231 0.7067307692307693 0.4230769230769231
23 0.16826923076923078 0.3004807692307692 0.28365384615384615 0.3004807692307692 0.28365384615384615 0.4230769230769231 0.16826923076923078 0.4230769230769231
23 0.34615384615384615 0.3004807692307692 0.46153846153846156 0.3004807692307692 0.46153846153846156 0.4230769230769231 0.34615384615384615 0.4230769230769231
23 0.5264423076923077 0.3004807692307692 0.6418269230769231 0.3004807692307692 0.6418269230769231 0.4230769230769231 0.5264423076923077 0.4230769230769231
23 0.7067307692307693 0.5360576923076923 0.8221153846153846 0.5360576923076923 0.8221153846153846 0.6586538461538461 0.7067307692307693 0.6586538461538461
23 0.16826923076923078 0.5360576923076923 0.28365384615384615 0.5360576923076923 0.28365384615384615 0.6586538461538461 0.16826923076923078 0.6586538461538461
23 0.34615384615384615 0.5360576923076923 0.46153846153846156 0.5360576923076923 0.46153846153846156 0.6586538461538461 0.34615384615384615 0.6586538461538461
23 0.5264423076923077 0.5360576923076923 0.6418269230769231 0.5360576923076923 0.6418269230769231 0.6586538461538461 0.5264423076923077 0.6586538461538461
21 0.7067307692307693 0.18509615384615385 0.8221153846153846 0.18509615384615385 0.8221153846153846 0.19471153846153846 0.7067307692307693 0.19471153846153846
21 0.16826923076923078 0.18509615384615385 0.28365384615384615 0.18509615384615385 0.28365384615384615 0.19471153846153846 0.16826923076923078 0.19471153846153846
21 0.34615384615384615 0.18509615384615385 0.46153846153846156 0.18509615384615385 0.46153846153846156 0.19471153846153846 0.34615384615384615 0.19471153846153846
21 0.5264423076923077 0.18509615384615385 0.6418269230769231 0.18509615384615385 0.6418269230769231 0.19471153846153846 0.5264423076923077 0.19471153846153846
21 0.7067307692307693 0.9014423076923077 0.8221153846153846 0.9014423076923077 0.8221153846153846 0.9110576923076923 0.7067307692307693 0.9110576923076923
21 0.16826923076923078 0.9014423076923077 0.28365384615384615 0.9014423076923077 0.28365384615384615 0.9110576923076923 0.16826923076923078 0.9110576923076923
21 0.34615384615384615 0.9014423076923077 0.46153846153846156 0.9014423076923077 0.46153846153846156 0.9110576923076923 0.34615384615384615 0.9110576923076923
21 0.5264423076923077 0.9014423076923077 0.6418269230769231 0.9014423076923077 0.6418269230769231 0.9110576923076923 0.5264423076923077 0.9110576923076923
21 0.7067307692307693 0.6586538461538461 0.8221153846153846 0.6586538461538461 0.8221153846153846 0.6682692307692307 0.7067307692307693 0.6682692307692307
21 0.16826923076923078 0.6586538461538461 0.28365384615384615 0.6586538461538461 0.28365384615384615 0.6682692307692307 0.16826923076923078 0.6682692307692307
21 0.34615384615384615 0.6586538461538461 0.46153846153846156 0.6586538461538461 0.46153846153846156 0.6682692307692307 0.34615384615384615 0.6682692307692307
21 0.5264423076923077 0.6586538461538461 0.6418269230769231 0.6586538461538461 0.6418269230769231 0.6682692307692307 0.5264423076923077 0.6682692307692307
21 0.7067307692307693 0.4230769230769231 0.8221153846153846 0.4230769230769231 0.8221153846153846 0.4326923076923077 0.7067307692307693 0.4326923076923077
21 0.16826923076923078 0.4230769230769231 0.28365384615384615 0.4230769230769231 0.28365384615384615 0.4326923076923077 0.16826923076923078 0.4326923076923077
21 0.34615384615384615 0.4230769230769231 0.46153846153846156 0.4230769230769231 0.46153846153846156 0.4326923076923077 0.34615384615384615 0.4326923076923077
21 0.5264423076923077 0.4230769230769231 0.6418269230769231 0.4230769230769231 0.6418269230769231 0.4326923076923077 0.5264423076923077 0.4326923076923077
12 0.002403846153846154 0.026442307692307692 0.9975961538461539 0.026442307692307692 0.9975961538461539 0.04567307692307692 0.002403846153846154 0.04567307692307692
12 0.002403846153846154 0.9783653846153846 0.9975961538461539 0.9783653846153846 0.9975961538461539 0.9975961538461539 0.002403846153846154 0.9975961538461539
12 0.002403846153846154 0.7379807692307693 0.9975961538461539 0.7379807692307693 0.9975961538461539 0.7572115384615384 0.002403846153846154 0.7572115384615384
12 0.002403846153846154 0.5 0.9975961538461539 0.5 0.9975961538461539 0.5192307692307693 0.002403846153846154 0.5192307692307693
12 0.002403846153846154 0.2620192307692308 0.9975961538461539 0.2620192307692308 0.9975961538461539 0.28125 0.002403846153846154 0.28125
11 0.002403846153846154 0.04567307692307692 0.9975961538461539 0.04567307692307692 0.9975961538461539 0.2644230769230769 0.002403846153846154 0.2644230769230769
11 0.002403846153846154 0.7572115384615384 0.9975961538461539 0.7572115384615384 0.9975961538461539 0.9783653846153846 0.002403846153846154 0.9783653846153846
11 0.002403846153846154 0.5168269230769231 0.9975961538461539 0.5168269230769231 0.9975961538461539 0.7379807692307693 0.002403846153846154 0.7379807692307693
11 0.002403846153846154 0.28365384615384615 0.9975961538461539 0.28365384615384615 0.9975961538461539 0.49759615384615385 0.002403846153846154 0.49759615384615385
2 0 0 1 0 1 0.9975961538461539 0 0.9975961538461539
10 0 0 1 0 1 0.9975961538461539 0 0.9975961538461539