23 0.7235576923076923 0.10576923076923077 0.7980769230769231 0.10576923076923077 0.7980769230769231 0.1875 0.7235576923076923 0.1875
23 0.17067307692307693 0.10576923076923077 0.24278846153846154 0.10576923076923077 0.24278846153846154 0.1875 0.17067307692307693 0.1875
23 0.34615384615384615 0.10336538461538461 0.4182692307692308 0.10336538461538461 0.4182692307692308 0.18509615384615385 0.34615384615384615 0.18509615384615385
23 0.34615384615384615 0.10336538461538461 0.4182692307692308 0.10336538461538461 0.4182692307692308 0.18509615384615385 0.34615384615384615 0.18509615384615385
23 0.5456730769230769 0.10336538461538461 0.6201923076923077 0.10336538461538461 0.6201923076923077 0.18509615384615385 0.5456730769230769 0.18509615384615385
23 0.34375 0.2860576923076923 0.4182692307692308 0.2860576923076923 0.4182692307692308 0.35336538461538464 0.34375 0.35336538461538464
23 0.17067307692307693 0.2860576923076923 0.24278846153846154 0.2860576923076923 0.24278846153846154 0.35096153846153844 0.17067307692307693 0.35096153846153844
23 0.5480769230769231 0.2932692307692308 0.6201923076923077 0.2932692307692308 0.6201923076923077 0.3557692307692308 0.5480769230769231 0.3557692307692308
23 0.7259615384615384 0.2932692307692308 0.7980769230769231 0.2932692307692308 0.7980769230769231 0.3557692307692308 0.7259615384615384 0.3557692307692308
23 0.7235576923076923 0.43509615384615385 0.7980769230769231 0.43509615384615385 0.7980769230769231 0.5144230769230769 0.7235576923076923 0.5144230769230769
23 0.16826923076923078 0.43509615384615385 0.24278846153846154 0.43509615384615385 0.24278846153846154 0.5144230769230769 0.16826923076923078 0.5144230769230769
23 0.5456730769230769 0.43509615384615385 0.6201923076923077 0.43509615384615385 0.6201923076923077 0.5144230769230769 0.5456730769230769 0.5144230769230769
23 0.34375 0.43509615384615385 0.41586538461538464 0.43509615384615385 0.41586538461538464 0.5144230769230769 0.34375 0.5144230769230769
23 0.17067307692307693 0.6298076923076923 0.2403846153846154 0.6298076923076923 0.2403846153846154 0.7115384615384616 0.17067307692307693 0.7115384615384616
8 0.34375 0.6298076923076923 0.4182692307692308 0.6298076923076923 0.4182692307692308 0.7524038461538461 0.34375 0.7524038461538461
8 0.5456730769230769 0.625 0.6201923076923077 0.625 0.6201923076923077 0.75 0.5456730769230769 0.75
23 0.7235576923076923 0.6274038461538461 0.7980769230769231 0.6274038461538461 0.7980769230769231 0.7139423076923077 0.7235576923076923 0.7139423076923077
8 0.7163461538461539 0.8173076923076923 0.8293269230769231 0.8173076923076923 0.8293269230769231 0.9567307692307693 0.7163461538461539 0.9567307692307693
23 0.5096153846153846 0.7884615384615384 0.6274038461538461 0.7884615384615384 0.6274038461538461 0.7980769230769231 0.5096153846153846 0.7980769230769231
23 0.7163461538461539 0.7884615384615384 0.8269230769230769 0.7884615384615384 0.8269230769230769 0.8004807692307693 0.7163461538461539 0.8004807692307693
8 0.5096153846153846 0.8149038461538461 0.625 0.8149038461538461 0.625 0.9591346153846154 0.5096153846153846 0.9591346153846154
8 0.32211538461538464 0.8221153846153846 0.4326923076923077 0.8221153846153846 0.4326923076923077 0.9543269230769231 0.32211538461538464 0.9543269230769231
8 0.15865384615384615 0.8245192307692307 0.2548076923076923 0.8245192307692307 0.2548076923076923 0.9519230769230769 0.15865384615384615 0.9519230769230769
23 0.15865384615384615 0.8052884615384616 0.2548076923076923 0.8052884615384616 0.2548076923076923 0.8245192307692307 0.15865384615384615 0.8245192307692307
5 0.6418269230769231 0.8677884615384616 0.6634615384615384 0.8677884615384616 0.6634615384615384 0.8774038461538461 0.6418269230769231 0.8774038461538461
20 0.5120192307692307 0.8173076923076923 0.6225961538461539 0.8173076923076923 0.6225961538461539 0.8557692307692307 0.5120192307692307 0.8557692307692307
20 0.3245192307692308 0.8221153846153846 0.42788461538461536 0.8221153846153846 0.42788461538461536 0.8557692307692307 0.3245192307692308 0.8557692307692307
21 0.7043269230769231 0.18509615384615385 0.8197115384615384 0.18509615384615385 0.8197115384615384 0.19230769230769232 0.7043269230769231 0.19230769230769232
21 0.14903846153846154 0.18509615384615385 0.2644230769230769 0.18509615384615385 0.2644230769230769 0.19230769230769232 0.14903846153846154 0.19230769230769232
21 0.3245192307692308 0.18509615384615385 0.43990384615384615 0.18509615384615385 0.43990384615384615 0.19230769230769232 0.3245192307692308 0.19230769230769232
21 0.5264423076923077 0.18509615384615385 0.6418269230769231 0.18509615384615385 0.6418269230769231 0.19230769230769232 0.5264423076923077 0.19230769230769232
21 0.7019230769230769 0.35336538461538464 0.8197115384615384 0.35336538461538464 0.8197115384615384 0.3629807692307692 0.7019230769230769 0.3629807692307692
21 0.1466346153846154 0.35096153846153844 0.2644230769230769 0.35096153846153844 0.2644230769230769 0.3605769230769231 0.1466346153846154 0.3605769230769231
21 0.32211538461538464 0.35096153846153844 0.43990384615384615 0.35096153846153844 0.43990384615384615 0.3605769230769231 0.32211538461538464 0.3605769230769231
21 0.5264423076923077 0.35336538461538464 0.6442307692307693 0.35336538461538464 0.6442307692307693 0.3629807692307692 0.5264423076923077 0.3629807692307692
4 0.14182692307692307 0.40384615384615385 0.2668269230769231 0.40384615384615385 0.2668269230769231 0.41586538461538464 0.14182692307692307 0.41586538461538464
4 0.3173076923076923 0.40384615384615385 0.4423076923076923 0.40384615384615385 0.4423076923076923 0.41586538461538464 0.3173076923076923 0.41586538461538464
4 0.5192307692307693 0.40384615384615385 0.6442307692307693 0.40384615384615385 0.6442307692307693 0.41586538461538464 0.5192307692307693 0.41586538461538464
4 0.6971153846153846 0.40625 0.8245192307692307 0.40625 0.8245192307692307 0.4182692307692308 0.6971153846153846 0.4182692307692308
16 0.10576923076923077 0.5144230769230769 0.8581730769230769 0.5144230769230769 0.8581730769230769 0.5264423076923077 0.10576923076923077 0.5264423076923077
4 0.13942307692307693 0.59375 0.27163461538461536 0.59375 0.27163461538461536 0.6033653846153846 0.13942307692307693 0.6033653846153846
4 0.3125 0.59375 0.4423076923076923 0.59375 0.4423076923076923 0.6033653846153846 0.3125 0.6033653846153846
4 0.5144230769230769 0.59375 0.6490384615384616 0.59375 0.6490384615384616 0.6033653846153846 0.5144230769230769 0.6033653846153846
4 0.6923076923076923 0.59375 0.8293269230769231 0.59375 0.8293269230769231 0.6033653846153846 0.6923076923076923 0.6033653846153846
16 0.11057692307692307 0.05048076923076923 0.8774038461538461 0.05048076923076923 0.8774038461538461 0.07211538461538461 0.11057692307692307 0.07211538461538461
12 0.10817307692307693 0.22355769230769232 0.8605769230769231 0.22355769230769232 0.8605769230769231 0.23317307692307693 0.10817307692307693 0.23317307692307693
22 0.10817307692307693 0.052884615384615384 0.8605769230769231 0.052884615384615384 0.8605769230769231 0.23557692307692307 0.10817307692307693 0.23557692307692307
12 0.10817307692307693 0.5408653846153846 0.8605769230769231 0.5408653846153846 0.8605769230769231 0.5504807692307693 0.10817307692307693 0.5504807692307693
12 0.10817307692307693 0.375 0.8605769230769231 0.375 0.8605769230769231 0.38461538461538464 0.10817307692307693 0.38461538461538464
0 0.2956730769230769 0.7043269230769231 0.6634615384615384 0.7043269230769231 0.6634615384615384 0.7596153846153846 0.2956730769230769 0.7596153846153846
12 0.10817307692307693 0.75 0.8605769230769231 0.75 0.8605769230769231 0.7596153846153846 0.10817307692307693 0.7596153846153846
15 0.10817307692307693 0.7596153846153846 0.8605769230769231 0.7596153846153846 0.8605769230769231 0.9567307692307693 0.10817307692307693 0.9567307692307693
11 0.10817307692307693 0.5504807692307693 0.8605769230769231 0.5504807692307693 0.8605769230769231 0.7596153846153846 0.10817307692307693 0.7596153846153846
11 0.10817307692307693 0.38461538461538464 0.8605769230769231 0.38461538461538464 0.8605769230769231 0.5504807692307693 0.10817307692307693 0.5504807692307693
11 0.10817307692307693 0.23557692307692307 0.8605769230769231 0.23557692307692307 0.8605769230769231 0.3870192307692308 0.10817307692307693 0.3870192307692308
2 0.09615384615384616 0.02403846153846154 0.9086538461538461 0.02403846153846154 0.9086538461538461 0.9591346153846154 0.09615384615384616 0.9591346153846154
10 0.09615384615384616 0.019230769230769232 0.9110576923076923 0.019230769230769232 0.9110576923076923 0.9591346153846154 0.09615384615384616 0.9591346153846154