23 0 0.22355769230769232 0.03365384615384615 0.22355769230769232 0.03365384615384615 0.3629807692307692 0 0.3629807692307692
23 0.9399038461538461 0.22355769230769232 0.9951923076923077 0.22355769230769232 0.9951923076923077 0.3629807692307692 0.9399038461538461 0.3629807692307692
23 0.13942307692307693 0.22355769230769232 0.19230769230769232 0.22355769230769232 0.19230769230769232 0.3629807692307692 0.13942307692307693 0.3629807692307692
23 0.3004807692307692 0.22355769230769232 0.3557692307692308 0.22355769230769232 0.3557692307692308 0.3629807692307692 0.3004807692307692 0.3629807692307692
23 0.46153846153846156 0.22355769230769232 0.5168269230769231 0.22355769230769232 0.5168269230769231 0.3629807692307692 0.46153846153846156 0.3629807692307692
23 0.6201923076923077 0.22355769230769232 0.6778846153846154 0.22355769230769232 0.6778846153846154 0.3629807692307692 0.6201923076923077 0.3629807692307692
23 0.78125 0.22355769230769232 0.8365384615384616 0.22355769230769232 0.8365384615384616 0.3629807692307692 0.78125 0.3629807692307692
23 0.9423076923076923 0.5649038461538461 1 0.5649038461538461 1 0.9879807692307693 0.9423076923076923 0.9879807692307693
23 0.13942307692307693 0.5649038461538461 0.19951923076923078 0.5649038461538461 0.19951923076923078 0.9855769230769231 0.13942307692307693 0.9855769230769231
23 0.3004807692307692 0.5649038461538461 0.3605769230769231 0.5649038461538461 0.3605769230769231 0.9110576923076923 0.3004807692307692 0.9110576923076923
23 0.45913461538461536 0.5649038461538461 0.5192307692307693 0.5649038461538461 0.5192307692307693 0.9110576923076923 0.45913461538461536 0.9110576923076923
23 0.6201923076923077 0.5649038461538461 0.6802884615384616 0.5649038461538461 0.6802884615384616 0.9110576923076923 0.6201923076923077 0.9110576923076923
23 0.78125 0.5649038461538461 0.8413461538461539 0.5649038461538461 0.8413461538461539 0.9110576923076923 0.78125 0.9110576923076923
23 0 0.5649038461538461 0.036057692307692304 0.5649038461538461 0.036057692307692304 0.9110576923076923 0 0.9110576923076923
23 0.0985576923076923 0.5408653846153846 0.23076923076923078 0.5408653846153846 0.23076923076923078 0.9879807692307693 0.0985576923076923 0.9879807692307693
23 0.9038461538461539 0.5432692307692307 1 0.5432692307692307 1 0.9879807692307693 0.9038461538461539 0.9879807692307693
23 0.25961538461538464 0.5408653846153846 0.3918269230769231 0.5408653846153846 0.3918269230769231 0.9879807692307693 0.25961538461538464 0.9879807692307693
23 0.4206730769230769 0.5408653846153846 0.5528846153846154 0.5408653846153846 0.5528846153846154 0.9879807692307693 0.4206730769230769 0.9879807692307693
23 0.5817307692307693 0.5408653846153846 0.7139423076923077 0.5408653846153846 0.7139423076923077 0.9879807692307693 0.5817307692307693 0.9879807692307693
23 0.7427884615384616 0.5408653846153846 0.8774038461538461 0.5408653846153846 0.8774038461538461 0.9879807692307693 0.7427884615384616 0.9879807692307693
23 0 0.5408653846153846 0.06971153846153846 0.5408653846153846 0.06971153846153846 0.9879807692307693 0 0.9879807692307693
4 0.9591346153846154 0.4855769230769231 0.9831730769230769 0.4855769230769231 0.9831730769230769 0.5456730769230769 0.9591346153846154 0.5456730769230769
4 0.14903846153846154 0.4855769230769231 0.17307692307692307 0.4855769230769231 0.17307692307692307 0.5456730769230769 0.14903846153846154 0.5456730769230769
4 0.31009615384615385 0.4831730769230769 0.33413461538461536 0.4831730769230769 0.33413461538461536 0.5456730769230769 0.31009615384615385 0.5456730769230769
4 0.4735576923076923 0.4831730769230769 0.49759615384615385 0.4831730769230769 0.49759615384615385 0.5456730769230769 0.4735576923076923 0.5456730769230769
4 0.6346153846153846 0.4831730769230769 0.6586538461538461 0.4831730769230769 0.6586538461538461 0.5456730769230769 0.6346153846153846 0.5456730769230769
4 0.7956730769230769 0.4831730769230769 0.8197115384615384 0.4831730769230769 0.8197115384615384 0.5456730769230769 0.7956730769230769 0.5456730769230769
4 0 0.4831730769230769 0.01201923076923077 0.4831730769230769 0.01201923076923077 0.5456730769230769 0 0.5456730769230769
17 0.8701923076923077 0.1875 0.9038461538461539 0.1875 0.9038461538461539 0.4423076923076923 0.8701923076923077 0.4423076923076923
17 0.0673076923076923 0.1875 0.0985576923076923 0.1875 0.0985576923076923 0.4423076923076923 0.0673076923076923 0.4423076923076923
17 0.2283653846153846 0.1875 0.25961538461538464 0.1875 0.25961538461538464 0.4423076923076923 0.2283653846153846 0.4423076923076923
17 0.3894230769230769 0.1875 0.4206730769230769 0.1875 0.4206730769230769 0.4423076923076923 0.3894230769230769 0.4423076923076923
17 0.5504807692307693 0.1875 0.5817307692307693 0.1875 0.5817307692307693 0.4423076923076923 0.5504807692307693 0.4423076923076923
17 0.7115384615384616 0.1875 0.7427884615384616 0.1875 0.7427884615384616 0.4423076923076923 0.7115384615384616 0.4423076923076923
4 0.13942307692307693 0.19230769230769232 0.18509615384615385 0.19230769230769232 0.18509615384615385 0.21875 0.13942307692307693 0.21875
4 0 0.19471153846153846 0.02403846153846154 0.19471153846153846 0.02403846153846154 0.21634615384615385 0 0.21634615384615385
4 0.3004807692307692 0.19230769230769232 0.34615384615384615 0.19230769230769232 0.34615384615384615 0.21634615384615385 0.3004807692307692 0.21634615384615385
4 0.46153846153846156 0.19230769230769232 0.5072115384615384 0.19230769230769232 0.5072115384615384 0.21634615384615385 0.46153846153846156 0.21634615384615385
4 0.6225961538461539 0.19230769230769232 0.6682692307692307 0.19230769230769232 0.6682692307692307 0.21634615384615385 0.6225961538461539 0.21634615384615385
4 0.7860576923076923 0.19230769230769232 0.8269230769230769 0.19230769230769232 0.8269230769230769 0.21634615384615385 0.7860576923076923 0.21634615384615385
4 0.9447115384615384 0.18990384615384615 0.9879807692307693 0.18990384615384615 0.9879807692307693 0.21634615384615385 0.9447115384615384 0.21634615384615385
5 0.07211538461538461 0 0.10336538461538461 0 0.10336538461538461 0.07211538461538461 0.07211538461538461 0.07211538461538461
5 0.23317307692307693 0 0.2644230769230769 0 0.2644230769230769 0.07211538461538461 0.23317307692307693 0.07211538461538461
5 0.3918269230769231 0 0.4254807692307692 0 0.4254807692307692 0.07211538461538461 0.3918269230769231 0.07211538461538461
5 0.5528846153846154 0 0.5841346153846154 0 0.5841346153846154 0.07211538461538461 0.5528846153846154 0.07211538461538461
5 0.8725961538461539 0 0.9038461538461539 0 0.9038461538461539 0.07211538461538461 0.8725961538461539 0.07211538461538461
5 0.7139423076923077 0 0.7451923076923077 0 0.7451923076923077 0.07211538461538461 0.7139423076923077 0.07211538461538461
23 0.004807692307692308 0.057692307692307696 0.04567307692307692 0.057692307692307696 0.04567307692307692 0.11057692307692307 0.004807692307692308 0.11057692307692307
23 0.9471153846153846 0.057692307692307696 0.9879807692307693 0.057692307692307696 0.9879807692307693 0.10817307692307693 0.9471153846153846 0.10817307692307693
23 0.16346153846153846 0.06009615384615385 0.20192307692307693 0.06009615384615385 0.20192307692307693 0.10817307692307693 0.16346153846153846 0.10817307692307693
23 0.32211538461538464 0.057692307692307696 0.3605769230769231 0.057692307692307696 0.3605769230769231 0.11057692307692307 0.32211538461538464 0.11057692307692307
23 0.47836538461538464 0.057692307692307696 0.5192307692307693 0.057692307692307696 0.5192307692307693 0.11057692307692307 0.47836538461538464 0.11057692307692307
23 0.6370192307692307 0.057692307692307696 0.6754807692307693 0.057692307692307696 0.6754807692307693 0.11057692307692307 0.6370192307692307 0.11057692307692307
23 0.7932692307692307 0.057692307692307696 0.8341346153846154 0.057692307692307696 0.8341346153846154 0.11057692307692307 0.7932692307692307 0.11057692307692307
19 0 0.002403846153846154 1 0.002403846153846154 1 0.13942307692307693 0 0.13942307692307693
12 0.002403846153846154 0.15384615384615385 0.9975961538461539 0.15384615384615385 0.9975961538461539 0.18028846153846154 0.002403846153846154 0.18028846153846154
22 0 0 0.9975961538461539 0 0.9975961538461539 0.15384615384615385 0 0.15384615384615385
15 0.002403846153846154 0.4855769230769231 0.9975961538461539 0.4855769230769231 0.9975961538461539 1 0.002403846153846154 1
11 0.002403846153846154 0.18028846153846154 0.9975961538461539 0.18028846153846154 0.9975961538461539 0.45913461538461536 0.002403846153846154 0.45913461538461536
12 0.002403846153846154 0.45913461538461536 0.9975961538461539 0.45913461538461536 0.9975961538461539 0.4831730769230769 0.002403846153846154 0.4831730769230769
0 0.002403846153846154 0.07692307692307693 0.9975961538461539 0.07692307692307693 0.9975961538461539 0.15384615384615385 0.002403846153846154 0.15384615384615385
2 0 0 0.9975961538461539 0 0.9975961538461539 0.9975961538461539 0 0.9975961538461539
10 0 0 0.9975961538461539 0 0.9975961538461539 0.9975961538461539 0 0.9975961538461539