23 0.11057692307692307 0 0.8918269230769231 0 0.8918269230769231 0.0625 0.11057692307692307 0.0625
23 0.11057692307692307 0.13942307692307693 0.8918269230769231 0.13942307692307693 0.8918269230769231 0.2091346153846154 0.11057692307692307 0.2091346153846154
23 0.11057692307692307 0.28125 0.8918269230769231 0.28125 0.8918269230769231 0.35096153846153844 0.11057692307692307 0.35096153846153844
23 0.11057692307692307 0.4254807692307692 0.8918269230769231 0.4254807692307692 0.8918269230769231 0.4951923076923077 0.11057692307692307 0.4951923076923077
23 0.11057692307692307 0.9927884615384616 0.8918269230769231 0.9927884615384616 0.8918269230769231 1 0.11057692307692307 1
1 0.78125 0.5649038461538461 0.8822115384615384 0.5649038461538461 0.8822115384615384 0.6201923076923077 0.78125 0.6201923076923077
1 0.22596153846153846 0.5649038461538461 0.33413461538461536 0.5649038461538461 0.33413461538461536 0.6322115384615384 0.22596153846153846 0.6322115384615384
1 0.11778846153846154 0.5649038461538461 0.22115384615384615 0.5649038461538461 0.22115384615384615 0.6322115384615384 0.11778846153846154 0.6322115384615384
1 0.44711538461538464 0.5649038461538461 0.5552884615384616 0.5649038461538461 0.5552884615384616 0.6322115384615384 0.44711538461538464 0.6322115384615384
1 0.33653846153846156 0.5649038461538461 0.44471153846153844 0.5649038461538461 0.44471153846153844 0.6322115384615384 0.33653846153846156 0.6322115384615384
1 0.6706730769230769 0.5673076923076923 0.7788461538461539 0.5673076923076923 0.7788461538461539 0.6201923076923077 0.6706730769230769 0.6201923076923077
1 0.5600961538461539 0.5649038461538461 0.6682692307692307 0.5649038461538461 0.6682692307692307 0.6322115384615384 0.5600961538461539 0.6322115384615384
1 0.78125 0.8509615384615384 0.8822115384615384 0.8509615384615384 0.8822115384615384 0.9182692307692307 0.78125 0.9182692307692307
1 0.22596153846153846 0.8509615384615384 0.33413461538461536 0.8509615384615384 0.33413461538461536 0.9182692307692307 0.22596153846153846 0.9182692307692307
1 0.11778846153846154 0.8509615384615384 0.22115384615384615 0.8509615384615384 0.22115384615384615 0.9182692307692307 0.11778846153846154 0.9182692307692307
1 0.44711538461538464 0.8509615384615384 0.5552884615384616 0.8509615384615384 0.5552884615384616 0.9182692307692307 0.44711538461538464 0.9182692307692307
1 0.33653846153846156 0.8509615384615384 0.44471153846153844 0.8509615384615384 0.44471153846153844 0.9182692307692307 0.33653846153846156 0.9182692307692307
1 0.6706730769230769 0.8509615384615384 0.7788461538461539 0.8509615384615384 0.7788461538461539 0.9182692307692307 0.6706730769230769 0.9182692307692307
1 0.5600961538461539 0.8509615384615384 0.6682692307692307 0.8509615384615384 0.6682692307692307 0.9182692307692307 0.5600961538461539 0.9182692307692307
1 0.78125 0 0.8822115384615384 0 0.8822115384615384 0.04807692307692308 0.78125 0.04807692307692308
1 0.22596153846153846 0 0.33413461538461536 0 0.33413461538461536 0.0625 0.22596153846153846 0.0625
1 0.11538461538461539 0 0.22115384615384615 0 0.22115384615384615 0.06009615384615385 0.11538461538461539 0.06009615384615385
1 0.44711538461538464 0 0.5552884615384616 0 0.5552884615384616 0.06009615384615385 0.44711538461538464 0.06009615384615385
1 0.33653846153846156 0 0.44471153846153844 0 0.44471153846153844 0.06009615384615385 0.33653846153846156 0.06009615384615385
1 0.6682692307692307 0 0.7764423076923077 0 0.7764423076923077 0.04807692307692308 0.6682692307692307 0.04807692307692308
1 0.5576923076923077 0 0.6658653846153846 0 0.6658653846153846 0.06009615384615385 0.5576923076923077 0.06009615384615385
1 0.7836538461538461 0.7067307692307693 0.8822115384615384 0.7067307692307693 0.8822115384615384 0.7740384615384616 0.7836538461538461 0.7740384615384616
1 0.22596153846153846 0.7067307692307693 0.33413461538461536 0.7067307692307693 0.33413461538461536 0.7740384615384616 0.22596153846153846 0.7740384615384616
1 0.11778846153846154 0.7067307692307693 0.22115384615384615 0.7067307692307693 0.22115384615384615 0.7740384615384616 0.11778846153846154 0.7740384615384616
1 0.44711538461538464 0.7067307692307693 0.5552884615384616 0.7067307692307693 0.5552884615384616 0.7740384615384616 0.44711538461538464 0.7740384615384616
1 0.33653846153846156 0.7067307692307693 0.44471153846153844 0.7067307692307693 0.44471153846153844 0.7740384615384616 0.33653846153846156 0.7740384615384616
1 0.6706730769230769 0.7067307692307693 0.7788461538461539 0.7067307692307693 0.7788461538461539 0.7740384615384616 0.6706730769230769 0.7740384615384616
1 0.5600961538461539 0.7067307692307693 0.6682692307692307 0.7067307692307693 0.6682692307692307 0.7740384615384616 0.5600961538461539 0.7740384615384616
1 0.78125 0.4230769230769231 0.8822115384615384 0.4230769230769231 0.8822115384615384 0.49038461538461536 0.78125 0.49038461538461536
1 0.22596153846153846 0.4254807692307692 0.33413461538461536 0.4254807692307692 0.33413461538461536 0.49038461538461536 0.22596153846153846 0.49038461538461536
1 0.11778846153846154 0.4254807692307692 0.22115384615384615 0.4254807692307692 0.22115384615384615 0.49038461538461536 0.11778846153846154 0.49038461538461536
1 0.44711538461538464 0.4254807692307692 0.5552884615384616 0.4254807692307692 0.5552884615384616 0.49038461538461536 0.44711538461538464 0.49038461538461536
1 0.33653846153846156 0.4254807692307692 0.44471153846153844 0.4254807692307692 0.44471153846153844 0.49038461538461536 0.33653846153846156 0.49038461538461536
1 0.6706730769230769 0.4254807692307692 0.7788461538461539 0.4254807692307692 0.7788461538461539 0.49038461538461536 0.6706730769230769 0.49038461538461536
1 0.5600961538461539 0.4254807692307692 0.6682692307692307 0.4254807692307692 0.6682692307692307 0.49038461538461536 0.5600961538461539 0.49038461538461536
1 0.7836538461538461 0.27884615384615385 0.8846153846153846 0.27884615384615385 0.8846153846153846 0.34615384615384615 0.7836538461538461 0.34615384615384615
1 0.22596153846153846 0.28125 0.33413461538461536 0.28125 0.33413461538461536 0.34615384615384615 0.22596153846153846 0.34615384615384615
1 0.11778846153846154 0.28125 0.22115384615384615 0.28125 0.22115384615384615 0.34615384615384615 0.11778846153846154 0.34615384615384615
1 0.44711538461538464 0.28125 0.5552884615384616 0.28125 0.5552884615384616 0.34615384615384615 0.44711538461538464 0.34615384615384615
1 0.33653846153846156 0.28125 0.44471153846153844 0.28125 0.44471153846153844 0.34615384615384615 0.33653846153846156 0.34615384615384615
1 0.6706730769230769 0.28125 0.7788461538461539 0.28125 0.7788461538461539 0.34615384615384615 0.6706730769230769 0.34615384615384615
1 0.5600961538461539 0.28125 0.6682692307692307 0.28125 0.6682692307692307 0.34615384615384615 0.5600961538461539 0.34615384615384615
1 0.78125 0.13701923076923078 0.8822115384615384 0.13701923076923078 0.8822115384615384 0.20192307692307693 0.78125 0.20192307692307693
1 0.22596153846153846 0.13701923076923078 0.33413461538461536 0.13701923076923078 0.33413461538461536 0.20432692307692307 0.22596153846153846 0.20432692307692307
1 0.11778846153846154 0.13701923076923078 0.22115384615384615 0.13701923076923078 0.22115384615384615 0.20432692307692307 0.11778846153846154 0.20432692307692307
1 0.44711538461538464 0.13701923076923078 0.5552884615384616 0.13701923076923078 0.5552884615384616 0.20432692307692307 0.44711538461538464 0.20432692307692307
1 0.33653846153846156 0.13701923076923078 0.44471153846153844 0.13701923076923078 0.44471153846153844 0.20432692307692307 0.33653846153846156 0.20432692307692307
1 0.6706730769230769 0.13701923076923078 0.7788461538461539 0.13701923076923078 0.7788461538461539 0.20432692307692307 0.6706730769230769 0.20432692307692307
1 0.5600961538461539 0.13701923076923078 0.6682692307692307 0.13701923076923078 0.6682692307692307 0.20432692307692307 0.5600961538461539 0.20432692307692307
23 0.11057692307692307 0.5673076923076923 0.8918269230769231 0.5673076923076923 0.8918269230769231 0.6370192307692307 0.11057692307692307 0.6370192307692307
23 0.11057692307692307 0.7091346153846154 0.8918269230769231 0.7091346153846154 0.8918269230769231 0.7788461538461539 0.11057692307692307 0.7788461538461539
12 0 0.9591346153846154 1 0.9591346153846154 1 0.9711538461538461 0 0.9711538461538461
12 0 0.09134615384615384 1 0.09134615384615384 1 0.10336538461538461 0 0.10336538461538461
12 0 0.2403846153846154 1 0.2403846153846154 1 0.25240384615384615 0 0.25240384615384615
12 0 0.3894230769230769 1 0.3894230769230769 1 0.4014423076923077 0 0.4014423076923077
12 0 0.5384615384615384 1 0.5384615384615384 1 0.5504807692307693 0 0.5504807692307693
12 0 0.6850961538461539 1 0.6850961538461539 1 0.6971153846153846 0 0.6971153846153846
12 0 0.8221153846153846 1 0.8221153846153846 1 0.8341346153846154 0 0.8341346153846154
11 0 0 1 0 1 0.09134615384615384 0 0.09134615384615384
11 0 0.96875 0.9975961538461539 0.96875 0.9975961538461539 1 0 1
11 0 0.10336538461538461 1 0.10336538461538461 1 0.2403846153846154 0 0.2403846153846154
11 0 0.25240384615384615 1 0.25240384615384615 1 0.3894230769230769 0 0.3894230769230769
11 0 0.4014423076923077 1 0.4014423076923077 1 0.5384615384615384 0 0.5384615384615384
11 0 0.5480769230769231 1 0.5480769230769231 1 0.6850961538461539 0 0.6850961538461539
11 0 0.6971153846153846 1 0.6971153846153846 1 0.8197115384615384 0 0.8197115384615384
11 0 0.8341346153846154 1 0.8341346153846154 1 0.9591346153846154 0 0.9591346153846154
23 0.11057692307692307 0.8509615384615384 0.8918269230769231 0.8509615384615384 0.8918269230769231 0.9206730769230769 0.11057692307692307 0.9206730769230769
2 0 0 1 0 1 1 0 1
10 0 0 1 0 1 1 0 1