23 0.36538461538461536 0.7379807692307693 0.42788461538461536 0.7379807692307693 0.42788461538461536 0.8918269230769231 0.36538461538461536 0.8918269230769231
23 0.07211538461538461 0.7355769230769231 0.14182692307692307 0.7355769230769231 0.14182692307692307 0.8918269230769231 0.07211538461538461 0.8918269230769231
23 0.25240384615384615 0.7355769230769231 0.32211538461538464 0.7355769230769231 0.32211538461538464 0.8918269230769231 0.25240384615384615 0.8918269230769231
23 0.8197115384615384 0.7379807692307693 0.8918269230769231 0.7379807692307693 0.8918269230769231 0.8918269230769231 0.8197115384615384 0.8918269230769231
23 0.5456730769230769 0.7379807692307693 0.6081730769230769 0.7379807692307693 0.6081730769230769 0.8918269230769231 0.5456730769230769 0.8918269230769231
8 0.4423076923076923 0.7355769230769231 0.5288461538461539 0.7355769230769231 0.5288461538461539 0.9471153846153846 0.4423076923076923 0.9471153846153846
23 0.6418269230769231 0.7379807692307693 0.7139423076923077 0.7379807692307693 0.7139423076923077 0.8918269230769231 0.6418269230769231 0.8918269230769231
8 0.5456730769230769 0.3894230769230769 0.6081730769230769 0.3894230769230769 0.6081730769230769 0.5625 0.5456730769230769 0.5625
8 0.36538461538461536 0.3894230769230769 0.42788461538461536 0.3894230769230769 0.42788461538461536 0.5625 0.36538461538461536 0.5625
23 0.06971153846153846 0.3894230769230769 0.14423076923076922 0.3894230769230769 0.14423076923076922 0.5264423076923077 0.06971153846153846 0.5264423076923077
23 0.8197115384615384 0.3894230769230769 0.8966346153846154 0.3894230769230769 0.8966346153846154 0.5264423076923077 0.8197115384615384 0.5264423076923077
23 0.6394230769230769 0.3894230769230769 0.7139423076923077 0.3894230769230769 0.7139423076923077 0.5264423076923077 0.6394230769230769 0.5264423076923077
23 0.2548076923076923 0.3894230769230769 0.3293269230769231 0.3894230769230769 0.3293269230769231 0.5264423076923077 0.2548076923076923 0.5264423076923077
0 0.34134615384615385 0.5240384615384616 0.6298076923076923 0.5240384615384616 0.6298076923076923 0.5745192307692307 0.34134615384615385 0.5745192307692307
4 0.31971153846153844 0.014423076923076924 0.6514423076923077 0.014423076923076924 0.6514423076923077 0.1201923076923077 0.31971153846153844 0.1201923076923077
23 0.5432692307692307 0.15384615384615385 0.6105769230769231 0.15384615384615385 0.6105769230769231 0.27403846153846156 0.5432692307692307 0.27403846153846156
23 0.36538461538461536 0.15144230769230768 0.4326923076923077 0.15144230769230768 0.4326923076923077 0.27163461538461536 0.36538461538461536 0.27163461538461536
16 0.026442307692307692 0.31490384615384615 0.9495192307692307 0.31490384615384615 0.9495192307692307 0.34375 0.026442307692307692 0.34375
21 0.34375 0.9471153846153846 0.6225961538461539 0.9471153846153846 0.6225961538461539 0.9927884615384616 0.34375 0.9927884615384616
21 0.3485576923076923 0.5649038461538461 0.6225961538461539 0.5649038461538461 0.6225961538461539 0.59375 0.3485576923076923 0.59375
21 0.5288461538461539 0.27163461538461536 0.6225961538461539 0.27163461538461536 0.6225961538461539 0.3076923076923077 0.5288461538461539 0.3076923076923077
21 0.3485576923076923 0.27163461538461536 0.44471153846153844 0.27163461538461536 0.44471153846153844 0.3076923076923077 0.3485576923076923 0.3076923076923077
12 0.021634615384615384 0.34615384615384615 0.9375 0.34615384615384615 0.9375 0.3629807692307692 0.021634615384615384 0.3629807692307692
12 0.021634615384615384 0.9495192307692307 0.9375 0.9495192307692307 0.9375 0.9663461538461539 0.021634615384615384 0.9663461538461539
22 0.3317307692307692 0.11778846153846154 0.6418269230769231 0.11778846153846154 0.6418269230769231 0.3605769230769231 0.3317307692307692 0.3605769230769231
11 0.021634615384615384 0.625 0.9375 0.625 0.9375 1 0.021634615384615384 1
11 0.021634615384615384 0.3605769230769231 0.9375 0.3605769230769231 0.9375 0.625 0.021634615384615384 0.625
2 0.021634615384615384 0 0.9495192307692307 0 0.9495192307692307 1 0.021634615384615384 1
10 0.021634615384615384 0.002403846153846154 0.9495192307692307 0.002403846153846154 0.9495192307692307 1 0.021634615384615384 1
8 0.4423076923076923 0.3894230769230769 0.53125 0.3894230769230769 0.53125 0.5625 0.4423076923076923 0.5625
12 0.021634615384615384 0.6081730769230769 0.9375 0.6081730769230769 0.9375 0.625 0.021634615384615384 0.625