23 0.46875 0.3485576923076923 0.5552884615384616 0.3485576923076923 0.5552884615384616 0.43990384615384615 0.46875 0.43990384615384615
23 0.21153846153846154 0.3485576923076923 0.2980769230769231 0.3485576923076923 0.2980769230769231 0.4375 0.21153846153846154 0.4375
23 0.7235576923076923 0.3485576923076923 0.8100961538461539 0.3485576923076923 0.8100961538461539 0.43990384615384615 0.7235576923076923 0.43990384615384615
23 0.7259615384615384 0.5576923076923077 0.8100961538461539 0.5576923076923077 0.8100961538461539 0.6682692307692307 0.7259615384615384 0.6682692307692307
23 0.46875 0.5576923076923077 0.5504807692307693 0.5576923076923077 0.5504807692307693 0.6682692307692307 0.46875 0.6682692307692307
23 0.21153846153846154 0.5576923076923077 0.2932692307692308 0.5576923076923077 0.2932692307692308 0.6682692307692307 0.21153846153846154 0.6682692307692307
23 0.46875 0.17067307692307693 0.5480769230769231 0.17067307692307693 0.5480769230769231 0.2403846153846154 0.46875 0.2403846153846154
21 0.6923076923076923 0.6706730769230769 0.84375 0.6706730769230769 0.84375 0.6826923076923077 0.6923076923076923 0.6826923076923077
21 0.1778846153846154 0.6682692307692307 0.3293269230769231 0.6682692307692307 0.3293269230769231 0.6802884615384616 0.1778846153846154 0.6802884615384616
21 0.43509615384615385 0.6706730769230769 0.5865384615384616 0.6706730769230769 0.5865384615384616 0.6826923076923077 0.43509615384615385 0.6826923076923077
8 0.6850961538461539 0.8461538461538461 0.84375 0.8461538461538461 0.84375 0.9711538461538461 0.6850961538461539 0.9711538461538461
8 0.17307692307692307 0.8461538461538461 0.3317307692307692 0.8461538461538461 0.3317307692307692 0.9543269230769231 0.17307692307692307 0.9543269230769231
4 0.2644230769230769 0.0625 0.7788461538461539 0.0625 0.7788461538461539 0.15144230769230768 0.2644230769230769 0.15144230769230768
21 0.4495192307692308 0.2403846153846154 0.5697115384615384 0.2403846153846154 0.5697115384615384 0.25240384615384615 0.4495192307692308 0.25240384615384615
4 0.16105769230769232 0.5 0.33653846153846156 0.5 0.33653846153846156 0.5408653846153846 0.16105769230769232 0.5408653846153846
4 0.6826923076923077 0.5 0.8581730769230769 0.5 0.8581730769230769 0.5408653846153846 0.6826923076923077 0.5408653846153846
4 0.4230769230769231 0.5 0.5985576923076923 0.5 0.5985576923076923 0.5408653846153846 0.4230769230769231 0.5408653846153846
23 0.6850961538461539 0.7836538461538461 0.8509615384615384 0.7836538461538461 0.8509615384615384 0.84375 0.6850961538461539 0.84375
23 0.17067307692307693 0.7836538461538461 0.3317307692307692 0.7836538461538461 0.3317307692307692 0.8413461538461539 0.17067307692307693 0.8413461538461539
5 0.40625 0.7427884615384616 0.6009615384615384 0.7427884615384616 0.6009615384615384 0.9711538461538461 0.40625 0.9711538461538461
16 0.019230769230769232 0.29086538461538464 0.9951923076923077 0.29086538461538464 0.9951923076923077 0.31490384615384615 0.019230769230769232 0.31490384615384615
12 0.07692307692307693 0.2932692307692308 0.9615384615384616 0.2932692307692308 0.9615384615384616 0.3076923076923077 0.07692307692307693 0.3076923076923077
22 0.27163461538461536 0.13942307692307693 0.7524038461538461 0.13942307692307693 0.7524038461538461 0.3076923076923077 0.27163461538461536 0.3076923076923077
12 0.07692307692307693 0.71875 0.9615384615384616 0.71875 0.9615384615384616 0.7331730769230769 0.07692307692307693 0.7331730769230769
15 0.07692307692307693 0.7331730769230769 0.9615384615384616 0.7331730769230769 0.9615384615384616 0.9759615384615384 0.07692307692307693 0.9759615384615384
11 0.07692307692307693 0.4855769230769231 0.9615384615384616 0.4855769230769231 0.9615384615384616 0.7331730769230769 0.07692307692307693 0.7331730769230769
12 0.07692307692307693 0.46875 0.9615384615384616 0.46875 0.9615384615384616 0.4831730769230769 0.07692307692307693 0.4831730769230769
11 0.07692307692307693 0.31009615384615385 0.9615384615384616 0.31009615384615385 0.9615384615384616 0.4855769230769231 0.07692307692307693 0.4855769230769231
2 0.019230769230769232 0.052884615384615384 0.9951923076923077 0.052884615384615384 0.9951923076923077 0.9759615384615384 0.019230769230769232 0.9759615384615384
10 0.07692307692307693 0.31009615384615385 0.9615384615384616 0.31009615384615385 0.9615384615384616 0.9759615384615384 0.07692307692307693 0.9759615384615384
1 0.46875 0.5576923076923077 0.5504807692307693 0.5576923076923077 0.5504807692307693 0.6682692307692307 0.46875 0.6682692307692307
1 0.7259615384615384 0.5576923076923077 0.8100961538461539 0.5576923076923077 0.8100961538461539 0.6682692307692307 0.7259615384615384 0.6682692307692307
1 0.21153846153846154 0.5576923076923077 0.2932692307692308 0.5576923076923077 0.2932692307692308 0.6682692307692307 0.21153846153846154 0.6682692307692307
1 0.44711538461538464 0.17067307692307693 0.47596153846153844 0.17067307692307693 0.47596153846153844 0.2403846153846154 0.44711538461538464 0.2403846153846154
1 0.5456730769230769 0.16826923076923078 0.5745192307692307 0.16826923076923078 0.5745192307692307 0.2403846153846154 0.5456730769230769 0.2403846153846154