21 0.8125 0.6875 0.9278846153846154 0.6875 0.9278846153846154 0.7139423076923077 0.8125 0.7139423076923077
23 0.8125 0.7139423076923077 0.9278846153846154 0.7139423076923077 0.9278846153846154 0.9134615384615384 0.8125 0.9134615384615384
21 0.06971153846153846 0.6850961538461539 0.18509615384615385 0.6850961538461539 0.18509615384615385 0.7115384615384616 0.06971153846153846 0.7115384615384616
23 0.06971153846153846 0.7115384615384616 0.18509615384615385 0.7115384615384616 0.18509615384615385 0.9086538461538461 0.06971153846153846 0.9086538461538461
21 0.3245192307692308 0.6875 0.43990384615384615 0.6875 0.43990384615384615 0.7139423076923077 0.3245192307692308 0.7139423076923077
23 0.3245192307692308 0.7139423076923077 0.43990384615384615 0.7139423076923077 0.43990384615384615 0.9134615384615384 0.3245192307692308 0.9134615384615384
21 0.5649038461538461 0.6875 0.6802884615384616 0.6875 0.6802884615384616 0.7139423076923077 0.5649038461538461 0.7139423076923077
23 0.5649038461538461 0.7139423076923077 0.6802884615384616 0.7139423076923077 0.6802884615384616 0.9134615384615384 0.5649038461538461 0.9134615384615384
21 0.8125 0.02403846153846154 0.9278846153846154 0.02403846153846154 0.9278846153846154 0.05048076923076923 0.8125 0.05048076923076923
23 0.8125 0.05048076923076923 0.9278846153846154 0.05048076923076923 0.9278846153846154 0.24759615384615385 0.8125 0.24759615384615385
21 0.06971153846153846 0.021634615384615384 0.18509615384615385 0.021634615384615384 0.18509615384615385 0.04807692307692308 0.06971153846153846 0.04807692307692308
23 0.06971153846153846 0.04807692307692308 0.18509615384615385 0.04807692307692308 0.18509615384615385 0.24519230769230768 0.06971153846153846 0.24519230769230768
21 0.3245192307692308 0.02403846153846154 0.43990384615384615 0.02403846153846154 0.43990384615384615 0.05048076923076923 0.3245192307692308 0.05048076923076923
23 0.3245192307692308 0.05048076923076923 0.43990384615384615 0.05048076923076923 0.43990384615384615 0.24759615384615385 0.3245192307692308 0.24759615384615385
21 0.5649038461538461 0.02403846153846154 0.6802884615384616 0.02403846153846154 0.6802884615384616 0.05048076923076923 0.5649038461538461 0.05048076923076923
23 0.5649038461538461 0.05048076923076923 0.6802884615384616 0.05048076923076923 0.6802884615384616 0.24759615384615385 0.5649038461538461 0.24759615384615385
21 0.8125 0.3557692307692308 0.9278846153846154 0.3557692307692308 0.9278846153846154 0.38221153846153844 0.8125 0.38221153846153844
23 0.8125 0.38221153846153844 0.9278846153846154 0.38221153846153844 0.9278846153846154 0.5817307692307693 0.8125 0.5817307692307693
21 0.06971153846153846 0.35336538461538464 0.18509615384615385 0.35336538461538464 0.18509615384615385 0.3798076923076923 0.06971153846153846 0.3798076923076923
23 0.06971153846153846 0.3798076923076923 0.18509615384615385 0.3798076923076923 0.18509615384615385 0.5793269230769231 0.06971153846153846 0.5793269230769231
21 0.3245192307692308 0.3557692307692308 0.43990384615384615 0.3557692307692308 0.43990384615384615 0.38221153846153844 0.3245192307692308 0.38221153846153844
23 0.3245192307692308 0.38221153846153844 0.43990384615384615 0.38221153846153844 0.43990384615384615 0.5817307692307693 0.3245192307692308 0.5817307692307693
21 0.5649038461538461 0.3557692307692308 0.6802884615384616 0.3557692307692308 0.6802884615384616 0.38221153846153844 0.5649038461538461 0.38221153846153844
23 0.5649038461538461 0.38221153846153844 0.6802884615384616 0.38221153846153844 0.6802884615384616 0.5817307692307693 0.5649038461538461 0.5817307692307693
12 0 0.6658653846153846 0.9975961538461539 0.6658653846153846 0.9975961538461539 0.6850961538461539 0 0.6850961538461539
12 0 0.002403846153846154 0.9975961538461539 0.002403846153846154 0.9975961538461539 0.019230769230769232 0 0.019230769230769232
12 0 0.33413461538461536 0.9975961538461539 0.33413461538461536 0.9975961538461539 0.35336538461538464 0 0.35336538461538464
11 0.002403846153846154 0.019230769230769232 1 0.019230769230769232 1 0.33413461538461536 0.002403846153846154 0.33413461538461536
11 0.002403846153846154 0.6850961538461539 1 0.6850961538461539 1 1 0.002403846153846154 1
11 0.002403846153846154 0.35336538461538464 1 0.35336538461538464 1 0.6658653846153846 0.002403846153846154 0.6658653846153846
2 0 0 0.9975961538461539 0 0.9975961538461539 0.9975961538461539 0 0.9975961538461539
10 0 0 1 0 1 1 0 1