23 0.09615384615384616 0.09134615384615384 0.15144230769230768 0.09134615384615384 0.15144230769230768 0.14903846153846154 0.09615384615384616 0.14903846153846154
23 0.09615384615384616 0.6754807692307693 0.15384615384615385 0.6754807692307693 0.15384615384615385 0.7668269230769231 0.09615384615384616 0.7668269230769231
23 0.5168269230769231 0.84375 0.5961538461538461 0.84375 0.5961538461538461 0.8798076923076923 0.5168269230769231 0.8798076923076923
8 0.5192307692307693 0.8918269230769231 0.5961538461538461 0.8918269230769231 0.5961538461538461 1 0.5192307692307693 1
23 0.6153846153846154 0.84375 0.6730769230769231 0.84375 0.6730769230769231 0.9014423076923077 0.6153846153846154 0.9014423076923077
8 0.8197115384615384 0.8894230769230769 0.8990384615384616 0.8894230769230769 0.8990384615384616 1 0.8197115384615384 1
23 0.8293269230769231 0.6754807692307693 0.8966346153846154 0.6754807692307693 0.8966346153846154 0.7692307692307693 0.8293269230769231 0.7692307692307693
23 0.7475961538461539 0.6754807692307693 0.8149038461538461 0.6754807692307693 0.8149038461538461 0.7692307692307693 0.7475961538461539 0.7692307692307693
23 0.6057692307692307 0.6754807692307693 0.6754807692307693 0.6754807692307693 0.6754807692307693 0.7692307692307693 0.6057692307692307 0.7692307692307693
23 0.5240384615384616 0.6754807692307693 0.59375 0.6754807692307693 0.59375 0.7692307692307693 0.5240384615384616 0.7692307692307693
23 0.39663461538461536 0.6754807692307693 0.4519230769230769 0.6754807692307693 0.4519230769230769 0.7692307692307693 0.39663461538461536 0.7692307692307693
23 0.39663461538461536 0.08653846153846154 0.4519230769230769 0.08653846153846154 0.4519230769230769 0.14423076923076922 0.39663461538461536 0.14423076923076922
23 0.5288461538461539 0.08653846153846154 0.5865384615384616 0.08653846153846154 0.5865384615384616 0.14423076923076922 0.5288461538461539 0.14423076923076922
23 0.6153846153846154 0.08413461538461539 0.6754807692307693 0.08413461538461539 0.6754807692307693 0.14182692307692307 0.6153846153846154 0.14182692307692307
23 0.7475961538461539 0.08653846153846154 0.8052884615384616 0.08653846153846154 0.8052884615384616 0.16346153846153846 0.7475961538461539 0.16346153846153846
23 0.84375 0.08413461538461539 0.9014423076923077 0.08413461538461539 0.9014423076923077 0.16346153846153846 0.84375 0.16346153846153846
23 0.3942307692307692 0.23557692307692307 0.4519230769230769 0.23557692307692307 0.4519230769230769 0.3629807692307692 0.3942307692307692 0.3629807692307692
23 0.09615384615384616 0.23798076923076922 0.15144230769230768 0.23798076923076922 0.15144230769230768 0.36538461538461536 0.09615384615384616 0.36538461538461536
23 0.09615384615384616 0.44711538461538464 0.15144230769230768 0.44711538461538464 0.15144230769230768 0.5793269230769231 0.09615384615384616 0.5793269230769231
23 0.3942307692307692 0.44471153846153844 0.4519230769230769 0.44471153846153844 0.4519230769230769 0.5793269230769231 0.3942307692307692 0.5793269230769231
23 0.7475961538461539 0.4375 0.8173076923076923 0.4375 0.8173076923076923 0.5769230769230769 0.7475961538461539 0.5769230769230769
23 0.5240384615384616 0.43990384615384615 0.59375 0.43990384615384615 0.59375 0.5793269230769231 0.5240384615384616 0.5793269230769231
23 0.6081730769230769 0.43990384615384615 0.6778846153846154 0.43990384615384615 0.6778846153846154 0.5793269230769231 0.6081730769230769 0.5793269230769231
23 0.8293269230769231 0.43509615384615385 0.8966346153846154 0.43509615384615385 0.8966346153846154 0.5745192307692307 0.8293269230769231 0.5745192307692307
23 0.7475961538461539 0.2283653846153846 0.8173076923076923 0.2283653846153846 0.8173076923076923 0.3605769230769231 0.7475961538461539 0.3605769230769231
23 0.5288461538461539 0.2283653846153846 0.5961538461538461 0.2283653846153846 0.5961538461538461 0.3629807692307692 0.5288461538461539 0.3629807692307692
23 0.6081730769230769 0.2283653846153846 0.6778846153846154 0.2283653846153846 0.6778846153846154 0.3629807692307692 0.6081730769230769 0.3629807692307692
23 0.8293269230769231 0.22596153846153846 0.8966346153846154 0.22596153846153846 0.8966346153846154 0.3605769230769231 0.8293269230769231 0.3605769230769231
23 0.9735576923076923 0.23317307692307693 1 0.23317307692307693 1 0.3605769230769231 0.9735576923076923 0.3605769230769231
23 0.9735576923076923 0.4423076923076923 1 0.4423076923076923 1 0.5745192307692307 0.9735576923076923 0.5745192307692307
23 0.9711538461538461 0.6754807692307693 1 0.6754807692307693 1 0.7692307692307693 0.9711538461538461 0.7692307692307693
5 0.19230769230769232 0.9254807692307693 0.3701923076923077 0.9254807692307693 0.3701923076923077 0.9447115384615384 0.19230769230769232 0.9447115384615384
23 0.7451923076923077 0.8725961538461539 0.8125 0.8725961538461539 0.8125 0.9543269230769231 0.7451923076923077 0.9543269230769231
23 0.8221153846153846 0.8725961538461539 0.9014423076923077 0.8725961538461539 0.9014423076923077 0.8774038461538461 0.8221153846153846 0.8774038461538461
8 0.9591346153846154 0.8725961538461539 1 0.8725961538461539 1 1 0.9591346153846154 1
5 0.7596153846153846 0.8557692307692307 0.7860576923076923 0.8557692307692307 0.7860576923076923 0.8629807692307693 0.7596153846153846 0.8629807692307693
5 0.8052884615384616 0.8461538461538461 1 0.8461538461538461 1 0.8605769230769231 0.8052884615384616 0.8605769230769231
21 0.08653846153846154 0.1466346153846154 0.16105769230769232 0.1466346153846154 0.16105769230769232 0.15625 0.08653846153846154 0.15625
21 0.08413461538461539 0.36538461538461536 0.1658653846153846 0.36538461538461536 0.1658653846153846 0.375 0.08413461538461539 0.375
21 0.08653846153846154 0.5793269230769231 0.16105769230769232 0.5793269230769231 0.16105769230769232 0.5889423076923077 0.08653846153846154 0.5889423076923077
21 0.08653846153846154 0.7668269230769231 0.1658653846153846 0.7668269230769231 0.1658653846153846 0.7788461538461539 0.08653846153846154 0.7788461538461539
21 0.38221153846153844 0.7668269230769231 0.4639423076923077 0.7668269230769231 0.4639423076923077 0.7788461538461539 0.38221153846153844 0.7788461538461539
21 0.5120192307692307 0.7692307692307693 0.6875 0.7692307692307693 0.6875 0.7788461538461539 0.5120192307692307 0.7788461538461539
21 0.7331730769230769 0.7692307692307693 0.9134615384615384 0.7692307692307693 0.9134615384615384 0.7788461538461539 0.7331730769230769 0.7788461538461539
21 0.9639423076923077 0.7692307692307693 1 0.7692307692307693 1 0.7788461538461539 0.9639423076923077 0.7788461538461539
21 0.9615384615384616 0.5769230769230769 1 0.5769230769230769 1 0.5865384615384616 0.9615384615384616 0.5865384615384616
21 0.7355769230769231 0.5769230769230769 0.9086538461538461 0.5769230769230769 0.9086538461538461 0.5865384615384616 0.7355769230769231 0.5865384615384616
21 0.5120192307692307 0.5793269230769231 0.6899038461538461 0.5793269230769231 0.6899038461538461 0.5889423076923077 0.5120192307692307 0.5889423076923077
21 0.38221153846153844 0.5793269230769231 0.46634615384615385 0.5793269230769231 0.46634615384615385 0.5889423076923077 0.38221153846153844 0.5889423076923077
21 0.38221153846153844 0.3629807692307692 0.46153846153846156 0.3629807692307692 0.46153846153846156 0.37259615384615385 0.38221153846153844 0.37259615384615385
21 0.5144230769230769 0.3605769230769231 0.6899038461538461 0.3605769230769231 0.6899038461538461 0.37259615384615385 0.5144230769230769 0.37259615384615385
21 0.7355769230769231 0.3605769230769231 0.9110576923076923 0.3605769230769231 0.9110576923076923 0.3701923076923077 0.7355769230769231 0.3701923076923077
21 0.9663461538461539 0.3629807692307692 1 0.3629807692307692 1 0.3701923076923077 0.9663461538461539 0.3701923076923077
23 0.9735576923076923 0.07932692307692307 1 0.07932692307692307 1 0.16105769230769232 0.9735576923076923 0.16105769230769232
21 0.9615384615384616 0.16105769230769232 1 0.16105769230769232 1 0.19230769230769232 0.9615384615384616 0.19230769230769232
21 0.8269230769230769 0.16346153846153846 0.9158653846153846 0.16346153846153846 0.9158653846153846 0.19471153846153846 0.8269230769230769 0.19471153846153846
21 0.7331730769230769 0.16346153846153846 0.8221153846153846 0.16346153846153846 0.8221153846153846 0.19471153846153846 0.7331730769230769 0.19471153846153846
21 0.5168269230769231 0.14182692307692307 0.6875 0.14182692307692307 0.6875 0.15144230769230768 0.5168269230769231 0.15144230769230768
21 0.38221153846153844 0.14423076923076922 0.4639423076923077 0.14423076923076922 0.4639423076923077 0.15144230769230768 0.38221153846153844 0.15144230769230768
5 0.5240384615384616 0.8028846153846154 0.5961538461538461 0.8028846153846154 0.5961538461538461 0.8317307692307693 0.5240384615384616 0.8317307692307693
12 0.052884615384615384 0.19471153846153846 1 0.19471153846153846 1 0.20673076923076922 0.052884615384615384 0.20673076923076922
22 0.052884615384615384 0.057692307692307696 1 0.057692307692307696 1 0.20673076923076922 0.052884615384615384 0.20673076923076922
12 0.052884615384615384 0.40625 1 0.40625 1 0.4182692307692308 0.052884615384615384 0.4182692307692308
12 0.052884615384615384 0.6177884615384616 1 0.6177884615384616 1 0.6298076923076923 0.052884615384615384 0.6298076923076923
12 0.052884615384615384 0.7956730769230769 1 0.7956730769230769 1 0.8076923076923077 0.052884615384615384 0.8076923076923077
15 0.052884615384615384 0.8076923076923077 1 0.8076923076923077 1 1 0.052884615384615384 1
11 0.052884615384615384 0.6298076923076923 1 0.6298076923076923 1 0.8076923076923077 0.052884615384615384 0.8076923076923077
11 0.052884615384615384 0.4182692307692308 1 0.4182692307692308 1 0.6298076923076923 0.052884615384615384 0.6298076923076923
2 0.03125 0 1 0 1 1 0.03125 1
10 0.052884615384615384 0.05048076923076923 1 0.05048076923076923 1 0.9975961538461539 0.052884615384615384 0.9975961538461539
1 0.09615384615384616 0.6754807692307693 0.15384615384615385 0.6754807692307693 0.15384615384615385 0.7668269230769231 0.09615384615384616 0.7668269230769231
1 0.39663461538461536 0.6754807692307693 0.4519230769230769 0.6754807692307693 0.4519230769230769 0.7692307692307693 0.39663461538461536 0.7692307692307693
1 0.5240384615384616 0.6754807692307693 0.59375 0.6754807692307693 0.59375 0.7692307692307693 0.5240384615384616 0.7692307692307693
1 0.6057692307692307 0.6754807692307693 0.6754807692307693 0.6754807692307693 0.6754807692307693 0.7692307692307693 0.6057692307692307 0.7692307692307693
1 0.7475961538461539 0.6754807692307693 0.8149038461538461 0.6754807692307693 0.8149038461538461 0.7692307692307693 0.7475961538461539 0.7692307692307693
1 0.8293269230769231 0.6754807692307693 0.8966346153846154 0.6754807692307693 0.8966346153846154 0.7692307692307693 0.8293269230769231 0.7692307692307693
1 0.9711538461538461 0.6754807692307693 1 0.6754807692307693 1 0.7692307692307693 0.9711538461538461 0.7692307692307693
1 0.5240384615384616 0.43990384615384615 0.59375 0.43990384615384615 0.59375 0.5793269230769231 0.5240384615384616 0.5793269230769231
1 0.09615384615384616 0.23798076923076922 0.15144230769230768 0.23798076923076922 0.15144230769230768 0.36538461538461536 0.09615384615384616 0.36538461538461536
1 0.09615384615384616 0.09134615384615384 0.15144230769230768 0.09134615384615384 0.15144230769230768 0.14903846153846154 0.09615384615384616 0.14903846153846154
1 0.39663461538461536 0.08653846153846154 0.4519230769230769 0.08653846153846154 0.4519230769230769 0.14423076923076922 0.39663461538461536 0.14423076923076922
1 0.5288461538461539 0.09134615384615384 0.5865384615384616 0.09134615384615384 0.5865384615384616 0.14423076923076922 0.5288461538461539 0.14423076923076922
1 0.6153846153846154 0.09134615384615384 0.6754807692307693 0.09134615384615384 0.6754807692307693 0.14423076923076922 0.6153846153846154 0.14423076923076922
1 0.9543269230769231 0.07932692307692307 0.9783653846153846 0.07932692307692307 0.9783653846153846 0.17307692307692307 0.9543269230769231 0.17307692307692307
1 0.7283653846153846 0.08173076923076923 0.7524038461538461 0.08173076923076923 0.7524038461538461 0.17307692307692307 0.7283653846153846 0.17307692307692307
1 0.8004807692307693 0.08173076923076923 0.8221153846153846 0.08173076923076923 0.8221153846153846 0.17307692307692307 0.8004807692307693 0.17307692307692307
1 0.84375 0.07692307692307693 0.8533653846153846 0.07692307692307693 0.8533653846153846 0.16826923076923078 0.84375 0.16826923076923078
1 0.8894230769230769 0.08173076923076923 0.9134615384615384 0.08173076923076923 0.9134615384615384 0.1658653846153846 0.8894230769230769 0.1658653846153846
1 0.07932692307692307 0.44711538461538464 0.10096153846153846 0.44711538461538464 0.10096153846153846 0.5793269230769231 0.07932692307692307 0.5793269230769231
1 0.14423076923076922 0.44711538461538464 0.16826923076923078 0.44711538461538464 0.16826923076923078 0.5817307692307693 0.14423076923076922 0.5817307692307693
1 0.3798076923076923 0.44471153846153844 0.4014423076923077 0.44471153846153844 0.4014423076923077 0.5793269230769231 0.3798076923076923 0.5793269230769231
1 0.44471153846153844 0.44471153846153844 0.46875 0.44471153846153844 0.46875 0.5793269230769231 0.44471153846153844 0.5793269230769231
1 0.5841346153846154 0.4375 0.6129807692307693 0.4375 0.6129807692307693 0.5793269230769231 0.5841346153846154 0.5793269230769231
1 0.6706730769230769 0.43509615384615385 0.6995192307692307 0.43509615384615385 0.6995192307692307 0.5793269230769231 0.6706730769230769 0.5793269230769231
1 0.37740384615384615 0.23557692307692307 0.4014423076923077 0.23557692307692307 0.4014423076923077 0.36538461538461536 0.37740384615384615 0.36538461538461536
1 0.44711538461538464 0.23076923076923078 0.4639423076923077 0.23076923076923078 0.4639423076923077 0.3629807692307692 0.44711538461538464 0.3629807692307692
1 0.5865384615384616 0.22355769230769232 0.5961538461538461 0.22355769230769232 0.5961538461538461 0.3629807692307692 0.5865384615384616 0.3629807692307692
1 0.5288461538461539 0.23317307692307693 0.5745192307692307 0.23317307692307693 0.5745192307692307 0.3629807692307692 0.5288461538461539 0.3629807692307692
1 0.6081730769230769 0.2283653846153846 0.6778846153846154 0.2283653846153846 0.6778846153846154 0.3629807692307692 0.6081730769230769 0.3629807692307692
1 0.8293269230769231 0.22596153846153846 0.8966346153846154 0.22596153846153846 0.8966346153846154 0.3605769230769231 0.8293269230769231 0.3605769230769231
1 0.7475961538461539 0.21875 0.7764423076923077 0.21875 0.7764423076923077 0.3605769230769231 0.7475961538461539 0.3605769230769231
1 0.7956730769230769 0.22115384615384615 0.8149038461538461 0.22115384615384615 0.8149038461538461 0.3605769230769231 0.7956730769230769 0.3605769230769231
1 0.9735576923076923 0.23317307692307693 1 0.23317307692307693 1 0.3605769230769231 0.9735576923076923 0.3605769230769231
11 0.052884615384615384 0.20673076923076922 1 0.20673076923076922 1 0.4182692307692308 0.052884615384615384 0.4182692307692308