23 0 0.36778846153846156 0.0673076923076923 0.36778846153846156 0.0673076923076923 0.49759615384615385 0 0.49759615384615385
23 0.1658653846153846 0.3701923076923077 0.2403846153846154 0.3701923076923077 0.2403846153846154 0.5 0.1658653846153846 0.5
23 0.3389423076923077 0.3701923076923077 0.41346153846153844 0.3701923076923077 0.41346153846153844 0.5 0.3389423076923077 0.5
23 0.5120192307692307 0.3701923076923077 0.5865384615384616 0.3701923076923077 0.5865384615384616 0.5 0.5120192307692307 0.5
23 0.6826923076923077 0.37259615384615385 0.7572115384615384 0.37259615384615385 0.7572115384615384 0.5024038461538461 0.6826923076923077 0.5024038461538461
23 0.8557692307692307 0.3701923076923077 0.9302884615384616 0.3701923076923077 0.9302884615384616 0.5024038461538461 0.8557692307692307 0.5024038461538461
23 0.6850961538461539 0.6370192307692307 0.7572115384615384 0.6370192307692307 0.7572115384615384 0.8677884615384616 0.6850961538461539 0.8677884615384616
23 0.8581730769230769 0.6394230769230769 0.9302884615384616 0.6394230769230769 0.9302884615384616 0.8653846153846154 0.8581730769230769 0.8653846153846154
23 0.5120192307692307 0.6370192307692307 0.5841346153846154 0.6370192307692307 0.5841346153846154 0.8653846153846154 0.5120192307692307 0.8653846153846154
23 0.3389423076923077 0.6370192307692307 0.41346153846153844 0.6370192307692307 0.41346153846153844 0.8653846153846154 0.3389423076923077 0.8653846153846154
23 0.1658653846153846 0.6394230769230769 0.2403846153846154 0.6394230769230769 0.2403846153846154 0.8677884615384616 0.1658653846153846 0.8677884615384616
23 0 0.6394230769230769 0.0673076923076923 0.6394230769230769 0.0673076923076923 0.8677884615384616 0 0.8677884615384616
23 0.18028846153846154 0.07932692307692307 0.2403846153846154 0.07932692307692307 0.2403846153846154 0.16826923076923078 0.18028846153846154 0.16826923076923078
23 0.5216346153846154 0.08173076923076923 0.5793269230769231 0.08173076923076923 0.5793269230769231 0.17067307692307693 0.5216346153846154 0.17067307692307693
23 0.8629807692307693 0.08173076923076923 0.9206730769230769 0.08173076923076923 0.9206730769230769 0.16826923076923078 0.8629807692307693 0.16826923076923078
4 0.1658653846153846 0.019230769230769232 0.25 0.019230769230769232 0.25 0.057692307692307696 0.1658653846153846 0.057692307692307696
4 0.5096153846153846 0.021634615384615384 0.5913461538461539 0.021634615384615384 0.5913461538461539 0.06009615384615385 0.5096153846153846 0.06009615384615385
4 0.8533653846153846 0.021634615384615384 0.9350961538461539 0.021634615384615384 0.9350961538461539 0.06009615384615385 0.8533653846153846 0.06009615384615385
19 0 0 1 0 1 0.1778846153846154 0 0.1778846153846154
17 0.07451923076923077 0.3245192307692308 0.14903846153846154 0.3245192307692308 0.14903846153846154 0.9855769230769231 0.07451923076923077 0.9855769230769231
17 0.25 0.3245192307692308 0.32211538461538464 0.3245192307692308 0.32211538461538464 0.9831730769230769 0.25 0.9831730769230769
17 0.4254807692307692 0.3245192307692308 0.49759615384615385 0.3245192307692308 0.49759615384615385 0.9831730769230769 0.4254807692307692 0.9831730769230769
17 0.5985576923076923 0.3269230769230769 0.6706730769230769 0.3269230769230769 0.6706730769230769 0.9831730769230769 0.5985576923076923 0.9831730769230769
17 0.7740384615384616 0.3245192307692308 0.8461538461538461 0.3245192307692308 0.8461538461538461 0.9831730769230769 0.7740384615384616 0.9831730769230769
17 0.9495192307692307 0.3245192307692308 1 0.3245192307692308 1 0.9807692307692307 0.9495192307692307 0.9807692307692307
4 0.8317307692307693 0.6009615384615384 0.9615384615384616 0.6009615384615384 0.9615384615384616 0.6225961538461539 0.8317307692307693 0.6225961538461539
4 0.6586538461538461 0.6009615384615384 0.7860576923076923 0.6009615384615384 0.7860576923076923 0.6225961538461539 0.6586538461538461 0.6225961538461539
4 0.4855769230769231 0.6009615384615384 0.6105769230769231 0.6009615384615384 0.6105769230769231 0.6225961538461539 0.4855769230769231 0.6225961538461539
4 0.3125 0.6009615384615384 0.4375 0.6009615384615384 0.4375 0.6225961538461539 0.3125 0.6225961538461539
4 0.13942307692307693 0.6009615384615384 0.2668269230769231 0.6009615384615384 0.2668269230769231 0.6225961538461539 0.13942307692307693 0.6225961538461539
4 0 0.6009615384615384 0.09134615384615384 0.6009615384615384 0.09134615384615384 0.6225961538461539 0 0.6225961538461539
16 0 0.20432692307692307 1 0.20432692307692307 1 0.22596153846153846 0 0.22596153846153846
15 0 0.5649038461538461 1 0.5649038461538461 1 0.9783653846153846 0 0.9783653846153846
12 0 0.5480769230769231 1 0.5480769230769231 1 0.5649038461538461 0 0.5649038461538461
12 0 0.24759615384615385 1 0.24759615384615385 1 0.2644230769230769 0 0.2644230769230769
11 0 0.2644230769230769 1 0.2644230769230769 1 0.5649038461538461 0 0.5649038461538461
26 0.3629807692307692 0.9278846153846154 0.3870192307692308 0.9278846153846154 0.3870192307692308 0.9831730769230769 0.3629807692307692 0.9831730769230769
2 0 0 1 0 1 0.9831730769230769 0 0.9831730769230769
10 0 0.23798076923076922 1 0.23798076923076922 1 0.9783653846153846 0 0.9783653846153846
22 0 0 1 0 1 0.23798076923076922 0 0.23798076923076922