23 0.14423076923076922 0.18509615384615385 0.20192307692307693 0.18509615384615385 0.20192307692307693 0.3798076923076923 0.14423076923076922 0.3798076923076923
23 0.34375 0.1875 0.4014423076923077 0.1875 0.4014423076923077 0.38461538461538464 0.34375 0.38461538461538464
23 0.9206730769230769 0.20192307692307693 0.9495192307692307 0.20192307692307693 0.9495192307692307 0.27163461538461536 0.9206730769230769 0.27163461538461536
23 0.625 0.18509615384615385 0.6826923076923077 0.18509615384615385 0.6826923076923077 0.38461538461538464 0.625 0.38461538461538464
23 0.8149038461538461 0.18509615384615385 0.8725961538461539 0.18509615384615385 0.8725961538461539 0.38461538461538464 0.8149038461538461 0.38461538461538464
23 0.8125 0.5793269230769231 0.8725961538461539 0.5793269230769231 0.8725961538461539 0.8389423076923077 0.8125 0.8389423076923077
23 0.14423076923076922 0.5721153846153846 0.20192307692307693 0.5721153846153846 0.20192307692307693 0.8269230769230769 0.14423076923076922 0.8269230769230769
23 0.34375 0.5745192307692307 0.40384615384615385 0.5745192307692307 0.40384615384615385 0.8293269230769231 0.34375 0.8293269230769231
23 0.6225961538461539 0.5769230769230769 0.6826923076923077 0.5769230769230769 0.6826923076923077 0.8341346153846154 0.6225961538461539 0.8341346153846154
8 0.46153846153846156 0.6274038461538461 0.5625 0.6274038461538461 0.5625 0.9182692307692307 0.46153846153846156 0.9182692307692307
4 0.8004807692307693 0.13942307692307693 0.8894230769230769 0.13942307692307693 0.8894230769230769 0.15625 0.8004807692307693 0.15625
4 0.12980769230769232 0.13942307692307693 0.21634615384615385 0.13942307692307693 0.21634615384615385 0.15625 0.12980769230769232 0.15625
4 0.3293269230769231 0.13942307692307693 0.41586538461538464 0.13942307692307693 0.41586538461538464 0.15865384615384615 0.3293269230769231 0.15865384615384615
4 0.6105769230769231 0.13701923076923078 0.6995192307692307 0.13701923076923078 0.6995192307692307 0.15625 0.6105769230769231 0.15625
21 0.12740384615384615 0.3798076923076923 0.21875 0.3798076923076923 0.21875 0.39903846153846156 0.12740384615384615 0.39903846153846156
21 0.7980769230769231 0.38461538461538464 0.8894230769230769 0.38461538461538464 0.8894230769230769 0.40384615384615385 0.7980769230769231 0.40384615384615385
21 0.6105769230769231 0.38221153846153844 0.7019230769230769 0.38221153846153844 0.7019230769230769 0.40384615384615385 0.6105769230769231 0.40384615384615385
21 0.3269230769230769 0.38221153846153844 0.4182692307692308 0.38221153846153844 0.4182692307692308 0.4014423076923077 0.3269230769230769 0.4014423076923077
4 0.31971153846153844 0.5408653846153846 0.4254807692307692 0.5408653846153846 0.4254807692307692 0.5625 0.31971153846153844 0.5625
4 0.12259615384615384 0.5384615384615384 0.22355769230769232 0.5384615384615384 0.22355769230769232 0.5600961538461539 0.12259615384615384 0.5600961538461539
4 0.4423076923076923 0.5913461538461539 0.5865384615384616 0.5913461538461539 0.5865384615384616 0.6153846153846154 0.4423076923076923 0.6153846153846154
4 0.6033653846153846 0.5456730769230769 0.7043269230769231 0.5456730769230769 0.7043269230769231 0.5673076923076923 0.6033653846153846 0.5673076923076923
4 0.7932692307692307 0.5456730769230769 0.8966346153846154 0.5456730769230769 0.8966346153846154 0.5673076923076923 0.7932692307692307 0.5673076923076923
21 0.13221153846153846 0.8269230769230769 0.21394230769230768 0.8269230769230769 0.21394230769230768 0.8605769230769231 0.13221153846153846 0.8605769230769231
21 0.8004807692307693 0.8341346153846154 0.8870192307692307 0.8341346153846154 0.8870192307692307 0.8701923076923077 0.8004807692307693 0.8701923076923077
21 0.6105769230769231 0.8317307692307693 0.6971153846153846 0.8317307692307693 0.6971153846153846 0.8653846153846154 0.6105769230769231 0.8653846153846154
21 0.3317307692307692 0.8269230769230769 0.41586538461538464 0.8269230769230769 0.41586538461538464 0.8629807692307693 0.3317307692307692 0.8629807692307693
16 0.03365384615384615 0.040865384615384616 0.9951923076923077 0.040865384615384616 0.9951923076923077 0.07211538461538461 0.03365384615384615 0.07211538461538461
22 0.02403846153846154 0.06971153846153846 0.9903846153846154 0.06971153846153846 0.9903846153846154 0.49038461538461536 0.02403846153846154 0.49038461538461536
12 0.02403846153846154 0.46153846153846156 0.9903846153846154 0.46153846153846156 0.9903846153846154 0.49038461538461536 0.02403846153846154 0.49038461538461536
15 0.02403846153846154 0.4879807692307692 0.9903846153846154 0.4879807692307692 0.9903846153846154 0.9783653846153846 0.02403846153846154 0.9783653846153846
2 0.019230769230769232 0 1 0 1 0.9783653846153846 0.019230769230769232 0.9783653846153846
10 0.02403846153846154 0.0673076923076923 0.9903846153846154 0.0673076923076923 0.9903846153846154 0.9783653846153846 0.02403846153846154 0.9783653846153846