23 0.2692307692307692 0.2860576923076923 0.34615384615384615 0.2860576923076923 0.34615384615384615 0.4110576923076923 0.2692307692307692 0.4110576923076923
23 0.7115384615384616 0.2860576923076923 0.7884615384615384 0.2860576923076923 0.7884615384615384 0.4110576923076923 0.7115384615384616 0.4110576923076923
23 0.49038461538461536 0.28365384615384615 0.5649038461538461 0.28365384615384615 0.5649038461538461 0.40865384615384615 0.49038461538461536 0.40865384615384615
23 0.7115384615384616 0.5024038461538461 0.7860576923076923 0.5024038461538461 0.7860576923076923 0.6754807692307693 0.7115384615384616 0.6754807692307693
23 0.49038461538461536 0.5024038461538461 0.5649038461538461 0.5024038461538461 0.5649038461538461 0.6778846153846154 0.49038461538461536 0.6778846153846154
23 0.2692307692307692 0.5024038461538461 0.34615384615384615 0.5024038461538461 0.34615384615384615 0.6754807692307693 0.2692307692307692 0.6754807692307693
8 0.4807692307692308 0.8509615384615384 0.5721153846153846 0.8509615384615384 0.5721153846153846 0.9903846153846154 0.4807692307692308 0.9903846153846154
23 0.27884615384615385 0.8269230769230769 0.34615384615384615 0.8269230769230769 0.34615384615384615 0.9519230769230769 0.27884615384615385 0.9519230769230769
23 0.7067307692307693 0.8269230769230769 0.7764423076923077 0.8269230769230769 0.7764423076923077 0.9519230769230769 0.7067307692307693 0.9519230769230769
23 0.6971153846153846 0.7908653846153846 0.7956730769230769 0.7908653846153846 0.7956730769230769 0.9783653846153846 0.6971153846153846 0.9783653846153846
23 0.7067307692307693 0.8004807692307693 0.7764423076923077 0.8004807692307693 0.7764423076923077 0.8245192307692307 0.7067307692307693 0.8245192307692307
23 0.27884615384615385 0.8004807692307693 0.34615384615384615 0.8004807692307693 0.34615384615384615 0.8245192307692307 0.27884615384615385 0.8245192307692307
23 0.25961538461538464 0.7908653846153846 0.3581730769230769 0.7908653846153846 0.3581730769230769 0.9951923076923077 0.25961538461538464 0.9951923076923077
23 0.4831730769230769 0.7956730769230769 0.5697115384615384 0.7956730769230769 0.5697115384615384 0.8365384615384616 0.4831730769230769 0.8365384615384616
8 0.4807692307692308 0.7908653846153846 0.5745192307692307 0.7908653846153846 0.5745192307692307 0.9903846153846154 0.4807692307692308 0.9903846153846154
23 0.28125 0.09375 0.3389423076923077 0.09375 0.3389423076923077 0.16826923076923078 0.28125 0.16826923076923078
23 0.5024038461538461 0.0889423076923077 0.5600961538461539 0.0889423076923077 0.5600961538461539 0.1658653846153846 0.5024038461538461 0.1658653846153846
23 0.7211538461538461 0.09375 0.7764423076923077 0.09375 0.7764423076923077 0.1658653846153846 0.7211538461538461 0.1658653846153846
23 0.5793269230769231 0.004807692307692308 0.6225961538461539 0.004807692307692308 0.6225961538461539 0.052884615384615384 0.5793269230769231 0.052884615384615384
23 0.4375 0.007211538461538462 0.4807692307692308 0.007211538461538462 0.4807692307692308 0.055288461538461536 0.4375 0.055288461538461536
4 0.23557692307692307 0.009615384615384616 0.38221153846153844 0.009615384615384616 0.38221153846153844 0.0985576923076923 0.23557692307692307 0.0985576923076923
4 0.46153846153846156 0.007211538461538462 0.6009615384615384 0.007211538461538462 0.6009615384615384 0.09615384615384616 0.46153846153846156 0.09615384615384616
4 0.6730769230769231 0.009615384615384616 0.8221153846153846 0.009615384615384616 0.8221153846153846 0.0985576923076923 0.6730769230769231 0.0985576923076923
16 0.07932692307692307 0.1875 0.9783653846153846 0.1875 0.9783653846153846 0.22115384615384615 0.07932692307692307 0.22115384615384615
21 0.09134615384615384 0.4639423076923077 0.9663461538461539 0.4639423076923077 0.9663461538461539 0.47836538461538464 0.09134615384615384 0.47836538461538464
19 0.1346153846153846 0.01201923076923077 0.9230769230769231 0.01201923076923077 0.9230769230769231 0.1658653846153846 0.1346153846153846 0.1658653846153846
23 0.3076923076923077 0.007211538461538462 0.3269230769230769 0.007211538461538462 0.3269230769230769 0.03365384615384615 0.3076923076923077 0.03365384615384615
15 0.09615384615384616 0.7163461538461539 0.9591346153846154 0.7163461538461539 0.9591346153846154 0.9975961538461539 0.09615384615384616 0.9975961538461539
12 0.09615384615384616 0.6995192307692307 0.9591346153846154 0.6995192307692307 0.9591346153846154 0.7163461538461539 0.09615384615384616 0.7163461538461539
12 0.09615384615384616 0.46153846153846156 0.9591346153846154 0.46153846153846156 0.9591346153846154 0.47836538461538464 0.09615384615384616 0.47836538461538464
12 0.09615384615384616 0.18509615384615385 0.9591346153846154 0.18509615384615385 0.9591346153846154 0.20432692307692307 0.09615384615384616 0.20432692307692307
11 0.0985576923076923 0.4807692307692308 0.9639423076923077 0.4807692307692308 0.9639423076923077 0.71875 0.0985576923076923 0.71875
11 0.09615384615384616 0.20432692307692307 0.9591346153846154 0.20432692307692307 0.9591346153846154 0.4807692307692308 0.09615384615384616 0.4807692307692308
2 0.07451923076923077 0 0.9807692307692307 0 0.9807692307692307 0.9927884615384616 0.07451923076923077 0.9927884615384616
10 0.0985576923076923 0.20192307692307693 0.9567307692307693 0.20192307692307693 0.9567307692307693 0.9975961538461539 0.0985576923076923 0.9975961538461539
26 0.12259615384615384 0.9711538461538461 0.12980769230769232 0.9711538461538461 0.12980769230769232 1 0.12259615384615384 1
26 0.24278846153846154 0.9639423076923077 0.25240384615384615 0.9639423076923077 0.25240384615384615 1 0.24278846153846154 1
26 0.3317307692307692 0.9615384615384616 0.3389423076923077 0.9615384615384616 0.3389423076923077 1 0.3317307692307692 1
26 0.4206730769230769 0.9519230769230769 0.42788461538461536 0.9519230769230769 0.42788461538461536 1 0.4206730769230769 1
26 0.5384615384615384 0.9471153846153846 0.5456730769230769 0.9471153846153846 0.5456730769230769 0.9975961538461539 0.5384615384615384 0.9975961538461539
26 0.6466346153846154 0.9399038461538461 0.6538461538461539 0.9399038461538461 0.6538461538461539 0.9927884615384616 0.6466346153846154 0.9927884615384616
26 0.9206730769230769 0.9375 0.9495192307692307 0.9375 0.9495192307692307 0.9927884615384616 0.9206730769230769 0.9927884615384616
26 0.7740384615384616 0.9447115384615384 0.8004807692307693 0.9447115384615384 0.8004807692307693 0.9927884615384616 0.7740384615384616 0.9927884615384616
22 0.13701923076923078 0 0.9254807692307693 0 0.9254807692307693 0.1658653846153846 0.13701923076923078 0.1658653846153846