23 0.7620192307692307 0.3870192307692308 0.9711538461538461 0.3870192307692308 0.9711538461538461 0.5625 0.7620192307692307 0.5625
8 0.06971153846153846 0.7548076923076923 0.27403846153846156 0.7548076923076923 0.27403846153846156 0.9375 0.06971153846153846 0.9375
8 0.2980769230769231 0.7524038461538461 0.5024038461538461 0.7524038461538461 0.5024038461538461 0.9375 0.2980769230769231 0.9375
23 0.7620192307692307 0.6826923076923077 0.8557692307692307 0.6826923076923077 0.8557692307692307 0.7307692307692307 0.7620192307692307 0.7307692307692307
23 0.8942307692307693 0.0985576923076923 0.9711538461538461 0.0985576923076923 0.9711538461538461 0.24519230769230768 0.8942307692307693 0.24519230769230768
23 0.0673076923076923 0.09615384615384616 0.14182692307692307 0.09615384615384616 0.14182692307692307 0.24519230769230768 0.0673076923076923 0.24519230769230768
23 0.2980769230769231 0.0985576923076923 0.37259615384615385 0.0985576923076923 0.37259615384615385 0.24519230769230768 0.2980769230769231 0.24519230769230768
23 0.42788461538461536 0.0985576923076923 0.5024038461538461 0.0985576923076923 0.5024038461538461 0.24519230769230768 0.42788461538461536 0.24519230769230768
23 0.59375 0.0985576923076923 0.6706730769230769 0.0985576923076923 0.6706730769230769 0.24519230769230768 0.59375 0.24519230769230768
23 0.7620192307692307 0.0985576923076923 0.8365384615384616 0.0985576923076923 0.8365384615384616 0.24519230769230768 0.7620192307692307 0.24519230769230768
23 0.06971153846153846 0.3870192307692308 0.27163461538461536 0.3870192307692308 0.27163461538461536 0.5625 0.06971153846153846 0.5625
23 0.2980769230769231 0.3870192307692308 0.5024038461538461 0.3870192307692308 0.5024038461538461 0.5625 0.2980769230769231 0.5625
23 0.5288461538461539 0.3870192307692308 0.7331730769230769 0.3870192307692308 0.7331730769230769 0.5625 0.5288461538461539 0.5625
8 0.5288461538461539 0.7548076923076923 0.7355769230769231 0.7548076923076923 0.7355769230769231 0.9399038461538461 0.5288461538461539 0.9399038461538461
8 0.7620192307692307 0.7307692307692307 0.8557692307692307 0.7307692307692307 0.8557692307692307 0.9326923076923077 0.7620192307692307 0.9326923076923077
23 0.06971153846153846 0.6826923076923077 0.27403846153846156 0.6826923076923077 0.27403846153846156 0.71875 0.06971153846153846 0.71875
23 0.2980769230769231 0.6826923076923077 0.5024038461538461 0.6826923076923077 0.5024038461538461 0.71875 0.2980769230769231 0.71875
23 0.5288461538461539 0.6850961538461539 0.7355769230769231 0.6850961538461539 0.7355769230769231 0.71875 0.5288461538461539 0.71875
23 0.8990384615384616 0.6850961538461539 0.96875 0.6850961538461539 0.96875 0.7716346153846154 0.8990384615384616 0.7716346153846154
21 0.8918269230769231 0.7740384615384616 1 0.7740384615384616 1 0.7836538461538461 0.8918269230769231 0.7836538461538461
21 0.06009615384615385 0.24759615384615385 1 0.24759615384615385 1 0.25721153846153844 0.06009615384615385 0.25721153846153844
21 0.06009615384615385 0.5649038461538461 1 0.5649038461538461 1 0.5769230769230769 0.06009615384615385 0.5769230769230769
12 0 0.30528846153846156 1 0.30528846153846156 1 0.3317307692307692 0 0.3317307692307692
12 0 0.6081730769230769 1 0.6081730769230769 1 0.6346153846153846 0 0.6346153846153846
11 0 0.002403846153846154 1 0.002403846153846154 1 0.30528846153846156 0 0.30528846153846156
11 0 0.3293269230769231 1 0.3293269230769231 1 0.6081730769230769 0 0.6081730769230769
15 0 0.6346153846153846 1 0.6346153846153846 1 0.9399038461538461 0 0.9399038461538461
2 0 0.002403846153846154 0.9975961538461539 0.002403846153846154 0.9975961538461539 0.9735576923076923 0 0.9735576923076923
10 0 0.002403846153846154 0.9975961538461539 0.002403846153846154 0.9975961538461539 0.9735576923076923 0 0.9735576923076923