23 0.14423076923076922 0.15625 0.21153846153846154 0.15625 0.21153846153846154 0.30288461538461536 0.14423076923076922 0.30288461538461536
8 0.13942307692307693 0.3245192307692308 0.22115384615384615 0.3245192307692308 0.22115384615384615 0.9495192307692307 0.13942307692307693 0.9495192307692307
23 0.8197115384615384 0.1466346153846154 0.8966346153846154 0.1466346153846154 0.8966346153846154 0.3918269230769231 0.8197115384615384 0.3918269230769231
23 0.3557692307692308 0.16105769230769232 0.43509615384615385 0.16105769230769232 0.43509615384615385 0.4014423076923077 0.3557692307692308 0.4014423076923077
23 0.4879807692307692 0.15865384615384615 0.5673076923076923 0.15865384615384615 0.5673076923076923 0.4014423076923077 0.4879807692307692 0.4014423076923077
23 0.6899038461538461 0.15144230769230768 0.7692307692307693 0.15144230769230768 0.7692307692307693 0.3918269230769231 0.6899038461538461 0.3918269230769231
15 0 0 1 0 1 0.9471153846153846 0 0.9471153846153846
10 0 0 1 0 1 0.9471153846153846 0 0.9471153846153846
2 0 0 1 0 1 0.9471153846153846 0 0.9471153846153846
7 0.25721153846153844 0.7788461538461539 0.5120192307692307 0.7788461538461539 0.5120192307692307 0.9735576923076923 0.25721153846153844 0.9735576923076923
7 0.5480769230769231 0.7259615384615384 0.6201923076923077 0.7259615384615384 0.6201923076923077 0.9951923076923077 0.5480769230769231 0.9951923076923077
7 0.6682692307692307 0.6586538461538461 0.9350961538461539 0.6586538461538461 0.9350961538461539 0.9807692307692307 0.6682692307692307 0.9807692307692307