23 0.4495192307692308 0.625 0.5625 0.625 0.5625 0.78125 0.4495192307692308 0.78125
23 0.7043269230769231 0.125 0.8052884615384616 0.125 0.8052884615384616 0.24759615384615385 0.7043269230769231 0.24759615384615385
23 0.21634615384615385 0.125 0.31490384615384615 0.125 0.31490384615384615 0.24759615384615385 0.21634615384615385 0.24759615384615385
23 0.6995192307692307 0.625 0.8125 0.625 0.8125 0.7788461538461539 0.6995192307692307 0.7788461538461539
8 0.4495192307692308 0.4110576923076923 0.5649038461538461 0.4110576923076923 0.5649038461538461 0.5769230769230769 0.4495192307692308 0.5769230769230769
23 0.20432692307692307 0.36778846153846156 0.31971153846153844 0.36778846153846156 0.31971153846153844 0.5288461538461539 0.20432692307692307 0.5288461538461539
23 0.6971153846153846 0.36778846153846156 0.8100961538461539 0.36778846153846156 0.8100961538461539 0.5288461538461539 0.6971153846153846 0.5288461538461539
23 0.1971153846153846 0.6274038461538461 0.3125 0.6274038461538461 0.3125 0.7836538461538461 0.1971153846153846 0.7836538461538461
23 0.4423076923076923 0.8485576923076923 0.5552884615384616 0.8485576923076923 0.5552884615384616 0.9615384615384616 0.4423076923076923 0.9615384615384616
4 0.33413461538461536 0.19951923076923078 0.6947115384615384 0.19951923076923078 0.6947115384615384 0.2668269230769231 0.33413461538461536 0.2668269230769231
16 0.026442307692307692 0.25240384615384615 1 0.25240384615384615 1 0.28846153846153844 0.026442307692307692 0.28846153846153844
23 0.46153846153846156 0.125 0.5600961538461539 0.125 0.5600961538461539 0.21634615384615385 0.46153846153846156 0.21634615384615385
16 0.021634615384615384 0.5793269230769231 0.9903846153846154 0.5793269230769231 0.9903846153846154 0.6033653846153846 0.021634615384615384 0.6033653846153846
5 0.3557692307692308 0.5913461538461539 0.41346153846153844 0.5913461538461539 0.41346153846153844 0.65625 0.3557692307692308 0.65625
5 0.6033653846153846 0.5913461538461539 0.6634615384615384 0.5913461538461539 0.6634615384615384 0.65625 0.6033653846153846 0.65625
16 0.014423076923076924 0.78125 0.9831730769230769 0.78125 0.9831730769230769 0.8052884615384616 0.014423076923076924 0.8052884615384616
17 0.6033653846153846 0.30288461538461536 0.6610576923076923 0.30288461538461536 0.6610576923076923 0.5769230769230769 0.6033653846153846 0.5769230769230769
17 0.3629807692307692 0.30288461538461536 0.4206730769230769 0.30288461538461536 0.4206730769230769 0.5769230769230769 0.3629807692307692 0.5769230769230769
19 0.07451923076923077 0.019230769230769232 0.9495192307692307 0.019230769230769232 0.9495192307692307 0.06490384615384616 0.07451923076923077 0.06490384615384616
16 0.04567307692307692 0.07692307692307693 0.9855769230769231 0.07692307692307693 0.9855769230769231 0.08653846153846154 0.04567307692307692 0.08653846153846154
0 0.35336538461538464 0.5168269230769231 0.6706730769230769 0.5168269230769231 0.6706730769230769 0.5745192307692307 0.35336538461538464 0.5745192307692307
16 0.04807692307692308 0.30528846153846156 0.9735576923076923 0.30528846153846156 0.9735576923076923 0.3125 0.04807692307692308 0.3125
12 0.055288461538461536 0.28846153846153844 0.9615384615384616 0.28846153846153844 0.9615384615384616 0.3076923076923077 0.055288461538461536 0.3076923076923077
12 0.03365384615384615 0.7860576923076923 0.9663461538461539 0.7860576923076923 0.9663461538461539 0.8028846153846154 0.03365384615384615 0.8028846153846154
12 0.03365384615384615 0.5817307692307693 0.9663461538461539 0.5817307692307693 0.9663461538461539 0.5985576923076923 0.03365384615384615 0.5985576923076923
22 0.0673076923076923 0.08653846153846154 0.9591346153846154 0.08653846153846154 0.9591346153846154 0.28846153846153844 0.0673076923076923 0.28846153846153844
15 0.03365384615384615 0.8052884615384616 0.9663461538461539 0.8052884615384616 0.9663461538461539 1 0.03365384615384615 1
11 0.04807692307692308 0.5985576923076923 0.9663461538461539 0.5985576923076923 0.9663461538461539 0.7860576923076923 0.04807692307692308 0.7860576923076923
11 0.055288461538461536 0.3076923076923077 0.9615384615384616 0.3076923076923077 0.9615384615384616 0.5817307692307693 0.055288461538461536 0.5817307692307693
2 0 0.019230769230769232 1 0.019230769230769232 1 1 0 1
10 0.004807692307692308 0.016826923076923076 1 0.016826923076923076 1 1 0.004807692307692308 1