23 0.25 0.38221153846153844 0.27403846153846156 0.38221153846153844 0.27403846153846156 0.4543269230769231 0.25 0.4543269230769231
23 0.34134615384615385 0.3605769230769231 0.36778846153846156 0.3605769230769231 0.36778846153846156 0.4375 0.34134615384615385 0.4375
23 0.4110576923076923 0.3629807692307692 0.4375 0.3629807692307692 0.4375 0.4375 0.4110576923076923 0.4375
23 0.5480769230769231 0.3629807692307692 0.5745192307692307 0.3629807692307692 0.5745192307692307 0.43990384615384615 0.5480769230769231 0.43990384615384615
23 0.47836538461538464 0.3629807692307692 0.5072115384615384 0.3629807692307692 0.5072115384615384 0.43990384615384615 0.47836538461538464 0.43990384615384615
23 0.6177884615384616 0.36538461538461536 0.6442307692307693 0.36538461538461536 0.6442307692307693 0.43990384615384615 0.6177884615384616 0.43990384615384615
23 0.7451923076923077 0.375 0.7716346153846154 0.375 0.7716346153846154 0.4495192307692308 0.7451923076923077 0.4495192307692308
8 0.7475961538461539 0.5384615384615384 0.7740384615384616 0.5384615384615384 0.7740384615384616 0.6322115384615384 0.7475961538461539 0.6322115384615384
8 0.6177884615384616 0.53125 0.6442307692307693 0.53125 0.6442307692307693 0.6322115384615384 0.6177884615384616 0.6322115384615384
8 0.5480769230769231 0.53125 0.5769230769230769 0.53125 0.5769230769230769 0.6322115384615384 0.5480769230769231 0.6322115384615384
8 0.34134615384615385 0.53125 0.36778846153846156 0.53125 0.36778846153846156 0.6322115384615384 0.34134615384615385 0.6322115384615384
8 0.4807692307692308 0.53125 0.5072115384615384 0.53125 0.5072115384615384 0.6322115384615384 0.4807692307692308 0.6322115384615384
8 0.4110576923076923 0.53125 0.4375 0.53125 0.4375 0.6322115384615384 0.4110576923076923 0.6322115384615384
8 0.24519230769230768 0.5528846153846154 0.27884615384615385 0.5528846153846154 0.27884615384615385 0.6346153846153846 0.24519230769230768 0.6346153846153846
23 0.22115384615384615 0.7307692307692307 0.24759615384615385 0.7307692307692307 0.24759615384615385 0.8100961538461539 0.22115384615384615 0.8100961538461539
23 0.7403846153846154 0.7307692307692307 0.7668269230769231 0.7307692307692307 0.7668269230769231 0.8076923076923077 0.7403846153846154 0.8076923076923077
23 0.34134615384615385 0.7307692307692307 0.36778846153846156 0.7307692307692307 0.36778846153846156 0.8100961538461539 0.34134615384615385 0.8100961538461539
23 0.4110576923076923 0.7307692307692307 0.4375 0.7307692307692307 0.4375 0.8100961538461539 0.4110576923076923 0.8100961538461539
23 0.5480769230769231 0.7307692307692307 0.5769230769230769 0.7307692307692307 0.5769230769230769 0.8100961538461539 0.5480769230769231 0.8100961538461539
23 0.6177884615384616 0.7307692307692307 0.6466346153846154 0.7307692307692307 0.6466346153846154 0.8100961538461539 0.6177884615384616 0.8100961538461539
23 0.24759615384615385 0.3389423076923077 0.27884615384615385 0.3389423076923077 0.27884615384615385 0.3629807692307692 0.24759615384615385 0.3629807692307692
23 0.3389423076923077 0.4855769230769231 0.3701923076923077 0.4855769230769231 0.3701923076923077 0.5120192307692307 0.3389423076923077 0.5120192307692307
23 0.3389423076923077 0.3173076923076923 0.37259615384615385 0.3173076923076923 0.37259615384615385 0.34134615384615385 0.3389423076923077 0.34134615384615385
23 0.40865384615384615 0.3173076923076923 0.43990384615384615 0.3173076923076923 0.43990384615384615 0.34375 0.40865384615384615 0.34375
23 0.47596153846153844 0.3173076923076923 0.5096153846153846 0.3173076923076923 0.5096153846153846 0.34375 0.47596153846153844 0.34375
23 0.5456730769230769 0.31971153846153844 0.5769230769230769 0.31971153846153844 0.5769230769230769 0.34375 0.5456730769230769 0.34375
23 0.6129807692307693 0.31971153846153844 0.6466346153846154 0.31971153846153844 0.6466346153846154 0.34375 0.6129807692307693 0.34375
23 0.7427884615384616 0.3317307692307692 0.7764423076923077 0.3317307692307692 0.7764423076923077 0.3581730769230769 0.7427884615384616 0.3581730769230769
23 0.21875 0.6850961538461539 0.25240384615384615 0.6850961538461539 0.25240384615384615 0.7115384615384616 0.21875 0.7115384615384616
23 0.6129807692307693 0.4879807692307692 0.6466346153846154 0.4879807692307692 0.6466346153846154 0.5120192307692307 0.6129807692307693 0.5120192307692307
23 0.5456730769230769 0.4855769230769231 0.5793269230769231 0.4855769230769231 0.5793269230769231 0.5120192307692307 0.5456730769230769 0.5120192307692307
23 0.47596153846153844 0.4855769230769231 0.5096153846153846 0.4855769230769231 0.5096153846153846 0.5120192307692307 0.47596153846153844 0.5120192307692307
23 0.24519230769230768 0.5192307692307693 0.27884615384615385 0.5192307692307693 0.27884615384615385 0.5528846153846154 0.24519230769230768 0.5528846153846154
23 0.40865384615384615 0.4855769230769231 0.43990384615384615 0.4855769230769231 0.43990384615384615 0.5120192307692307 0.40865384615384615 0.5120192307692307
23 0.7427884615384616 0.4951923076923077 0.7764423076923077 0.4951923076923077 0.7764423076923077 0.5216346153846154 0.7427884615384616 0.5216346153846154
23 0.7379807692307693 0.6850961538461539 0.7716346153846154 0.6850961538461539 0.7716346153846154 0.7115384615384616 0.7379807692307693 0.7115384615384616
23 0.6153846153846154 0.6850961538461539 0.6490384615384616 0.6850961538461539 0.6490384615384616 0.7115384615384616 0.6153846153846154 0.7115384615384616
23 0.5456730769230769 0.6875 0.5793269230769231 0.6875 0.5793269230769231 0.7139423076923077 0.5456730769230769 0.7139423076923077
23 0.40865384615384615 0.6875 0.43990384615384615 0.6875 0.43990384615384615 0.7139423076923077 0.40865384615384615 0.7139423076923077
23 0.3389423076923077 0.6875 0.37259615384615385 0.6875 0.37259615384615385 0.7139423076923077 0.3389423076923077 0.7139423076923077
16 0.27403846153846156 0.24278846153846154 0.8221153846153846 0.24278846153846154 0.8221153846153846 0.2692307692307692 0.27403846153846156 0.2692307692307692
17 0.6682692307692307 0.2620192307692308 0.7067307692307693 0.2620192307692308 0.7067307692307693 0.8197115384615384 0.6682692307692307 0.8197115384615384
17 0.28125 0.25721153846153844 0.3173076923076923 0.25721153846153844 0.3173076923076923 0.8173076923076923 0.28125 0.8173076923076923
0 0.17067307692307693 0.6057692307692307 0.2860576923076923 0.6057692307692307 0.2860576923076923 0.6394230769230769 0.17067307692307693 0.6394230769230769
0 0.6995192307692307 0.6057692307692307 0.8125 0.6057692307692307 0.8125 0.6442307692307693 0.6995192307692307 0.6442307692307693
8 0.4735576923076923 0.7235576923076923 0.5168269230769231 0.7235576923076923 0.5168269230769231 0.8317307692307693 0.4735576923076923 0.8317307692307693
23 0.4735576923076923 0.6802884615384616 0.5168269230769231 0.6802884615384616 0.5168269230769231 0.7235576923076923 0.4735576923076923 0.7235576923076923
23 0.7307692307692307 0.6730769230769231 0.7788461538461539 0.6730769230769231 0.7788461538461539 0.8100961538461539 0.7307692307692307 0.8100961538461539
23 0.2091346153846154 0.6754807692307693 0.25961538461538464 0.6754807692307693 0.25961538461538464 0.8100961538461539 0.2091346153846154 0.8100961538461539
23 0.6057692307692307 0.3076923076923077 0.6538461538461539 0.3076923076923077 0.6538461538461539 0.43990384615384615 0.6057692307692307 0.43990384615384615
23 0.5384615384615384 0.6754807692307693 0.5889423076923077 0.6754807692307693 0.5889423076923077 0.8100961538461539 0.5384615384615384 0.8100961538461539
23 0.6081730769230769 0.6754807692307693 0.65625 0.6754807692307693 0.65625 0.8100961538461539 0.6081730769230769 0.8100961538461539
23 0.3293269230769231 0.6754807692307693 0.3798076923076923 0.6754807692307693 0.3798076923076923 0.8100961538461539 0.3293269230769231 0.8100961538461539
23 0.39903846153846156 0.6754807692307693 0.4495192307692308 0.6754807692307693 0.4495192307692308 0.8100961538461539 0.39903846153846156 0.8100961538461539
23 0.5360576923076923 0.3076923076923077 0.5865384615384616 0.3076923076923077 0.5865384615384616 0.43990384615384615 0.5360576923076923 0.43990384615384615
23 0.3293269230769231 0.4735576923076923 0.3798076923076923 0.4735576923076923 0.3798076923076923 0.6322115384615384 0.3293269230769231 0.6322115384615384
23 0.46875 0.30528846153846156 0.5192307692307693 0.30528846153846156 0.5192307692307693 0.43990384615384615 0.46875 0.43990384615384615
23 0.23798076923076922 0.4879807692307692 0.28365384615384615 0.4879807692307692 0.28365384615384615 0.6298076923076923 0.23798076923076922 0.6298076923076923
23 0.7331730769230769 0.31971153846153844 0.7836538461538461 0.31971153846153844 0.7836538461538461 0.4495192307692308 0.7331730769230769 0.4495192307692308
23 0.5384615384615384 0.4735576923076923 0.5865384615384616 0.4735576923076923 0.5865384615384616 0.6322115384615384 0.5384615384615384 0.6322115384615384
23 0.46875 0.4735576923076923 0.5192307692307693 0.4735576923076923 0.5192307692307693 0.6322115384615384 0.46875 0.6322115384615384
23 0.39903846153846156 0.4735576923076923 0.4495192307692308 0.4735576923076923 0.4495192307692308 0.6322115384615384 0.39903846153846156 0.6322115384615384
23 0.39903846153846156 0.30528846153846156 0.4495192307692308 0.30528846153846156 0.4495192307692308 0.4375 0.39903846153846156 0.4375
23 0.6057692307692307 0.4735576923076923 0.65625 0.4735576923076923 0.65625 0.6322115384615384 0.6057692307692307 0.6322115384615384
23 0.7355769230769231 0.4831730769230769 0.7836538461538461 0.4831730769230769 0.7836538461538461 0.6370192307692307 0.7355769230769231 0.6370192307692307
23 0.3317307692307692 0.30528846153846156 0.3798076923076923 0.30528846153846156 0.3798076923076923 0.4375 0.3317307692307692 0.4375
23 0.23798076923076922 0.3269230769230769 0.28365384615384615 0.3269230769230769 0.28365384615384615 0.4543269230769231 0.23798076923076922 0.4543269230769231
23 0.7259615384615384 0.19471153846153846 0.7403846153846154 0.19471153846153846 0.7403846153846154 0.22115384615384615 0.7259615384615384 0.22115384615384615
23 0.78125 0.19230769230769232 0.7956730769230769 0.19230769230769232 0.7956730769230769 0.21875 0.78125 0.21875
19 0.19951923076923078 0.21394230769230768 0.34375 0.21394230769230768 0.34375 0.2644230769230769 0.19951923076923078 0.2644230769230769
19 0.27163461538461536 0.20432692307692307 0.7115384615384616 0.20432692307692307 0.7115384615384616 0.24278846153846154 0.27163461538461536 0.24278846153846154
19 0.7019230769230769 0.22355769230769232 0.8221153846153846 0.22355769230769232 0.8221153846153846 0.25721153846153844 0.7019230769230769 0.25721153846153844
22 0.7019230769230769 0.11298076923076923 0.8245192307692307 0.11298076923076923 0.8245192307692307 0.25721153846153844 0.7019230769230769 0.25721153846153844
23 0.23798076923076922 0.3269230769230769 0.28365384615384615 0.3269230769230769 0.28365384615384615 0.4543269230769231 0.23798076923076922 0.4543269230769231
15 0.16826923076923078 0.25961538461538464 0.8221153846153846 0.25961538461538464 0.8221153846153846 0.47115384615384615 0.16826923076923078 0.47115384615384615
12 0.20192307692307693 0.45913461538461536 0.8197115384615384 0.45913461538461536 0.8197115384615384 0.46875 0.20192307692307693 0.46875
12 0.16826923076923078 0.6466346153846154 0.8221153846153846 0.6466346153846154 0.8221153846153846 0.6586538461538461 0.16826923076923078 0.6586538461538461
15 0.16826923076923078 0.6586538461538461 0.8221153846153846 0.6586538461538461 0.8221153846153846 0.8317307692307693 0.16826923076923078 0.8317307692307693
15 0.16826923076923078 0.46875 0.8221153846153846 0.46875 0.8221153846153846 0.6586538461538461 0.16826923076923078 0.6586538461538461
12 0.7043269230769231 0.24759615384615385 0.8173076923076923 0.24759615384615385 0.8173076923076923 0.25721153846153844 0.7043269230769231 0.25721153846153844
2 0.1658653846153846 0.07932692307692307 0.8293269230769231 0.07932692307692307 0.8293269230769231 0.8317307692307693 0.1658653846153846 0.8317307692307693
10 0.1658653846153846 0.07932692307692307 0.8293269230769231 0.07932692307692307 0.8293269230769231 0.8317307692307693 0.1658653846153846 0.8317307692307693