4 0 0.4567307692307692 0.14423076923076922 0.4567307692307692 0.14423076923076922 0.5408653846153846 0 0.5408653846153846
4 0.8125 0.4543269230769231 0.9735576923076923 0.4543269230769231 0.9735576923076923 0.5432692307692307 0.8125 0.5432692307692307
4 0.13942307692307693 0.45913461538461536 0.2956730769230769 0.45913461538461536 0.2956730769230769 0.5408653846153846 0.13942307692307693 0.5408653846153846
4 0.3004807692307692 0.45913461538461536 0.4519230769230769 0.45913461538461536 0.4519230769230769 0.5408653846153846 0.3004807692307692 0.5408653846153846
4 0.4639423076923077 0.45913461538461536 0.6153846153846154 0.45913461538461536 0.6153846153846154 0.5408653846153846 0.4639423076923077 0.5408653846153846
4 0.6298076923076923 0.45913461538461536 0.7860576923076923 0.45913461538461536 0.7860576923076923 0.5432692307692307 0.6298076923076923 0.5432692307692307
4 0.8245192307692307 0.014423076923076924 0.9326923076923077 0.014423076923076924 0.9326923076923077 0.07692307692307693 0.8245192307692307 0.07692307692307693
4 0.019230769230769232 0.021634615384615384 0.13221153846153846 0.021634615384615384 0.13221153846153846 0.08413461538461539 0.019230769230769232 0.08413461538461539
4 0.17067307692307693 0.021634615384615384 0.27884615384615385 0.021634615384615384 0.27884615384615385 0.08413461538461539 0.17067307692307693 0.08413461538461539
4 0.32211538461538464 0.021634615384615384 0.4326923076923077 0.021634615384615384 0.4326923076923077 0.08413461538461539 0.32211538461538464 0.08413461538461539
4 0.4807692307692308 0.021634615384615384 0.5889423076923077 0.021634615384615384 0.5889423076923077 0.08413461538461539 0.4807692307692308 0.08413461538461539
4 0.6466346153846154 0.021634615384615384 0.7548076923076923 0.021634615384615384 0.7548076923076923 0.08653846153846154 0.6466346153846154 0.08653846153846154
21 0.8293269230769231 0.19951923076923078 0.9326923076923077 0.19951923076923078 0.9326923076923077 0.22596153846153846 0.8293269230769231 0.22596153846153846
21 0.02403846153846154 0.20673076923076922 0.125 0.20673076923076922 0.125 0.23076923076923078 0.02403846153846154 0.23076923076923078
21 0.17067307692307693 0.20673076923076922 0.27403846153846156 0.20673076923076922 0.27403846153846156 0.23076923076923078 0.17067307692307693 0.23076923076923078
21 0.3269230769230769 0.20673076923076922 0.43028846153846156 0.20673076923076922 0.43028846153846156 0.2283653846153846 0.3269230769230769 0.2283653846153846
21 0.4855769230769231 0.20673076923076922 0.5865384615384616 0.20673076923076922 0.5865384615384616 0.2283653846153846 0.4855769230769231 0.2283653846153846
21 0.6514423076923077 0.20673076923076922 0.7524038461538461 0.20673076923076922 0.7524038461538461 0.2283653846153846 0.6514423076923077 0.2283653846153846
23 0.6706730769230769 0.8100961538461539 0.7379807692307693 0.8100961538461539 0.7379807692307693 0.9471153846153846 0.6706730769230769 0.9471153846153846
23 0.8509615384615384 0.5384615384615384 0.9278846153846154 0.5384615384615384 0.9278846153846154 0.7019230769230769 0.8509615384615384 0.7019230769230769
23 0.18990384615384615 0.8100961538461539 0.2548076923076923 0.8100961538461539 0.2548076923076923 0.9471153846153846 0.18990384615384615 0.9471153846153846
23 0.34615384615384615 0.8100961538461539 0.4110576923076923 0.8100961538461539 0.4110576923076923 0.9471153846153846 0.34615384615384615 0.9471153846153846
23 0.5048076923076923 0.8100961538461539 0.5721153846153846 0.8100961538461539 0.5721153846153846 0.9471153846153846 0.5048076923076923 0.9471153846153846
23 0.040865384615384616 0.8076923076923077 0.10576923076923077 0.8076923076923077 0.10576923076923077 0.9447115384615384 0.040865384615384616 0.9447115384615384
23 0.028846153846153848 0.5408653846153846 0.10576923076923077 0.5408653846153846 0.10576923076923077 0.7019230769230769 0.028846153846153848 0.7019230769230769
23 0.18269230769230768 0.5408653846153846 0.25721153846153844 0.5408653846153846 0.25721153846153844 0.7043269230769231 0.18269230769230768 0.7043269230769231
23 0.3389423076923077 0.5408653846153846 0.41346153846153844 0.5408653846153846 0.41346153846153844 0.7043269230769231 0.3389423076923077 0.7043269230769231
23 0.5 0.5408653846153846 0.5769230769230769 0.5408653846153846 0.5769230769230769 0.7043269230769231 0.5 0.7043269230769231
23 0.6706730769230769 0.5408653846153846 0.7451923076923077 0.5408653846153846 0.7451923076923077 0.7043269230769231 0.6706730769230769 0.7043269230769231
23 0.8509615384615384 0.5552884615384616 0.9134615384615384 0.5552884615384616 0.9134615384615384 0.6995192307692307 0.8509615384615384 0.6995192307692307
23 0.038461538461538464 0.5528846153846154 0.10576923076923077 0.5528846153846154 0.10576923076923077 0.7019230769230769 0.038461538461538464 0.7019230769230769
23 0.18990384615384615 0.5552884615384616 0.25721153846153844 0.5552884615384616 0.25721153846153844 0.7043269230769231 0.18990384615384615 0.7043269230769231
23 0.34615384615384615 0.5552884615384616 0.41346153846153844 0.5552884615384616 0.41346153846153844 0.7043269230769231 0.34615384615384615 0.7043269230769231
23 0.5048076923076923 0.5552884615384616 0.5721153846153846 0.5552884615384616 0.5721153846153846 0.7043269230769231 0.5048076923076923 0.7043269230769231
23 0.6706730769230769 0.5552884615384616 0.7379807692307693 0.5552884615384616 0.7379807692307693 0.7043269230769231 0.6706730769230769 0.7043269230769231
23 0.8509615384615384 0.3076923076923077 0.9158653846153846 0.3076923076923077 0.9158653846153846 0.44471153846153844 0.8509615384615384 0.44471153846153844
23 0.036057692307692304 0.3125 0.10576923076923077 0.3125 0.10576923076923077 0.4495192307692308 0.036057692307692304 0.4495192307692308
23 0.1875 0.3125 0.2548076923076923 0.3125 0.2548076923076923 0.44711538461538464 0.1875 0.44711538461538464
23 0.34615384615384615 0.31009615384615385 0.4110576923076923 0.31009615384615385 0.4110576923076923 0.44711538461538464 0.34615384615384615 0.44711538461538464
23 0.5072115384615384 0.31009615384615385 0.5721153846153846 0.31009615384615385 0.5721153846153846 0.44711538461538464 0.5072115384615384 0.44711538461538464
23 0.6706730769230769 0.31009615384615385 0.7355769230769231 0.31009615384615385 0.7355769230769231 0.44711538461538464 0.6706730769230769 0.44711538461538464
23 0.04567307692307692 0.31971153846153844 0.10576923076923077 0.31971153846153844 0.10576923076923077 0.4495192307692308 0.04567307692307692 0.4495192307692308
23 0.8509615384615384 0.3173076923076923 0.90625 0.3173076923076923 0.90625 0.44471153846153844 0.8509615384615384 0.44471153846153844
23 0.6706730769230769 0.31971153846153844 0.7331730769230769 0.31971153846153844 0.7331730769230769 0.44711538461538464 0.6706730769230769 0.44711538461538464
23 0.5072115384615384 0.31971153846153844 0.5721153846153846 0.31971153846153844 0.5721153846153846 0.44711538461538464 0.5072115384615384 0.44711538461538464
23 0.34615384615384615 0.31971153846153844 0.4110576923076923 0.31971153846153844 0.4110576923076923 0.44711538461538464 0.34615384615384615 0.44711538461538464
23 0.19471153846153846 0.31971153846153844 0.25721153846153844 0.31971153846153844 0.25721153846153844 0.44711538461538464 0.19471153846153846 0.44711538461538464
23 0.84375 0.07451923076923077 0.90625 0.07451923076923077 0.90625 0.19951923076923078 0.84375 0.19951923076923078
23 0.04807692307692308 0.08173076923076923 0.11057692307692307 0.08173076923076923 0.11057692307692307 0.20673076923076922 0.04807692307692308 0.20673076923076922
23 0.1971153846153846 0.07932692307692307 0.25961538461538464 0.07932692307692307 0.25961538461538464 0.20673076923076922 0.1971153846153846 0.20673076923076922
23 0.3485576923076923 0.07932692307692307 0.4110576923076923 0.07932692307692307 0.4110576923076923 0.20673076923076922 0.3485576923076923 0.20673076923076922
23 0.5024038461538461 0.07932692307692307 0.5673076923076923 0.07932692307692307 0.5673076923076923 0.20673076923076922 0.5024038461538461 0.20673076923076922
23 0.6682692307692307 0.08173076923076923 0.7307692307692307 0.08173076923076923 0.7307692307692307 0.20673076923076922 0.6682692307692307 0.20673076923076922
23 0.057692307692307696 0.10096153846153846 0.11057692307692307 0.10096153846153846 0.11057692307692307 0.20673076923076922 0.057692307692307696 0.20673076923076922
23 0.84375 0.10096153846153846 0.8942307692307693 0.10096153846153846 0.8942307692307693 0.20192307692307693 0.84375 0.20192307692307693
23 0.6682692307692307 0.10096153846153846 0.7235576923076923 0.10096153846153846 0.7235576923076923 0.20673076923076922 0.6682692307692307 0.20673076923076922
23 0.5072115384615384 0.10096153846153846 0.5625 0.10096153846153846 0.5625 0.20673076923076922 0.5072115384615384 0.20673076923076922
23 0.35336538461538464 0.0985576923076923 0.40865384615384615 0.0985576923076923 0.40865384615384615 0.20673076923076922 0.35336538461538464 0.20673076923076922
23 0.20192307692307693 0.0985576923076923 0.25721153846153844 0.0985576923076923 0.25721153846153844 0.20673076923076922 0.20192307692307693 0.20673076923076922
16 0 0.24519230769230768 0.9879807692307693 0.24519230769230768 0.9879807692307693 0.2980769230769231 0 0.2980769230769231
16 0 0.4423076923076923 0.9903846153846154 0.4423076923076923 0.9903846153846154 0.46634615384615385 0 0.46634615384615385
16 0 0.7427884615384616 1 0.7427884615384616 1 0.7716346153846154 0 0.7716346153846154
8 0.8125 0.8052884615384616 0.9591346153846154 0.8052884615384616 0.9591346153846154 1 0.8125 1
8 0.8125 0.8870192307692307 0.9182692307692307 0.8870192307692307 0.9182692307692307 1 0.8125 1
23 0.8125 0.8221153846153846 0.9182692307692307 0.8221153846153846 0.9182692307692307 0.8846153846153846 0.8125 0.8846153846153846
21 0.004807692307692308 0.7019230769230769 0.12980769230769232 0.7019230769230769 0.12980769230769232 0.7115384615384616 0.004807692307692308 0.7115384615384616
21 0.8245192307692307 0.7019230769230769 0.9567307692307693 0.7019230769230769 0.9567307692307693 0.7091346153846154 0.8245192307692307 0.7091346153846154
21 0.15625 0.7019230769230769 0.28365384615384615 0.7019230769230769 0.28365384615384615 0.7115384615384616 0.15625 0.7115384615384616
21 0.3125 0.7043269230769231 0.4423076923076923 0.7043269230769231 0.4423076923076923 0.7115384615384616 0.3125 0.7115384615384616
21 0.4735576923076923 0.7043269230769231 0.6057692307692307 0.7043269230769231 0.6057692307692307 0.7115384615384616 0.4735576923076923 0.7115384615384616
21 0.6394230769230769 0.7043269230769231 0.7716346153846154 0.7043269230769231 0.7716346153846154 0.7115384615384616 0.6394230769230769 0.7115384615384616
19 0 0.002403846153846154 0.9807692307692307 0.002403846153846154 0.9807692307692307 0.23317307692307693 0 0.23317307692307693
12 0.002403846153846154 0.2548076923076923 0.9927884615384616 0.2548076923076923 0.9927884615384616 0.28365384615384615 0.002403846153846154 0.28365384615384615
12 0.002403846153846154 0.7451923076923077 0.9927884615384616 0.7451923076923077 0.9927884615384616 0.7740384615384616 0.002403846153846154 0.7740384615384616
12 0.002403846153846154 0.49038461538461536 0.9927884615384616 0.49038461538461536 0.9927884615384616 0.5192307692307693 0.002403846153846154 0.5192307692307693
15 0.002403846153846154 0.7740384615384616 0.9927884615384616 0.7740384615384616 0.9927884615384616 1 0.002403846153846154 1
11 0.002403846153846154 0.28365384615384615 0.9927884615384616 0.28365384615384615 0.9927884615384616 0.4879807692307692 0.002403846153846154 0.4879807692307692
11 0.002403846153846154 0.5192307692307693 0.9927884615384616 0.5192307692307693 0.9927884615384616 0.7451923076923077 0.002403846153846154 0.7451923076923077
22 0 0.06009615384615385 0.9735576923076923 0.06009615384615385 0.9735576923076923 0.2548076923076923 0 0.2548076923076923
2 0 0.002403846153846154 0.9951923076923077 0.002403846153846154 0.9951923076923077 1 0 1
10 0 0.014423076923076924 0.9951923076923077 0.014423076923076924 0.9951923076923077 1 0 1