23 0.9495192307692307 0.2548076923076923 0.9927884615384616 0.2548076923076923 0.9927884615384616 0.53125 0.9495192307692307 0.53125
23 0.7932692307692307 0.2548076923076923 0.8365384615384616 0.2548076923076923 0.8365384615384616 0.53125 0.7932692307692307 0.53125
23 0.7427884615384616 0.2548076923076923 0.7860576923076923 0.2548076923076923 0.7860576923076923 0.5336538461538461 0.7427884615384616 0.5336538461538461
23 0.6899038461538461 0.25721153846153844 0.7331730769230769 0.25721153846153844 0.7331730769230769 0.5336538461538461 0.6899038461538461 0.5336538461538461
23 0.6394230769230769 0.25721153846153844 0.6826923076923077 0.25721153846153844 0.6826923076923077 0.5336538461538461 0.6394230769230769 0.5336538461538461
23 0.5889423076923077 0.25721153846153844 0.6298076923076923 0.25721153846153844 0.6298076923076923 0.5336538461538461 0.5889423076923077 0.5336538461538461
23 0.5360576923076923 0.2548076923076923 0.5793269230769231 0.2548076923076923 0.5793269230769231 0.5336538461538461 0.5360576923076923 0.5336538461538461
23 0.4831730769230769 0.2548076923076923 0.5264423076923077 0.2548076923076923 0.5264423076923077 0.53125 0.4831730769230769 0.53125
23 0.4326923076923077 0.2548076923076923 0.4735576923076923 0.2548076923076923 0.4735576923076923 0.53125 0.4326923076923077 0.53125
23 0.3798076923076923 0.2548076923076923 0.4230769230769231 0.2548076923076923 0.4230769230769231 0.53125 0.3798076923076923 0.53125
23 0.3317307692307692 0.2548076923076923 0.37259615384615385 0.2548076923076923 0.37259615384615385 0.53125 0.3317307692307692 0.53125
23 0.27884615384615385 0.25721153846153844 0.32211538461538464 0.25721153846153844 0.32211538461538464 0.53125 0.27884615384615385 0.53125
23 0.23076923076923078 0.2548076923076923 0.27163461538461536 0.2548076923076923 0.27163461538461536 0.53125 0.23076923076923078 0.53125
23 0.1778846153846154 0.25721153846153844 0.22115384615384615 0.25721153846153844 0.22115384615384615 0.53125 0.1778846153846154 0.53125
23 0.9495192307692307 0.6754807692307693 0.9927884615384616 0.6754807692307693 0.9927884615384616 0.9519230769230769 0.9495192307692307 0.9519230769230769
23 0.8461538461538461 0.6730769230769231 0.8894230769230769 0.6730769230769231 0.8894230769230769 0.9519230769230769 0.8461538461538461 0.9519230769230769
23 0.8485576923076923 0.25721153846153844 0.8894230769230769 0.25721153846153844 0.8894230769230769 0.53125 0.8485576923076923 0.53125
23 0.8990384615384616 0.25721153846153844 0.9399038461538461 0.25721153846153844 0.9399038461538461 0.53125 0.8990384615384616 0.53125
23 0.12980769230769232 0.2548076923076923 0.17067307692307693 0.2548076923076923 0.17067307692307693 0.53125 0.12980769230769232 0.53125
23 0.07692307692307693 0.25721153846153844 0.1201923076923077 0.25721153846153844 0.1201923076923077 0.53125 0.07692307692307693 0.53125
23 0.8966346153846154 0.6730769230769231 0.9399038461538461 0.6730769230769231 0.9399038461538461 0.9519230769230769 0.8966346153846154 0.9519230769230769
23 0.7956730769230769 0.6730769230769231 0.8365384615384616 0.6730769230769231 0.8365384615384616 0.9519230769230769 0.7956730769230769 0.9519230769230769
23 0.6923076923076923 0.6730769230769231 0.7355769230769231 0.6730769230769231 0.7355769230769231 0.9519230769230769 0.6923076923076923 0.9519230769230769
23 0.7427884615384616 0.6730769230769231 0.7860576923076923 0.6730769230769231 0.7860576923076923 0.9519230769230769 0.7427884615384616 0.9519230769230769
23 0.6418269230769231 0.6754807692307693 0.6826923076923077 0.6754807692307693 0.6826923076923077 0.9519230769230769 0.6418269230769231 0.9519230769230769
23 0.1778846153846154 0.6730769230769231 0.22115384615384615 0.6730769230769231 0.22115384615384615 0.9519230769230769 0.1778846153846154 0.9519230769230769
23 0.23076923076923078 0.6730769230769231 0.27403846153846156 0.6730769230769231 0.27403846153846156 0.9519230769230769 0.23076923076923078 0.9519230769230769
23 0.12980769230769232 0.6754807692307693 0.17067307692307693 0.6754807692307693 0.17067307692307693 0.9519230769230769 0.12980769230769232 0.9519230769230769
23 0.02403846153846154 0.2548076923076923 0.0673076923076923 0.2548076923076923 0.0673076923076923 0.53125 0.02403846153846154 0.53125
23 0.07692307692307693 0.6730769230769231 0.1201923076923077 0.6730769230769231 0.1201923076923077 0.9519230769230769 0.07692307692307693 0.9519230769230769
23 0.43509615384615385 0.6754807692307693 0.47836538461538464 0.6754807692307693 0.47836538461538464 0.9519230769230769 0.43509615384615385 0.9519230769230769
23 0.5913461538461539 0.6754807692307693 0.6322115384615384 0.6754807692307693 0.6322115384615384 0.9519230769230769 0.5913461538461539 0.9519230769230769
23 0.4855769230769231 0.6730769230769231 0.5288461538461539 0.6730769230769231 0.5288461538461539 0.9519230769230769 0.4855769230769231 0.9519230769230769
23 0.5384615384615384 0.6730769230769231 0.5817307692307693 0.6730769230769231 0.5817307692307693 0.9519230769230769 0.5384615384615384 0.9519230769230769
23 0.43509615384615385 0.6730769230769231 0.47836538461538464 0.6730769230769231 0.47836538461538464 0.9519230769230769 0.43509615384615385 0.9519230769230769
23 0.3317307692307692 0.6730769230769231 0.375 0.6730769230769231 0.375 0.9519230769230769 0.3317307692307692 0.9519230769230769
23 0.38461538461538464 0.6730769230769231 0.42788461538461536 0.6730769230769231 0.42788461538461536 0.9519230769230769 0.38461538461538464 0.9519230769230769
23 0.28125 0.6754807692307693 0.3245192307692308 0.6754807692307693 0.3245192307692308 0.9519230769230769 0.28125 0.9519230769230769
23 0.02403846153846154 0.6730769230769231 0.0673076923076923 0.6730769230769231 0.0673076923076923 0.9519230769230769 0.02403846153846154 0.9519230769230769
16 0 0.18509615384615385 1 0.18509615384615385 1 0.23557692307692307 0 0.23557692307692307
16 0 0.6177884615384616 1 0.6177884615384616 1 0.6538461538461539 0 0.6538461538461539
16 0 0.05048076923076923 1 0.05048076923076923 1 0.08173076923076923 0 0.08173076923076923
17 0.9375 0.7307692307692307 0.9543269230769231 0.7307692307692307 0.9543269230769231 0.9519230769230769 0.9375 0.9519230769230769
17 0.2692307692307692 0.7283653846153846 0.2860576923076923 0.7283653846153846 0.2860576923076923 0.9519230769230769 0.2692307692307692 0.9519230769230769
17 0.4735576923076923 0.7307692307692307 0.49038461538461536 0.7307692307692307 0.49038461538461536 0.9519230769230769 0.4735576923076923 0.9519230769230769
17 0.01201923076923077 0.7259615384615384 0.03125 0.7259615384615384 0.03125 0.9519230769230769 0.01201923076923077 0.9519230769230769
17 0.5264423076923077 0.7307692307692307 0.5432692307692307 0.7307692307692307 0.5432692307692307 0.9519230769230769 0.5264423076923077 0.9519230769230769
17 0.3701923076923077 0.7283653846153846 0.3894230769230769 0.7283653846153846 0.3894230769230769 0.9519230769230769 0.3701923076923077 0.9519230769230769
17 0.4230769230769231 0.7283653846153846 0.43990384615384615 0.7283653846153846 0.43990384615384615 0.9519230769230769 0.4230769230769231 0.9519230769230769
17 0.7307692307692307 0.7283653846153846 0.7475961538461539 0.7283653846153846 0.7475961538461539 0.9519230769230769 0.7307692307692307 0.9519230769230769
17 0.5769230769230769 0.7283653846153846 0.59375 0.7283653846153846 0.59375 0.9519230769230769 0.5769230769230769 0.9519230769230769
17 0.78125 0.7283653846153846 0.8004807692307693 0.7283653846153846 0.8004807692307693 0.9519230769230769 0.78125 0.9519230769230769
17 0.6274038461538461 0.7283653846153846 0.6466346153846154 0.7283653846153846 0.6466346153846154 0.9519230769230769 0.6274038461538461 0.9519230769230769
17 0.6778846153846154 0.7307692307692307 0.6971153846153846 0.7307692307692307 0.6971153846153846 0.9519230769230769 0.6778846153846154 0.9519230769230769
17 0.31971153846153844 0.7283653846153846 0.33653846153846156 0.7283653846153846 0.33653846153846156 0.9519230769230769 0.31971153846153844 0.9519230769230769
17 0.21875 0.7283653846153846 0.23557692307692307 0.7283653846153846 0.23557692307692307 0.9519230769230769 0.21875 0.9519230769230769
17 0.1658653846153846 0.7283653846153846 0.18269230769230768 0.7283653846153846 0.18269230769230768 0.9519230769230769 0.1658653846153846 0.9519230769230769
17 0.11538461538461539 0.7283653846153846 0.13221153846153846 0.7283653846153846 0.13221153846153846 0.9519230769230769 0.11538461538461539 0.9519230769230769
17 0.06490384615384616 0.7307692307692307 0.08173076923076923 0.7307692307692307 0.08173076923076923 0.9519230769230769 0.06490384615384616 0.9519230769230769
17 0.8341346153846154 0.3125 0.8509615384615384 0.3125 0.8509615384615384 0.53125 0.8341346153846154 0.53125
17 0.9350961538461539 0.3125 0.9543269230769231 0.3125 0.9543269230769231 0.5336538461538461 0.9350961538461539 0.5336538461538461
17 0.2668269230769231 0.31490384615384615 0.28365384615384615 0.31490384615384615 0.28365384615384615 0.53125 0.2668269230769231 0.53125
17 0.8846153846153846 0.3125 0.9038461538461539 0.3125 0.9038461538461539 0.5360576923076923 0.8846153846153846 0.5360576923076923
17 0.47115384615384615 0.3125 0.4879807692307692 0.3125 0.4879807692307692 0.53125 0.47115384615384615 0.53125
17 0.01201923076923077 0.3125 0.028846153846153848 0.3125 0.028846153846153848 0.53125 0.01201923076923077 0.53125
17 0.5240384615384616 0.31009615384615385 0.5408653846153846 0.31009615384615385 0.5408653846153846 0.53125 0.5240384615384616 0.53125
17 0.36778846153846156 0.31009615384615385 0.3870192307692308 0.31009615384615385 0.3870192307692308 0.53125 0.36778846153846156 0.53125
17 0.4182692307692308 0.3125 0.4375 0.3125 0.4375 0.53125 0.4182692307692308 0.53125
17 0.7307692307692307 0.3125 0.7475961538461539 0.3125 0.7475961538461539 0.5336538461538461 0.7307692307692307 0.5336538461538461
17 0.5745192307692307 0.3125 0.5913461538461539 0.3125 0.5913461538461539 0.5336538461538461 0.5745192307692307 0.5336538461538461
17 0.78125 0.3125 0.8004807692307693 0.3125 0.8004807692307693 0.5336538461538461 0.78125 0.5336538461538461
17 0.6274038461538461 0.3125 0.6442307692307693 0.3125 0.6442307692307693 0.5336538461538461 0.6274038461538461 0.5336538461538461
17 0.6778846153846154 0.3125 0.6947115384615384 0.3125 0.6947115384615384 0.53125 0.6778846153846154 0.53125
17 0.3173076923076923 0.3125 0.33413461538461536 0.3125 0.33413461538461536 0.53125 0.3173076923076923 0.53125
17 0.21634615384615385 0.3125 0.23317307692307693 0.3125 0.23317307692307693 0.53125 0.21634615384615385 0.53125
17 0.16346153846153846 0.3125 0.18269230769230768 0.3125 0.18269230769230768 0.53125 0.16346153846153846 0.53125
17 0.11538461538461539 0.3125 0.13221153846153846 0.3125 0.13221153846153846 0.53125 0.11538461538461539 0.53125
17 0.0625 0.3125 0.08173076923076923 0.3125 0.08173076923076923 0.53125 0.0625 0.53125
17 0.8341346153846154 0.7283653846153846 0.8509615384615384 0.7283653846153846 0.8509615384615384 0.9519230769230769 0.8341346153846154 0.9519230769230769
17 0.8870192307692307 0.7307692307692307 0.9038461538461539 0.7307692307692307 0.9038461538461539 0.9519230769230769 0.8870192307692307 0.9519230769230769
11 0 0.0673076923076923 0.9975961538461539 0.0673076923076923 0.9975961538461539 0.6201923076923077 0 0.6201923076923077
12 0 0.9543269230769231 1 0.9543269230769231 1 1 0 1
11 0 0.6201923076923077 0.9975961538461539 0.6201923076923077 0.9975961538461539 0.9975961538461539 0 0.9975961538461539
12 0 0.5745192307692307 1 0.5745192307692307 1 0.6201923076923077 0 0.6201923076923077
2 0.002403846153846154 0.002403846153846154 1 0.002403846153846154 1 0.9975961538461539 0.002403846153846154 0.9975961538461539
10 0.002403846153846154 0.002403846153846154 1 0.002403846153846154 1 0.9975961538461539 0.002403846153846154 0.9975961538461539