23 0.7596153846153846 0.7451923076923077 0.9278846153846154 0.7451923076923077 0.9278846153846154 0.9326923076923077 0.7596153846153846 0.9326923076923077
23 0.7572115384615384 0.06971153846153846 0.9254807692307693 0.06971153846153846 0.9254807692307693 0.25961538461538464 0.7572115384615384 0.25961538461538464
23 0.7572115384615384 0.40625 0.9254807692307693 0.40625 0.9254807692307693 0.59375 0.7572115384615384 0.59375
23 0.0889423076923077 0.7451923076923077 0.25721153846153844 0.7451923076923077 0.25721153846153844 0.9326923076923077 0.0889423076923077 0.9326923076923077
23 0.0889423076923077 0.06971153846153846 0.25721153846153844 0.06971153846153846 0.25721153846153844 0.25961538461538464 0.0889423076923077 0.25961538461538464
23 0.0889423076923077 0.40625 0.25721153846153844 0.40625 0.25721153846153844 0.59375 0.0889423076923077 0.59375
23 0.4254807692307692 0.7451923076923077 0.59375 0.7451923076923077 0.59375 0.9326923076923077 0.4254807692307692 0.9326923076923077
23 0.4254807692307692 0.06971153846153846 0.59375 0.06971153846153846 0.59375 0.25961538461538464 0.4254807692307692 0.25961538461538464
23 0.4254807692307692 0.40625 0.59375 0.40625 0.59375 0.59375 0.4254807692307692 0.59375
12 0.002403846153846154 0.9831730769230769 1 0.9831730769230769 1 1 0.002403846153846154 1
12 0.002403846153846154 0.03365384615384615 1 0.03365384615384615 1 0.05048076923076923 0.002403846153846154 0.05048076923076923
12 0.002403846153846154 0.6947115384615384 1 0.6947115384615384 1 0.7115384615384616 0.002403846153846154 0.7115384615384616
12 0.002403846153846154 0.3581730769230769 1 0.3581730769230769 1 0.375 0.002403846153846154 0.375
11 0.002403846153846154 0.052884615384615384 1 0.052884615384615384 1 0.3557692307692308 0.002403846153846154 0.3557692307692308
11 0.002403846153846154 0.375 1 0.375 1 0.6947115384615384 0.002403846153846154 0.6947115384615384
11 0.002403846153846154 0.7139423076923077 1 0.7139423076923077 1 0.9831730769230769 0.002403846153846154 0.9831730769230769
2 0 0 0.9975961538461539 0 0.9975961538461539 0.9975961538461539 0 0.9975961538461539
10 0 0 0.9975961538461539 0 0.9975961538461539 0.9975961538461539 0 0.9975961538461539