23 0.1466346153846154 0.8461538461538461 0.18269230769230768 0.8461538461538461 0.18269230769230768 0.9158653846153846 0.1466346153846154 0.9158653846153846
23 0.0625 0.8461538461538461 0.07932692307692307 0.8461538461538461 0.07932692307692307 0.9158653846153846 0.0625 0.9158653846153846
23 0.7884615384615384 0.8461538461538461 0.8221153846153846 0.8461538461538461 0.8221153846153846 0.9134615384615384 0.7884615384615384 0.9134615384615384
23 0.0625 0.12740384615384615 0.07932692307692307 0.12740384615384615 0.07932692307692307 0.1971153846153846 0.0625 0.1971153846153846
23 0.14903846153846154 0.3076923076923077 0.18269230769230768 0.3076923076923077 0.18269230769230768 0.37740384615384615 0.14903846153846154 0.37740384615384615
23 0.0625 0.30528846153846156 0.07932692307692307 0.30528846153846156 0.07932692307692307 0.37740384615384615 0.0625 0.37740384615384615
23 0.14903846153846154 0.4879807692307692 0.18269230769230768 0.4879807692307692 0.18269230769230768 0.5576923076923077 0.14903846153846154 0.5576923076923077
23 0.0625 0.4855769230769231 0.07932692307692307 0.4855769230769231 0.07932692307692307 0.5576923076923077 0.0625 0.5576923076923077
23 0.1466346153846154 0.6658653846153846 0.18269230769230768 0.6658653846153846 0.18269230769230768 0.7355769230769231 0.1466346153846154 0.7355769230769231
23 0.0625 0.6634615384615384 0.07932692307692307 0.6634615384615384 0.07932692307692307 0.7355769230769231 0.0625 0.7355769230769231
23 0.14903846153846154 0.12740384615384615 0.18269230769230768 0.12740384615384615 0.18269230769230768 0.1971153846153846 0.14903846153846154 0.1971153846153846
23 0.24278846153846154 0.8461538461538461 0.2932692307692308 0.8461538461538461 0.2932692307692308 0.9158653846153846 0.24278846153846154 0.9158653846153846
23 0.6850961538461539 0.8461538461538461 0.7355769230769231 0.8461538461538461 0.7355769230769231 0.9158653846153846 0.6850961538461539 0.9158653846153846
23 0.43509615384615385 0.8461538461538461 0.4855769230769231 0.8461538461538461 0.4855769230769231 0.9158653846153846 0.43509615384615385 0.9158653846153846
23 0.7884615384615384 0.12740384615384615 0.8221153846153846 0.12740384615384615 0.8221153846153846 0.1971153846153846 0.7884615384615384 0.1971153846153846
23 0.24278846153846154 0.12740384615384615 0.2932692307692308 0.12740384615384615 0.2932692307692308 0.1971153846153846 0.24278846153846154 0.1971153846153846
23 0.6826923076923077 0.12740384615384615 0.7331730769230769 0.12740384615384615 0.7331730769230769 0.1971153846153846 0.6826923076923077 0.1971153846153846
23 0.43509615384615385 0.12980769230769232 0.4855769230769231 0.12980769230769232 0.4855769230769231 0.1971153846153846 0.43509615384615385 0.1971153846153846
23 0.7884615384615384 0.3076923076923077 0.8221153846153846 0.3076923076923077 0.8221153846153846 0.37740384615384615 0.7884615384615384 0.37740384615384615
23 0.24278846153846154 0.3076923076923077 0.2932692307692308 0.3076923076923077 0.2932692307692308 0.37740384615384615 0.24278846153846154 0.37740384615384615
23 0.6826923076923077 0.3076923076923077 0.7331730769230769 0.3076923076923077 0.7331730769230769 0.37740384615384615 0.6826923076923077 0.37740384615384615
23 0.43509615384615385 0.3076923076923077 0.4855769230769231 0.3076923076923077 0.4855769230769231 0.37740384615384615 0.43509615384615385 0.37740384615384615
23 0.7860576923076923 0.4855769230769231 0.8197115384615384 0.4855769230769231 0.8197115384615384 0.5552884615384616 0.7860576923076923 0.5552884615384616
23 0.24278846153846154 0.4855769230769231 0.2932692307692308 0.4855769230769231 0.2932692307692308 0.5552884615384616 0.24278846153846154 0.5552884615384616
23 0.6850961538461539 0.4879807692307692 0.7355769230769231 0.4879807692307692 0.7355769230769231 0.5552884615384616 0.6850961538461539 0.5552884615384616
23 0.43509615384615385 0.4855769230769231 0.4855769230769231 0.4855769230769231 0.4855769230769231 0.5552884615384616 0.43509615384615385 0.5552884615384616
23 0.7884615384615384 0.6658653846153846 0.8221153846153846 0.6658653846153846 0.8221153846153846 0.7331730769230769 0.7884615384615384 0.7331730769230769
23 0.24278846153846154 0.6658653846153846 0.2932692307692308 0.6658653846153846 0.2932692307692308 0.7331730769230769 0.24278846153846154 0.7331730769230769
23 0.6850961538461539 0.6658653846153846 0.7331730769230769 0.6658653846153846 0.7331730769230769 0.7331730769230769 0.6850961538461539 0.7331730769230769
23 0.43509615384615385 0.6658653846153846 0.4855769230769231 0.6658653846153846 0.4855769230769231 0.7331730769230769 0.43509615384615385 0.7331730769230769
23 0.3269230769230769 0.8461538461538461 0.3605769230769231 0.8461538461538461 0.3605769230769231 0.9134615384615384 0.3269230769230769 0.9134615384615384
23 0.3293269230769231 0.12740384615384615 0.3629807692307692 0.12740384615384615 0.3629807692307692 0.1971153846153846 0.3293269230769231 0.1971153846153846
23 0.3293269230769231 0.3076923076923077 0.3629807692307692 0.3076923076923077 0.3629807692307692 0.375 0.3293269230769231 0.375
23 0.3269230769230769 0.4855769230769231 0.3605769230769231 0.4855769230769231 0.3605769230769231 0.5552884615384616 0.3269230769230769 0.5552884615384616
23 0.3269230769230769 0.6658653846153846 0.3605769230769231 0.6658653846153846 0.3605769230769231 0.7331730769230769 0.3269230769230769 0.7331730769230769
23 0.6153846153846154 0.8461538461538461 0.6490384615384616 0.8461538461538461 0.6490384615384616 0.9134615384615384 0.6153846153846154 0.9134615384615384
23 0.6153846153846154 0.12740384615384615 0.6490384615384616 0.12740384615384615 0.6490384615384616 0.1971153846153846 0.6153846153846154 0.1971153846153846
23 0.6153846153846154 0.3076923076923077 0.6490384615384616 0.3076923076923077 0.6490384615384616 0.375 0.6153846153846154 0.375
23 0.6153846153846154 0.4855769230769231 0.6490384615384616 0.4855769230769231 0.6490384615384616 0.5552884615384616 0.6153846153846154 0.5552884615384616
23 0.6153846153846154 0.6658653846153846 0.6490384615384616 0.6658653846153846 0.6490384615384616 0.7331730769230769 0.6153846153846154 0.7331730769230769
23 0.49278846153846156 0.8461538461538461 0.5432692307692307 0.8461538461538461 0.5432692307692307 0.9158653846153846 0.49278846153846156 0.9158653846153846
23 0.49278846153846156 0.12980769230769232 0.5432692307692307 0.12980769230769232 0.5432692307692307 0.1971153846153846 0.49278846153846156 0.1971153846153846
23 0.49278846153846156 0.3076923076923077 0.5432692307692307 0.3076923076923077 0.5432692307692307 0.37740384615384615 0.49278846153846156 0.37740384615384615
23 0.49278846153846156 0.4879807692307692 0.5432692307692307 0.4879807692307692 0.5432692307692307 0.5552884615384616 0.49278846153846156 0.5552884615384616
23 0.49278846153846156 0.6658653846153846 0.5408653846153846 0.6658653846153846 0.5408653846153846 0.7331730769230769 0.49278846153846156 0.7331730769230769
23 0.8894230769230769 0.12740384615384615 0.9038461538461539 0.12740384615384615 0.9038461538461539 0.1971153846153846 0.8894230769230769 0.1971153846153846
23 0.8894230769230769 0.8485576923076923 0.90625 0.8485576923076923 0.90625 0.9182692307692307 0.8894230769230769 0.9182692307692307
23 0.8894230769230769 0.6658653846153846 0.9038461538461539 0.6658653846153846 0.9038461538461539 0.7355769230769231 0.8894230769230769 0.7355769230769231
23 0.8894230769230769 0.4855769230769231 0.9038461538461539 0.4855769230769231 0.9038461538461539 0.5576923076923077 0.8894230769230769 0.5576923076923077
23 0.8894230769230769 0.3076923076923077 0.9038461538461539 0.3076923076923077 0.9038461538461539 0.37740384615384615 0.8894230769230769 0.37740384615384615
17 0.4254807692307692 0.07211538461538461 0.5504807692307693 0.07211538461538461 0.5504807692307693 1 0.4254807692307692 1
17 0.6754807692307693 0.07211538461538461 0.7403846153846154 0.07211538461538461 0.7403846153846154 1 0.6754807692307693 1
17 0.23557692307692307 0.07211538461538461 0.3004807692307692 0.07211538461538461 0.3004807692307692 1 0.23557692307692307 1
12 0 0.9855769230769231 1 0.9855769230769231 1 0.9975961538461539 0 0.9975961538461539
12 0 0.25 1 0.25 1 0.2644230769230769 0 0.2644230769230769
12 0 0.4326923076923077 1 0.4326923076923077 1 0.44471153846153844 0 0.44471153846153844
12 0 0.6129807692307693 1 0.6129807692307693 1 0.625 0 0.625
12 0 0.7980769230769231 1 0.7980769230769231 1 0.8100961538461539 0 0.8100961538461539
22 0 0.07211538461538461 1 0.07211538461538461 1 0.25 0 0.25
11 0 0.8100961538461539 1 0.8100961538461539 1 0.9855769230769231 0 0.9855769230769231
11 0 0.6274038461538461 1 0.6274038461538461 1 0.7980769230769231 0 0.7980769230769231
11 0 0.44471153846153844 1 0.44471153846153844 1 0.6129807692307693 0 0.6129807692307693
11 0 0.2644230769230769 1 0.2644230769230769 1 0.4326923076923077 0 0.4326923076923077
2 0 0 1 0 1 1 0 1
10 0 0 1 0 1 1 0 1