23 0.37259615384615385 0.7451923076923077 0.5288461538461539 0.7451923076923077 0.5288461538461539 0.9326923076923077 0.37259615384615385 0.9326923076923077
23 0.8365384615384616 0.7451923076923077 0.9519230769230769 0.7451923076923077 0.9519230769230769 0.9326923076923077 0.8365384615384616 0.9326923076923077
23 0.8341346153846154 0.06009615384615385 0.9519230769230769 0.06009615384615385 0.9519230769230769 0.2764423076923077 0.8341346153846154 0.2764423076923077
23 0.8341346153846154 0.40384615384615385 0.9519230769230769 0.40384615384615385 0.9519230769230769 0.6201923076923077 0.8341346153846154 0.6201923076923077
23 0.37259615384615385 0.06009615384615385 0.5288461538461539 0.06009615384615385 0.5288461538461539 0.2764423076923077 0.37259615384615385 0.2764423076923077
23 0.37259615384615385 0.4014423076923077 0.5288461538461539 0.4014423076923077 0.5288461538461539 0.6177884615384616 0.37259615384615385 0.6177884615384616
23 0.19230769230769232 0.7451923076923077 0.3485576923076923 0.7451923076923077 0.3485576923076923 0.9326923076923077 0.19230769230769232 0.9326923076923077
23 0.19230769230769232 0.06009615384615385 0.3485576923076923 0.06009615384615385 0.3485576923076923 0.2764423076923077 0.19230769230769232 0.2764423076923077
23 0.19230769230769232 0.4014423076923077 0.3485576923076923 0.4014423076923077 0.3485576923076923 0.6177884615384616 0.19230769230769232 0.6177884615384616
23 0.052884615384615384 0.7451923076923077 0.16826923076923078 0.7451923076923077 0.16826923076923078 0.9326923076923077 0.052884615384615384 0.9326923076923077
23 0.05048076923076923 0.06009615384615385 0.16826923076923078 0.06009615384615385 0.16826923076923078 0.2764423076923077 0.05048076923076923 0.2764423076923077
23 0.05048076923076923 0.40384615384615385 0.16826923076923078 0.40384615384615385 0.16826923076923078 0.6201923076923077 0.05048076923076923 0.6201923076923077
23 0.5504807692307693 0.7451923076923077 0.6658653846153846 0.7451923076923077 0.6658653846153846 0.9326923076923077 0.5504807692307693 0.9326923076923077
23 0.5504807692307693 0.06009615384615385 0.6658653846153846 0.06009615384615385 0.6658653846153846 0.2764423076923077 0.5504807692307693 0.2764423076923077
23 0.5504807692307693 0.40384615384615385 0.6658653846153846 0.40384615384615385 0.6658653846153846 0.6201923076923077 0.5504807692307693 0.6201923076923077
23 0.6947115384615384 0.7451923076923077 0.8100961538461539 0.7451923076923077 0.8100961538461539 0.9326923076923077 0.6947115384615384 0.9326923076923077
23 0.6923076923076923 0.06009615384615385 0.8100961538461539 0.06009615384615385 0.8100961538461539 0.2764423076923077 0.6923076923076923 0.2764423076923077
23 0.6923076923076923 0.40384615384615385 0.8100961538461539 0.40384615384615385 0.8100961538461539 0.6201923076923077 0.6923076923076923 0.6201923076923077
21 0.03125 0.9326923076923077 0.96875 0.9326923076923077 0.96875 0.9399038461538461 0.03125 0.9399038461538461
21 0.03125 0.2764423076923077 0.96875 0.2764423076923077 0.96875 0.28365384615384615 0.03125 0.28365384615384615
21 0.03125 0.6177884615384616 0.96875 0.6177884615384616 0.96875 0.625 0.03125 0.625
12 0 0.2764423076923077 1 0.2764423076923077 1 0.2956730769230769 0 0.2956730769230769
12 0 0.6177884615384616 1 0.6177884615384616 1 0.6394230769230769 0 0.6394230769230769
12 0 0.9326923076923077 1 0.9326923076923077 1 0.9519230769230769 0 0.9519230769230769
11 0 0 1 0 1 0.2764423076923077 0 0.2764423076923077
11 0 0.6370192307692307 1 0.6370192307692307 1 0.9326923076923077 0 0.9326923076923077
11 0 0.2956730769230769 1 0.2956730769230769 1 0.6177884615384616 0 0.6177884615384616
2 0 0 1 0 1 1 0 1
10 0 0.002403846153846154 1 0.002403846153846154 1 1 0 1