23 0.8461538461538461 0.24519230769230768 0.8822115384615384 0.24519230769230768 0.8822115384615384 0.3798076923076923 0.8461538461538461 0.3798076923076923
23 0.7980769230769231 0.24519230769230768 0.8341346153846154 0.24519230769230768 0.8341346153846154 0.3798076923076923 0.7980769230769231 0.3798076923076923
23 0.06490384615384616 0.24519230769230768 0.10096153846153846 0.24519230769230768 0.10096153846153846 0.3798076923076923 0.06490384615384616 0.3798076923076923
23 0.06490384615384616 0.7403846153846154 0.10096153846153846 0.7403846153846154 0.10096153846153846 0.9038461538461539 0.06490384615384616 0.9038461538461539
23 0.2620192307692308 0.24519230769230768 0.2980769230769231 0.24519230769230768 0.2980769230769231 0.3798076923076923 0.2620192307692308 0.3798076923076923
23 0.21394230769230768 0.24519230769230768 0.25 0.24519230769230768 0.25 0.3798076923076923 0.21394230769230768 0.3798076923076923
23 0.4567307692307692 0.24519230769230768 0.49278846153846156 0.24519230769230768 0.49278846153846156 0.3798076923076923 0.4567307692307692 0.3798076923076923
23 0.40865384615384615 0.24519230769230768 0.44471153846153844 0.24519230769230768 0.44471153846153844 0.3798076923076923 0.40865384615384615 0.3798076923076923
23 0.6514423076923077 0.24519230769230768 0.6875 0.24519230769230768 0.6875 0.3798076923076923 0.6514423076923077 0.3798076923076923
23 0.6033653846153846 0.24519230769230768 0.6394230769230769 0.24519230769230768 0.6394230769230769 0.3798076923076923 0.6033653846153846 0.3798076923076923
23 0.016826923076923076 0.24519230769230768 0.052884615384615384 0.24519230769230768 0.052884615384615384 0.3798076923076923 0.016826923076923076 0.3798076923076923
23 0.016826923076923076 0.7403846153846154 0.055288461538461536 0.7403846153846154 0.055288461538461536 0.9038461538461539 0.016826923076923076 0.9038461538461539
23 0.06490384615384616 0.6418269230769231 0.10096153846153846 0.6418269230769231 0.10096153846153846 0.7283653846153846 0.06490384615384616 0.7283653846153846
23 0.016826923076923076 0.6418269230769231 0.055288461538461536 0.6418269230769231 0.055288461538461536 0.7283653846153846 0.016826923076923076 0.7283653846153846
23 0.25961538461538464 0.6418269230769231 0.2980769230769231 0.6418269230769231 0.2980769230769231 0.7283653846153846 0.25961538461538464 0.7283653846153846
23 0.21394230769230768 0.6418269230769231 0.25 0.6418269230769231 0.25 0.7283653846153846 0.21394230769230768 0.7283653846153846
23 0.4543269230769231 0.6418269230769231 0.49278846153846156 0.6418269230769231 0.49278846153846156 0.7283653846153846 0.4543269230769231 0.7283653846153846
23 0.40865384615384615 0.6418269230769231 0.44471153846153844 0.6418269230769231 0.44471153846153844 0.7283653846153846 0.40865384615384615 0.7283653846153846
23 0.6490384615384616 0.6418269230769231 0.6875 0.6418269230769231 0.6875 0.7283653846153846 0.6490384615384616 0.7283653846153846
23 0.6033653846153846 0.6418269230769231 0.6394230769230769 0.6418269230769231 0.6394230769230769 0.7283653846153846 0.6033653846153846 0.7283653846153846
23 0.84375 0.6418269230769231 0.8822115384615384 0.6418269230769231 0.8822115384615384 0.7283653846153846 0.84375 0.7283653846153846
23 0.7980769230769231 0.6418269230769231 0.8341346153846154 0.6418269230769231 0.8341346153846154 0.7283653846153846 0.7980769230769231 0.7283653846153846
23 0.8461538461538461 0.7403846153846154 0.8822115384615384 0.7403846153846154 0.8822115384615384 0.9038461538461539 0.8461538461538461 0.9038461538461539
23 0.7980769230769231 0.7403846153846154 0.8341346153846154 0.7403846153846154 0.8341346153846154 0.9038461538461539 0.7980769230769231 0.9038461538461539
23 0.6490384615384616 0.7403846153846154 0.6875 0.7403846153846154 0.6875 0.9038461538461539 0.6490384615384616 0.9038461538461539
23 0.6009615384615384 0.7403846153846154 0.6394230769230769 0.7403846153846154 0.6394230769230769 0.9038461538461539 0.6009615384615384 0.9038461538461539
23 0.4543269230769231 0.7403846153846154 0.49278846153846156 0.7403846153846154 0.49278846153846156 0.9038461538461539 0.4543269230769231 0.9038461538461539
23 0.40625 0.7403846153846154 0.44471153846153844 0.7403846153846154 0.44471153846153844 0.9038461538461539 0.40625 0.9038461538461539
23 0.25961538461538464 0.7403846153846154 0.2980769230769231 0.7403846153846154 0.2980769230769231 0.9038461538461539 0.25961538461538464 0.9038461538461539
23 0.21153846153846154 0.7403846153846154 0.25 0.7403846153846154 0.25 0.9038461538461539 0.21153846153846154 0.9038461538461539
4 0.7548076923076923 0.49278846153846156 0.9350961538461539 0.49278846153846156 0.9350961538461539 0.5961538461538461 0.7548076923076923 0.5961538461538461
4 0.3581730769230769 0.49278846153846156 0.5384615384615384 0.49278846153846156 0.5384615384615384 0.5961538461538461 0.3581730769230769 0.5961538461538461
4 0 0.49278846153846156 0.14182692307692307 0.49278846153846156 0.14182692307692307 0.5961538461538461 0 0.5961538461538461
4 0.5552884615384616 0.49278846153846156 0.7355769230769231 0.49278846153846156 0.7355769230769231 0.5961538461538461 0.5552884615384616 0.5961538461538461
4 0.15865384615384615 0.49278846153846156 0.34134615384615385 0.49278846153846156 0.34134615384615385 0.5961538461538461 0.15865384615384615 0.5961538461538461
5 0.12259615384615384 0.6778846153846154 0.18028846153846154 0.6778846153846154 0.18028846153846154 0.8149038461538461 0.12259615384615384 0.8149038461538461
5 0.3293269230769231 0.6754807692307693 0.37259615384615385 0.6754807692307693 0.37259615384615385 0.8149038461538461 0.3293269230769231 0.8149038461538461
5 0.5264423076923077 0.6826923076923077 0.5673076923076923 0.6826923076923077 0.5673076923076923 0.8149038461538461 0.5264423076923077 0.8149038461538461
5 0.7163461538461539 0.6730769230769231 0.7692307692307693 0.6730769230769231 0.7692307692307693 0.8125 0.7163461538461539 0.8125
17 0.10096153846153846 0.6201923076923077 0.13221153846153846 0.6201923076923077 0.13221153846153846 0.9110576923076923 0.10096153846153846 0.9110576923076923
17 0.7644230769230769 0.6177884615384616 0.7932692307692307 0.6177884615384616 0.7932692307692307 0.9086538461538461 0.7644230769230769 0.9086538461538461
17 0.8870192307692307 0.6201923076923077 0.9158653846153846 0.6201923076923077 0.9158653846153846 0.9086538461538461 0.8870192307692307 0.9086538461538461
17 0.17548076923076922 0.6177884615384616 0.20673076923076922 0.6177884615384616 0.20673076923076922 0.9086538461538461 0.17548076923076922 0.9086538461538461
17 0.2980769230769231 0.6201923076923077 0.3293269230769231 0.6201923076923077 0.3293269230769231 0.9086538461538461 0.2980769230769231 0.9086538461538461
17 0.3701923076923077 0.6177884615384616 0.4014423076923077 0.6177884615384616 0.4014423076923077 0.9086538461538461 0.3701923076923077 0.9086538461538461
17 0.4951923076923077 0.6201923076923077 0.5240384615384616 0.6201923076923077 0.5240384615384616 0.9086538461538461 0.4951923076923077 0.9086538461538461
17 0.5673076923076923 0.6177884615384616 0.5985576923076923 0.6177884615384616 0.5985576923076923 0.9086538461538461 0.5673076923076923 0.9086538461538461
17 0.6899038461538461 0.6201923076923077 0.7211538461538461 0.6201923076923077 0.7211538461538461 0.9086538461538461 0.6899038461538461 0.9086538461538461
5 0.7692307692307693 0.4831730769230769 0.7908653846153846 0.4831730769230769 0.7908653846153846 0.5625 0.7692307692307693 0.5625
5 0.10817307692307693 0.4831730769230769 0.12980769230769232 0.4831730769230769 0.12980769230769232 0.5625 0.10817307692307693 0.5625
5 0.8942307692307693 0.4831730769230769 0.9158653846153846 0.4831730769230769 0.9158653846153846 0.5576923076923077 0.8942307692307693 0.5576923076923077
5 0.18028846153846154 0.4831730769230769 0.20192307692307693 0.4831730769230769 0.20192307692307693 0.5576923076923077 0.18028846153846154 0.5576923076923077
5 0.30528846153846156 0.4855769230769231 0.3269230769230769 0.4855769230769231 0.3269230769230769 0.5625 0.30528846153846156 0.5625
5 0.375 0.4831730769230769 0.39663461538461536 0.4831730769230769 0.39663461538461536 0.5576923076923077 0.375 0.5576923076923077
5 0.5024038461538461 0.4831730769230769 0.5216346153846154 0.4831730769230769 0.5216346153846154 0.5600961538461539 0.5024038461538461 0.5600961538461539
5 0.5745192307692307 0.4831730769230769 0.59375 0.4831730769230769 0.59375 0.5600961538461539 0.5745192307692307 0.5600961538461539
5 0.6971153846153846 0.4831730769230769 0.71875 0.4831730769230769 0.71875 0.5576923076923077 0.6971153846153846 0.5576923076923077
5 0.028846153846153848 0.4230769230769231 0.07451923076923077 0.4230769230769231 0.07451923076923077 0.5072115384615384 0.028846153846153848 0.5072115384615384
5 0.23317307692307693 0.4230769230769231 0.27163461538461536 0.4230769230769231 0.27163461538461536 0.5048076923076923 0.23317307692307693 0.5048076923076923
5 0.4206730769230769 0.4182692307692308 0.46875 0.4182692307692308 0.46875 0.5048076923076923 0.4206730769230769 0.5048076923076923
5 0.6274038461538461 0.4206730769230769 0.6658653846153846 0.4206730769230769 0.6658653846153846 0.5048076923076923 0.6274038461538461 0.5048076923076923
5 0.8245192307692307 0.41586538461538464 0.8653846153846154 0.41586538461538464 0.8653846153846154 0.5048076923076923 0.8245192307692307 0.5048076923076923
5 0.040865384615384616 0.14903846153846154 0.0673076923076923 0.14903846153846154 0.0673076923076923 0.22115384615384615 0.040865384615384616 0.22115384615384615
5 0.10336538461538461 0.14903846153846154 0.12740384615384615 0.14903846153846154 0.12740384615384615 0.21875 0.10336538461538461 0.21875
5 0.1778846153846154 0.14903846153846154 0.20192307692307693 0.14903846153846154 0.20192307692307693 0.21875 0.1778846153846154 0.21875
5 0.23798076923076922 0.14903846153846154 0.2644230769230769 0.14903846153846154 0.2644230769230769 0.21875 0.23798076923076922 0.21875
5 0.3004807692307692 0.14903846153846154 0.3245192307692308 0.14903846153846154 0.3245192307692308 0.21875 0.3004807692307692 0.21875
5 0.375 0.14903846153846154 0.39903846153846156 0.14903846153846154 0.39903846153846156 0.21875 0.375 0.21875
5 0.4375 0.14903846153846154 0.46153846153846156 0.14903846153846154 0.46153846153846156 0.21875 0.4375 0.21875
5 0.49759615384615385 0.14903846153846154 0.5216346153846154 0.14903846153846154 0.5216346153846154 0.21875 0.49759615384615385 0.21875
5 0.5721153846153846 0.14903846153846154 0.5985576923076923 0.14903846153846154 0.5985576923076923 0.21875 0.5721153846153846 0.21875
5 0.8918269230769231 0.14903846153846154 0.9158653846153846 0.14903846153846154 0.9158653846153846 0.21875 0.8918269230769231 0.21875
5 0.6346153846153846 0.14903846153846154 0.6586538461538461 0.14903846153846154 0.6586538461538461 0.21875 0.6346153846153846 0.21875
5 0.6947115384615384 0.14903846153846154 0.7211538461538461 0.14903846153846154 0.7211538461538461 0.21875 0.6947115384615384 0.21875
5 0.7692307692307693 0.14903846153846154 0.7932692307692307 0.14903846153846154 0.7932692307692307 0.21875 0.7692307692307693 0.21875
5 0.8293269230769231 0.14903846153846154 0.8557692307692307 0.14903846153846154 0.8557692307692307 0.21875 0.8293269230769231 0.21875
16 0 0.15625 0.9471153846153846 0.15625 0.9471153846153846 0.16826923076923078 0 0.16826923076923078
16 0 0.5961538461538461 0.9158653846153846 0.5961538461538461 0.9158653846153846 0.6153846153846154 0 0.6153846153846154
17 0.10576923076923077 0.22596153846153846 0.13221153846153846 0.22596153846153846 0.13221153846153846 0.4519230769230769 0.10576923076923077 0.4519230769230769
17 0.8894230769230769 0.22596153846153846 0.9158653846153846 0.22596153846153846 0.9158653846153846 0.4519230769230769 0.8894230769230769 0.4519230769230769
17 0.7668269230769231 0.22596153846153846 0.7932692307692307 0.22596153846153846 0.7932692307692307 0.4519230769230769 0.7668269230769231 0.4519230769230769
17 0.3004807692307692 0.22596153846153846 0.3269230769230769 0.22596153846153846 0.3269230769230769 0.4519230769230769 0.3004807692307692 0.4519230769230769
17 0.1778846153846154 0.22596153846153846 0.20673076923076922 0.22596153846153846 0.20673076923076922 0.4519230769230769 0.1778846153846154 0.4519230769230769
17 0.49759615384615385 0.22596153846153846 0.5240384615384616 0.22596153846153846 0.5240384615384616 0.4519230769230769 0.49759615384615385 0.4519230769230769
17 0.375 0.22596153846153846 0.4014423076923077 0.22596153846153846 0.4014423076923077 0.4519230769230769 0.375 0.4519230769230769
17 0.6923076923076923 0.22596153846153846 0.71875 0.22596153846153846 0.71875 0.4519230769230769 0.6923076923076923 0.4519230769230769
17 0.5697115384615384 0.22596153846153846 0.5961538461538461 0.22596153846153846 0.5961538461538461 0.4519230769230769 0.5697115384615384 0.4519230769230769
23 0.8461538461538461 0 0.8629807692307693 0 0.8629807692307693 0.028846153846153848 0.8461538461538461 0.028846153846153848
23 0.8197115384615384 0 0.8365384615384616 0 0.8365384615384616 0.028846153846153848 0.8197115384615384 0.028846153846153848
23 0.0625 0 0.08173076923076923 0 0.08173076923076923 0.028846153846153848 0.0625 0.028846153846153848
23 0.036057692307692304 0 0.055288461538461536 0 0.055288461538461536 0.028846153846153848 0.036057692307692304 0.028846153846153848
23 0.25961538461538464 0 0.2764423076923077 0 0.2764423076923077 0.028846153846153848 0.25961538461538464 0.028846153846153848
23 0.23317307692307693 0 0.25 0 0.25 0.028846153846153848 0.23317307692307693 0.028846153846153848
23 0.4543269230769231 0 0.47115384615384615 0 0.47115384615384615 0.028846153846153848 0.4543269230769231 0.028846153846153848
23 0.42788461538461536 0 0.44471153846153844 0 0.44471153846153844 0.028846153846153848 0.42788461538461536 0.028846153846153848
23 0.6490384615384616 0 0.6658653846153846 0 0.6658653846153846 0.028846153846153848 0.6490384615384616 0.028846153846153848
23 0.6225961538461539 0 0.6418269230769231 0 0.6418269230769231 0.028846153846153848 0.6225961538461539 0.028846153846153848
17 0.9399038461538461 0.11298076923076923 1 0.11298076923076923 1 1 0.9399038461538461 1
16 0 0.9350961538461539 0.9663461538461539 0.9350961538461539 0.9663461538461539 1 0 1
0 0 0.84375 0.9639423076923077 0.84375 0.9639423076923077 0.9158653846153846 0 0.9158653846153846
12 0 0.9158653846153846 1 0.9158653846153846 1 0.9375 0 0.9375
12 0 0.4807692307692308 1 0.4807692307692308 1 0.5024038461538461 0 0.5024038461538461
12 0 0.125 1 0.125 1 0.1466346153846154 0 0.1466346153846154
22 0 0.002403846153846154 1 0.002403846153846154 1 0.125 0 0.125
11 0 0.9350961538461539 0.9975961538461539 0.9350961538461539 0.9975961538461539 1 0 1
11 0 0.14423076923076922 1 0.14423076923076922 1 0.4807692307692308 0 0.4807692307692308
11 0 0.5024038461538461 1 0.5024038461538461 1 0.9158653846153846 0 0.9158653846153846
19 0 0 0.9759615384615384 0 0.9759615384615384 0.12259615384615384 0 0.12259615384615384
16 0 0.20673076923076922 0.9591346153846154 0.20673076923076922 0.9591346153846154 0.2283653846153846 0 0.2283653846153846
2 0 0 1 0 1 1 0 1
10 0 0 1 0 1 1 0 1