4 0.19230769230769232 0.2548076923076923 0.24759615384615385 0.2548076923076923 0.24759615384615385 0.27403846153846156 0.19230769230769232 0.27403846153846156
4 0.24759615384615385 0.2548076923076923 0.30288461538461536 0.2548076923076923 0.30288461538461536 0.27403846153846156 0.24759615384615385 0.27403846153846156
4 0.7139423076923077 0.2548076923076923 0.7692307692307693 0.2548076923076923 0.7692307692307693 0.27403846153846156 0.7139423076923077 0.27403846153846156
4 0.7668269230769231 0.2548076923076923 0.8245192307692307 0.2548076923076923 0.8245192307692307 0.27403846153846156 0.7668269230769231 0.27403846153846156
4 0.4519230769230769 0.2548076923076923 0.5072115384615384 0.2548076923076923 0.5072115384615384 0.27403846153846156 0.4519230769230769 0.27403846153846156
4 0.5096153846153846 0.25240384615384615 0.5649038461538461 0.25240384615384615 0.5649038461538461 0.27403846153846156 0.5096153846153846 0.27403846153846156
23 0.7163461538461539 0.5649038461538461 0.7620192307692307 0.5649038461538461 0.7620192307692307 0.7067307692307693 0.7163461538461539 0.7067307692307693
23 0.7716346153846154 0.5649038461538461 0.8197115384615384 0.5649038461538461 0.8197115384615384 0.7067307692307693 0.7716346153846154 0.7067307692307693
23 0.2548076923076923 0.5649038461538461 0.3004807692307692 0.5649038461538461 0.3004807692307692 0.7067307692307693 0.2548076923076923 0.7067307692307693
23 0.19951923076923078 0.5649038461538461 0.24519230769230768 0.5649038461538461 0.24519230769230768 0.7043269230769231 0.19951923076923078 0.7043269230769231
23 0.5120192307692307 0.5649038461538461 0.5600961538461539 0.5649038461538461 0.5600961538461539 0.7067307692307693 0.5120192307692307 0.7067307692307693
23 0.4567307692307692 0.5649038461538461 0.5024038461538461 0.5649038461538461 0.5024038461538461 0.7067307692307693 0.4567307692307692 0.7067307692307693
23 0.19471153846153846 0.2620192307692308 0.24519230769230768 0.2620192307692308 0.24519230769230768 0.40384615384615385 0.19471153846153846 0.40384615384615385
23 0.25240384615384615 0.2620192307692308 0.3004807692307692 0.2620192307692308 0.3004807692307692 0.40384615384615385 0.25240384615384615 0.40384615384615385
23 0.7163461538461539 0.2620192307692308 0.7644230769230769 0.2620192307692308 0.7644230769230769 0.40384615384615385 0.7163461538461539 0.40384615384615385
23 0.7716346153846154 0.2620192307692308 0.8221153846153846 0.2620192307692308 0.8221153846153846 0.40384615384615385 0.7716346153846154 0.40384615384615385
23 0.4567307692307692 0.2620192307692308 0.5048076923076923 0.2620192307692308 0.5048076923076923 0.40384615384615385 0.4567307692307692 0.40384615384615385
23 0.5120192307692307 0.2620192307692308 0.5625 0.2620192307692308 0.5625 0.40384615384615385 0.5120192307692307 0.40384615384615385
5 0.6706730769230769 0.10096153846153846 0.8677884615384616 0.10096153846153846 0.8677884615384616 0.30288461538461536 0.6706730769230769 0.30288461538461536
5 0.15144230769230768 0.10576923076923077 0.34615384615384615 0.10576923076923077 0.34615384615384615 0.30288461538461536 0.15144230769230768 0.30288461538461536
5 0.4110576923076923 0.10336538461538461 0.6081730769230769 0.10336538461538461 0.6081730769230769 0.30288461538461536 0.4110576923076923 0.30288461538461536
5 0.19230769230769232 0.5192307692307693 0.30528846153846156 0.5192307692307693 0.30528846153846156 0.5769230769230769 0.19230769230769232 0.5769230769230769
5 0.7139423076923077 0.5192307692307693 0.8269230769230769 0.5192307692307693 0.8269230769230769 0.5769230769230769 0.7139423076923077 0.5769230769230769
5 0.4519230769230769 0.5192307692307693 0.5673076923076923 0.5192307692307693 0.5673076923076923 0.5769230769230769 0.4519230769230769 0.5769230769230769
4 0.13701923076923078 0.78125 0.3605769230769231 0.78125 0.3605769230769231 0.8725961538461539 0.13701923076923078 0.8725961538461539
4 0.39663461538461536 0.78125 0.6225961538461539 0.78125 0.6225961538461539 0.8701923076923077 0.39663461538461536 0.8701923076923077
4 0.6586538461538461 0.78125 0.8822115384615384 0.78125 0.8822115384615384 0.8725961538461539 0.6586538461538461 0.8725961538461539
8 0.13942307692307693 0.8100961538461539 0.3605769230769231 0.8100961538461539 0.3605769230769231 1 0.13942307692307693 1
8 0.39903846153846156 0.8100961538461539 0.6201923076923077 0.8100961538461539 0.6201923076923077 1 0.39903846153846156 1
8 0.6586538461538461 0.8100961538461539 0.8822115384615384 0.8100961538461539 0.8822115384615384 1 0.6586538461538461 1
17 0.6105769230769231 0.8870192307692307 0.6658653846153846 0.8870192307692307 0.6658653846153846 1 0.6105769230769231 1
17 0.35336538461538464 0.8894230769230769 0.40384615384615385 0.8894230769230769 0.40384615384615385 1 0.35336538461538464 1
4 0.4326923076923077 0.8701923076923077 0.5456730769230769 0.8701923076923077 0.5456730769230769 0.9158653846153846 0.4326923076923077 0.9158653846153846
23 0.6634615384615384 0.8966346153846154 0.7764423076923077 0.8966346153846154 0.7764423076923077 1 0.6634615384615384 1
23 0.4326923076923077 0.8966346153846154 0.5456730769230769 0.8966346153846154 0.5456730769230769 1 0.4326923076923077 1
4 0.6634615384615384 0.8701923076923077 0.7764423076923077 0.8701923076923077 0.7764423076923077 0.9158653846153846 0.6634615384615384 0.9158653846153846
15 0.07211538461538461 0.7788461538461539 1 0.7788461538461539 1 1 0.07211538461538461 1
12 0.07211538461538461 0.7644230769230769 1 0.7644230769230769 1 0.7788461538461539 0.07211538461538461 0.7788461538461539
12 0.07211538461538461 0.45913461538461536 1 0.45913461538461536 1 0.4735576923076923 0.07211538461538461 0.4735576923076923
22 0.07211538461538461 0.026442307692307692 1 0.026442307692307692 1 0.45913461538461536 0.07211538461538461 0.45913461538461536
11 0.07211538461538461 0.4735576923076923 1 0.4735576923076923 1 0.7644230769230769 0.07211538461538461 0.7644230769230769
2 0 0 1 0 1 1 0 1
10 0.002403846153846154 0 0.9975961538461539 0 0.9975961538461539 1 0.002403846153846154 1