23 0.8701923076923077 0.4230769230769231 0.9110576923076923 0.4230769230769231 0.9110576923076923 0.5360576923076923 0.8701923076923077 0.5360576923076923
23 0.10576923076923077 0.4206730769230769 0.1466346153846154 0.4206730769230769 0.1466346153846154 0.5336538461538461 0.10576923076923077 0.5336538461538461
23 0.21875 0.4230769230769231 0.25961538461538464 0.4230769230769231 0.25961538461538464 0.5360576923076923 0.21875 0.5360576923076923
23 0.21875 0.4230769230769231 0.25961538461538464 0.4230769230769231 0.25961538461538464 0.5360576923076923 0.21875 0.5360576923076923
23 0.33413461538461536 0.4230769230769231 0.375 0.4230769230769231 0.375 0.5360576923076923 0.33413461538461536 0.5360576923076923
23 0.6442307692307693 0.4230769230769231 0.6850961538461539 0.4230769230769231 0.6850961538461539 0.5360576923076923 0.6442307692307693 0.5360576923076923
23 0.7572115384615384 0.4230769230769231 0.7980769230769231 0.4230769230769231 0.7980769230769231 0.5360576923076923 0.7572115384615384 0.5360576923076923
23 0.3317307692307692 0.6418269230769231 0.37259615384615385 0.6418269230769231 0.37259615384615385 0.7331730769230769 0.3317307692307692 0.7331730769230769
23 0.10576923076923077 0.6418269230769231 0.1466346153846154 0.6418269230769231 0.1466346153846154 0.7331730769230769 0.10576923076923077 0.7331730769230769
23 0.21875 0.6418269230769231 0.25961538461538464 0.6418269230769231 0.25961538461538464 0.7331730769230769 0.21875 0.7331730769230769
23 0.6442307692307693 0.7932692307692307 0.6850961538461539 0.7932692307692307 0.6850961538461539 0.8605769230769231 0.6442307692307693 0.8605769230769231
23 0.10576923076923077 0.7932692307692307 0.1466346153846154 0.7932692307692307 0.1466346153846154 0.8581730769230769 0.10576923076923077 0.8581730769230769
23 0.10576923076923077 0.7932692307692307 0.1466346153846154 0.7932692307692307 0.1466346153846154 0.8581730769230769 0.10576923076923077 0.8581730769230769
8 0.21153846153846154 0.7932692307692307 0.2644230769230769 0.7932692307692307 0.2644230769230769 0.9158653846153846 0.21153846153846154 0.9158653846153846
23 0.8701923076923077 0.7932692307692307 0.9110576923076923 0.7932692307692307 0.9110576923076923 0.8605769230769231 0.8701923076923077 0.8605769230769231
23 0.7572115384615384 0.6418269230769231 0.7980769230769231 0.6418269230769231 0.7980769230769231 0.7331730769230769 0.7572115384615384 0.7331730769230769
23 0.6442307692307693 0.6418269230769231 0.6850961538461539 0.6418269230769231 0.6850961538461539 0.7331730769230769 0.6442307692307693 0.7331730769230769
23 0.8701923076923077 0.6442307692307693 0.9110576923076923 0.6442307692307693 0.9110576923076923 0.7331730769230769 0.8701923076923077 0.7331730769230769
8 0.75 0.7908653846153846 0.8028846153846154 0.7908653846153846 0.8028846153846154 0.9158653846153846 0.75 0.9158653846153846
8 0.47596153846153844 0.7692307692307693 0.5408653846153846 0.7692307692307693 0.5408653846153846 0.9158653846153846 0.47596153846153844 0.9158653846153846
23 0.10576923076923077 0.23557692307692307 0.1466346153846154 0.23557692307692307 0.1466346153846154 0.31971153846153844 0.10576923076923077 0.31971153846153844
23 0.21875 0.23317307692307693 0.25961538461538464 0.23317307692307693 0.25961538461538464 0.31971153846153844 0.21875 0.31971153846153844
23 0.3317307692307692 0.23557692307692307 0.37259615384615385 0.23557692307692307 0.37259615384615385 0.31971153846153844 0.3317307692307692 0.31971153846153844
23 0.5504807692307693 0.23557692307692307 0.5913461538461539 0.23557692307692307 0.5913461538461539 0.31971153846153844 0.5504807692307693 0.31971153846153844
23 0.42788461538461536 0.23557692307692307 0.46875 0.23557692307692307 0.46875 0.31971153846153844 0.42788461538461536 0.31971153846153844
23 0.6466346153846154 0.23557692307692307 0.6875 0.23557692307692307 0.6875 0.31971153846153844 0.6466346153846154 0.31971153846153844
23 0.7596153846153846 0.23557692307692307 0.8004807692307693 0.23557692307692307 0.8004807692307693 0.31971153846153844 0.7596153846153846 0.31971153846153844
23 0.8725961538461539 0.23798076923076922 0.9134615384615384 0.23798076923076922 0.9134615384615384 0.32211538461538464 0.8725961538461539 0.32211538461538464
8 0.4831730769230769 0.4543269230769231 0.5360576923076923 0.4543269230769231 0.5360576923076923 0.5913461538461539 0.4831730769230769 0.5913461538461539
23 0.4807692307692308 0.4254807692307692 0.5360576923076923 0.4254807692307692 0.5360576923076923 0.4543269230769231 0.4807692307692308 0.4543269230769231
5 0.4807692307692308 0.38221153846153844 0.5360576923076923 0.38221153846153844 0.5360576923076923 0.4230769230769231 0.4807692307692308 0.4230769230769231
23 0.47596153846153844 0.6418269230769231 0.5408653846153846 0.6418269230769231 0.5408653846153846 0.7139423076923077 0.47596153846153844 0.7139423076923077
4 0.4543269230769231 0.7307692307692307 0.5600961538461539 0.7307692307692307 0.5600961538461539 0.7427884615384616 0.4543269230769231 0.7427884615384616
16 0.0673076923076923 0.34134615384615385 0.9495192307692307 0.34134615384615385 0.9495192307692307 0.36538461538461536 0.0673076923076923 0.36538461538461536
16 0.06490384615384616 0.19230769230769232 0.9567307692307693 0.19230769230769232 0.9567307692307693 0.21394230769230768 0.06490384615384616 0.21394230769230768
16 0.06490384615384616 0.59375 0.9519230769230769 0.59375 0.9519230769230769 0.6225961538461539 0.06490384615384616 0.6225961538461539
0 0.4375 0.5288461538461539 0.5793269230769231 0.5288461538461539 0.5793269230769231 0.6009615384615384 0.4375 0.6009615384615384
21 0.8629807692307693 0.5360576923076923 0.9206730769230769 0.5360576923076923 0.9206730769230769 0.5480769230769231 0.8629807692307693 0.5480769230769231
21 0.09615384615384616 0.5336538461538461 0.15625 0.5336538461538461 0.15625 0.5456730769230769 0.09615384615384616 0.5456730769230769
21 0.21153846153846154 0.5336538461538461 0.2692307692307692 0.5336538461538461 0.2692307692307692 0.5456730769230769 0.21153846153846154 0.5456730769230769
21 0.32211538461538464 0.5336538461538461 0.38221153846153844 0.5336538461538461 0.38221153846153844 0.5456730769230769 0.32211538461538464 0.5456730769230769
21 0.6346153846153846 0.5360576923076923 0.6947115384615384 0.5360576923076923 0.6947115384615384 0.5456730769230769 0.6346153846153846 0.5456730769230769
21 0.7475961538461539 0.5360576923076923 0.8076923076923077 0.5360576923076923 0.8076923076923077 0.5456730769230769 0.7475961538461539 0.5456730769230769
5 0.5649038461538461 0.6009615384615384 0.5745192307692307 0.6009615384615384 0.5745192307692307 0.6129807692307693 0.5649038461538461 0.6129807692307693
5 0.43990384615384615 0.6009615384615384 0.4495192307692308 0.6009615384615384 0.4495192307692308 0.6153846153846154 0.43990384615384615 0.6153846153846154
5 0.46875 0.6009615384615384 0.4807692307692308 0.6009615384615384 0.4807692307692308 0.6129807692307693 0.46875 0.6129807692307693
5 0.5336538461538461 0.6009615384615384 0.5432692307692307 0.6009615384615384 0.5432692307692307 0.6129807692307693 0.5336538461538461 0.6129807692307693
2 0.055288461538461536 0.0673076923076923 0.9615384615384616 0.0673076923076923 0.9615384615384616 0.9158653846153846 0.055288461538461536 0.9158653846153846
12 0.07451923076923077 0.34375 0.9423076923076923 0.34375 0.9423076923076923 0.3581730769230769 0.07451923076923077 0.3581730769230769
22 0.07451923076923077 0.19471153846153846 0.9423076923076923 0.19471153846153846 0.9423076923076923 0.3581730769230769 0.07451923076923077 0.3581730769230769
12 0.07451923076923077 0.5865384615384616 0.9423076923076923 0.5865384615384616 0.9423076923076923 0.6009615384615384 0.07451923076923077 0.6009615384615384
12 0.07451923076923077 0.7572115384615384 0.9423076923076923 0.7572115384615384 0.9423076923076923 0.7716346153846154 0.07451923076923077 0.7716346153846154
15 0.07451923076923077 0.7548076923076923 0.9423076923076923 0.7548076923076923 0.9423076923076923 0.9158653846153846 0.07451923076923077 0.9158653846153846
11 0.07451923076923077 0.6009615384615384 0.9423076923076923 0.6009615384615384 0.9423076923076923 0.7692307692307693 0.07451923076923077 0.7692307692307693
11 0.07451923076923077 0.3557692307692308 0.9423076923076923 0.3557692307692308 0.9423076923076923 0.6009615384615384 0.07451923076923077 0.6009615384615384
19 0.06971153846153846 0.14423076923076922 0.9495192307692307 0.14423076923076922 0.9495192307692307 0.1778846153846154 0.06971153846153846 0.1778846153846154
10 0.057692307692307696 0.0673076923076923 0.9639423076923077 0.0673076923076923 0.9639423076923077 0.9158653846153846 0.057692307692307696 0.9158653846153846
23 0.3317307692307692 0.7932692307692307 0.37259615384615385 0.7932692307692307 0.37259615384615385 0.8581730769230769 0.3317307692307692 0.8581730769230769