23 0.9230769230769231 0.6514423076923077 1 0.6514423076923077 1 0.8870192307692307 0.9230769230769231 0.8870192307692307
23 0.11057692307692307 0.6514423076923077 0.2091346153846154 0.6514423076923077 0.2091346153846154 0.8894230769230769 0.11057692307692307 0.8894230769230769
23 0.30528846153846156 0.6514423076923077 0.40384615384615385 0.6514423076923077 0.40384615384615385 0.8870192307692307 0.30528846153846156 0.8870192307692307
23 0.5336538461538461 0.6514423076923077 0.6346153846153846 0.6514423076923077 0.6346153846153846 0.8870192307692307 0.5336538461538461 0.8870192307692307
23 0.7283653846153846 0.6490384615384616 0.8269230769230769 0.6490384615384616 0.8269230769230769 0.8894230769230769 0.7283653846153846 0.8894230769230769
23 0.9230769230769231 0.2283653846153846 1 0.2283653846153846 1 0.46153846153846156 0.9230769230769231 0.46153846153846156
23 0.10817307692307693 0.2283653846153846 0.21153846153846154 0.2283653846153846 0.21153846153846154 0.46153846153846156 0.10817307692307693 0.46153846153846156
23 0.30288461538461536 0.2283653846153846 0.40384615384615385 0.2283653846153846 0.40384615384615385 0.46153846153846156 0.30288461538461536 0.46153846153846156
23 0.5360576923076923 0.2283653846153846 0.6370192307692307 0.2283653846153846 0.6370192307692307 0.46153846153846156 0.5360576923076923 0.46153846153846156
23 0.7283653846153846 0.2283653846153846 0.8293269230769231 0.2283653846153846 0.8293269230769231 0.4639423076923077 0.7283653846153846 0.4639423076923077
21 0.9182692307692307 0.46153846153846156 1 0.46153846153846156 1 0.47836538461538464 0.9182692307692307 0.47836538461538464
21 0.0985576923076923 0.46153846153846156 0.22115384615384615 0.46153846153846156 0.22115384615384615 0.47836538461538464 0.0985576923076923 0.47836538461538464
21 0.2932692307692308 0.46153846153846156 0.41586538461538464 0.46153846153846156 0.41586538461538464 0.47836538461538464 0.2932692307692308 0.47836538461538464
21 0.5264423076923077 0.46153846153846156 0.6490384615384616 0.46153846153846156 0.6490384615384616 0.4807692307692308 0.5264423076923077 0.4807692307692308
21 0.7211538461538461 0.46153846153846156 0.84375 0.46153846153846156 0.84375 0.4807692307692308 0.7211538461538461 0.4807692307692308
21 0.9134615384615384 0.8870192307692307 1 0.8870192307692307 1 0.9639423076923077 0.9134615384615384 0.9639423076923077
21 0.09615384615384616 0.8870192307692307 0.21875 0.8870192307692307 0.21875 0.9639423076923077 0.09615384615384616 0.9639423076923077
21 0.29086538461538464 0.8870192307692307 0.41346153846153844 0.8870192307692307 0.41346153846153844 0.9639423076923077 0.29086538461538464 0.9639423076923077
21 0.5240384615384616 0.8870192307692307 0.6466346153846154 0.8870192307692307 0.6466346153846154 0.9663461538461539 0.5240384615384616 0.9663461538461539
21 0.71875 0.8894230769230769 0.8413461538461539 0.8894230769230769 0.8413461538461539 0.9663461538461539 0.71875 0.9663461538461539
4 0.9134615384615384 0.6009615384615384 1 0.6009615384615384 1 0.6394230769230769 0.9134615384615384 0.6394230769230769
4 0.09615384615384616 0.6033653846153846 0.22355769230769232 0.6033653846153846 0.22355769230769232 0.6418269230769231 0.09615384615384616 0.6418269230769231
4 0.29086538461538464 0.6033653846153846 0.41586538461538464 0.6033653846153846 0.41586538461538464 0.6418269230769231 0.29086538461538464 0.6418269230769231
4 0.5240384615384616 0.6033653846153846 0.6466346153846154 0.6033653846153846 0.6466346153846154 0.6418269230769231 0.5240384615384616 0.6418269230769231
4 0.7163461538461539 0.6033653846153846 0.8413461538461539 0.6033653846153846 0.8413461538461539 0.6418269230769231 0.7163461538461539 0.6418269230769231
4 0.9495192307692307 0.17307692307692307 0.9975961538461539 0.17307692307692307 0.9975961538461539 0.2283653846153846 0.9495192307692307 0.2283653846153846
4 0.1201923076923077 0.17307692307692307 0.1971153846153846 0.17307692307692307 0.1971153846153846 0.2283653846153846 0.1201923076923077 0.2283653846153846
4 0.31490384615384615 0.17307692307692307 0.3918269230769231 0.17307692307692307 0.3918269230769231 0.2283653846153846 0.31490384615384615 0.2283653846153846
4 0.5480769230769231 0.17307692307692307 0.6225961538461539 0.17307692307692307 0.6225961538461539 0.2283653846153846 0.5480769230769231 0.2283653846153846
4 0.7403846153846154 0.17307692307692307 0.8173076923076923 0.17307692307692307 0.8173076923076923 0.2283653846153846 0.7403846153846154 0.2283653846153846
16 0.004807692307692308 0.10576923076923077 1 0.10576923076923077 1 0.17548076923076922 0.004807692307692308 0.17548076923076922
17 0.021634615384615384 0.17307692307692307 0.08653846153846154 0.17307692307692307 0.08653846153846154 1 0.021634615384615384 1
17 0.4206730769230769 0.17548076923076922 0.5192307692307693 0.17548076923076922 0.5192307692307693 1 0.4206730769230769 1
17 0.8509615384615384 0.17548076923076922 0.9230769230769231 0.17548076923076922 0.9230769230769231 0.9759615384615384 0.8509615384615384 0.9759615384615384
19 0 0 1 0 1 0.07211538461538461 0 0.07211538461538461
23 0.9278846153846154 0 1 0 1 0.026442307692307692 0.9278846153846154 0.026442307692307692
23 0.21634615384615385 0 0.3004807692307692 0 0.3004807692307692 0.026442307692307692 0.21634615384615385 0.026442307692307692
23 0.5432692307692307 0 0.6274038461538461 0 0.6274038461538461 0.026442307692307692 0.5432692307692307 0.026442307692307692
12 0.002403846153846154 0.9615384615384616 0.9975961538461539 0.9615384615384616 0.9975961538461539 0.9951923076923077 0.002403846153846154 0.9951923076923077
12 0.002403846153846154 0.0673076923076923 0.9975961538461539 0.0673076923076923 0.9975961538461539 0.10096153846153846 0.002403846153846154 0.10096153846153846
11 0.002403846153846154 0.10096153846153846 0.9975961538461539 0.10096153846153846 0.9975961538461539 0.5649038461538461 0.002403846153846154 0.5649038461538461
11 0.002403846153846154 0.6009615384615384 0.9975961538461539 0.6009615384615384 0.9975961538461539 0.9639423076923077 0.002403846153846154 0.9639423076923077
12 0.002403846153846154 0.5649038461538461 0.9975961538461539 0.5649038461538461 0.9975961538461539 0.5985576923076923 0.002403846153846154 0.5985576923076923
2 0 0 1 0 1 0.9975961538461539 0 0.9975961538461539
10 0 0 0.9975961538461539 0 0.9975961538461539 0.9975961538461539 0 0.9975961538461539