23 0.53125 0.4423076923076923 0.5721153846153846 0.4423076923076923 0.5721153846153846 0.47596153846153844 0.53125 0.47596153846153844
23 0.5216346153846154 0.5072115384615384 0.5817307692307693 0.5072115384615384 0.5817307692307693 0.5745192307692307 0.5216346153846154 0.5745192307692307
23 0.6490384615384616 0.4807692307692308 0.7043269230769231 0.4807692307692308 0.7043269230769231 0.5504807692307693 0.6490384615384616 0.5504807692307693
23 0.7740384615384616 0.4807692307692308 0.8293269230769231 0.4807692307692308 0.8293269230769231 0.5528846153846154 0.7740384615384616 0.5528846153846154
23 0.7788461538461539 0.6875 0.8221153846153846 0.6875 0.8221153846153846 0.8293269230769231 0.7788461538461539 0.8293269230769231
23 0.65625 0.6875 0.6995192307692307 0.6875 0.6995192307692307 0.8269230769230769 0.65625 0.8269230769230769
23 0.40865384615384615 0.6826923076923077 0.4543269230769231 0.6826923076923077 0.4543269230769231 0.8245192307692307 0.40865384615384615 0.8245192307692307
23 0.28365384615384615 0.6850961538461539 0.3293269230769231 0.6850961538461539 0.3293269230769231 0.8269230769230769 0.28365384615384615 0.8269230769230769
23 0.16346153846153846 0.6947115384615384 0.20432692307692307 0.6947115384615384 0.20432692307692307 0.8269230769230769 0.16346153846153846 0.8269230769230769
23 0.15865384615384615 0.5024038461538461 0.21153846153846154 0.5024038461538461 0.21153846153846154 0.5697115384615384 0.15865384615384615 0.5697115384615384
23 0.28125 0.47836538461538464 0.33653846153846156 0.47836538461538464 0.33653846153846156 0.5504807692307693 0.28125 0.5504807692307693
23 0.40384615384615385 0.47836538461538464 0.45913461538461536 0.47836538461538464 0.45913461538461536 0.5504807692307693 0.40384615384615385 0.5504807692307693
8 0.5168269230769231 0.7115384615384616 0.5865384615384616 0.7115384615384616 0.5865384615384616 0.8629807692307693 0.5168269230769231 0.8629807692307693
8 0.9206730769230769 0.7932692307692307 0.96875 0.7932692307692307 0.96875 0.9302884615384616 0.9206730769230769 0.9302884615384616
5 0.2764423076923077 0.1201923076923077 0.8365384615384616 0.1201923076923077 0.8365384615384616 0.28846153846153844 0.2764423076923077 0.28846153846153844
4 0.1971153846153846 0.06490384615384616 0.9158653846153846 0.06490384615384616 0.9158653846153846 0.3004807692307692 0.1971153846153846 0.3004807692307692
4 0.3894230769230769 0.6105769230769231 0.47596153846153844 0.6105769230769231 0.47596153846153844 0.6586538461538461 0.3894230769230769 0.6586538461538461
4 0.14182692307692307 0.6225961538461539 0.22355769230769232 0.6225961538461539 0.22355769230769232 0.6682692307692307 0.14182692307692307 0.6682692307692307
4 0.2644230769230769 0.6105769230769231 0.35096153846153844 0.6105769230769231 0.35096153846153844 0.6586538461538461 0.2644230769230769 0.6586538461538461
23 0.5168269230769231 0.65625 0.5865384615384616 0.65625 0.5865384615384616 0.7115384615384616 0.5168269230769231 0.7115384615384616
4 0.6346153846153846 0.6153846153846154 0.7211538461538461 0.6153846153846154 0.7211538461538461 0.6610576923076923 0.6346153846153846 0.6610576923076923
4 0.7572115384615384 0.6129807692307693 0.8461538461538461 0.6129807692307693 0.8461538461538461 0.6610576923076923 0.7572115384615384 0.6610576923076923
21 0.7644230769230769 0.8269230769230769 0.8389423076923077 0.8269230769230769 0.8389423076923077 0.8557692307692307 0.7644230769230769 0.8557692307692307
21 0.6418269230769231 0.8269230769230769 0.7163461538461539 0.8269230769230769 0.7163461538461539 0.8557692307692307 0.6418269230769231 0.8557692307692307
21 0.3942307692307692 0.8245192307692307 0.46875 0.8245192307692307 0.46875 0.8509615384615384 0.3942307692307692 0.8509615384615384
21 0.2692307692307692 0.8245192307692307 0.34375 0.8245192307692307 0.34375 0.8509615384615384 0.2692307692307692 0.8509615384615384
21 0.14903846153846154 0.8269230769230769 0.21875 0.8269230769230769 0.21875 0.8509615384615384 0.14903846153846154 0.8509615384615384
4 0.8942307692307693 0.46875 0.9951923076923077 0.46875 0.9951923076923077 0.5216346153846154 0.8942307692307693 0.5216346153846154
23 0.9182692307692307 0.5480769230769231 0.9711538461538461 0.5480769230769231 0.9711538461538461 0.7331730769230769 0.9182692307692307 0.7331730769230769
4 0.8966346153846154 0.7475961538461539 0.9975961538461539 0.7475961538461539 0.9975961538461539 0.7668269230769231 0.8966346153846154 0.7668269230769231
16 0.038461538461538464 0.33653846153846156 0.22596153846153846 0.33653846153846156 0.22596153846153846 0.3557692307692308 0.038461538461538464 0.3557692307692308
16 0.20432692307692307 0.2932692307692308 0.9086538461538461 0.2932692307692308 0.9086538461538461 0.3317307692307692 0.20432692307692307 0.3317307692307692
16 0.8846153846153846 0.33653846153846156 1 0.33653846153846156 1 0.36778846153846156 0.8846153846153846 0.36778846153846156
17 0.3389423076923077 0.3798076923076923 0.3942307692307692 0.3798076923076923 0.3942307692307692 0.8629807692307693 0.3389423076923077 0.8629807692307693
17 0.21153846153846154 0.3798076923076923 0.2668269230769231 0.3798076923076923 0.2668269230769231 0.8629807692307693 0.21153846153846154 0.8629807692307693
17 0.46634615384615385 0.3798076923076923 0.5216346153846154 0.3798076923076923 0.5216346153846154 0.8629807692307693 0.46634615384615385 0.8629807692307693
17 0.71875 0.3798076923076923 0.7740384615384616 0.3798076923076923 0.7740384615384616 0.8629807692307693 0.71875 0.8629807692307693
17 0.59375 0.3798076923076923 0.6466346153846154 0.3798076923076923 0.6466346153846154 0.8629807692307693 0.59375 0.8629807692307693
17 0.84375 0.38461538461538464 0.8990384615384616 0.38461538461538464 0.8990384615384616 0.8629807692307693 0.84375 0.8629807692307693
17 0.0985576923076923 0.41586538461538464 0.1466346153846154 0.41586538461538464 0.1466346153846154 0.8629807692307693 0.0985576923076923 0.8629807692307693
17 0.04567307692307692 0.41586538461538464 0.09615384615384616 0.41586538461538464 0.09615384615384616 0.8653846153846154 0.04567307692307692 0.8653846153846154
5 0.0625 0.10336538461538461 0.08653846153846154 0.10336538461538461 0.08653846153846154 0.2403846153846154 0.0625 0.2403846153846154
5 0.11538461538461539 0.019230769230769232 0.13701923076923078 0.019230769230769232 0.13701923076923078 0.14423076923076922 0.11538461538461539 0.14423076923076922
5 0.22115384615384615 0.036057692307692304 0.25721153846153844 0.036057692307692304 0.25721153846153844 0.1875 0.22115384615384615 0.1875
16 0.8509615384615384 0.04326923076923077 0.8870192307692307 0.04326923076923077 0.8870192307692307 0.19471153846153846 0.8509615384615384 0.19471153846153846
22 0.25721153846153844 0.09615384615384616 0.8461538461538461 0.09615384615384616 0.8461538461538461 0.3004807692307692 0.25721153846153844 0.3004807692307692
12 0.0673076923076923 0.28365384615384615 0.9975961538461539 0.28365384615384615 0.9975961538461539 0.3004807692307692 0.0673076923076923 0.3004807692307692
15 0.11057692307692307 0.6057692307692307 0.8774038461538461 0.6057692307692307 0.8774038461538461 0.9350961538461539 0.11057692307692307 0.9350961538461539
12 0.11057692307692307 0.5913461538461539 0.8774038461538461 0.5913461538461539 0.8774038461538461 0.6057692307692307 0.11057692307692307 0.6057692307692307
11 0.11057692307692307 0.3004807692307692 0.8774038461538461 0.3004807692307692 0.8774038461538461 0.6057692307692307 0.11057692307692307 0.6057692307692307
22 0.875 0.3894230769230769 1 0.3894230769230769 1 0.7475961538461539 0.875 0.7475961538461539
12 0.875 0.7355769230769231 1 0.7355769230769231 1 0.7475961538461539 0.875 0.7475961538461539
15 0.875 0.7475961538461539 1 0.7475961538461539 1 0.9326923076923077 0.875 0.9326923076923077
2 0.03365384615384615 0 1 0 1 0.9375 0.03365384615384615 0.9375
5 0.2644230769230769 0 0.3798076923076923 0 0.3798076923076923 0.09375 0.2644230769230769 0.09375
5 0.7211538461538461 0 0.8413461538461539 0 0.8413461538461539 0.0985576923076923 0.7211538461538461 0.0985576923076923
10 0.06009615384615385 0.32211538461538464 0.8870192307692307 0.32211538461538464 0.8870192307692307 0.9375 0.06009615384615385 0.9375
26 0.6057692307692307 0.8533653846153846 0.6442307692307693 0.8533653846153846 0.6442307692307693 0.9639423076923077 0.6057692307692307 0.9639423076923077
26 0.7932692307692307 0.8870192307692307 0.8269230769230769 0.8870192307692307 0.8269230769230769 0.9783653846153846 0.7932692307692307 0.9783653846153846
26 0.24278846153846154 0.8461538461538461 0.31009615384615385 0.8461538461538461 0.31009615384615385 0.9759615384615384 0.24278846153846154 0.9759615384615384
22 0.09134615384615384 0.20673076923076922 0.25961538461538464 0.20673076923076922 0.25961538461538464 0.3004807692307692 0.09134615384615384 0.3004807692307692