14 0.38221153846153844 0.2860576923076923 0.4567307692307692 0.2860576923076923 0.4567307692307692 0.34375 0.38221153846153844 0.34375
23 0.38461538461538464 0.36538461538461536 0.4567307692307692 0.36538461538461536 0.4567307692307692 0.4206730769230769 0.38461538461538464 0.4206730769230769
14 0.36538461538461536 0.4519230769230769 0.44711538461538464 0.4519230769230769 0.44711538461538464 0.5072115384615384 0.36538461538461536 0.5072115384615384
14 0.4423076923076923 0.2980769230769231 0.6009615384615384 0.2980769230769231 0.6009615384615384 0.41346153846153844 0.4423076923076923 0.41346153846153844
14 0.47115384615384615 0.44471153846153844 0.5697115384615384 0.44471153846153844 0.5697115384615384 0.5168269230769231 0.47115384615384615 0.5168269230769231
14 0.3581730769230769 0.5024038461538461 0.5576923076923077 0.5024038461538461 0.5576923076923077 0.6490384615384616 0.3581730769230769 0.6490384615384616
14 0.5336538461538461 0.49038461538461536 0.6322115384615384 0.49038461538461536 0.6322115384615384 0.5649038461538461 0.5336538461538461 0.5649038461538461
23 0.5144230769230769 0.6177884615384616 0.5504807692307693 0.6177884615384616 0.5504807692307693 0.6466346153846154 0.5144230769230769 0.6466346153846154
14 0.5456730769230769 0.5841346153846154 0.6201923076923077 0.5841346153846154 0.6201923076923077 0.6418269230769231 0.5456730769230769 0.6418269230769231
23 0.6153846153846154 0.6177884615384616 0.6514423076923077 0.6177884615384616 0.6514423076923077 0.6466346153846154 0.6153846153846154 0.6466346153846154
14 0.5841346153846154 0.4423076923076923 0.65625 0.4423076923076923 0.65625 0.49759615384615385 0.5841346153846154 0.49759615384615385
14 0.5841346153846154 0.36538461538461536 0.6586538461538461 0.36538461538461536 0.6586538461538461 0.4206730769230769 0.5841346153846154 0.4206730769230769
14 0.5841346153846154 0.28846153846153844 0.65625 0.28846153846153844 0.65625 0.34375 0.5841346153846154 0.34375
14 0.53125 0.40384615384615385 0.6057692307692307 0.40384615384615385 0.6057692307692307 0.45913461538461536 0.53125 0.45913461538461536
23 0.2980769230769231 0.4206730769230769 0.31490384615384615 0.4206730769230769 0.31490384615384615 0.43509615384615385 0.2980769230769231 0.43509615384615385
23 0.2980769230769231 0.6129807692307693 0.31490384615384615 0.6129807692307693 0.31490384615384615 0.6274038461538461 0.2980769230769231 0.6274038461538461
23 0.2980769230769231 0.5168269230769231 0.31490384615384615 0.5168269230769231 0.31490384615384615 0.53125 0.2980769230769231 0.53125
23 0.7379807692307693 0.6274038461538461 0.7524038461538461 0.6274038461538461 0.7524038461538461 0.6394230769230769 0.7379807692307693 0.6394230769230769
23 0.7644230769230769 0.6274038461538461 0.7788461538461539 0.6274038461538461 0.7788461538461539 0.6370192307692307 0.7644230769230769 0.6370192307692307
23 0.8028846153846154 0.6298076923076923 0.8413461538461539 0.6298076923076923 0.8413461538461539 0.65625 0.8028846153846154 0.65625
23 0.8149038461538461 0.6081730769230769 0.8269230769230769 0.6081730769230769 0.8269230769230769 0.6201923076923077 0.8149038461538461 0.6201923076923077
23 0.8269230769230769 0.6153846153846154 0.84375 0.6153846153846154 0.84375 0.6298076923076923 0.8269230769230769 0.6298076923076923
23 0.84375 0.6370192307692307 0.875 0.6370192307692307 0.875 0.6658653846153846 0.84375 0.6658653846153846
14 0.7475961538461539 0.4807692307692308 0.8341346153846154 0.4807692307692308 0.8341346153846154 0.5528846153846154 0.7475961538461539 0.5528846153846154
14 0.7211538461538461 0.2980769230769231 0.7956730769230769 0.2980769230769231 0.7956730769230769 0.35336538461538464 0.7211538461538461 0.35336538461538464
14 0.8221153846153846 0.3004807692307692 0.8942307692307693 0.3004807692307692 0.8942307692307693 0.35336538461538464 0.8221153846153846 0.35336538461538464
23 0.8052884615384616 0.3076923076923077 0.8221153846153846 0.3076923076923077 0.8221153846153846 0.31971153846153844 0.8052884615384616 0.31971153846153844
23 0.7932692307692307 0.3004807692307692 0.8076923076923077 0.3004807692307692 0.8076923076923077 0.3125 0.7932692307692307 0.3125
27 0.43509615384615385 0.40384615384615385 0.5072115384615384 0.40384615384615385 0.5072115384615384 0.45913461538461536 0.43509615384615385 0.45913461538461536
23 0.41346153846153844 0.43509615384615385 0.42788461538461536 0.43509615384615385 0.42788461538461536 0.44711538461538464 0.41346153846153844 0.44711538461538464
23 0.4254807692307692 0.44471153846153844 0.43990384615384615 0.44471153846153844 0.43990384615384615 0.4567307692307692 0.4254807692307692 0.4567307692307692
23 0.4375 0.4543269230769231 0.4519230769230769 0.4543269230769231 0.4519230769230769 0.46634615384615385 0.4375 0.46634615384615385
23 0.4519230769230769 0.4639423076923077 0.4639423076923077 0.4639423076923077 0.4639423076923077 0.47596153846153844 0.4519230769230769 0.47596153846153844
27 0.11778846153846154 0.5769230769230769 0.19951923076923078 0.5769230769230769 0.19951923076923078 0.6394230769230769 0.11778846153846154 0.6394230769230769
27 0.12740384615384615 0.47836538461538464 0.21153846153846154 0.47836538461538464 0.21153846153846154 0.5288461538461539 0.12740384615384615 0.5288461538461539
27 0.09615384615384616 0.3918269230769231 0.16826923076923078 0.3918269230769231 0.16826923076923078 0.44471153846153844 0.09615384615384616 0.44471153846153844
27 0.07211538461538461 0.29086538461538464 0.16346153846153846 0.29086538461538464 0.16346153846153846 0.3605769230769231 0.07211538461538461 0.3605769230769231
27 0.15144230769230768 0.37740384615384615 0.18990384615384615 0.37740384615384615 0.18990384615384615 0.40625 0.15144230769230768 0.40625
8 0.47115384615384615 0.6923076923076923 0.4831730769230769 0.6923076923076923 0.4831730769230769 0.7379807692307693 0.47115384615384615 0.7379807692307693
8 0.5360576923076923 0.6995192307692307 0.5721153846153846 0.6995192307692307 0.5721153846153846 0.7403846153846154 0.5360576923076923 0.7403846153846154
8 0.49278846153846156 0.6995192307692307 0.5216346153846154 0.6995192307692307 0.5216346153846154 0.7403846153846154 0.49278846153846156 0.7403846153846154
8 0.5793269230769231 0.6947115384615384 0.5913461538461539 0.6947115384615384 0.5913461538461539 0.7379807692307693 0.5793269230769231 0.7379807692307693
14 0.09615384615384616 0.6850961538461539 0.19230769230769232 0.6850961538461539 0.19230769230769232 0.7379807692307693 0.09615384615384616 0.7379807692307693
14 0.43990384615384615 0.6899038461538461 0.46875 0.6899038461538461 0.46875 0.7379807692307693 0.43990384615384615 0.7379807692307693
14 0.4855769230769231 0.6899038461538461 0.49038461538461536 0.6899038461538461 0.49038461538461536 0.7379807692307693 0.4855769230769231 0.7379807692307693
14 0.59375 0.6899038461538461 0.6225961538461539 0.6899038461538461 0.6225961538461539 0.7379807692307693 0.59375 0.7379807692307693
14 0.7067307692307693 0.6730769230769231 0.8557692307692307 0.6730769230769231 0.8557692307692307 0.7379807692307693 0.7067307692307693 0.7379807692307693
14 0.026442307692307692 0.6899038461538461 0.07932692307692307 0.6899038461538461 0.07932692307692307 0.7283653846153846 0.026442307692307692 0.7283653846153846
14 0.014423076923076924 0.6394230769230769 0.06009615384615385 0.6394230769230769 0.06009615384615385 0.6682692307692307 0.014423076923076924 0.6682692307692307
23 0.03125 0.5600961538461539 0.036057692307692304 0.5600961538461539 0.036057692307692304 0.5913461538461539 0.03125 0.5913461538461539
23 0 0.5 0.007211538461538462 0.5 0.007211538461538462 0.5168269230769231 0 0.5168269230769231
23 0 0.5480769230769231 0.007211538461538462 0.5480769230769231 0.007211538461538462 0.5649038461538461 0 0.5649038461538461
23 0.03125 0.5168269230769231 0.036057692307692304 0.5168269230769231 0.036057692307692304 0.5480769230769231 0.03125 0.5480769230769231
8 0.30288461538461536 0.6995192307692307 0.3317307692307692 0.6995192307692307 0.3317307692307692 0.7427884615384616 0.30288461538461536 0.7427884615384616
8 0.24278846153846154 0.6995192307692307 0.27163461538461536 0.6995192307692307 0.27163461538461536 0.7427884615384616 0.24278846153846154 0.7427884615384616
2 0 0.20192307692307693 0.90625 0.20192307692307693 0.90625 0.75 0 0.75
10 0 0.20192307692307693 0.90625 0.20192307692307693 0.90625 0.7451923076923077 0 0.7451923076923077