23 0.7572115384615384 0.3581730769230769 0.8341346153846154 0.3581730769230769 0.8341346153846154 0.4807692307692308 0.7572115384615384 0.4807692307692308
23 0.3173076923076923 0.3581730769230769 0.34134615384615385 0.3581730769230769 0.34134615384615385 0.4807692307692308 0.3173076923076923 0.4807692307692308
23 0.3581730769230769 0.3581730769230769 0.38221153846153844 0.3581730769230769 0.38221153846153844 0.4807692307692308 0.3581730769230769 0.4807692307692308
23 0.6153846153846154 0.3581730769230769 0.6899038461538461 0.3581730769230769 0.6899038461538461 0.4807692307692308 0.6153846153846154 0.4807692307692308
23 0.18028846153846154 0.6298076923076923 0.20432692307692307 0.6298076923076923 0.20432692307692307 0.7211538461538461 0.18028846153846154 0.7211538461538461
23 0.6177884615384616 0.6298076923076923 0.6634615384615384 0.6298076923076923 0.6634615384615384 0.7475961538461539 0.6177884615384616 0.7475961538461539
23 0.4735576923076923 0.6298076923076923 0.5504807692307693 0.6298076923076923 0.5504807692307693 0.7475961538461539 0.4735576923076923 0.7475961538461539
23 0.4735576923076923 0.3581730769230769 0.5480769230769231 0.3581730769230769 0.5480769230769231 0.4807692307692308 0.4735576923076923 0.4807692307692308
8 0.71875 0.6346153846153846 0.8365384615384616 0.6346153846153846 0.8365384615384616 0.84375 0.71875 0.84375
9 0.71875 0.6322115384615384 0.8485576923076923 0.6322115384615384 0.8485576923076923 0.8485576923076923 0.71875 0.8485576923076923
23 0.33413461538461536 0.6298076923076923 0.40865384615384615 0.6298076923076923 0.40865384615384615 0.7475961538461539 0.33413461538461536 0.7475961538461539
1 0.16826923076923078 0.33653846153846156 0.28365384615384615 0.33653846153846156 0.28365384615384615 0.4951923076923077 0.16826923076923078 0.4951923076923077
1 0.3076923076923077 0.33653846153846156 0.38461538461538464 0.33653846153846156 0.38461538461538464 0.3918269230769231 0.3076923076923077 0.3918269230769231
1 0.46875 0.33413461538461536 0.5576923076923077 0.33413461538461536 0.5576923076923077 0.3870192307692308 0.46875 0.3870192307692308
1 0.6105769230769231 0.33413461538461536 0.6995192307692307 0.33413461538461536 0.6995192307692307 0.3870192307692308 0.6105769230769231 0.3870192307692308
1 0.7524038461538461 0.3317307692307692 0.84375 0.3317307692307692 0.84375 0.3870192307692308 0.7524038461538461 0.3870192307692308
15 0.13942307692307693 0.5745192307692307 0.8846153846153846 0.5745192307692307 0.8846153846153846 0.8485576923076923 0.13942307692307693 0.8485576923076923
12 0.13942307692307693 0.5600961538461539 0.8846153846153846 0.5600961538461539 0.8846153846153846 0.5745192307692307 0.13942307692307693 0.5745192307692307
22 0.13942307692307693 0.33653846153846156 0.8846153846153846 0.33653846153846156 0.8846153846153846 0.5600961538461539 0.13942307692307693 0.5600961538461539
2 0.1346153846153846 0.2860576923076923 0.8846153846153846 0.2860576923076923 0.8846153846153846 0.8557692307692307 0.1346153846153846 0.8557692307692307
10 0.13942307692307693 0.3293269230769231 0.8846153846153846 0.3293269230769231 0.8846153846153846 0.8485576923076923 0.13942307692307693 0.8485576923076923
7 0.375 0.5889423076923077 0.38461538461538464 0.5889423076923077 0.38461538461538464 0.9567307692307693 0.375 0.9567307692307693
7 0.59375 0.6658653846153846 0.6033653846153846 0.6658653846153846 0.6033653846153846 0.8533653846153846 0.59375 0.8533653846153846