14 0.34375 0.5697115384615384 0.5144230769230769 0.5697115384615384 0.5144230769230769 0.7668269230769231 0.34375 0.7668269230769231
14 0.6105769230769231 0.6129807692307693 0.7524038461538461 0.6129807692307693 0.7524038461538461 0.7716346153846154 0.6105769230769231 0.7716346153846154
23 0.5144230769230769 0.6057692307692307 0.5769230769230769 0.6057692307692307 0.5769230769230769 0.6802884615384616 0.5144230769230769 0.6802884615384616
23 0.5649038461538461 0.6826923076923077 0.5745192307692307 0.6826923076923077 0.5745192307692307 0.7716346153846154 0.5649038461538461 0.7716346153846154
23 0.5144230769230769 0.6826923076923077 0.5240384615384616 0.6826923076923077 0.5240384615384616 0.7716346153846154 0.5144230769230769 0.7716346153846154
23 0.3798076923076923 0.27403846153846156 0.5072115384615384 0.27403846153846156 0.5072115384615384 0.3389423076923077 0.3798076923076923 0.3389423076923077
23 0.5288461538461539 0.30528846153846156 0.5600961538461539 0.30528846153846156 0.5600961538461539 0.5408653846153846 0.5288461538461539 0.5408653846153846
23 0.5865384615384616 0.17548076923076922 0.7331730769230769 0.17548076923076922 0.7331730769230769 0.3870192307692308 0.5865384615384616 0.3870192307692308
23 0.5865384615384616 0.38221153846153844 0.7355769230769231 0.38221153846153844 0.7355769230769231 0.5336538461538461 0.5865384615384616 0.5336538461538461
23 0.3557692307692308 0.3918269230769231 0.5096153846153846 0.3918269230769231 0.5096153846153846 0.5264423076923077 0.3557692307692308 0.5264423076923077
8 0.3557692307692308 0.4375 0.39663461538461536 0.4375 0.39663461538461536 0.5264423076923077 0.3557692307692308 0.5264423076923077
8 0.5240384615384616 0.6826923076923077 0.5649038461538461 0.6826923076923077 0.5649038461538461 0.7716346153846154 0.5240384615384616 0.7716346153846154
8 0.25240384615384615 0.2956730769230769 0.2764423076923077 0.2956730769230769 0.2764423076923077 0.34134615384615385 0.25240384615384615 0.34134615384615385
0 0.1971153846153846 0.3004807692307692 0.5120192307692307 0.3004807692307692 0.5120192307692307 0.34134615384615385 0.1971153846153846 0.34134615384615385
0 0.17307692307692307 0.47836538461538464 0.5168269230769231 0.47836538461538464 0.5168269230769231 0.5264423076923077 0.17307692307692307 0.5264423076923077
12 0.18990384615384615 0.34134615384615385 0.5144230769230769 0.34134615384615385 0.5144230769230769 0.38461538461538464 0.18990384615384615 0.38461538461538464
12 0.1658653846153846 0.5264423076923077 0.5168269230769231 0.5264423076923077 0.5168269230769231 0.5649038461538461 0.1658653846153846 0.5649038461538461
2 0.038461538461538464 0.11538461538461539 0.8533653846153846 0.11538461538461539 0.8533653846153846 0.8725961538461539 0.038461538461538464 0.8725961538461539
8 0.052884615384615384 0.7860576923076923 0.10096153846153846 0.7860576923076923 0.10096153846153846 0.8701923076923077 0.052884615384615384 0.8701923076923077
12 0.5865384615384616 0.34615384615384615 0.7331730769230769 0.34615384615384615 0.7331730769230769 0.4230769230769231 0.5865384615384616 0.4230769230769231
12 0.5817307692307693 0.5168269230769231 0.8413461538461539 0.5168269230769231 0.8413461538461539 0.5889423076923077 0.5817307692307693 0.5889423076923077
10 0.036057692307692304 0.11538461538461539 0.8557692307692307 0.11538461538461539 0.8557692307692307 0.8701923076923077 0.036057692307692304 0.8701923076923077
14 0.34375 0.5697115384615384 0.5144230769230769 0.5697115384615384 0.5144230769230769 0.7668269230769231 0.34375 0.7668269230769231
14 0.6105769230769231 0.6129807692307693 0.7524038461538461 0.6129807692307693 0.7524038461538461 0.7716346153846154 0.6105769230769231 0.7716346153846154
23 0.5144230769230769 0.6057692307692307 0.5769230769230769 0.6057692307692307 0.5769230769230769 0.6802884615384616 0.5144230769230769 0.6802884615384616
23 0.5649038461538461 0.6826923076923077 0.5745192307692307 0.6826923076923077 0.5745192307692307 0.7716346153846154 0.5649038461538461 0.7716346153846154
23 0.5144230769230769 0.6826923076923077 0.5240384615384616 0.6826923076923077 0.5240384615384616 0.7716346153846154 0.5144230769230769 0.7716346153846154
23 0.3798076923076923 0.27403846153846156 0.5072115384615384 0.27403846153846156 0.5072115384615384 0.3389423076923077 0.3798076923076923 0.3389423076923077
23 0.5288461538461539 0.30528846153846156 0.5600961538461539 0.30528846153846156 0.5600961538461539 0.5408653846153846 0.5288461538461539 0.5408653846153846
23 0.5865384615384616 0.17548076923076922 0.7331730769230769 0.17548076923076922 0.7331730769230769 0.3870192307692308 0.5865384615384616 0.3870192307692308
23 0.5865384615384616 0.38221153846153844 0.7355769230769231 0.38221153846153844 0.7355769230769231 0.5336538461538461 0.5865384615384616 0.5336538461538461
23 0.3557692307692308 0.3918269230769231 0.5096153846153846 0.3918269230769231 0.5096153846153846 0.5264423076923077 0.3557692307692308 0.5264423076923077
8 0.3557692307692308 0.4375 0.39663461538461536 0.4375 0.39663461538461536 0.5264423076923077 0.3557692307692308 0.5264423076923077
8 0.5240384615384616 0.6826923076923077 0.5649038461538461 0.6826923076923077 0.5649038461538461 0.7716346153846154 0.5240384615384616 0.7716346153846154
8 0.25240384615384615 0.2956730769230769 0.2764423076923077 0.2956730769230769 0.2764423076923077 0.34134615384615385 0.25240384615384615 0.34134615384615385
0 0.1971153846153846 0.3004807692307692 0.5120192307692307 0.3004807692307692 0.5120192307692307 0.34134615384615385 0.1971153846153846 0.34134615384615385
0 0.17307692307692307 0.47836538461538464 0.5168269230769231 0.47836538461538464 0.5168269230769231 0.5264423076923077 0.17307692307692307 0.5264423076923077
12 0.18990384615384615 0.34134615384615385 0.5144230769230769 0.34134615384615385 0.5144230769230769 0.38461538461538464 0.18990384615384615 0.38461538461538464
12 0.1658653846153846 0.5264423076923077 0.5168269230769231 0.5264423076923077 0.5168269230769231 0.5649038461538461 0.1658653846153846 0.5649038461538461
2 0.038461538461538464 0.11538461538461539 0.8533653846153846 0.11538461538461539 0.8533653846153846 0.8725961538461539 0.038461538461538464 0.8725961538461539
8 0.052884615384615384 0.7860576923076923 0.10096153846153846 0.7860576923076923 0.10096153846153846 0.8701923076923077 0.052884615384615384 0.8701923076923077
12 0.5865384615384616 0.34615384615384615 0.7331730769230769 0.34615384615384615 0.7331730769230769 0.4230769230769231 0.5865384615384616 0.4230769230769231
12 0.5817307692307693 0.5168269230769231 0.8413461538461539 0.5168269230769231 0.8413461538461539 0.5889423076923077 0.5817307692307693 0.5889423076923077
10 0.036057692307692304 0.11538461538461539 0.8557692307692307 0.11538461538461539 0.8557692307692307 0.8701923076923077 0.036057692307692304 0.8701923076923077