14 0.3918269230769231 0.5 0.8293269230769231 0.5 0.8293269230769231 0.7019230769230769 0.3918269230769231 0.7019230769230769
14 0.4567307692307692 0.7403846153846154 0.8509615384615384 0.7403846153846154 0.8509615384615384 0.8221153846153846 0.4567307692307692 0.8221153846153846
10 0.34375 0.44711538461538464 0.8942307692307693 0.44711538461538464 0.8942307692307693 0.8221153846153846 0.34375 0.8221153846153846
8 0.39663461538461536 0.7403846153846154 0.4543269230769231 0.7403846153846154 0.4543269230769231 0.8221153846153846 0.39663461538461536 0.8221153846153846
7 0.4543269230769231 0.7932692307692307 0.5168269230769231 0.7932692307692307 0.5168269230769231 0.8461538461538461 0.4543269230769231 0.8461538461538461
7 0.5288461538461539 0.7836538461538461 0.5769230769230769 0.7836538461538461 0.5769230769230769 0.8461538461538461 0.5288461538461539 0.8461538461538461
7 0.5865384615384616 0.8028846153846154 0.6346153846153846 0.8028846153846154 0.6346153846153846 0.8461538461538461 0.5865384615384616 0.8461538461538461
7 0.6418269230769231 0.7836538461538461 0.7067307692307693 0.7836538461538461 0.7067307692307693 0.8509615384615384 0.6418269230769231 0.8509615384615384
7 0.7163461538461539 0.7860576923076923 0.7740384615384616 0.7860576923076923 0.7740384615384616 0.8509615384615384 0.7163461538461539 0.8509615384615384
7 0.7956730769230769 0.8028846153846154 0.8533653846153846 0.8028846153846154 0.8533653846153846 0.8509615384615384 0.7956730769230769 0.8509615384615384
7 0.8485576923076923 0.7956730769230769 0.90625 0.7956730769230769 0.90625 0.8413461538461539 0.8485576923076923 0.8413461538461539
14 0.37740384615384615 0.7403846153846154 0.39663461538461536 0.7403846153846154 0.39663461538461536 0.8221153846153846 0.37740384615384615 0.8221153846153846
15 0.36778846153846156 0.7403846153846154 0.8581730769230769 0.7403846153846154 0.8581730769230769 0.8221153846153846 0.36778846153846156 0.8221153846153846
12 0.34375 0.7307692307692307 0.8942307692307693 0.7307692307692307 0.8942307692307693 0.7427884615384616 0.34375 0.7427884615384616
2 0.028846153846153848 0.30288461538461536 0.8942307692307693 0.30288461538461536 0.8942307692307693 0.8221153846153846 0.028846153846153848 0.8221153846153846
22 0.34375 0.4495192307692308 0.8942307692307693 0.4495192307692308 0.8942307692307693 0.7307692307692307 0.34375 0.7307692307692307