1 0.6153846153846154 0.3004807692307692 0.65625 0.3004807692307692 0.65625 0.43990384615384615 0.6153846153846154 0.43990384615384615
1 0.6754807692307693 0.3004807692307692 0.7163461538461539 0.3004807692307692 0.7163461538461539 0.43990384615384615 0.6754807692307693 0.43990384615384615
1 0.7379807692307693 0.3004807692307692 0.7788461538461539 0.3004807692307692 0.7788461538461539 0.43990384615384615 0.7379807692307693 0.43990384615384615
23 0.6153846153846154 0.3004807692307692 0.65625 0.3004807692307692 0.65625 0.43990384615384615 0.6153846153846154 0.43990384615384615
23 0.6754807692307693 0.3004807692307692 0.7163461538461539 0.3004807692307692 0.7163461538461539 0.43990384615384615 0.6754807692307693 0.43990384615384615
23 0.7379807692307693 0.3004807692307692 0.7788461538461539 0.3004807692307692 0.7788461538461539 0.43990384615384615 0.7379807692307693 0.43990384615384615
23 0.37259615384615385 0.5817307692307693 0.41346153846153844 0.5817307692307693 0.41346153846153844 0.7115384615384616 0.37259615384615385 0.7115384615384616
1 0.37259615384615385 0.5817307692307693 0.41346153846153844 0.5817307692307693 0.41346153846153844 0.7115384615384616 0.37259615384615385 0.7115384615384616
23 0.24278846153846154 0.5817307692307693 0.28365384615384615 0.5817307692307693 0.28365384615384615 0.7115384615384616 0.24278846153846154 0.7115384615384616
1 0.24278846153846154 0.5817307692307693 0.28365384615384615 0.5817307692307693 0.28365384615384615 0.7115384615384616 0.24278846153846154 0.7115384615384616
23 0.31009615384615385 0.5817307692307693 0.35096153846153844 0.5817307692307693 0.35096153846153844 0.7115384615384616 0.31009615384615385 0.7115384615384616
1 0.31009615384615385 0.5817307692307693 0.35096153846153844 0.5817307692307693 0.35096153846153844 0.7115384615384616 0.31009615384615385 0.7115384615384616
1 0.24278846153846154 0.31009615384615385 0.28365384615384615 0.31009615384615385 0.28365384615384615 0.4495192307692308 0.24278846153846154 0.4495192307692308
1 0.3076923076923077 0.3076923076923077 0.3485576923076923 0.3076923076923077 0.3485576923076923 0.44711538461538464 0.3076923076923077 0.44711538461538464
1 0.37259615384615385 0.3076923076923077 0.41346153846153844 0.3076923076923077 0.41346153846153844 0.44711538461538464 0.37259615384615385 0.44711538461538464
23 0.24278846153846154 0.31009615384615385 0.28365384615384615 0.31009615384615385 0.28365384615384615 0.4495192307692308 0.24278846153846154 0.4495192307692308
23 0.3076923076923077 0.3076923076923077 0.3485576923076923 0.3076923076923077 0.3485576923076923 0.44711538461538464 0.3076923076923077 0.44711538461538464
23 0.37259615384615385 0.3076923076923077 0.41346153846153844 0.3076923076923077 0.41346153846153844 0.44711538461538464 0.37259615384615385 0.44711538461538464
23 0.6754807692307693 0.5793269230769231 0.71875 0.5793269230769231 0.71875 0.7091346153846154 0.6754807692307693 0.7091346153846154
1 0.6754807692307693 0.5793269230769231 0.71875 0.5793269230769231 0.71875 0.7091346153846154 0.6754807692307693 0.7091346153846154
23 0.6153846153846154 0.5793269230769231 0.65625 0.5793269230769231 0.65625 0.7091346153846154 0.6153846153846154 0.7091346153846154
23 0.7379807692307693 0.5793269230769231 0.78125 0.5793269230769231 0.78125 0.7091346153846154 0.7379807692307693 0.7091346153846154
1 0.7764423076923077 0.5865384615384616 0.7908653846153846 0.5865384615384616 0.7908653846153846 0.6995192307692307 0.7764423076923077 0.6995192307692307
1 0.6514423076923077 0.5865384615384616 0.6658653846153846 0.5865384615384616 0.6658653846153846 0.6995192307692307 0.6514423076923077 0.6995192307692307
1 0.6081730769230769 0.5865384615384616 0.6201923076923077 0.5865384615384616 0.6201923076923077 0.6995192307692307 0.6081730769230769 0.6995192307692307
1 0.7307692307692307 0.5865384615384616 0.7427884615384616 0.5865384615384616 0.7427884615384616 0.6995192307692307 0.7307692307692307 0.6995192307692307
3 0.7307692307692307 0.8100961538461539 0.8149038461538461 0.8100961538461539 0.8149038461538461 1 0.7307692307692307 1
3 0.2091346153846154 0.8221153846153846 0.3269230769230769 0.8221153846153846 0.3269230769230769 1 0.2091346153846154 1
8 0.44471153846153844 0.7860576923076923 0.5865384615384616 0.7860576923076923 0.5865384615384616 1 0.44471153846153844 1
23 0.53125 0.5600961538461539 0.5673076923076923 0.5600961538461539 0.5673076923076923 0.6971153846153846 0.53125 0.6971153846153846
24 0.5264423076923077 0.5432692307692307 0.5721153846153846 0.5432692307692307 0.5721153846153846 0.7091346153846154 0.5264423076923077 0.7091346153846154
23 0.46875 0.5600961538461539 0.5048076923076923 0.5600961538461539 0.5048076923076923 0.7019230769230769 0.46875 0.7019230769230769
24 0.5264423076923077 0.2692307692307692 0.5721153846153846 0.2692307692307692 0.5721153846153846 0.43990384615384615 0.5264423076923077 0.43990384615384615
23 0.53125 0.28365384615384615 0.5673076923076923 0.28365384615384615 0.5673076923076923 0.4326923076923077 0.53125 0.4326923076923077
24 0.4639423076923077 0.2692307692307692 0.5096153846153846 0.2692307692307692 0.5096153846153846 0.4423076923076923 0.4639423076923077 0.4423076923076923
23 0.46875 0.2860576923076923 0.5048076923076923 0.2860576923076923 0.5048076923076923 0.4326923076923077 0.46875 0.4326923076923077
24 0.4639423076923077 0.5432692307692307 0.5096153846153846 0.5432692307692307 0.5096153846153846 0.7091346153846154 0.4639423076923077 0.7091346153846154
19 0.16826923076923078 0.0889423076923077 0.8509615384615384 0.0889423076923077 0.8509615384615384 0.31971153846153844 0.16826923076923078 0.31971153846153844
7 0.23798076923076922 0.7091346153846154 0.9951923076923077 0.7091346153846154 0.9951923076923077 1 0.23798076923076922 1
7 0.18028846153846154 0.8100961538461539 0.22596153846153846 0.8100961538461539 0.22596153846153846 0.8629807692307693 0.18028846153846154 0.8629807692307693
7 0.1875 0.8677884615384616 0.23557692307692307 0.8677884615384616 0.23557692307692307 0.9182692307692307 0.1875 0.9182692307692307
7 0.20432692307692307 0.9591346153846154 0.25721153846153844 0.9591346153846154 0.25721153846153844 1 0.20432692307692307 1
2 0.16826923076923078 0.03365384615384615 0.8509615384615384 0.03365384615384615 0.8509615384615384 1 0.16826923076923078 1
10 0.20192307692307693 0.22355769230769232 0.8076923076923077 0.22355769230769232 0.8076923076923077 1 0.20192307692307693 1
12 0.20432692307692307 0.7692307692307693 0.8100961538461539 0.7692307692307693 0.8100961538461539 0.7932692307692307 0.20432692307692307 0.7932692307692307
12 0.20432692307692307 0.4879807692307692 0.8100961538461539 0.4879807692307692 0.8100961538461539 0.5120192307692307 0.20432692307692307 0.5120192307692307
15 0.20432692307692307 0.7884615384615384 0.8100961538461539 0.7884615384615384 0.8100961538461539 1 0.20432692307692307 1
22 0.20432692307692307 0.25240384615384615 0.8100961538461539 0.25240384615384615 0.8100961538461539 0.4951923076923077 0.20432692307692307 0.4951923076923077
11 0.20432692307692307 0.5072115384615384 0.8100961538461539 0.5072115384615384 0.8100961538461539 0.7764423076923077 0.20432692307692307 0.7764423076923077