23 0.3389423076923077 0.5384615384615384 0.3485576923076923 0.5384615384615384 0.3485576923076923 0.5769230769230769 0.3389423076923077 0.5769230769230769
23 0.5384615384615384 0.3701923076923077 0.5480769230769231 0.3701923076923077 0.5480769230769231 0.4230769230769231 0.5384615384615384 0.4230769230769231
23 0.31971153846153844 0.7403846153846154 0.3485576923076923 0.7403846153846154 0.3485576923076923 0.7932692307692307 0.31971153846153844 0.7932692307692307
23 0.49278846153846156 0.6658653846153846 0.5168269230769231 0.6658653846153846 0.5168269230769231 0.7211538461538461 0.49278846153846156 0.7211538461538461
23 0.5264423076923077 0.6466346153846154 0.5528846153846154 0.6466346153846154 0.5528846153846154 0.7211538461538461 0.5264423076923077 0.7211538461538461
10 0.5625 0.6682692307692307 0.5889423076923077 0.6682692307692307 0.5889423076923077 0.71875 0.5625 0.71875
8 0.5120192307692307 0.8365384615384616 0.5721153846153846 0.8365384615384616 0.5721153846153846 0.9519230769230769 0.5120192307692307 0.9519230769230769
23 0.7139423076923077 0.7331730769230769 0.7451923076923077 0.7331730769230769 0.7451923076923077 0.7836538461538461 0.7139423076923077 0.7836538461538461
23 0.7259615384615384 0.5336538461538461 0.7355769230769231 0.5336538461538461 0.7355769230769231 0.5721153846153846 0.7259615384615384 0.5721153846153846
19 0.23317307692307693 0.5697115384615384 0.4182692307692308 0.5697115384615384 0.4182692307692308 0.6899038461538461 0.23317307692307693 0.6899038461538461
19 0.41346153846153844 0.4230769230769231 0.6802884615384616 0.4230769230769231 0.6802884615384616 0.6033653846153846 0.41346153846153844 0.6033653846153846
14 0.6634615384615384 0.5721153846153846 0.8341346153846154 0.5721153846153846 0.8341346153846154 0.6899038461538461 0.6634615384615384 0.6899038461538461
19 0.31009615384615385 0.3870192307692308 0.38221153846153844 0.3870192307692308 0.38221153846153844 0.5216346153846154 0.31009615384615385 0.5216346153846154
19 0.5 0.20673076923076922 0.5817307692307693 0.20673076923076922 0.5817307692307693 0.3581730769230769 0.5 0.3581730769230769
19 0.6875 0.3798076923076923 0.7668269230769231 0.3798076923076923 0.7668269230769231 0.5168269230769231 0.6875 0.5168269230769231
19 0.5096153846153846 0.78125 0.5721153846153846 0.78125 0.5721153846153846 0.8365384615384616 0.5096153846153846 0.8365384615384616
11 0.31490384615384615 0.5024038461538461 0.375 0.5024038461538461 0.375 0.6802884615384616 0.31490384615384615 0.6802884615384616
11 0.24278846153846154 0.6947115384615384 0.4206730769230769 0.6947115384615384 0.4206730769230769 0.7932692307692307 0.24278846153846154 0.7932692307692307
15 0.24278846153846154 0.8052884615384616 0.8293269230769231 0.8052884615384616 0.8293269230769231 0.9831730769230769 0.24278846153846154 0.9831730769230769
10 0.2764423076923077 0.6322115384615384 0.7980769230769231 0.6322115384615384 0.7980769230769231 0.9735576923076923 0.2764423076923077 0.9735576923076923
22 0.5072115384615384 0.3389423076923077 0.5745192307692307 0.3389423076923077 0.5745192307692307 0.5985576923076923 0.5072115384615384 0.5985576923076923
12 0.4182692307692308 0.5865384615384616 0.6658653846153846 0.5865384615384616 0.6658653846153846 0.5985576923076923 0.4182692307692308 0.5985576923076923
12 0.24278846153846154 0.6826923076923077 0.4206730769230769 0.6826923076923077 0.4206730769230769 0.6947115384615384 0.24278846153846154 0.6947115384615384
11 0.6971153846153846 0.5024038461538461 0.7644230769230769 0.5024038461538461 0.7644230769230769 0.6802884615384616 0.6971153846153846 0.6802884615384616
11 0.6658653846153846 0.6947115384615384 0.8293269230769231 0.6947115384615384 0.8293269230769231 0.7932692307692307 0.6658653846153846 0.7932692307692307
12 0.6658653846153846 0.6826923076923077 0.8293269230769231 0.6826923076923077 0.8293269230769231 0.6947115384615384 0.6658653846153846 0.6947115384615384
12 0.24278846153846154 0.7932692307692307 0.8293269230769231 0.7932692307692307 0.8293269230769231 0.8052884615384616 0.24278846153846154 0.8052884615384616
7 0.34615384615384615 0.8774038461538461 0.47115384615384615 0.8774038461538461 0.47115384615384615 1 0.34615384615384615 1
7 0.5 0.9230769230769231 0.6754807692307693 0.9230769230769231 0.6754807692307693 1 0.5 1
7 0.15144230769230768 0.8894230769230769 0.3389423076923077 0.8894230769230769 0.3389423076923077 1 0.15144230769230768 1
2 0.23317307692307693 0.18509615384615385 0.8533653846153846 0.18509615384615385 0.8533653846153846 0.9975961538461539 0.23317307692307693 0.9975961538461539
11 0.4182692307692308 0.5985576923076923 0.6658653846153846 0.5985576923076923 0.6658653846153846 0.7932692307692307 0.4182692307692308 0.7932692307692307