23 0.15865384615384615 0.6225961538461539 0.23557692307692307 0.6225961538461539 0.23557692307692307 0.6899038461538461 0.15865384615384615 0.6899038461538461
23 0.11778846153846154 0.8028846153846154 0.27163461538461536 0.8028846153846154 0.27163461538461536 0.9230769230769231 0.11778846153846154 0.9230769230769231
17 0.47836538461538464 0.5552884615384616 0.4879807692307692 0.5552884615384616 0.4879807692307692 0.9134615384615384 0.47836538461538464 0.9134615384615384
17 0.39663461538461536 0.5552884615384616 0.40625 0.5552884615384616 0.40625 0.9134615384615384 0.39663461538461536 0.9134615384615384
17 0.5649038461538461 0.5552884615384616 0.5745192307692307 0.5552884615384616 0.5745192307692307 0.9134615384615384 0.5649038461538461 0.9134615384615384
17 0.6490384615384616 0.5552884615384616 0.6586538461538461 0.5552884615384616 0.6586538461538461 0.9134615384615384 0.6490384615384616 0.9134615384615384
17 0.71875 0.6658653846153846 0.7451923076923077 0.6658653846153846 0.7451923076923077 0.9158653846153846 0.71875 0.9158653846153846
17 0.7884615384615384 0.6610576923076923 0.8125 0.6610576923076923 0.8125 0.9110576923076923 0.7884615384615384 0.9110576923076923
17 0.8365384615384616 0.6634615384615384 0.9014423076923077 0.6634615384615384 0.9014423076923077 0.9134615384615384 0.8365384615384616 0.9134615384615384
23 0.3629807692307692 0.6754807692307693 0.7884615384615384 0.6754807692307693 0.7884615384615384 0.7259615384615384 0.3629807692307692 0.7259615384615384
23 0.36538461538461536 0.7716346153846154 0.7884615384615384 0.7716346153846154 0.7884615384615384 0.8100961538461539 0.36538461538461536 0.8100961538461539
23 0.36538461538461536 0.8557692307692307 0.7860576923076923 0.8557692307692307 0.7860576923076923 0.8966346153846154 0.36538461538461536 0.8966346153846154
17 0.07211538461538461 0.6634615384615384 0.08413461538461539 0.6634615384615384 0.08413461538461539 0.9182692307692307 0.07211538461538461 0.9182692307692307
2 0.06009615384615385 0.23798076923076922 0.9110576923076923 0.23798076923076922 0.9110576923076923 0.9399038461538461 0.06009615384615385 0.9399038461538461
10 0.0625 0.23798076923076922 0.9134615384615384 0.23798076923076922 0.9134615384615384 0.9399038461538461 0.0625 0.9399038461538461
23 0.15865384615384615 0.6225961538461539 0.23557692307692307 0.6225961538461539 0.23557692307692307 0.6899038461538461 0.15865384615384615 0.6899038461538461
23 0.11778846153846154 0.8028846153846154 0.27163461538461536 0.8028846153846154 0.27163461538461536 0.9230769230769231 0.11778846153846154 0.9230769230769231
17 0.47836538461538464 0.5552884615384616 0.4879807692307692 0.5552884615384616 0.4879807692307692 0.9134615384615384 0.47836538461538464 0.9134615384615384
17 0.39663461538461536 0.5552884615384616 0.40625 0.5552884615384616 0.40625 0.9134615384615384 0.39663461538461536 0.9134615384615384
17 0.5649038461538461 0.5552884615384616 0.5745192307692307 0.5552884615384616 0.5745192307692307 0.9134615384615384 0.5649038461538461 0.9134615384615384
17 0.6490384615384616 0.5552884615384616 0.6586538461538461 0.5552884615384616 0.6586538461538461 0.9134615384615384 0.6490384615384616 0.9134615384615384
17 0.71875 0.6658653846153846 0.7451923076923077 0.6658653846153846 0.7451923076923077 0.9158653846153846 0.71875 0.9158653846153846
17 0.7884615384615384 0.6610576923076923 0.8125 0.6610576923076923 0.8125 0.9110576923076923 0.7884615384615384 0.9110576923076923
17 0.8365384615384616 0.6634615384615384 0.9014423076923077 0.6634615384615384 0.9014423076923077 0.9134615384615384 0.8365384615384616 0.9134615384615384
23 0.3629807692307692 0.6754807692307693 0.7884615384615384 0.6754807692307693 0.7884615384615384 0.7259615384615384 0.3629807692307692 0.7259615384615384
23 0.36538461538461536 0.7716346153846154 0.7884615384615384 0.7716346153846154 0.7884615384615384 0.8100961538461539 0.36538461538461536 0.8100961538461539
23 0.36538461538461536 0.8557692307692307 0.7860576923076923 0.8557692307692307 0.7860576923076923 0.8966346153846154 0.36538461538461536 0.8966346153846154
17 0.07211538461538461 0.6634615384615384 0.08413461538461539 0.6634615384615384 0.08413461538461539 0.9182692307692307 0.07211538461538461 0.9182692307692307
2 0.06009615384615385 0.23798076923076922 0.9110576923076923 0.23798076923076922 0.9110576923076923 0.9399038461538461 0.06009615384615385 0.9399038461538461
10 0.0625 0.23798076923076922 0.9134615384615384 0.23798076923076922 0.9134615384615384 0.9399038461538461 0.0625 0.9399038461538461