23 0.8052884615384616 0.5048076923076923 0.8245192307692307 0.5048076923076923 0.8245192307692307 0.6105769230769231 0.8052884615384616 0.6105769230769231
23 0.8365384615384616 0.5120192307692307 0.8557692307692307 0.5120192307692307 0.8557692307692307 0.6201923076923077 0.8365384615384616 0.6201923076923077
17 0.4879807692307692 0.7115384615384616 0.5024038461538461 0.7115384615384616 0.5024038461538461 0.9230769230769231 0.4879807692307692 0.9230769230769231
17 0.8461538461538461 0.7019230769230769 0.8605769230769231 0.7019230769230769 0.8605769230769231 0.9206730769230769 0.8461538461538461 0.9206730769230769
17 0.7860576923076923 0.7091346153846154 0.8004807692307693 0.7091346153846154 0.8004807692307693 0.9230769230769231 0.7860576923076923 0.9230769230769231
17 0.75 0.7067307692307693 0.7644230769230769 0.7067307692307693 0.7644230769230769 0.9206730769230769 0.75 0.9206730769230769
17 0.6658653846153846 0.7067307692307693 0.6802884615384616 0.7067307692307693 0.6802884615384616 0.9206730769230769 0.6658653846153846 0.9206730769230769
17 0.5985576923076923 0.7139423076923077 0.6129807692307693 0.7139423076923077 0.6129807692307693 0.9230769230769231 0.5985576923076923 0.9230769230769231
17 0.5625 0.7091346153846154 0.5769230769230769 0.7091346153846154 0.5769230769230769 0.9206730769230769 0.5625 0.9206730769230769
17 0.1875 0.7163461538461539 0.20192307692307693 0.7163461538461539 0.20192307692307693 0.9302884615384616 0.1875 0.9302884615384616
17 0.23798076923076922 0.71875 0.25240384615384615 0.71875 0.25240384615384615 0.9326923076923077 0.23798076923076922 0.9326923076923077
17 0.3245192307692308 0.7139423076923077 0.3389423076923077 0.7139423076923077 0.3389423076923077 0.9278846153846154 0.3245192307692308 0.9278846153846154
17 0.41346153846153844 0.7163461538461539 0.42788461538461536 0.7163461538461539 0.42788461538461536 0.9278846153846154 0.41346153846153844 0.9278846153846154
19 0.09615384615384616 0.038461538461538464 0.96875 0.038461538461538464 0.96875 0.5288461538461539 0.09615384615384616 0.5288461538461539
12 0.7644230769230769 0.6682692307692307 0.8605769230769231 0.6682692307692307 0.8605769230769231 0.7019230769230769 0.7644230769230769 0.7019230769230769
10 0.7620192307692307 0.40625 0.8629807692307693 0.40625 0.8629807692307693 0.9206730769230769 0.7620192307692307 0.9206730769230769
2 0.09615384615384616 0.040865384615384616 0.96875 0.040865384615384616 0.96875 0.9471153846153846 0.09615384615384616 0.9471153846153846
7 0.43509615384615385 0.7908653846153846 0.5408653846153846 0.7908653846153846 0.5408653846153846 0.9495192307692307 0.43509615384615385 0.9495192307692307
18 0.7620192307692307 0.46634615384615385 0.8629807692307693 0.46634615384615385 0.8629807692307693 0.6899038461538461 0.7620192307692307 0.6899038461538461