14 0.5769230769230769 0.7740384615384616 0.6490384615384616 0.7740384615384616 0.6490384615384616 0.8990384615384616 0.5769230769230769 0.8990384615384616
8 0.33413461538461536 0.7740384615384616 0.40384615384615385 0.7740384615384616 0.40384615384615385 0.8990384615384616 0.33413461538461536 0.8990384615384616
8 0.41346153846153844 0.7740384615384616 0.5649038461538461 0.7740384615384616 0.5649038461538461 0.8990384615384616 0.41346153846153844 0.8990384615384616
20 0.3173076923076923 0.65625 0.6586538461538461 0.65625 0.6586538461538461 0.7019230769230769 0.3173076923076923 0.7019230769230769
8 0.4567307692307692 0.10336538461538461 0.49759615384615385 0.10336538461538461 0.49759615384615385 0.13221153846153846 0.4567307692307692 0.13221153846153846
8 0.4567307692307692 0.17067307692307693 0.5 0.17067307692307693 0.5 0.2091346153846154 0.4567307692307692 0.2091346153846154
8 0.45913461538461536 0.25240384615384615 0.5024038461538461 0.25240384615384615 0.5024038461538461 0.2956730769230769 0.45913461538461536 0.2956730769230769
8 0.45913461538461536 0.34615384615384615 0.5048076923076923 0.34615384615384615 0.5048076923076923 0.3918269230769231 0.45913461538461536 0.3918269230769231
8 0.4543269230769231 0.4567307692307692 0.5144230769230769 0.4567307692307692 0.5144230769230769 0.5120192307692307 0.4543269230769231 0.5120192307692307
8 0.4543269230769231 0.5817307692307693 0.5192307692307693 0.5817307692307693 0.5192307692307693 0.6466346153846154 0.4543269230769231 0.6466346153846154
19 0.10336538461538461 0.5288461538461539 0.8605769230769231 0.5288461538461539 0.8605769230769231 0.6610576923076923 0.10336538461538461 0.6610576923076923
19 0.13942307692307693 0.40384615384615385 0.8197115384615384 0.40384615384615385 0.8197115384615384 0.5480769230769231 0.13942307692307693 0.5480769230769231
19 0.18990384615384615 0.29086538461538464 0.7716346153846154 0.29086538461538464 0.7716346153846154 0.44471153846153844 0.18990384615384615 0.44471153846153844
19 0.23317307692307693 0.19951923076923078 0.7235576923076923 0.19951923076923078 0.7235576923076923 0.3485576923076923 0.23317307692307693 0.3485576923076923
19 0.27884615384615385 0.1201923076923077 0.6778846153846154 0.1201923076923077 0.6778846153846154 0.2548076923076923 0.27884615384615385 0.2548076923076923
19 0.3173076923076923 0.02403846153846154 0.6346153846153846 0.02403846153846154 0.6346153846153846 0.16346153846153846 0.3173076923076923 0.16346153846153846
11 0.24519230769230768 0.5408653846153846 0.7283653846153846 0.5408653846153846 0.7283653846153846 0.6706730769230769 0.24519230769230768 0.6706730769230769
11 0.27884615384615385 0.41586538461538464 0.6875 0.41586538461538464 0.6875 0.5288461538461539 0.27884615384615385 0.5288461538461539
10 0.15144230769230768 0.4879807692307692 0.8100961538461539 0.4879807692307692 0.8100961538461539 0.9158653846153846 0.15144230769230768 0.9158653846153846
12 0.27884615384615385 0.5288461538461539 0.6875 0.5288461538461539 0.6875 0.5384615384615384 0.27884615384615385 0.5384615384615384
11 0.35096153846153844 0.22355769230769232 0.6153846153846154 0.22355769230769232 0.6153846153846154 0.30288461538461536 0.35096153846153844 0.30288461538461536
11 0.3125 0.3125 0.6538461538461539 0.3125 0.6538461538461539 0.40625 0.3125 0.40625
12 0.3125 0.40865384615384615 0.6538461538461539 0.40865384615384615 0.6538461538461539 0.4182692307692308 0.3125 0.4182692307692308
11 0.3798076923076923 0.15625 0.5793269230769231 0.15625 0.5793269230769231 0.21394230769230768 0.3798076923076923 0.21394230769230768
12 0.35096153846153844 0.30288461538461536 0.6153846153846154 0.30288461538461536 0.6153846153846154 0.3125 0.35096153846153844 0.3125
11 0.40625 0.06971153846153846 0.5504807692307693 0.06971153846153846 0.5504807692307693 0.1466346153846154 0.40625 0.1466346153846154
12 0.3798076923076923 0.21634615384615385 0.5793269230769231 0.21634615384615385 0.5793269230769231 0.22596153846153846 0.3798076923076923 0.22596153846153846
12 0.40625 0.1466346153846154 0.5504807692307693 0.1466346153846154 0.5504807692307693 0.15625 0.40625 0.15625
12 0.24519230769230768 0.6706730769230769 0.7283653846153846 0.6706730769230769 0.7283653846153846 0.6802884615384616 0.24519230769230768 0.6802884615384616
7 0.45913461538461536 0.7620192307692307 0.5240384615384616 0.7620192307692307 0.5240384615384616 0.8918269230769231 0.45913461538461536 0.8918269230769231
7 0.4423076923076923 0.8798076923076923 0.5432692307692307 0.8798076923076923 0.5432692307692307 0.9927884615384616 0.4423076923076923 0.9927884615384616
2 0.10336538461538461 0.007211538461538462 0.8629807692307693 0.007211538461538462 0.8629807692307693 0.9158653846153846 0.10336538461538461 0.9158653846153846
15 0.15384615384615385 0.6802884615384616 0.8269230769230769 0.6802884615384616 0.8269230769230769 0.9158653846153846 0.15384615384615385 0.9158653846153846
7 0.055288461538461536 0.6442307692307693 0.33413461538461536 0.6442307692307693 0.33413461538461536 0.9326923076923077 0.055288461538461536 0.9326923076923077
7 0.06490384615384616 0.4182692307692308 0.21634615384615385 0.4182692307692308 0.21634615384615385 0.5649038461538461 0.06490384615384616 0.5649038461538461
7 0.6418269230769231 0.5216346153846154 1 0.5216346153846154 1 0.9254807692307693 0.6418269230769231 0.9254807692307693