23 0.25 0.36538461538461536 0.25961538461538464 0.36538461538461536 0.25961538461538464 0.41346153846153844 0.25 0.41346153846153844
23 0.22115384615384615 0.5384615384615384 0.23076923076923078 0.5384615384615384 0.23076923076923078 0.5865384615384616 0.22115384615384615 0.5865384615384616
23 0.3605769230769231 0.49038461538461536 0.37259615384615385 0.49038461538461536 0.37259615384615385 0.5408653846153846 0.3605769230769231 0.5408653846153846
23 0.25 0.4230769230769231 0.25961538461538464 0.4230769230769231 0.25961538461538464 0.47115384615384615 0.25 0.47115384615384615
23 0.19471153846153846 0.3605769230769231 0.20432692307692307 0.3605769230769231 0.20432692307692307 0.4110576923076923 0.19471153846153846 0.4110576923076923
23 0.19471153846153846 0.24278846153846154 0.20432692307692307 0.24278846153846154 0.20432692307692307 0.2932692307692308 0.19471153846153846 0.2932692307692308
23 0.19471153846153846 0.3004807692307692 0.20432692307692307 0.3004807692307692 0.20432692307692307 0.35096153846153844 0.19471153846153846 0.35096153846153844
23 0.19471153846153846 0.4182692307692308 0.20432692307692307 0.4182692307692308 0.20432692307692307 0.46875 0.19471153846153846 0.46875
23 0.22115384615384615 0.3629807692307692 0.23317307692307693 0.3629807692307692 0.23317307692307693 0.41346153846153844 0.22115384615384615 0.41346153846153844
23 0.22355769230769232 0.24759615384615385 0.23557692307692307 0.24759615384615385 0.23557692307692307 0.2980769230769231 0.22355769230769232 0.2980769230769231
23 0.22115384615384615 0.30528846153846156 0.23317307692307693 0.30528846153846156 0.23317307692307693 0.3557692307692308 0.22115384615384615 0.3557692307692308
23 0.22115384615384615 0.4182692307692308 0.23317307692307693 0.4182692307692308 0.23317307692307693 0.46875 0.22115384615384615 0.46875
23 0.27884615384615385 0.3125 0.29086538461538464 0.3125 0.29086538461538464 0.3605769230769231 0.27884615384615385 0.3605769230769231
23 0.33413461538461536 0.4879807692307692 0.34375 0.4879807692307692 0.34375 0.5360576923076923 0.33413461538461536 0.5360576923076923
23 0.3076923076923077 0.3701923076923077 0.3173076923076923 0.3701923076923077 0.3173076923076923 0.4182692307692308 0.3076923076923077 0.4182692307692308
23 0.3076923076923077 0.3173076923076923 0.3173076923076923 0.3173076923076923 0.3173076923076923 0.36538461538461536 0.3076923076923077 0.36538461538461536
23 0.33653846153846156 0.3173076923076923 0.34615384615384615 0.3173076923076923 0.34615384615384615 0.36778846153846156 0.33653846153846156 0.36778846153846156
23 0.25240384615384615 0.3076923076923077 0.2620192307692308 0.3076923076923077 0.2620192307692308 0.3557692307692308 0.25240384615384615 0.3557692307692308
23 0.27884615384615385 0.36778846153846156 0.29086538461538464 0.36778846153846156 0.29086538461538464 0.41586538461538464 0.27884615384615385 0.41586538461538464
23 0.33413461538461536 0.5480769230769231 0.34375 0.5480769230769231 0.34375 0.5961538461538461 0.33413461538461536 0.5961538461538461
23 0.30528846153846156 0.4855769230769231 0.3173076923076923 0.4855769230769231 0.3173076923076923 0.5336538461538461 0.30528846153846156 0.5336538461538461
23 0.27884615384615385 0.4855769230769231 0.28846153846153844 0.4855769230769231 0.28846153846153844 0.5336538461538461 0.27884615384615385 0.5336538461538461
23 0.24759615384615385 0.5408653846153846 0.25961538461538464 0.5408653846153846 0.25961538461538464 0.5889423076923077 0.24759615384615385 0.5889423076923077
23 0.30528846153846156 0.5456730769230769 0.3173076923076923 0.5456730769230769 0.3173076923076923 0.59375 0.30528846153846156 0.59375
23 0.27884615384615385 0.5432692307692307 0.28846153846153844 0.5432692307692307 0.28846153846153844 0.5913461538461539 0.27884615384615385 0.5913461538461539
23 0.18990384615384615 0.5360576923076923 0.20192307692307693 0.5360576923076923 0.20192307692307693 0.5865384615384616 0.18990384615384615 0.5865384615384616
23 0.33653846153846156 0.375 0.34615384615384615 0.375 0.34615384615384615 0.4230769230769231 0.33653846153846156 0.4230769230769231
23 0.3870192307692308 0.49278846153846156 0.39663461538461536 0.49278846153846156 0.39663461538461536 0.5432692307692307 0.3870192307692308 0.5432692307692307
23 0.3605769230769231 0.4326923076923077 0.37259615384615385 0.4326923076923077 0.37259615384615385 0.4831730769230769 0.3605769230769231 0.4831730769230769
23 0.3605769230769231 0.37740384615384615 0.37259615384615385 0.37740384615384615 0.37259615384615385 0.42788461538461536 0.3605769230769231 0.42788461538461536
23 0.3870192307692308 0.43509615384615385 0.39663461538461536 0.43509615384615385 0.39663461538461536 0.4855769230769231 0.3870192307692308 0.4855769230769231
23 0.3870192307692308 0.3798076923076923 0.39663461538461536 0.3798076923076923 0.39663461538461536 0.43028846153846156 0.3870192307692308 0.43028846153846156
23 0.41346153846153844 0.38461538461538464 0.4254807692307692 0.38461538461538464 0.4254807692307692 0.4326923076923077 0.41346153846153844 0.4326923076923077
23 0.41346153846153844 0.4375 0.4254807692307692 0.4375 0.4254807692307692 0.4879807692307692 0.41346153846153844 0.4879807692307692
23 0.41346153846153844 0.4951923076923077 0.4254807692307692 0.4951923076923077 0.4254807692307692 0.5456730769230769 0.41346153846153844 0.5456730769230769
23 0.43990384615384615 0.5528846153846154 0.4519230769230769 0.5528846153846154 0.4519230769230769 0.6033653846153846 0.43990384615384615 0.6033653846153846
23 0.46634615384615385 0.5552884615384616 0.47596153846153844 0.5552884615384616 0.47596153846153844 0.6057692307692307 0.46634615384615385 0.6057692307692307
23 0.49038461538461536 0.5576923076923077 0.5024038461538461 0.5576923076923077 0.5024038461538461 0.6057692307692307 0.49038461538461536 0.6057692307692307
23 0.49038461538461536 0.44711538461538464 0.5024038461538461 0.44711538461538464 0.5024038461538461 0.4951923076923077 0.49038461538461536 0.4951923076923077
23 0.46634615384615385 0.44471153846153844 0.47596153846153844 0.44471153846153844 0.47596153846153844 0.49278846153846156 0.46634615384615385 0.49278846153846156
23 0.43990384615384615 0.4423076923076923 0.4519230769230769 0.4423076923076923 0.4519230769230769 0.49038461538461536 0.43990384615384615 0.49038461538461536
23 0.3605769230769231 0.2644230769230769 0.37259615384615385 0.2644230769230769 0.37259615384615385 0.31490384615384615 0.3605769230769231 0.31490384615384615
23 0.46634615384615385 0.33413461538461536 0.47596153846153844 0.33413461538461536 0.47596153846153844 0.38221153846153844 0.46634615384615385 0.38221153846153844
23 0.43990384615384615 0.3317307692307692 0.4519230769230769 0.3317307692307692 0.4519230769230769 0.3798076923076923 0.43990384615384615 0.3798076923076923
23 0.41346153846153844 0.27163461538461536 0.4254807692307692 0.27163461538461536 0.4254807692307692 0.31971153846153844 0.41346153846153844 0.31971153846153844
23 0.3870192307692308 0.2692307692307692 0.39663461538461536 0.2692307692307692 0.39663461538461536 0.3173076923076923 0.3870192307692308 0.3173076923076923
23 0.25240384615384615 0.25240384615384615 0.2620192307692308 0.25240384615384615 0.2620192307692308 0.3004807692307692 0.25240384615384615 0.3004807692307692
23 0.28125 0.19951923076923078 0.2932692307692308 0.19951923076923078 0.2932692307692308 0.24759615384615385 0.28125 0.24759615384615385
23 0.3076923076923077 0.20192307692307693 0.3173076923076923 0.20192307692307693 0.3173076923076923 0.25240384615384615 0.3076923076923077 0.25240384615384615
23 0.33653846153846156 0.20673076923076922 0.34615384615384615 0.20673076923076922 0.34615384615384615 0.25721153846153844 0.33653846153846156 0.25721153846153844
23 0.43990384615384615 0.22115384615384615 0.4519230769230769 0.22115384615384615 0.4519230769230769 0.27163461538461536 0.43990384615384615 0.27163461538461536
23 0.46634615384615385 0.22355769230769232 0.47596153846153844 0.22355769230769232 0.47596153846153844 0.27403846153846156 0.46634615384615385 0.27403846153846156
23 0.49038461538461536 0.2283653846153846 0.5024038461538461 0.2283653846153846 0.5024038461538461 0.27884615384615385 0.49038461538461536 0.27884615384615385
23 0.49038461538461536 0.33653846153846156 0.5024038461538461 0.33653846153846156 0.5024038461538461 0.38461538461538464 0.49038461538461536 0.38461538461538464
23 0.5096153846153846 0.5 0.5192307692307693 0.5 0.5192307692307693 0.5480769230769231 0.5096153846153846 0.5480769230769231
23 0.5096153846153846 0.27884615384615385 0.5192307692307693 0.27884615384615385 0.5192307692307693 0.3293269230769231 0.5096153846153846 0.3293269230769231
23 0.5576923076923077 0.4879807692307692 0.5673076923076923 0.4879807692307692 0.5673076923076923 0.5288461538461539 0.5576923076923077 0.5288461538461539
23 0.53125 0.2692307692307692 0.5408653846153846 0.2692307692307692 0.5408653846153846 0.31009615384615385 0.53125 0.31009615384615385
23 0.53125 0.3798076923076923 0.5408653846153846 0.3798076923076923 0.5408653846153846 0.4206730769230769 0.53125 0.4206730769230769
23 0.53125 0.49278846153846156 0.5408653846153846 0.49278846153846156 0.5408653846153846 0.5336538461538461 0.53125 0.5336538461538461
23 0.5576923076923077 0.37259615384615385 0.5673076923076923 0.37259615384615385 0.5673076923076923 0.41346153846153844 0.5576923076923077 0.41346153846153844
23 0.5576923076923077 0.25961538461538464 0.5673076923076923 0.25961538461538464 0.5673076923076923 0.2980769230769231 0.5576923076923077 0.2980769230769231
23 0.5096153846153846 0.3918269230769231 0.5192307692307693 0.3918269230769231 0.5192307692307693 0.43990384615384615 0.5096153846153846 0.43990384615384615
23 0.5817307692307693 0.18990384615384615 0.5889423076923077 0.18990384615384615 0.5889423076923077 0.2403846153846154 0.5817307692307693 0.2403846153846154
23 0.5817307692307693 0.24759615384615385 0.5889423076923077 0.24759615384615385 0.5889423076923077 0.2980769230769231 0.5817307692307693 0.2980769230769231
23 0.5817307692307693 0.30528846153846156 0.5889423076923077 0.30528846153846156 0.5889423076923077 0.3557692307692308 0.5817307692307693 0.3557692307692308
23 0.6081730769230769 0.2956730769230769 0.6177884615384616 0.2956730769230769 0.6177884615384616 0.34615384615384615 0.6081730769230769 0.34615384615384615
23 0.6370192307692307 0.28365384615384615 0.6442307692307693 0.28365384615384615 0.6442307692307693 0.33653846153846156 0.6370192307692307 0.33653846153846156
23 0.6370192307692307 0.28365384615384615 0.6442307692307693 0.28365384615384615 0.6442307692307693 0.33653846153846156 0.6370192307692307 0.33653846153846156
23 0.6081730769230769 0.23798076923076922 0.6177884615384616 0.23798076923076922 0.6177884615384616 0.28846153846153844 0.6081730769230769 0.28846153846153844
23 0.6370192307692307 0.22596153846153846 0.6442307692307693 0.22596153846153846 0.6442307692307693 0.27884615384615385 0.6370192307692307 0.27884615384615385
23 0.6370192307692307 0.22596153846153846 0.6442307692307693 0.22596153846153846 0.6442307692307693 0.27884615384615385 0.6370192307692307 0.27884615384615385
23 0.6346153846153846 0.16346153846153846 0.6442307692307693 0.16346153846153846 0.6442307692307693 0.21634615384615385 0.6346153846153846 0.21634615384615385
23 0.6081730769230769 0.1778846153846154 0.6177884615384616 0.1778846153846154 0.6177884615384616 0.2283653846153846 0.6081730769230769 0.2283653846153846
23 0.6370192307692307 0.40384615384615385 0.6466346153846154 0.40384615384615385 0.6466346153846154 0.4495192307692308 0.6370192307692307 0.4495192307692308
23 0.7620192307692307 0.5 0.7764423076923077 0.5 0.7764423076923077 0.5600961538461539 0.7620192307692307 0.5600961538461539
23 0.6081730769230769 0.41346153846153844 0.6201923076923077 0.41346153846153844 0.6201923076923077 0.4567307692307692 0.6081730769230769 0.4567307692307692
23 0.5817307692307693 0.4206730769230769 0.5913461538461539 0.4206730769230769 0.5913461538461539 0.47115384615384615 0.5817307692307693 0.47115384615384615
23 0.5817307692307693 0.5408653846153846 0.59375 0.5408653846153846 0.59375 0.5913461538461539 0.5817307692307693 0.5913461538461539
23 0.6081730769230769 0.5360576923076923 0.6225961538461539 0.5360576923076923 0.6225961538461539 0.5865384615384616 0.6081730769230769 0.5865384615384616
23 0.6370192307692307 0.5288461538461539 0.6490384615384616 0.5288461538461539 0.6490384615384616 0.5793269230769231 0.6370192307692307 0.5793269230769231
23 0.6658653846153846 0.4567307692307692 0.6802884615384616 0.4567307692307692 0.6802884615384616 0.5096153846153846 0.6658653846153846 0.5096153846153846
23 0.6971153846153846 0.4519230769230769 0.7091346153846154 0.4519230769230769 0.7091346153846154 0.5024038461538461 0.6971153846153846 0.5024038461538461
23 0.7283653846153846 0.4423076923076923 0.7403846153846154 0.4423076923076923 0.7403846153846154 0.49278846153846156 0.7283653846153846 0.49278846153846156
23 0.7259615384615384 0.24759615384615385 0.7403846153846154 0.24759615384615385 0.7403846153846154 0.30528846153846156 0.7259615384615384 0.30528846153846156
23 0.7620192307692307 0.4326923076923077 0.7764423076923077 0.4326923076923077 0.7764423076923077 0.49278846153846156 0.7620192307692307 0.49278846153846156
23 0.7620192307692307 0.36538461538461536 0.7764423076923077 0.36538461538461536 0.7764423076923077 0.4254807692307692 0.7620192307692307 0.4254807692307692
23 0.7596153846153846 0.2980769230769231 0.7740384615384616 0.2980769230769231 0.7740384615384616 0.3581730769230769 0.7596153846153846 0.3581730769230769
23 0.7596153846153846 0.23557692307692307 0.7740384615384616 0.23557692307692307 0.7740384615384616 0.2956730769230769 0.7596153846153846 0.2956730769230769
23 0.7596153846153846 0.16826923076923078 0.7740384615384616 0.16826923076923078 0.7740384615384616 0.2283653846153846 0.7596153846153846 0.2283653846153846
23 0.7596153846153846 0.10336538461538461 0.7740384615384616 0.10336538461538461 0.7740384615384616 0.16346153846153846 0.7596153846153846 0.16346153846153846
23 0.7235576923076923 0.1201923076923077 0.7379807692307693 0.1201923076923077 0.7379807692307693 0.18028846153846154 0.7235576923076923 0.18028846153846154
23 0.6923076923076923 0.1346153846153846 0.7043269230769231 0.1346153846153846 0.7043269230769231 0.19471153846153846 0.6923076923076923 0.19471153846153846
23 0.6634615384615384 0.14903846153846154 0.6754807692307693 0.14903846153846154 0.6754807692307693 0.2091346153846154 0.6634615384615384 0.2091346153846154
23 0.6947115384615384 0.25961538461538464 0.7067307692307693 0.25961538461538464 0.7067307692307693 0.3173076923076923 0.6947115384615384 0.3173076923076923
23 0.6634615384615384 0.27163461538461536 0.6778846153846154 0.27163461538461536 0.6778846153846154 0.3293269230769231 0.6634615384615384 0.3293269230769231
23 0.6634615384615384 0.33413461538461536 0.6778846153846154 0.33413461538461536 0.6778846153846154 0.3918269230769231 0.6634615384615384 0.3918269230769231
23 0.6947115384615384 0.32211538461538464 0.7067307692307693 0.32211538461538464 0.7067307692307693 0.3798076923076923 0.6947115384615384 0.3798076923076923
23 0.7259615384615384 0.31009615384615385 0.7403846153846154 0.31009615384615385 0.7403846153846154 0.36778846153846156 0.7259615384615384 0.36778846153846156
23 0.3870192307692308 0.5384615384615384 0.4014423076923077 0.5384615384615384 0.4014423076923077 0.5913461538461539 0.3870192307692308 0.5913461538461539
23 0.21634615384615385 0.16346153846153846 0.23557692307692307 0.16346153846153846 0.23557692307692307 0.22355769230769232 0.21634615384615385 0.22355769230769232
23 0.21634615384615385 0.46634615384615385 0.23557692307692307 0.46634615384615385 0.23557692307692307 0.5240384615384616 0.21634615384615385 0.5240384615384616
23 0.30288461538461536 0.41346153846153844 0.32211538461538464 0.41346153846153844 0.32211538461538464 0.47115384615384615 0.30288461538461536 0.47115384615384615
23 0.6370192307692307 0.4495192307692308 0.6490384615384616 0.4495192307692308 0.6490384615384616 0.5096153846153846 0.6370192307692307 0.5096153846153846
23 0.3870192307692308 0.30528846153846156 0.4014423076923077 0.30528846153846156 0.4014423076923077 0.3629807692307692 0.3870192307692308 0.3629807692307692
23 0.3894230769230769 0.19230769230769232 0.4014423076923077 0.19230769230769232 0.4014423076923077 0.24759615384615385 0.3894230769230769 0.24759615384615385
23 0.47115384615384615 0.25961538461538464 0.4831730769230769 0.25961538461538464 0.4831730769230769 0.3173076923076923 0.47115384615384615 0.3173076923076923
23 0.47115384615384615 0.37259615384615385 0.4831730769230769 0.37259615384615385 0.4831730769230769 0.42788461538461536 0.47115384615384615 0.42788461538461536
23 0.47115384615384615 0.4879807692307692 0.4831730769230769 0.4879807692307692 0.4831730769230769 0.5408653846153846 0.47115384615384615 0.5408653846153846
23 0.5528846153846154 0.2932692307692308 0.5673076923076923 0.2932692307692308 0.5673076923076923 0.3485576923076923 0.5528846153846154 0.3485576923076923
23 0.5528846153846154 0.17548076923076922 0.5673076923076923 0.17548076923076922 0.5673076923076923 0.23317307692307693 0.5528846153846154 0.23317307692307693
23 0.5528846153846154 0.53125 0.5673076923076923 0.53125 0.5673076923076923 0.5865384615384616 0.5528846153846154 0.5865384615384616
23 0.6370192307692307 0.3173076923076923 0.6490384615384616 0.3173076923076923 0.6490384615384616 0.38221153846153844 0.6370192307692307 0.38221153846153844
23 0.5528846153846154 0.4110576923076923 0.5673076923076923 0.4110576923076923 0.5673076923076923 0.46875 0.5528846153846154 0.46875
23 0.7331730769230769 0.15144230769230768 0.7427884615384616 0.15144230769230768 0.7427884615384616 0.21634615384615385 0.7331730769230769 0.21634615384615385
23 0.7355769230769231 0.49038461538461536 0.7475961538461539 0.49038461538461536 0.7475961538461539 0.5552884615384616 0.7355769230769231 0.5552884615384616
23 0.7355769230769231 0.3557692307692308 0.7475961538461539 0.3557692307692308 0.7475961538461539 0.4206730769230769 0.7355769230769231 0.4206730769230769
23 0.2692307692307692 0.22596153846153846 0.2764423076923077 0.22596153846153846 0.2764423076923077 0.2860576923076923 0.2692307692307692 0.2860576923076923
23 0.2668269230769231 0.40384615384615385 0.27403846153846156 0.40384615384615385 0.27403846153846156 0.46634615384615385 0.2668269230769231 0.46634615384615385
23 0.1778846153846154 0.46153846153846156 0.18269230769230768 0.46153846153846156 0.18269230769230768 0.5168269230769231 0.1778846153846154 0.5168269230769231
23 0.35336538461538464 0.53125 0.3605769230769231 0.53125 0.3605769230769231 0.5889423076923077 0.35336538461538464 0.5889423076923077
23 0.4326923076923077 0.3629807692307692 0.44471153846153844 0.3629807692307692 0.44471153846153844 0.4230769230769231 0.4326923076923077 0.4230769230769231
23 0.5216346153846154 0.3076923076923077 0.53125 0.3076923076923077 0.53125 0.36778846153846156 0.5216346153846154 0.36778846153846156
23 0.4326923076923077 0.24759615384615385 0.44471153846153844 0.24759615384615385 0.44471153846153844 0.3076923076923077 0.4326923076923077 0.3076923076923077
23 0.5216346153846154 0.19471153846153846 0.53125 0.19471153846153846 0.53125 0.2548076923076923 0.5216346153846154 0.2548076923076923
23 0.6009615384615384 0.33653846153846156 0.6105769230769231 0.33653846153846156 0.6105769230769231 0.39663461538461536 0.6009615384615384 0.39663461538461536
23 0.5216346153846154 0.4230769230769231 0.53125 0.4230769230769231 0.53125 0.4831730769230769 0.5216346153846154 0.4831730769230769
23 0.5216346153846154 0.5408653846153846 0.53125 0.5408653846153846 0.53125 0.5985576923076923 0.5216346153846154 0.5985576923076923
23 0.6009615384615384 0.46153846153846156 0.6129807692307693 0.46153846153846156 0.6129807692307693 0.5240384615384616 0.6009615384615384 0.5240384615384616
23 0.6875 0.5024038461538461 0.7043269230769231 0.5024038461538461 0.7043269230769231 0.5673076923076923 0.6875 0.5673076923076923
23 0.6875 0.36778846153846156 0.7043269230769231 0.36778846153846156 0.7043269230769231 0.4375 0.6875 0.4375
23 0.6850961538461539 0.17548076923076922 0.7019230769230769 0.17548076923076922 0.7019230769230769 0.24519230769230768 0.6850961538461539 0.24519230769230768
0 0.1466346153846154 0.21394230769230768 0.1778846153846154 0.21394230769230768 0.1778846153846154 0.23798076923076922 0.1466346153846154 0.23798076923076922
0 0.1466346153846154 0.27403846153846156 0.1778846153846154 0.27403846153846156 0.1778846153846154 0.2980769230769231 0.1466346153846154 0.2980769230769231
0 0.1466346153846154 0.3293269230769231 0.1778846153846154 0.3293269230769231 0.1778846153846154 0.35336538461538464 0.1466346153846154 0.35336538461538464
0 0.1466346153846154 0.3894230769230769 0.1778846153846154 0.3894230769230769 0.1778846153846154 0.41346153846153844 0.1466346153846154 0.41346153846153844
0 0.1466346153846154 0.44471153846153844 0.1778846153846154 0.44471153846153844 0.1778846153846154 0.46875 0.1466346153846154 0.46875
0 0.1466346153846154 0.5048076923076923 0.1778846153846154 0.5048076923076923 0.1778846153846154 0.5288461538461539 0.1466346153846154 0.5288461538461539
0 0.1466346153846154 0.5649038461538461 0.1778846153846154 0.5649038461538461 0.1778846153846154 0.5889423076923077 0.1466346153846154 0.5889423076923077
0 0.7980769230769231 0.5216346153846154 0.8317307692307693 0.5216346153846154 0.8317307692307693 0.5576923076923077 0.7980769230769231 0.5576923076923077
0 0.7932692307692307 0.11778846153846154 0.8269230769230769 0.11778846153846154 0.8269230769230769 0.15865384615384615 0.7932692307692307 0.15865384615384615
0 0.7956730769230769 0.18509615384615385 0.8293269230769231 0.18509615384615385 0.8293269230769231 0.22115384615384615 0.7956730769230769 0.22115384615384615
0 0.7956730769230769 0.2548076923076923 0.8293269230769231 0.2548076923076923 0.8293269230769231 0.29086538461538464 0.7956730769230769 0.29086538461538464
0 0.7980769230769231 0.31971153846153844 0.8317307692307693 0.31971153846153844 0.8317307692307693 0.3557692307692308 0.7980769230769231 0.3557692307692308
0 0.7980769230769231 0.38461538461538464 0.8317307692307693 0.38461538461538464 0.8317307692307693 0.4206730769230769 0.7980769230769231 0.4206730769230769
0 0.7980769230769231 0.4519230769230769 0.8317307692307693 0.4519230769230769 0.8317307692307693 0.49038461538461536 0.7980769230769231 0.49038461538461536
8 0.11778846153846154 0.7644230769230769 0.16105769230769232 0.7644230769230769 0.16105769230769232 0.8173076923076923 0.11778846153846154 0.8173076923076923
8 0.21153846153846154 0.7644230769230769 0.25721153846153844 0.7644230769230769 0.25721153846153844 0.8173076923076923 0.21153846153846154 0.8173076923076923
8 0.5456730769230769 0.7644230769230769 0.5889423076923077 0.7644230769230769 0.5889423076923077 0.8173076923076923 0.5456730769230769 0.8173076923076923
8 0.7403846153846154 0.7644230769230769 0.7836538461538461 0.7644230769230769 0.7836538461538461 0.8173076923076923 0.7403846153846154 0.8173076923076923
14 0.055288461538461536 0.6706730769230769 0.9350961538461539 0.6706730769230769 0.9350961538461539 0.7355769230769231 0.055288461538461536 0.7355769230769231
8 0.6418269230769231 0.7644230769230769 0.6850961538461539 0.7644230769230769 0.6850961538461539 0.8173076923076923 0.6418269230769231 0.8173076923076923
14 0.05048076923076923 0.7451923076923077 0.9350961538461539 0.7451923076923077 0.9350961538461539 0.8173076923076923 0.05048076923076923 0.8173076923076923
2 0 0.03125 1 0.03125 1 0.8173076923076923 0 0.8173076923076923
10 0 0.03365384615384615 1 0.03365384615384615 1 0.8197115384615384 0 0.8197115384615384