23 0.65625 0.21153846153846154 0.6730769230769231 0.21153846153846154 0.6730769230769231 0.23076923076923078 0.65625 0.23076923076923078
23 0.40384615384615385 0.21394230769230768 0.4206730769230769 0.21394230769230768 0.4206730769230769 0.23317307692307693 0.40384615384615385 0.23317307692307693
23 0.4326923076923077 0.21394230769230768 0.4519230769230769 0.21394230769230768 0.4519230769230769 0.23317307692307693 0.4326923076923077 0.23317307692307693
23 0.4735576923076923 0.21153846153846154 0.49038461538461536 0.21153846153846154 0.49038461538461536 0.23317307692307693 0.4735576923076923 0.23317307692307693
23 0.5144230769230769 0.21153846153846154 0.53125 0.21153846153846154 0.53125 0.23317307692307693 0.5144230769230769 0.23317307692307693
23 0.5432692307692307 0.21153846153846154 0.5625 0.21153846153846154 0.5625 0.23317307692307693 0.5432692307692307 0.23317307692307693
23 0.5841346153846154 0.21153846153846154 0.6009615384615384 0.21153846153846154 0.6009615384615384 0.23076923076923078 0.5841346153846154 0.23076923076923078
23 0.625 0.21153846153846154 0.6418269230769231 0.21153846153846154 0.6418269230769231 0.23076923076923078 0.625 0.23076923076923078
23 0.65625 0.24278846153846154 0.6730769230769231 0.24278846153846154 0.6730769230769231 0.2644230769230769 0.65625 0.2644230769230769
23 0.40384615384615385 0.24519230769230768 0.4206730769230769 0.24519230769230768 0.4206730769230769 0.2668269230769231 0.40384615384615385 0.2668269230769231
23 0.4326923076923077 0.24519230769230768 0.4519230769230769 0.24519230769230768 0.4519230769230769 0.2668269230769231 0.4326923076923077 0.2668269230769231
23 0.4735576923076923 0.24519230769230768 0.49038461538461536 0.24519230769230768 0.49038461538461536 0.2644230769230769 0.4735576923076923 0.2644230769230769
23 0.5144230769230769 0.24519230769230768 0.53125 0.24519230769230768 0.53125 0.2644230769230769 0.5144230769230769 0.2644230769230769
23 0.5432692307692307 0.24519230769230768 0.5625 0.24519230769230768 0.5625 0.2644230769230769 0.5432692307692307 0.2644230769230769
23 0.5841346153846154 0.24278846153846154 0.6009615384615384 0.24278846153846154 0.6009615384615384 0.2644230769230769 0.5841346153846154 0.2644230769230769
23 0.625 0.24278846153846154 0.6418269230769231 0.24278846153846154 0.6418269230769231 0.2644230769230769 0.625 0.2644230769230769
23 0.65625 0.2764423076923077 0.6730769230769231 0.2764423076923077 0.6730769230769231 0.2980769230769231 0.65625 0.2980769230769231
23 0.40384615384615385 0.27884615384615385 0.4206730769230769 0.27884615384615385 0.4206730769230769 0.3004807692307692 0.40384615384615385 0.3004807692307692
23 0.4326923076923077 0.27884615384615385 0.4519230769230769 0.27884615384615385 0.4519230769230769 0.3004807692307692 0.4326923076923077 0.3004807692307692
23 0.4735576923076923 0.27884615384615385 0.49038461538461536 0.27884615384615385 0.49038461538461536 0.2980769230769231 0.4735576923076923 0.2980769230769231
23 0.5144230769230769 0.27884615384615385 0.53125 0.27884615384615385 0.53125 0.2980769230769231 0.5144230769230769 0.2980769230769231
23 0.5432692307692307 0.27884615384615385 0.5625 0.27884615384615385 0.5625 0.2980769230769231 0.5432692307692307 0.2980769230769231
23 0.5841346153846154 0.2764423076923077 0.6009615384615384 0.2764423076923077 0.6009615384615384 0.2980769230769231 0.5841346153846154 0.2980769230769231
23 0.625 0.2764423076923077 0.6418269230769231 0.2764423076923077 0.6418269230769231 0.2980769230769231 0.625 0.2980769230769231
23 0.65625 0.31009615384615385 0.6730769230769231 0.31009615384615385 0.6730769230769231 0.3293269230769231 0.65625 0.3293269230769231
23 0.40384615384615385 0.3125 0.4206730769230769 0.3125 0.4206730769230769 0.3317307692307692 0.40384615384615385 0.3317307692307692
23 0.4326923076923077 0.3125 0.4519230769230769 0.3125 0.4519230769230769 0.3317307692307692 0.4326923076923077 0.3317307692307692
23 0.4735576923076923 0.31009615384615385 0.49038461538461536 0.31009615384615385 0.49038461538461536 0.3317307692307692 0.4735576923076923 0.3317307692307692
23 0.5144230769230769 0.31009615384615385 0.53125 0.31009615384615385 0.53125 0.3317307692307692 0.5144230769230769 0.3317307692307692
23 0.5432692307692307 0.31009615384615385 0.5625 0.31009615384615385 0.5625 0.3317307692307692 0.5432692307692307 0.3317307692307692
23 0.5841346153846154 0.31009615384615385 0.6009615384615384 0.31009615384615385 0.6009615384615384 0.3293269230769231 0.5841346153846154 0.3293269230769231
23 0.625 0.31009615384615385 0.6418269230769231 0.31009615384615385 0.6418269230769231 0.3293269230769231 0.625 0.3293269230769231
23 0.6538461538461539 0.34375 0.6730769230769231 0.34375 0.6730769230769231 0.3629807692307692 0.6538461538461539 0.3629807692307692
23 0.4014423076923077 0.34615384615384615 0.4206730769230769 0.34615384615384615 0.4206730769230769 0.36538461538461536 0.4014423076923077 0.36538461538461536
23 0.4326923076923077 0.34615384615384615 0.4495192307692308 0.34615384615384615 0.4495192307692308 0.36538461538461536 0.4326923076923077 0.36538461538461536
23 0.47115384615384615 0.34375 0.49038461538461536 0.34375 0.49038461538461536 0.36538461538461536 0.47115384615384615 0.36538461538461536
23 0.5120192307692307 0.34375 0.53125 0.34375 0.53125 0.36538461538461536 0.5120192307692307 0.36538461538461536
23 0.5408653846153846 0.34375 0.5600961538461539 0.34375 0.5600961538461539 0.36538461538461536 0.5408653846153846 0.36538461538461536
23 0.5817307692307693 0.34375 0.5985576923076923 0.34375 0.5985576923076923 0.3629807692307692 0.5817307692307693 0.3629807692307692
23 0.6225961538461539 0.34375 0.6418269230769231 0.34375 0.6418269230769231 0.3629807692307692 0.6225961538461539 0.3629807692307692
23 0.6538461538461539 0.37740384615384615 0.6730769230769231 0.37740384615384615 0.6730769230769231 0.39663461538461536 0.6538461538461539 0.39663461538461536
23 0.4014423076923077 0.3798076923076923 0.4206730769230769 0.3798076923076923 0.4206730769230769 0.39903846153846156 0.4014423076923077 0.39903846153846156
23 0.4326923076923077 0.3798076923076923 0.4495192307692308 0.3798076923076923 0.4495192307692308 0.39903846153846156 0.4326923076923077 0.39903846153846156
23 0.47115384615384615 0.37740384615384615 0.49038461538461536 0.37740384615384615 0.49038461538461536 0.39903846153846156 0.47115384615384615 0.39903846153846156
23 0.5120192307692307 0.37740384615384615 0.53125 0.37740384615384615 0.53125 0.39903846153846156 0.5120192307692307 0.39903846153846156
23 0.5408653846153846 0.37740384615384615 0.5600961538461539 0.37740384615384615 0.5600961538461539 0.39903846153846156 0.5408653846153846 0.39903846153846156
23 0.5817307692307693 0.37740384615384615 0.5985576923076923 0.37740384615384615 0.5985576923076923 0.39663461538461536 0.5817307692307693 0.39663461538461536
23 0.6225961538461539 0.37740384615384615 0.6418269230769231 0.37740384615384615 0.6418269230769231 0.39663461538461536 0.6225961538461539 0.39663461538461536
23 0.6514423076923077 0.4110576923076923 0.6706730769230769 0.4110576923076923 0.6706730769230769 0.43028846153846156 0.6514423076923077 0.43028846153846156
23 0.4014423076923077 0.41346153846153844 0.4182692307692308 0.41346153846153844 0.4182692307692308 0.43509615384615385 0.4014423076923077 0.43509615384615385
23 0.43028846153846156 0.41346153846153844 0.44711538461538464 0.41346153846153844 0.44711538461538464 0.43509615384615385 0.43028846153846156 0.43509615384615385
23 0.46875 0.41346153846153844 0.4879807692307692 0.41346153846153844 0.4879807692307692 0.4326923076923077 0.46875 0.4326923076923077
23 0.5096153846153846 0.41346153846153844 0.5288461538461539 0.41346153846153844 0.5288461538461539 0.4326923076923077 0.5096153846153846 0.4326923076923077
23 0.5408653846153846 0.41346153846153844 0.5576923076923077 0.41346153846153844 0.5576923076923077 0.4326923076923077 0.5408653846153846 0.4326923076923077
23 0.5817307692307693 0.41346153846153844 0.5985576923076923 0.41346153846153844 0.5985576923076923 0.4326923076923077 0.5817307692307693 0.4326923076923077
23 0.625 0.4110576923076923 0.6418269230769231 0.4110576923076923 0.6418269230769231 0.43028846153846156 0.625 0.43028846153846156
23 0.6514423076923077 0.44471153846153844 0.6706730769230769 0.44471153846153844 0.6706730769230769 0.46634615384615385 0.6514423076923077 0.46634615384615385
23 0.4014423076923077 0.44711538461538464 0.4182692307692308 0.44711538461538464 0.4182692307692308 0.46875 0.4014423076923077 0.46875
23 0.43028846153846156 0.44711538461538464 0.44711538461538464 0.44711538461538464 0.44711538461538464 0.46875 0.43028846153846156 0.46875
23 0.46875 0.44711538461538464 0.4879807692307692 0.44711538461538464 0.4879807692307692 0.46634615384615385 0.46875 0.46634615384615385
23 0.5096153846153846 0.44711538461538464 0.5288461538461539 0.44711538461538464 0.5288461538461539 0.46634615384615385 0.5096153846153846 0.46634615384615385
23 0.5408653846153846 0.44711538461538464 0.5576923076923077 0.44711538461538464 0.5576923076923077 0.46634615384615385 0.5408653846153846 0.46634615384615385
23 0.5817307692307693 0.44711538461538464 0.5985576923076923 0.44711538461538464 0.5985576923076923 0.46634615384615385 0.5817307692307693 0.46634615384615385
23 0.6225961538461539 0.44471153846153844 0.6418269230769231 0.44471153846153844 0.6418269230769231 0.46634615384615385 0.6225961538461539 0.46634615384615385
23 0.6538461538461539 0.4807692307692308 0.6730769230769231 0.4807692307692308 0.6730769230769231 0.5 0.6538461538461539 0.5
23 0.39903846153846156 0.4807692307692308 0.41586538461538464 0.4807692307692308 0.41586538461538464 0.5024038461538461 0.39903846153846156 0.5024038461538461
23 0.42788461538461536 0.4807692307692308 0.44711538461538464 0.4807692307692308 0.44711538461538464 0.5024038461538461 0.42788461538461536 0.5024038461538461
23 0.46875 0.4807692307692308 0.4855769230769231 0.4807692307692308 0.4855769230769231 0.5 0.46875 0.5
23 0.5096153846153846 0.4807692307692308 0.5264423076923077 0.4807692307692308 0.5264423076923077 0.5 0.5096153846153846 0.5
23 0.5384615384615384 0.4807692307692308 0.5576923076923077 0.4807692307692308 0.5576923076923077 0.5 0.5384615384615384 0.5
23 0.5817307692307693 0.4807692307692308 0.5985576923076923 0.4807692307692308 0.5985576923076923 0.5 0.5817307692307693 0.5
23 0.6225961538461539 0.4807692307692308 0.6418269230769231 0.4807692307692308 0.6418269230769231 0.5 0.6225961538461539 0.5
23 0.6538461538461539 0.5144230769230769 0.6730769230769231 0.5144230769230769 0.6730769230769231 0.5336538461538461 0.6538461538461539 0.5336538461538461
23 0.39903846153846156 0.5144230769230769 0.41586538461538464 0.5144230769230769 0.41586538461538464 0.5360576923076923 0.39903846153846156 0.5360576923076923
23 0.42788461538461536 0.5144230769230769 0.44711538461538464 0.5144230769230769 0.44711538461538464 0.5360576923076923 0.42788461538461536 0.5360576923076923
23 0.46875 0.5144230769230769 0.4855769230769231 0.5144230769230769 0.4855769230769231 0.5336538461538461 0.46875 0.5336538461538461
23 0.5096153846153846 0.5144230769230769 0.5264423076923077 0.5144230769230769 0.5264423076923077 0.5336538461538461 0.5096153846153846 0.5336538461538461
23 0.5384615384615384 0.5144230769230769 0.5576923076923077 0.5144230769230769 0.5576923076923077 0.5336538461538461 0.5384615384615384 0.5336538461538461
23 0.5817307692307693 0.5144230769230769 0.5985576923076923 0.5144230769230769 0.5985576923076923 0.5336538461538461 0.5817307692307693 0.5336538461538461
23 0.6225961538461539 0.5144230769230769 0.6418269230769231 0.5144230769230769 0.6418269230769231 0.5336538461538461 0.6225961538461539 0.5336538461538461
23 0.6514423076923077 0.5480769230769231 0.6706730769230769 0.5480769230769231 0.6706730769230769 0.5697115384615384 0.6514423076923077 0.5697115384615384
23 0.39663461538461536 0.5504807692307693 0.41586538461538464 0.5504807692307693 0.41586538461538464 0.5697115384615384 0.39663461538461536 0.5697115384615384
23 0.42788461538461536 0.5504807692307693 0.44471153846153844 0.5504807692307693 0.44471153846153844 0.5697115384615384 0.42788461538461536 0.5697115384615384
23 0.46634615384615385 0.5480769230769231 0.4831730769230769 0.5480769230769231 0.4831730769230769 0.5697115384615384 0.46634615384615385 0.5697115384615384
23 0.5072115384615384 0.5480769230769231 0.5264423076923077 0.5480769230769231 0.5264423076923077 0.5697115384615384 0.5072115384615384 0.5697115384615384
23 0.5360576923076923 0.5480769230769231 0.5552884615384616 0.5480769230769231 0.5552884615384616 0.5697115384615384 0.5360576923076923 0.5697115384615384
23 0.5793269230769231 0.5480769230769231 0.5985576923076923 0.5480769230769231 0.5985576923076923 0.5697115384615384 0.5793269230769231 0.5697115384615384
23 0.6538461538461539 0.5817307692307693 0.6730769230769231 0.5817307692307693 0.6730769230769231 0.6033653846153846 0.6538461538461539 0.6033653846153846
23 0.39663461538461536 0.5841346153846154 0.41586538461538464 0.5841346153846154 0.41586538461538464 0.6033653846153846 0.39663461538461536 0.6033653846153846
23 0.42788461538461536 0.5841346153846154 0.44471153846153844 0.5841346153846154 0.44471153846153844 0.6033653846153846 0.42788461538461536 0.6033653846153846
23 0.46634615384615385 0.5817307692307693 0.4831730769230769 0.5817307692307693 0.4831730769230769 0.6033653846153846 0.46634615384615385 0.6033653846153846
23 0.5072115384615384 0.5817307692307693 0.5264423076923077 0.5817307692307693 0.5264423076923077 0.6033653846153846 0.5072115384615384 0.6033653846153846
23 0.5360576923076923 0.5817307692307693 0.5552884615384616 0.5817307692307693 0.5552884615384616 0.6033653846153846 0.5360576923076923 0.6033653846153846
23 0.5793269230769231 0.5841346153846154 0.5985576923076923 0.5841346153846154 0.5985576923076923 0.6033653846153846 0.5793269230769231 0.6033653846153846
23 0.6201923076923077 0.5817307692307693 0.6394230769230769 0.5817307692307693 0.6394230769230769 0.6033653846153846 0.6201923076923077 0.6033653846153846
23 0.6514423076923077 0.6177884615384616 0.6706730769230769 0.6177884615384616 0.6706730769230769 0.6370192307692307 0.6514423076923077 0.6370192307692307
23 0.39663461538461536 0.6177884615384616 0.41586538461538464 0.6177884615384616 0.41586538461538464 0.6394230769230769 0.39663461538461536 0.6394230769230769
23 0.42788461538461536 0.6177884615384616 0.44471153846153844 0.6177884615384616 0.44471153846153844 0.6394230769230769 0.42788461538461536 0.6394230769230769
23 0.46634615384615385 0.6177884615384616 0.4831730769230769 0.6177884615384616 0.4831730769230769 0.6370192307692307 0.46634615384615385 0.6370192307692307
23 0.5072115384615384 0.6177884615384616 0.5264423076923077 0.6177884615384616 0.5264423076923077 0.6370192307692307 0.5072115384615384 0.6370192307692307
23 0.5360576923076923 0.6177884615384616 0.5552884615384616 0.6177884615384616 0.5552884615384616 0.6370192307692307 0.5360576923076923 0.6370192307692307
23 0.5793269230769231 0.6177884615384616 0.5985576923076923 0.6177884615384616 0.5985576923076923 0.6370192307692307 0.5793269230769231 0.6370192307692307
23 0.6225961538461539 0.6177884615384616 0.6418269230769231 0.6177884615384616 0.6418269230769231 0.6370192307692307 0.6225961538461539 0.6370192307692307
23 0.6514423076923077 0.6514423076923077 0.6706730769230769 0.6514423076923077 0.6706730769230769 0.6730769230769231 0.6514423076923077 0.6730769230769231
23 0.39663461538461536 0.6514423076923077 0.41346153846153844 0.6514423076923077 0.41346153846153844 0.6730769230769231 0.39663461538461536 0.6730769230769231
23 0.4254807692307692 0.6514423076923077 0.4423076923076923 0.6514423076923077 0.4423076923076923 0.6730769230769231 0.4254807692307692 0.6730769230769231
23 0.4639423076923077 0.6514423076923077 0.4831730769230769 0.6514423076923077 0.4831730769230769 0.6706730769230769 0.4639423076923077 0.6706730769230769
23 0.5072115384615384 0.6514423076923077 0.5264423076923077 0.6514423076923077 0.5264423076923077 0.6730769230769231 0.5072115384615384 0.6730769230769231
23 0.5384615384615384 0.6514423076923077 0.5576923076923077 0.6514423076923077 0.5576923076923077 0.6730769230769231 0.5384615384615384 0.6730769230769231
23 0.5793269230769231 0.6514423076923077 0.5985576923076923 0.6514423076923077 0.5985576923076923 0.6730769230769231 0.5793269230769231 0.6730769230769231
23 0.6225961538461539 0.6514423076923077 0.6418269230769231 0.6514423076923077 0.6418269230769231 0.6730769230769231 0.6225961538461539 0.6730769230769231
23 0.6514423076923077 0.6850961538461539 0.6706730769230769 0.6850961538461539 0.6706730769230769 0.7067307692307693 0.6514423076923077 0.7067307692307693
23 0.39663461538461536 0.6875 0.41346153846153844 0.6875 0.41346153846153844 0.7067307692307693 0.39663461538461536 0.7067307692307693
23 0.4254807692307692 0.6875 0.4423076923076923 0.6875 0.4423076923076923 0.7067307692307693 0.4254807692307692 0.7067307692307693
23 0.4639423076923077 0.6850961538461539 0.4831730769230769 0.6850961538461539 0.4831730769230769 0.7067307692307693 0.4639423076923077 0.7067307692307693
23 0.5072115384615384 0.6850961538461539 0.5264423076923077 0.6850961538461539 0.5264423076923077 0.7067307692307693 0.5072115384615384 0.7067307692307693
23 0.5360576923076923 0.6850961538461539 0.5552884615384616 0.6850961538461539 0.5552884615384616 0.7067307692307693 0.5360576923076923 0.7067307692307693
23 0.5793269230769231 0.6850961538461539 0.5961538461538461 0.6850961538461539 0.5961538461538461 0.7067307692307693 0.5793269230769231 0.7067307692307693
23 0.6201923076923077 0.6850961538461539 0.6394230769230769 0.6850961538461539 0.6394230769230769 0.7067307692307693 0.6201923076923077 0.7067307692307693
23 0.6225961538461539 0.5480769230769231 0.6418269230769231 0.5480769230769231 0.6418269230769231 0.5697115384615384 0.6225961538461539 0.5697115384615384
23 0.5793269230769231 0.8052884615384616 0.5985576923076923 0.8052884615384616 0.5985576923076923 0.8269230769230769 0.5793269230769231 0.8269230769230769
23 0.3942307692307692 0.7307692307692307 0.41346153846153844 0.7307692307692307 0.41346153846153844 0.7548076923076923 0.3942307692307692 0.7548076923076923
23 0.4230769230769231 0.7307692307692307 0.4423076923076923 0.7307692307692307 0.4423076923076923 0.7548076923076923 0.4230769230769231 0.7548076923076923
23 0.3918269230769231 0.8052884615384616 0.4110576923076923 0.8052884615384616 0.4110576923076923 0.8269230769230769 0.3918269230769231 0.8269230769230769
23 0.3918269230769231 0.7692307692307693 0.4110576923076923 0.7692307692307693 0.4110576923076923 0.7932692307692307 0.3918269230769231 0.7932692307692307
23 0.4230769230769231 0.7692307692307693 0.4423076923076923 0.7692307692307693 0.4423076923076923 0.7932692307692307 0.4230769230769231 0.7932692307692307
23 0.46634615384615385 0.7692307692307693 0.4855769230769231 0.7692307692307693 0.4855769230769231 0.7932692307692307 0.46634615384615385 0.7932692307692307
23 0.46634615384615385 0.8052884615384616 0.4855769230769231 0.8052884615384616 0.4855769230769231 0.8269230769230769 0.46634615384615385 0.8269230769230769
23 0.4230769230769231 0.8052884615384616 0.4423076923076923 0.8052884615384616 0.4423076923076923 0.8269230769230769 0.4230769230769231 0.8269230769230769
23 0.46634615384615385 0.7307692307692307 0.4855769230769231 0.7307692307692307 0.4855769230769231 0.7548076923076923 0.46634615384615385 0.7548076923076923
23 0.5072115384615384 0.8052884615384616 0.5264423076923077 0.8052884615384616 0.5264423076923077 0.8269230769230769 0.5072115384615384 0.8269230769230769
23 0.5384615384615384 0.8052884615384616 0.5576923076923077 0.8052884615384616 0.5576923076923077 0.8269230769230769 0.5384615384615384 0.8269230769230769
23 0.6514423076923077 0.7307692307692307 0.6706730769230769 0.7307692307692307 0.6706730769230769 0.7548076923076923 0.6514423076923077 0.7548076923076923
23 0.5072115384615384 0.7307692307692307 0.5264423076923077 0.7307692307692307 0.5264423076923077 0.7548076923076923 0.5072115384615384 0.7548076923076923
23 0.5384615384615384 0.7307692307692307 0.5576923076923077 0.7307692307692307 0.5576923076923077 0.7548076923076923 0.5384615384615384 0.7548076923076923
23 0.6514423076923077 0.8052884615384616 0.6706730769230769 0.8052884615384616 0.6706730769230769 0.8269230769230769 0.6514423076923077 0.8269230769230769
23 0.5072115384615384 0.7692307692307693 0.5264423076923077 0.7692307692307693 0.5264423076923077 0.7932692307692307 0.5072115384615384 0.7932692307692307
23 0.5384615384615384 0.7692307692307693 0.5576923076923077 0.7692307692307693 0.5576923076923077 0.7932692307692307 0.5384615384615384 0.7932692307692307
9 0.5 0.8485576923076923 0.5552884615384616 0.8485576923076923 0.5552884615384616 0.9134615384615384 0.5 0.9134615384615384
23 0.5793269230769231 0.7307692307692307 0.5985576923076923 0.7307692307692307 0.5985576923076923 0.7548076923076923 0.5793269230769231 0.7548076923076923
23 0.6225961538461539 0.7307692307692307 0.6418269230769231 0.7307692307692307 0.6418269230769231 0.7548076923076923 0.6225961538461539 0.7548076923076923
23 0.5793269230769231 0.7692307692307693 0.5985576923076923 0.7692307692307693 0.5985576923076923 0.7932692307692307 0.5793269230769231 0.7932692307692307
23 0.6201923076923077 0.8052884615384616 0.6394230769230769 0.8052884615384616 0.6394230769230769 0.8269230769230769 0.6201923076923077 0.8269230769230769
23 0.6514423076923077 0.7692307692307693 0.6706730769230769 0.7692307692307693 0.6706730769230769 0.7932692307692307 0.6514423076923077 0.7932692307692307
23 0.6201923076923077 0.7692307692307693 0.6394230769230769 0.7692307692307693 0.6394230769230769 0.7932692307692307 0.6201923076923077 0.7932692307692307
23 0.32211538461538464 0.8052884615384616 0.3629807692307692 0.8052884615384616 0.3629807692307692 0.8269230769230769 0.32211538461538464 0.8269230769230769
23 0.3317307692307692 0.21394230769230768 0.37259615384615385 0.21394230769230768 0.37259615384615385 0.23557692307692307 0.3317307692307692 0.23557692307692307
23 0.3317307692307692 0.24759615384615385 0.37259615384615385 0.24759615384615385 0.37259615384615385 0.2692307692307692 0.3317307692307692 0.2692307692307692
23 0.3317307692307692 0.28125 0.37259615384615385 0.28125 0.37259615384615385 0.30288461538461536 0.3317307692307692 0.30288461538461536
23 0.3317307692307692 0.31490384615384615 0.37259615384615385 0.31490384615384615 0.37259615384615385 0.33653846153846156 0.3317307692307692 0.33653846153846156
23 0.3269230769230769 0.41346153846153844 0.36778846153846156 0.41346153846153844 0.36778846153846156 0.43509615384615385 0.3269230769230769 0.43509615384615385
23 0.3269230769230769 0.44711538461538464 0.36778846153846156 0.44711538461538464 0.36778846153846156 0.46875 0.3269230769230769 0.46875
23 0.3269230769230769 0.4807692307692308 0.36778846153846156 0.4807692307692308 0.36778846153846156 0.5024038461538461 0.3269230769230769 0.5024038461538461
23 0.3269230769230769 0.5144230769230769 0.36778846153846156 0.5144230769230769 0.36778846153846156 0.5360576923076923 0.3269230769230769 0.5360576923076923
23 0.3269230769230769 0.5480769230769231 0.36538461538461536 0.5480769230769231 0.36538461538461536 0.5697115384615384 0.3269230769230769 0.5697115384615384
23 0.3245192307692308 0.5817307692307693 0.3629807692307692 0.5817307692307693 0.3629807692307692 0.6033653846153846 0.3245192307692308 0.6033653846153846
23 0.32211538461538464 0.6177884615384616 0.3629807692307692 0.6177884615384616 0.3629807692307692 0.6394230769230769 0.32211538461538464 0.6394230769230769
23 0.32211538461538464 0.6514423076923077 0.3629807692307692 0.6514423076923077 0.3629807692307692 0.6730769230769231 0.32211538461538464 0.6730769230769231
23 0.32211538461538464 0.6875 0.3629807692307692 0.6875 0.3629807692307692 0.7091346153846154 0.32211538461538464 0.7091346153846154
23 0.32211538461538464 0.7307692307692307 0.3629807692307692 0.7307692307692307 0.3629807692307692 0.7524038461538461 0.32211538461538464 0.7524038461538461
23 0.32211538461538464 0.7692307692307693 0.3629807692307692 0.7692307692307693 0.3629807692307692 0.7908653846153846 0.32211538461538464 0.7908653846153846
23 0.33413461538461536 0.37740384615384615 0.36538461538461536 0.37740384615384615 0.36538461538461536 0.39903846153846156 0.33413461538461536 0.39903846153846156
23 0.33413461538461536 0.34375 0.36538461538461536 0.34375 0.36538461538461536 0.36538461538461536 0.33413461538461536 0.36538461538461536
23 0.7932692307692307 0.7307692307692307 0.8125 0.7307692307692307 0.8125 0.7572115384615384 0.7932692307692307 0.7572115384615384
23 0.7043269230769231 0.2091346153846154 0.7451923076923077 0.2091346153846154 0.7451923076923077 0.23076923076923078 0.7043269230769231 0.23076923076923078
23 0.7043269230769231 0.24519230769230768 0.7451923076923077 0.24519230769230768 0.7451923076923077 0.2668269230769231 0.7043269230769231 0.2668269230769231
23 0.7043269230769231 0.27884615384615385 0.7451923076923077 0.27884615384615385 0.7451923076923077 0.3004807692307692 0.7043269230769231 0.3004807692307692
23 0.7043269230769231 0.31009615384615385 0.7451923076923077 0.31009615384615385 0.7451923076923077 0.3317307692307692 0.7043269230769231 0.3317307692307692
23 0.7067307692307693 0.34375 0.7403846153846154 0.34375 0.7403846153846154 0.36538461538461536 0.7067307692307693 0.36538461538461536
23 0.7091346153846154 0.37740384615384615 0.7403846153846154 0.37740384615384615 0.7403846153846154 0.39903846153846156 0.7091346153846154 0.39903846153846156
23 0.7043269230769231 0.4110576923076923 0.7451923076923077 0.4110576923076923 0.7451923076923077 0.4326923076923077 0.7043269230769231 0.4326923076923077
23 0.7043269230769231 0.44471153846153844 0.7451923076923077 0.44471153846153844 0.7451923076923077 0.46634615384615385 0.7043269230769231 0.46634615384615385
23 0.7043269230769231 0.47836538461538464 0.7451923076923077 0.47836538461538464 0.7451923076923077 0.5 0.7043269230769231 0.5
23 0.7043269230769231 0.5144230769230769 0.7451923076923077 0.5144230769230769 0.7451923076923077 0.5360576923076923 0.7043269230769231 0.5360576923076923
23 0.7043269230769231 0.5480769230769231 0.7451923076923077 0.5480769230769231 0.7451923076923077 0.5697115384615384 0.7043269230769231 0.5697115384615384
23 0.7043269230769231 0.5817307692307693 0.7451923076923077 0.5817307692307693 0.7451923076923077 0.6033653846153846 0.7043269230769231 0.6033653846153846
23 0.7043269230769231 0.6177884615384616 0.7451923076923077 0.6177884615384616 0.7451923076923077 0.6394230769230769 0.7043269230769231 0.6394230769230769
23 0.7043269230769231 0.6538461538461539 0.7451923076923077 0.6538461538461539 0.7451923076923077 0.6754807692307693 0.7043269230769231 0.6754807692307693
23 0.7067307692307693 0.6875 0.7403846153846154 0.6875 0.7403846153846154 0.7091346153846154 0.7067307692307693 0.7091346153846154
23 0.7043269230769231 0.7307692307692307 0.7427884615384616 0.7307692307692307 0.7427884615384616 0.7548076923076923 0.7043269230769231 0.7548076923076923
23 0.7019230769230769 0.7692307692307693 0.7427884615384616 0.7692307692307693 0.7427884615384616 0.7932692307692307 0.7019230769230769 0.7932692307692307
23 0.7019230769230769 0.8076923076923077 0.7427884615384616 0.8076923076923077 0.7427884615384616 0.8293269230769231 0.7019230769230769 0.8293269230769231
23 0.6225961538461539 0.8461538461538461 0.6682692307692307 0.8461538461538461 0.6682692307692307 0.9038461538461539 0.6225961538461539 0.9038461538461539
23 0.7932692307692307 0.7716346153846154 0.8125 0.7716346153846154 0.8125 0.7932692307692307 0.7932692307692307 0.7932692307692307
23 0.7932692307692307 0.8076923076923077 0.8125 0.8076923076923077 0.8125 0.8293269230769231 0.7932692307692307 0.8293269230769231
23 0.7932692307692307 0.84375 0.8125 0.84375 0.8125 0.8677884615384616 0.7932692307692307 0.8677884615384616
23 0.7932692307692307 0.8798076923076923 0.8125 0.8798076923076923 0.8125 0.9038461538461539 0.7932692307692307 0.9038461538461539
23 0.7019230769230769 0.8461538461538461 0.7427884615384616 0.8461538461538461 0.7427884615384616 0.9038461538461539 0.7019230769230769 0.9038461538461539
23 0.5817307692307693 0.8846153846153846 0.59375 0.8846153846153846 0.59375 0.9014423076923077 0.5817307692307693 0.9014423076923077
23 0.46875 0.8822115384615384 0.4807692307692308 0.8822115384615384 0.4807692307692308 0.9014423076923077 0.46875 0.9014423076923077
23 0.5817307692307693 0.8485576923076923 0.59375 0.8485576923076923 0.59375 0.8653846153846154 0.5817307692307693 0.8653846153846154
23 0.46875 0.8485576923076923 0.4807692307692308 0.8485576923076923 0.4807692307692308 0.8653846153846154 0.46875 0.8653846153846154
23 0.2548076923076923 0.7307692307692307 0.27163461538461536 0.7307692307692307 0.27163461538461536 0.7548076923076923 0.2548076923076923 0.7548076923076923
23 0.40625 0.8774038461538461 0.4254807692307692 0.8774038461538461 0.4254807692307692 0.9014423076923077 0.40625 0.9014423076923077
23 0.39663461538461536 0.84375 0.43990384615384615 0.84375 0.43990384615384615 0.8653846153846154 0.39663461538461536 0.8653846153846154
23 0.32211538461538464 0.84375 0.3605769230769231 0.84375 0.3605769230769231 0.8653846153846154 0.32211538461538464 0.8653846153846154
23 0.3293269230769231 0.8774038461538461 0.3485576923076923 0.8774038461538461 0.3485576923076923 0.8990384615384616 0.3293269230769231 0.8990384615384616
23 0.25240384615384615 0.875 0.27163461538461536 0.875 0.27163461538461536 0.8990384615384616 0.25240384615384615 0.8990384615384616
23 0.25240384615384615 0.84375 0.2692307692307692 0.84375 0.2692307692307692 0.8653846153846154 0.25240384615384615 0.8653846153846154
23 0.2548076923076923 0.8052884615384616 0.27163461538461536 0.8052884615384616 0.27163461538461536 0.8269230769230769 0.2548076923076923 0.8269230769230769
23 0.2548076923076923 0.7692307692307693 0.27163461538461536 0.7692307692307693 0.27163461538461536 0.7908653846153846 0.2548076923076923 0.7908653846153846
23 0.65625 0.15144230769230768 0.6706730769230769 0.15144230769230768 0.6706730769230769 0.17307692307692307 0.65625 0.17307692307692307
23 0.40865384615384615 0.15625 0.4230769230769231 0.15625 0.4230769230769231 0.17548076923076922 0.40865384615384615 0.17548076923076922
23 0.43990384615384615 0.15384615384615385 0.4543269230769231 0.15384615384615385 0.4543269230769231 0.17548076923076922 0.43990384615384615 0.17548076923076922
23 0.47836538461538464 0.15144230769230768 0.49278846153846156 0.15144230769230768 0.49278846153846156 0.17307692307692307 0.47836538461538464 0.17307692307692307
23 0.5192307692307693 0.15384615384615385 0.5336538461538461 0.15384615384615385 0.5336538461538461 0.17307692307692307 0.5192307692307693 0.17307692307692307
23 0.5456730769230769 0.15384615384615385 0.5600961538461539 0.15384615384615385 0.5600961538461539 0.17307692307692307 0.5456730769230769 0.17307692307692307
23 0.5865384615384616 0.15144230769230768 0.6009615384615384 0.15144230769230768 0.6009615384615384 0.17067307692307693 0.5865384615384616 0.17067307692307693
23 0.6274038461538461 0.15144230769230768 0.6418269230769231 0.15144230769230768 0.6418269230769231 0.17307692307692307 0.6274038461538461 0.17307692307692307
11 0.31971153846153844 0.6826923076923077 0.7692307692307693 0.6826923076923077 0.7692307692307693 0.7115384615384616 0.31971153846153844 0.7115384615384616
12 0.23557692307692307 0.8341346153846154 0.8413461538461539 0.8341346153846154 0.8413461538461539 0.8389423076923077 0.23557692307692307 0.8389423076923077
12 0.23557692307692307 0.7596153846153846 0.8413461538461539 0.7596153846153846 0.8413461538461539 0.7644230769230769 0.23557692307692307 0.7644230769230769
15 0.23557692307692307 0.8389423076923077 0.8413461538461539 0.8389423076923077 0.8413461538461539 0.9134615384615384 0.23557692307692307 0.9134615384615384
12 0.31971153846153844 0.6778846153846154 0.7692307692307693 0.6778846153846154 0.7692307692307693 0.6826923076923077 0.31971153846153844 0.6826923076923077
12 0.31971153846153844 0.6442307692307693 0.7692307692307693 0.6442307692307693 0.7692307692307693 0.6490384615384616 0.31971153846153844 0.6490384615384616
12 0.31971153846153844 0.6081730769230769 0.7692307692307693 0.6081730769230769 0.7692307692307693 0.6129807692307693 0.31971153846153844 0.6129807692307693
12 0.31971153846153844 0.5721153846153846 0.7692307692307693 0.5721153846153846 0.7692307692307693 0.5769230769230769 0.31971153846153844 0.5769230769230769
12 0.31971153846153844 0.5384615384615384 0.7692307692307693 0.5384615384615384 0.7692307692307693 0.5432692307692307 0.31971153846153844 0.5432692307692307
12 0.31971153846153844 0.5048076923076923 0.7692307692307693 0.5048076923076923 0.7692307692307693 0.5096153846153846 0.31971153846153844 0.5096153846153846
12 0.31971153846153844 0.47115384615384615 0.7692307692307693 0.47115384615384615 0.7692307692307693 0.47596153846153844 0.31971153846153844 0.47596153846153844
12 0.31971153846153844 0.4375 0.7692307692307693 0.4375 0.7692307692307693 0.4423076923076923 0.31971153846153844 0.4423076923076923
12 0.31971153846153844 0.40384615384615385 0.7692307692307693 0.40384615384615385 0.7692307692307693 0.40865384615384615 0.31971153846153844 0.40865384615384615
12 0.31971153846153844 0.3701923076923077 0.7692307692307693 0.3701923076923077 0.7692307692307693 0.375 0.31971153846153844 0.375
12 0.31971153846153844 0.3389423076923077 0.7692307692307693 0.3389423076923077 0.7692307692307693 0.34375 0.31971153846153844 0.34375
12 0.31971153846153844 0.30528846153846156 0.7692307692307693 0.30528846153846156 0.7692307692307693 0.31009615384615385 0.31971153846153844 0.31009615384615385
12 0.31971153846153844 0.27163461538461536 0.7692307692307693 0.27163461538461536 0.7692307692307693 0.2764423076923077 0.31971153846153844 0.2764423076923077
12 0.31971153846153844 0.23798076923076922 0.7692307692307693 0.23798076923076922 0.7692307692307693 0.24278846153846154 0.31971153846153844 0.24278846153846154
12 0.31971153846153844 0.18990384615384615 0.7692307692307693 0.18990384615384615 0.7692307692307693 0.19471153846153846 0.31971153846153844 0.19471153846153846
22 0.40384615384615385 0.13221153846153846 0.6923076923076923 0.13221153846153846 0.6923076923076923 0.18990384615384615 0.40384615384615385 0.18990384615384615
11 0.31971153846153844 0.24278846153846154 0.7692307692307693 0.24278846153846154 0.7692307692307693 0.2692307692307692 0.31971153846153844 0.2692307692307692
11 0.31971153846153844 0.2764423076923077 0.7692307692307693 0.2764423076923077 0.7692307692307693 0.30528846153846156 0.31971153846153844 0.30528846153846156
11 0.31971153846153844 0.31009615384615385 0.7692307692307693 0.31009615384615385 0.7692307692307693 0.3389423076923077 0.31971153846153844 0.3389423076923077
11 0.31971153846153844 0.34375 0.7692307692307693 0.34375 0.7692307692307693 0.3701923076923077 0.31971153846153844 0.3701923076923077
11 0.31971153846153844 0.37259615384615385 0.7692307692307693 0.37259615384615385 0.7692307692307693 0.40384615384615385 0.31971153846153844 0.40384615384615385
11 0.31971153846153844 0.40865384615384615 0.7692307692307693 0.40865384615384615 0.7692307692307693 0.4375 0.31971153846153844 0.4375
11 0.31971153846153844 0.4423076923076923 0.7692307692307693 0.4423076923076923 0.7692307692307693 0.47115384615384615 0.31971153846153844 0.47115384615384615
11 0.31971153846153844 0.47596153846153844 0.7692307692307693 0.47596153846153844 0.7692307692307693 0.5048076923076923 0.31971153846153844 0.5048076923076923
11 0.31971153846153844 0.5096153846153846 0.7692307692307693 0.5096153846153846 0.7692307692307693 0.5384615384615384 0.31971153846153844 0.5384615384615384
11 0.31971153846153844 0.5432692307692307 0.7692307692307693 0.5432692307692307 0.7692307692307693 0.5721153846153846 0.31971153846153844 0.5721153846153846
11 0.31971153846153844 0.5769230769230769 0.7692307692307693 0.5769230769230769 0.7692307692307693 0.6081730769230769 0.31971153846153844 0.6081730769230769
11 0.31971153846153844 0.6129807692307693 0.7692307692307693 0.6129807692307693 0.7692307692307693 0.6418269230769231 0.31971153846153844 0.6418269230769231
11 0.31971153846153844 0.6466346153846154 0.7692307692307693 0.6466346153846154 0.7692307692307693 0.6778846153846154 0.31971153846153844 0.6778846153846154
12 0.23557692307692307 0.7115384615384616 0.8413461538461539 0.7115384615384616 0.8413461538461539 0.7163461538461539 0.23557692307692307 0.7163461538461539
11 0.23557692307692307 0.7163461538461539 0.8413461538461539 0.7163461538461539 0.8413461538461539 0.7596153846153846 0.23557692307692307 0.7596153846153846
11 0.23557692307692307 0.7644230769230769 0.8413461538461539 0.7644230769230769 0.8413461538461539 0.7956730769230769 0.23557692307692307 0.7956730769230769
12 0.23557692307692307 0.7980769230769231 0.8413461538461539 0.7980769230769231 0.8413461538461539 0.8028846153846154 0.23557692307692307 0.8028846153846154
11 0.23557692307692307 0.8028846153846154 0.8413461538461539 0.8028846153846154 0.8413461538461539 0.8341346153846154 0.23557692307692307 0.8341346153846154
10 0.31971153846153844 0.18990384615384615 0.7692307692307693 0.18990384615384615 0.7692307692307693 0.9134615384615384 0.31971153846153844 0.9134615384615384
2 0.22115384615384615 0.11778846153846154 0.8557692307692307 0.11778846153846154 0.8557692307692307 0.9134615384615384 0.22115384615384615 0.9134615384615384
11 0.31971153846153844 0.19471153846153846 0.7692307692307693 0.19471153846153846 0.7692307692307693 0.23798076923076922 0.31971153846153844 0.23798076923076922
7 0.3269230769230769 0.8990384615384616 0.40625 0.8990384615384616 0.40625 0.9182692307692307 0.3269230769230769 0.9182692307692307
7 0.3173076923076923 0.5745192307692307 0.43028846153846156 0.5745192307692307 0.43028846153846156 0.9735576923076923 0.3173076923076923 0.9735576923076923
7 0.16826923076923078 0.9086538461538461 0.3076923076923077 0.9086538461538461 0.3076923076923077 0.9711538461538461 0.16826923076923078 0.9711538461538461
7 0.2620192307692308 0.6274038461538461 0.3701923076923077 0.6274038461538461 0.3701923076923077 0.9495192307692307 0.2620192307692308 0.9495192307692307
7 0.33413461538461536 0.8966346153846154 0.9158653846153846 0.8966346153846154 0.9158653846153846 0.9278846153846154 0.33413461538461536 0.9278846153846154
8 0.5 0.8918269230769231 0.5552884615384616 0.8918269230769231 0.5552884615384616 0.9134615384615384 0.5 0.9134615384615384
7 0.5528846153846154 0.8341346153846154 0.5793269230769231 0.8341346153846154 0.5793269230769231 0.8653846153846154 0.5528846153846154 0.8653846153846154
7 0.47836538461538464 0.8341346153846154 0.4855769230769231 0.8341346153846154 0.4855769230769231 0.8605769230769231 0.47836538461538464 0.8605769230769231
7 0.8149038461538461 0.8100961538461539 0.8293269230769231 0.8100961538461539 0.8293269230769231 0.9086538461538461 0.8149038461538461 0.9086538461538461