6 0.13359375 0.5671875 0.0828125 0.06640625
6 0.21875 0.5046875 0.08984375 0.084375
6 0.30625 0.484375 0.0828125 0.090625
6 0.3796875 0.45703125 0.0640625 0.08203125
6 0.440625 0.44140625 0.0921875 0.08515625
6 0.425 0.37578125 0.04453125 0.0484375
6 0.6328125 0.4875 0.08125 0.0828125
6 0.5546875 0.49375 0.075 0.06953125
6 0.540625 0.2796875 0.1734375 0.18828125
6 0.58984375 0.39609375 0.07421875 0.0875
6 0.6625 0.3796875 0.07421875 0.0765625
6 0.696875 0.434375 0.0453125 0.06328125
6 0.709375 0.484375 0.0703125 0.05078125
6 0.646875 0.29921875 0.05703125 0.0828125
6 0.70703125 0.28984375 0.04765625 0.05234375
6 0.78203125 0.25234375 0.134375 0.11875
6 0.8609375 0.29140625 0.10859375 0.1234375
6 0.940625 0.25 0.11796875 0.1578125
6 0.8890625 0.18828125 0.06953125 0.08359375
6 0.75234375 0.03046875 0.10078125 0.0609375
6 0.6578125 0.05546875 0.0828125 0.09140625
6 0.78046875 0.0828125 0.103125 0.09765625
6 0.690625 0.1234375 0.1328125 0.0828125
6 0.70078125 0.2046875 0.08984375 0.0875
6 0.91484375 0.03203125 0.07265625 0.06328125
6 0.53671875 0.71796875 0.11875 0.1359375