6 0.7640625 0.490625 0.0703125 0.06640625
6 0.803125 0.4484375 0.06796875 0.0671875
6 0.8109375 0.6671875 0.040625 0.03828125
6 0.74375 0.6828125 0.06171875 0.05625
6 0.83984375 0.73125 0.05546875 0.0484375
6 0.77109375 0.74140625 0.0625 0.0484375
6 0.80859375 0.8015625 0.0484375 0.059375
6 0.86640625 0.79296875 0.05546875 0.0421875
6 0.93828125 0.8234375 0.05 0.04765625
6 0.978125 0.884375 0.04375 0.046875
6 0.8953125 0.8671875 0.04453125 0.04296875
6 0.8375 0.8640625 0.0453125 0.05
6 0.93125 0.93125 0.0578125 0.0609375
6 0.8625 0.91875 0.03515625 0.0359375
6 0.88046875 0.9625 0.06015625 0.040625
6 0.34375 0.8828125 0.1984375 0.15234375
6 0.26953125 0.94140625 0.2125 0.1171875
6 0.115625 0.9578125 0.11796875 0.084375