6 0.1171875 0.9078125 0.22109375 0.184375
6 0.190625 0.67890625 0.2046875 0.2125
6 0.2875 0.0625 0.15390625 0.125
6 0.41328125 0.0703125 0.10234375 0.13515625
6 0.32265625 0.20390625 0.246875 0.24453125
6 0.0828125 0.12109375 0.14921875 0.1375
6 0.08984375 0.2875 0.17890625 0.2484375
6 0.12890625 0.49140625 0.13984375 0.1609375
6 0.2875 0.35703125 0.29296875 0.1703125
6 0.45390625 0.54296875 0.23046875 0.19140625
6 0.55390625 0.684375 0.275 0.28046875
6 0.62578125 0.4578125 0.16171875 0.14921875
6 0.8203125 0.57421875 0.24765625 0.30234375
6 0.92890625 0.68671875 0.08515625 0.11171875
6 0.7578125 0.90546875 0.1890625 0.16640625
6 0.43125 0.9078125 0.2359375 0.184375
6 0.6453125 0.2375 0.26328125 0.32265625