6 0.07109375 0.05 0.1421875 0.1
6 0.72109375 0.03125 0.325 0.0625
6 0.81875 0.20703125 0.27578125 0.178125
6 0.2234375 0.5515625 0.3046875 0.36171875
6 0.1046875 0.4015625 0.06796875 0.06796875
6 0.4953125 0.26796875 0.19765625 0.2453125
6 0.41953125 0.25703125 0.09921875 0.096875
6 0.62734375 0.27421875 0.165625 0.13203125
6 0.78046875 0.40546875 0.3875 0.2796875
6 0.93125 0.62421875 0.1265625 0.15546875
6 0.621875 0.634375 0.14375 0.13671875
6 0.325 0.30390625 0.13203125 0.1296875
6 0.3609375 0.73828125 0.29609375 0.25859375
6 0.46953125 0.59140625 0.2109375 0.21171875
6 0.440625 0.39609375 0.209375 0.19609375
6 0.7453125 0.8140625 0.39609375 0.23828125
6 0.63671875 0.9046875 0.26015625 0.14375
6 0.971875 0.78046875 0.05546875 0.21328125
6 0.265625 0.92265625 0.440625 0.15390625
6 0.06640625 0.82265625 0.1328125 0.14375
6 0.04453125 0.33671875 0.04765625 0.0546875