6 0.31171875 0.13203125 0.26484375 0.2578125
6 0.4640625 0.215625 0.2546875 0.2296875
6 0.6203125 0.31328125 0.1546875 0.134375
6 0.625 0.51484375 0.3453125 0.39453125
4 0.78515625 0.76171875 0.39765625 0.425
4 0.959375 0.8390625 0.08125 0.1609375
6 0.934375 0.95859375 0.13125 0.08203125
6 0.9203125 0.2703125 0.11953125 0.11953125
6 0.809375 0.175 0.19296875 0.1625
6 0.68671875 0.084375 0.0984375 0.09453125
6 0.76875 0.06484375 0.07890625 0.059375
6 0.74921875 0.02578125 0.08046875 0.0515625
6 0.67109375 0.02578125 0.07578125 0.0515625
6 0.80390625 0.0203125 0.0390625 0.040625
6 0.8828125 0.0578125 0.11953125 0.115625
6 0.97421875 0.046875 0.0515625 0.04296875
6 0.9484375 0.06953125 0.0328125 0.040625
6 0.9609375 0.13125 0.07734375 0.0921875
6 0.06171875 0.1171875 0.1234375 0.14140625