4 0.02265625 0.01328125 0.03203125 0.0265625
4 0.34921875 0.12890625 0.03515625 0.03359375
4 0.46171875 0.09375 0.03984375 0.03203125
4 0.56328125 0.0484375 0.03046875 0.0328125
6 0.05 0.33671875 0.1 0.1703125
6 0.11484375 0.4203125 0.10703125 0.08359375
6 0.1046875 0.4984375 0.12890625 0.11328125
6 0.1765625 0.60859375 0.16640625 0.1515625
6 0.21796875 0.75390625 0.2234375 0.15703125
6 0.33671875 0.925 0.3046875 0.15
6 0.63359375 0.9265625 0.24921875 0.14609375
6 0.48828125 0.915625 0.103125 0.06640625
6 0.43984375 0.78359375 0.1140625 0.13203125
6 0.41328125 0.646875 0.1515625 0.1390625
6 0.4765625 0.58203125 0.053125 0.03671875
6 0.39296875 0.55546875 0.04453125 0.04375
6 0.42890625 0.5453125 0.0484375 0.04765625
6 0.465625 0.51328125 0.04609375 0.04375
6 0.41484375 0.43984375 0.1234375 0.1109375
6 0.53359375 0.38984375 0.040625 0.034375
6 0.70625 0.45390625 0.03515625 0.03046875
6 0.7125 0.32734375 0.0671875 0.0625
6 0.8265625 0.39375 0.0671875 0.06640625
6 0.88125 0.4296875 0.03203125 0.02734375
6 0.9765625 0.2078125 0.046875 0.04921875
6 0.8875 0.97109375 0.08359375 0.0578125
6 0.7171875 0.39296875 0.03046875 0.0515625
6 0.659375 0.41953125 0.0484375 0.04609375