6 0.5453125 0.64140625 0.225 0.18984375
6 0.52109375 0.49453125 0.22734375 0.225
6 0.2140625 0.2578125 0.09296875 0.09296875
6 0.2203125 0.353125 0.0953125 0.096875
6 0.21484375 0.440625 0.09921875 0.07421875
6 0.2125 0.52890625 0.09296875 0.0703125
6 0.221875 0.628125 0.09453125 0.07421875
6 0.21171875 0.73125 0.04296875 0.0453125
2 0.284375 0.7328125 0.0765625 0.06484375
2 0.29609375 0.8953125 0.06640625 0.059375
2 0.34765625 0.8625 0.06484375 0.046875
2 0.028125 0.9703125 0.0484375 0.0390625
6 0.0828125 0.97734375 0.06875 0.0453125
6 0.12421875 0.98359375 0.0578125 0.0328125
2 0.34921875 0.3640625 0.08671875 0.0515625
6 0.93984375 0.04140625 0.1203125 0.0828125