4 0.18984375 0.22265625 0.346875 0.23671875
6 0.17578125 0.3875 0.2671875 0.23046875
6 0.23046875 0.56328125 0.23515625 0.17421875
6 0.1515625 0.740625 0.30234375 0.32265625
6 0.634375 0.57265625 0.0875 0.10859375
6 0.67265625 0.65703125 0.08359375 0.09375
6 0.76640625 0.7078125 0.11796875 0.134375
6 0.9625 0.775 0.07421875 0.15703125
6 0.94765625 0.9296875 0.1046875 0.140625
6 0.671875 0.8328125 0.2359375 0.33359375
6 0.75546875 0.83203125 0.10625 0.1265625
6 0.6890625 0.865625 0.05 0.04296875
6 0.72421875 0.9375 0.02578125 0.02265625
6 0.7609375 0.9671875 0.04609375 0.040625
6 0.78203125 0.934375 0.0546875 0.05703125
6 0.81171875 0.8984375 0.0609375 0.06796875
6 0.8109375 0.97890625 0.04375 0.04140625
6 0.875 0.9859375 0.05859375 0.02734375
6 0.57265625 0.3203125 0.05078125 0.05078125
4 0.534375 0.334375 0.0578125 0.06640625
6 0.515625 0.28359375 0.0515625 0.03359375
6 0.5015625 0.215625 0.1296875 0.1046875
6 0.57578125 0.10546875 0.20234375 0.20703125
4 0.6859375 0.03046875 0.0890625 0.06015625
4 0.934375 0.0390625 0.12890625 0.078125