6 0.26875 0.24296875 0.11953125 0.125
6 0.26875 0.06328125 0.16796875 0.12578125
6 0.1421875 0.0390625 0.12578125 0.078125
6 0.04453125 0.0171875 0.0734375 0.034375
6 0.0265625 0.78515625 0.053125 0.1421875
6 0.0140625 0.93359375 0.028125 0.1265625
6 0.565625 0.5703125 0.1765625 0.15703125
6 0.48515625 0.48125 0.03671875 0.03046875
6 0.43359375 0.44765625 0.0390625 0.03203125
6 0.3953125 0.45 0.0265625 0.02421875
6 0.47109375 0.46171875 0.02734375 0.01953125
6 0.40859375 0.771875 0.03359375 0.03671875
6 0.44765625 0.7640625 0.0421875 0.03515625
6 0.9265625 0.71796875 0.146875 0.1796875
6 0.9734375 0.871875 0.05234375 0.1
6 0.8859375 0.85546875 0.14296875 0.1578125
6 0.71796875 0.68828125 0.265625 0.23984375
6 0.50703125 0.7 0.17421875 0.14453125
6 0.94140625 0.34609375 0.11171875 0.11171875
6 0.946875 0.2234375 0.10625 0.13359375
6 0.9546875 0.13671875 0.090625 0.0796875
6 0.9 0.103125 0.10625 0.10078125
6 0.86171875 0.29921875 0.0859375 0.09921875
6 0.803125 0.05390625 0.18046875 0.1078125
6 0.72109375 0.165625 0.240625 0.240625
6 0.8734375 0.1953125 0.065625 0.0734375