6 0.778125 0.934375 0.07890625 0.08828125
6 0.83515625 0.815625 0.06171875 0.053125
6 0.375 0.87109375 0.09375 0.09140625
6 0.2515625 0.8484375 0.1421875 0.128125
6 0.171875 0.79765625 0.08125 0.07734375
6 0.10859375 0.92734375 0.078125 0.08671875
6 0.22421875 0.96640625 0.14765625 0.0671875
6 0.01640625 0.8609375 0.0328125 0.0796875
6 0.06953125 0.79921875 0.0515625 0.0578125
6 0.05703125 0.7390625 0.11171875 0.0625
6 0.02109375 0.678125 0.0421875 0.1
6 0.09453125 0.29140625 0.05078125 0.05078125
6 0.06328125 0.0671875 0.07578125 0.08828125