6 0.51171875 0.5203125 0.19140625 0.21171875
6 0.490625 0.63671875 0.19609375 0.1765625
3 0.10859375 0.05234375 0.05234375 0.04140625
3 0.10703125 0.015625 0.0515625 0.03125
3 0.121875 0.17265625 0.059375 0.04921875
3 0.11796875 0.32109375 0.0453125 0.04375
3 0.1125 0.39453125 0.0546875 0.05703125
3 0.1125 0.48515625 0.0546875 0.0515625
3 0.1078125 0.54375 0.0546875 0.059375
3 0.10546875 0.59140625 0.05703125 0.046875
3 0.09453125 0.634375 0.04453125 0.03515625
3 0.09921875 0.69296875 0.0390625 0.0375
3 0.0984375 0.73671875 0.046875 0.03359375
6 0.028125 0.85546875 0.05625 0.0578125
3 0.05390625 0.7828125 0.0546875 0.03984375
6 0.22734375 0.94296875 0.07421875 0.078125
6 0.18984375 0.8515625 0.134375 0.07734375
3 0.1171875 0.43828125 0.05703125 0.06484375