6 0.1859375 0.4046875 0.1109375 0.10234375
6 0.27265625 0.51484375 0.1484375 0.15078125
6 0.1484375 0.49296875 0.1015625 0.0921875
6 0.3328125 0.0828125 0.04765625 0.04921875
6 0.37109375 0.05390625 0.05546875 0.04921875
6 0.4046875 0.0265625 0.065625 0.053125
6 0.57734375 0.01953125 0.10234375 0.03828125
6 0.9203125 0.06484375 0.15859375 0.1296875
6 0.85625 0.22109375 0.05859375 0.05
6 0.5234375 0.49375 0.21875 0.14609375
6 0.95078125 0.5140625 0.09765625 0.13203125
6 0.83671875 0.62734375 0.06484375 0.05546875
6 0.778125 0.7046875 0.121875 0.10625
6 0.6859375 0.7703125 0.05078125 0.05
6 0.26484375 0.79140625 0.0984375 0.1015625
6 0.2109375 0.85 0.10625 0.11640625
6 0.07265625 0.64921875 0.1453125 0.0984375
6 0.06796875 0.53671875 0.1359375 0.1421875
6 0.15625 0.59375 0.11484375 0.11484375