4 0.31484375 0.23203125 0.10859375 0.16953125
6 0.15625 0.23515625 0.19140625 0.15078125
6 0.29453125 0.515625 0.05859375 0.09140625
6 0.35078125 0.4828125 0.07421875 0.065625
6 0.353125 0.5375 0.07578125 0.07109375
6 0.4078125 0.51328125 0.06484375 0.078125
6 0.4609375 0.509375 0.071875 0.08125
4 0.54453125 0.42421875 0.159375 0.18515625
4 0.66875 0.4546875 0.06953125 0.0703125
4 0.71640625 0.41328125 0.078125 0.0796875
6 0.9734375 0.496875 0.04609375 0.06640625
6 0.90625 0.45078125 0.03671875 0.04140625
4 0.7890625 0.29765625 0.07578125 0.06796875
4 0.7375 0.34296875 0.06640625 0.065625
4 0.95546875 0.309375 0.0890625 0.16875
6 0.20546875 0.47890625 0.175 0.15
4 0.07421875 0.51796875 0.11015625 0.10859375
4 0.23046875 0.834375 0.13671875 0.15078125
4 0.43671875 0.459375 0.06328125 0.0515625
4 0.0828125 0.840625 0.1109375 0.1515625
6 0.03515625 0.96953125 0.06328125 0.053125
6 0.0125 0.878125 0.025 0.06484375
6 0.246875 0.93671875 0.2796875 0.12578125
6 0.94609375 0.434375 0.03125 0.04375