3 0.35390625 0.3390625 0.04609375 0.07890625
3 0.44375 0.42265625 0.0734375 0.14296875
3 0.334375 0.3953125 0.1 0.07890625
3 0.32265625 0.5796875 0.12578125 0.1328125
3 0.35390625 0.46171875 0.096875 0.0953125
6 0.13828125 0.58828125 0.175 0.196875
7 0.1046875 0.79453125 0.209375 0.41015625
6 0.340625 0.6484375 0.03671875 0.04296875
6 0.7234375 0.646875 0.053125 0.0765625
6 0.8546875 0.6078125 0.15 0.1453125
6 0.8765625 0.55234375 0.12109375 0.1265625
6 0.91328125 0.4765625 0.15 0.121875
6 0.928125 0.3734375 0.14296875 0.14765625
6 0.93984375 0.33828125 0.11953125 0.15078125
6 0.95625 0.86875 0.0609375 0.078125
6 0.72890625 0.2015625 0.06640625 0.0859375
6 0.68515625 0.20625 0.0609375 0.065625
6 0.42421875 0.11015625 0.196875 0.2078125
6 0.18359375 0.0828125 0.0875 0.10625