6 0.0765625 0.6859375 0.153125 0.1328125
6 0.0796875 0.81328125 0.1484375 0.12578125
6 0.1546875 0.846875 0.08984375 0.08984375
6 0.07421875 0.91015625 0.1203125 0.1015625
6 0.2015625 0.64453125 0.090625 0.1125
6 0.2921875 0.6578125 0.14296875 0.18203125
6 0.50546875 0.5875 0.0921875 0.0953125
6 0.340625 0.57109375 0.1484375 0.0765625
6 0.6765625 0.58828125 0.09453125 0.09140625
6 0.728125 0.43515625 0.321875 0.2125
6 0.13359375 0.2234375 0.12265625 0.13359375
6 0.290625 0.22265625 0.12421875 0.1015625
6 0.42890625 0.221875 0.07890625 0.07890625
6 0.3734375 0.11796875 0.11171875 0.10078125
6 0.29296875 0.04765625 0.23359375 0.0953125
6 0.9765625 0.325 0.046875 0.12890625
6 0.88125 0.77265625 0.03828125 0.04140625
6 0.921875 0.796875 0.0328125 0.02890625
6 0.69140625 0.71328125 0.04140625 0.03828125
6 0.7375 0.7265625 0.0296875 0.03125
6 0.7640625 0.72734375 0.03671875 0.03203125
4 0.79921875 0.740625 0.0359375 0.0359375
6 0.47578125 0.7453125 0.33515625 0.27109375
6 0.64609375 0.978125 0.1203125 0.04296875