6 0.04296875 0.2609375 0.08515625 0.1171875
4 0.034375 0.1625 0.06484375 0.0765625
4 0.12890625 0.24140625 0.04609375 0.0640625
4 0.175 0.19375 0.1046875 0.10546875
4 0.15 0.09296875 0.0703125 0.08828125
4 0.06640625 0.10078125 0.103125 0.071875
4 0.10703125 0.17109375 0.08671875 0.09765625
4 0.21796875 0.0984375 0.07890625 0.075
4 0.32421875 0.0453125 0.10234375 0.08671875
4 0.465625 0.0390625 0.1046875 0.078125
4 0.3921875 0.01875 0.05 0.0375
4 0.68515625 0.0328125 0.1609375 0.065625
4 0.30625 0.153125 0.1375 0.13359375
6 0.44375 0.6453125 0.140625 0.13671875
6 0.225 0.8375 0.45 0.325
6 0.55625 0.93984375 0.15625 0.1203125
4 0.728125 0.871875 0.06015625 0.05390625
4 0.71171875 0.925 0.0515625 0.0625
4 0.75234375 0.92734375 0.05234375 0.06640625
4 0.915625 0.86171875 0.01875 0.0171875
4 0.921875 0.87265625 0.02109375 0.015625