6 0.2265625 0.11875 0.13828125 0.1390625
6 0.178125 0.203125 0.09140625 0.140625
6 0.75 0.265625 0.075 0.075
6 0.73203125 0.5390625 0.21015625 0.1234375
6 0.48828125 0.56640625 0.121875 0.1296875
6 0.59296875 0.5734375 0.0828125 0.0890625
6 0.94375 0.5171875 0.11171875 0.146875
6 0.2234375 0.35234375 0.09296875 0.0671875
6 0.27578125 0.3015625 0.05234375 0.059375
6 0.3109375 0.36953125 0.090625 0.071875
6 0.3109375 0.44140625 0.13125 0.0984375
6 0.22109375 0.5296875 0.09609375 0.084375
6 0.04609375 0.54375 0.0921875 0.1765625
6 0.121875 0.54140625 0.1140625 0.11875