2 0.7453125 0.2296875 0.0734375 0.07265625
2 0.740625 0.18046875 0.03203125 0.04375
2 0.7625 0.33359375 0.06484375 0.06640625
2 0.89375 0.40859375 0.06640625 0.06171875
2 0.965625 0.53984375 0.0609375 0.065625
2 0.8875 0.5625 0.040625 0.04609375
2 0.85703125 0.56875 0.046875 0.065625
6 0.96328125 0.6234375 0.0734375 0.08515625
6 0.92578125 0.79453125 0.12109375 0.13046875
6 0.8265625 0.84453125 0.11875 0.1359375
6 0.72734375 0.78125 0.146875 0.1515625
2 0.72421875 0.89921875 0.05625 0.06328125
2 0.7578125 0.984375 0.03828125 0.03046875
2 0.8359375 0.98125 0.05390625 0.0375
2 0.80703125 0.90625 0.040625 0.02890625
6 0.91796875 0.9 0.1125 0.11796875
6 0.4 0.45078125 0.11484375 0.1125
6 0.66796875 0.3765625 0.0328125 0.03125
6 0.5921875 0.12578125 0.2734375 0.246875
6 0.06796875 0.09375 0.1359375 0.1875
6 0.18671875 0.03984375 0.1984375 0.0796875
6 0.1078125 0.30078125 0.215625 0.2578125
6 0.0703125 0.5625 0.103125 0.1140625
6 0.0984375 0.7359375 0.196875 0.29375