6 0.32421875 0.3015625 0.18203125 0.1234375
6 0.15 0.20859375 0.13125 0.21328125
6 0.04453125 0.1984375 0.08828125 0.18203125
6 0.03359375 0.3390625 0.06640625 0.09140625
6 0.08203125 0.365625 0.11640625 0.10859375
6 0.03984375 0.871875 0.0796875 0.1125
6 0.0859375 0.91640625 0.075 0.0953125
6 0.07265625 0.971875 0.14140625 0.05546875
6 0.1703125 0.91484375 0.04453125 0.059375
6 0.17421875 0.8671875 0.04921875 0.03515625
6 0.178125 0.83828125 0.0484375 0.0359375
6 0.203125 0.82578125 0.03828125 0.03671875
6 0.52421875 0.934375 0.0953125 0.1203125
6 0.81015625 0.7234375 0.284375 0.175
6 0.7609375 0.87890625 0.39375 0.2421875
6 0.9515625 0.25859375 0.096875 0.11015625
6 0.88671875 0.21640625 0.1046875 0.10859375
6 0.8140625 0.07734375 0.128125 0.11328125
6 0.83359375 0.01796875 0.1078125 0.0359375
6 0.2375 0.3796875 0.06171875 0.0640625
6 0.28671875 0.403125 0.07734375 0.053125
6 0.26171875 0.45 0.05859375 0.05390625
6 0.1875 0.43359375 0.0578125 0.06328125
6 0.15 0.4109375 0.053125 0.06171875
6 0.19375 0.484375 0.05625 0.046875