6 0.17109375 0.671875 0.14921875 0.1421875
6 0.29921875 0.925 0.096875 0.121875
2 0.1234375 0.48671875 0.09921875 0.0859375
2 0.35390625 0.2734375 0.05390625 0.06484375
2 0.38359375 0.22421875 0.0859375 0.0671875
2 0.36171875 0.1765625 0.06171875 0.059375
6 0.13046875 0.09140625 0.0703125 0.06953125
6 0.35 0.12890625 0.040625 0.04921875
2 0.396875 0.03359375 0.06484375 0.0546875
6 0.525 0.028125 0.059375 0.05625
6 0.75546875 0.04140625 0.0921875 0.0828125
6 0.73359375 0.18515625 0.11015625 0.09765625
6 0.9625 0.1578125 0.07421875 0.08984375
6 0.9703125 0.3296875 0.05859375 0.0640625
6 0.73671875 0.31640625 0.09609375 0.10625
6 0.528125 0.32421875 0.09375 0.08828125
6 0.50078125 0.47734375 0.08203125 0.13671875
6 0.7078125 0.5 0.09453125 0.0828125
6 0.70859375 0.6484375 0.11796875 0.10078125
6 0.940625 0.64609375 0.11875 0.13046875
6 0.97578125 0.47734375 0.0484375 0.0796875
6 0.33046875 0.4984375 0.07421875 0.09140625
6 0.49296875 0.63125 0.1078125 0.08046875
6 0.4921875 0.7859375 0.06328125 0.0890625
6 0.7 0.81328125 0.1 0.10390625
6 0.684375 0.95078125 0.115625 0.0984375
6 0.48046875 0.9375 0.08828125 0.0984375
6 0.93984375 0.95078125 0.07734375 0.090625
6 0.96171875 0.79453125 0.06640625 0.0875