6 0.16328125 0.19765625 0.04765625 0.0375
6 0.11171875 0.28203125 0.0453125 0.03984375
6 0.10546875 0.32890625 0.0515625 0.046875
6 0.1640625 0.33125 0.0625 0.053125
6 0.1125 0.19375 0.034375 0.0421875
6 0.10390625 0.23515625 0.04140625 0.04296875
6 0.3265625 0.11953125 0.0875 0.08828125
6 0.29140625 0.20390625 0.05703125 0.03515625
6 0.23671875 0.06328125 0.046875 0.03515625
6 0.23671875 0.1078125 0.06015625 0.0375
6 0.434375 0.10234375 0.05859375 0.08125
6 0.4328125 0.040625 0.053125 0.05078125
6 0.53125 0.14296875 0.15234375 0.13984375
6 0.484375 0.2703125 0.14140625 0.10078125
6 0.4890625 0.4671875 0.21953125 0.1875
6 0.325 0.4875 0.1265625 0.1265625
6 0.08203125 0.4796875 0.0640625 0.08984375
6 0.04140625 0.503125 0.0390625 0.0375
6 0.13515625 0.60078125 0.04296875 0.03515625
6 0.04375 0.5921875 0.04453125 0.04140625
6 0.1359375 0.64765625 0.05625 0.053125
6 0.21015625 0.665625 0.0984375 0.09140625
6 0.265625 0.5640625 0.05390625 0.053125
6 0.88671875 0.5765625 0.2265625 0.30625
6 0.475 0.74140625 0.2109375 0.29765625
6 0.953125 0.36328125 0.09296875 0.1375
6 0.296875 0.15859375 0.05625 0.034375
6 0.22265625 0.23984375 0.06875 0.05078125
6 0.20703125 0.28203125 0.05390625 0.03828125
6 0.15703125 0.24140625 0.03515625 0.03125
6 0.2359375 0.3328125 0.08515625 0.0546875
6 0.3078125 0.35234375 0.1421875 0.07890625
6 0.46640625 0.3609375 0.17890625 0.10390625