6 0.34921875 0.65390625 0.059375 0.06328125
6 0.4375 0.56328125 0.065625 0.071875
6 0.45078125 0.71953125 0.0703125 0.06875
6 0.346875 0.8328125 0.05 0.05078125
6 0.54765625 0.84609375 0.06171875 0.065625
6 0.5484375 0.92734375 0.075 0.0609375
6 0.4453125 0.94453125 0.04921875 0.053125
6 0.24609375 0.940625 0.0609375 0.0578125
6 0.2015625 0.81015625 0.04921875 0.0546875
6 0.25625 0.75703125 0.046875 0.0546875
6 0.12578125 0.2234375 0.15390625 0.15078125
6 0.33046875 0.1265625 0.1078125 0.12890625
6 0.43984375 0.14296875 0.125 0.1296875
6 0.34296875 0.03125 0.10234375 0.0625
6 0.0765625 0.08359375 0.153125 0.1671875
6 0.32734375 0.29765625 0.1109375 0.11015625
6 0.465625 0.3015625 0.134375 0.18359375
6 0.590625 0.171875 0.11875 0.10390625
6 0.70234375 0.1609375 0.12265625 0.1328125
6 0.784375 0.16875 0.1078125 0.09765625
6 0.59140625 0.25546875 0.09765625 0.09921875
6 0.6734375 0.2359375 0.07578125 0.08203125
6 0.84375 0.11484375 0.09453125 0.1234375
6 0.94296875 0.121875 0.11328125 0.1671875
6 0.9125 0.71171875 0.11015625 0.121875
6 0.80859375 0.77421875 0.16953125 0.14453125