1 0.04296875 0.7359375 0.0859375 0.125
6 0.43203125 0.434375 0.06796875 0.07578125
3 0.853125 0.60546875 0.06953125 0.06328125
6 0.5671875 0.28515625 0.1265625 0.11484375
3 0.6296875 0.41796875 0.0453125 0.06484375
3 0.709375 0.16015625 0.04609375 0.04921875
3 0.6703125 0.1484375 0.04921875 0.05078125
3 0.63984375 0.1828125 0.05546875 0.04375
3 0.6171875 0.23046875 0.06640625 0.053125
3 0.64140625 0.26875 0.07265625 0.06953125
3 0.66484375 0.23203125 0.0484375 0.06640625
3 0.6921875 0.20703125 0.0640625 0.0703125
3 0.74921875 0.21015625 0.05859375 0.08984375
3 0.76484375 0.153125 0.0796875 0.05234375
6 0.4609375 0.16875 0.11484375 0.1078125
3 0.5375 0.17578125 0.06875 0.08359375
3 0.44375 0.1 0.0765625 0.06640625
3 0.49375 0.0828125 0.0546875 0.05546875
3 0.35546875 0.07265625 0.06875 0.04453125
3 0.38671875 0.05078125 0.053125 0.0515625
3 0.4703125 0.05078125 0.071875 0.05390625
3 0.48984375 0.015625 0.04921875 0.03125
6 0.39453125 0.28984375 0.2171875 0.2421875
6 0.07265625 0.9234375 0.1453125 0.153125
6 0.2328125 0.96875 0.18671875 0.0625
6 0.19921875 0.87265625 0.13203125 0.0609375
6 0.1953125 0.7484375 0.18671875 0.19296875
1 0.2578125 0.7015625 0.121875 0.14765625
6 0.27109375 0.50390625 0.2140625 0.1765625
1 0.26953125 0.34921875 0.09453125 0.1140625
6 0.090625 0.2984375 0.18125 0.25390625
6 0.2140625 0.16171875 0.134375 0.1390625
6 0.10625 0.0453125 0.1859375 0.08984375
1 0.19296875 0.3890625 0.09296875 0.10234375
1 0.434375 0.5625 0.12109375 0.13515625
1 0.35078125 0.15234375 0.134375 0.13203125
1 0.31796875 0.92890625 0.103125 0.1078125
1 0.76875 0.06328125 0.08671875 0.08515625
1 0.71875 0.6734375 0.10625 0.10625
1 0.546875 0.54140625 0.13984375 0.12734375
1 0.5875 0.74453125 0.1109375 0.11171875
1 0.725 0.56171875 0.11015625 0.09453125
1 0.23046875 0.29140625 0.10859375 0.10859375
1 0.55703125 0.45859375 0.090625 0.08515625
1 0.17734375 0.60546875 0.090625 0.0875
1 0.68125 0.303125 0.06171875 0.0421875
1 0.2046875 0.9234375 0.11875 0.0734375