6 0.44140625 0.13046875 0.11171875 0.0890625
6 0.4296875 0.23203125 0.19765625 0.1515625
6 0.409375 0.32265625 0.07890625 0.090625
6 0.0921875 0.228125 0.184375 0.171875
6 0.021875 0.34140625 0.04375 0.0953125
6 0.1 0.4078125 0.121875 0.08125
3 0.09765625 0.3484375 0.103125 0.07421875
3 0.05859375 0.43984375 0.09375 0.05859375
3 0.14609375 0.5046875 0.0703125 0.0828125
3 0.1265625 0.615625 0.10703125 0.06484375
3 0.14296875 0.57265625 0.06796875 0.04453125
3 0.04453125 0.5953125 0.0890625 0.0609375
3 0.0640625 0.65859375 0.06875 0.0703125
3 0.15859375 0.66640625 0.04296875 0.06484375
3 0.02734375 0.71796875 0.05390625 0.09765625
3 0.02265625 0.88203125 0.04453125 0.05625
3 0.03125 0.90859375 0.05078125 0.03984375
3 0.0828125 0.83984375 0.04921875 0.03359375
3 0.03046875 0.953125 0.0609375 0.0625
6 0.05859375 0.5375 0.115625 0.10859375
6 0.028125 0.82578125 0.05625 0.0734375
6 0.25078125 0.9390625 0.07109375 0.1
6 0.1359375 0.88359375 0.040625 0.04140625
6 0.5671875 0.7921875 0.240625 0.225
6 0.62890625 0.94765625 0.19765625 0.10390625
6 0.46796875 0.56953125 0.09765625 0.0984375