6 0.03125 0.0359375 0.0625 0.071875
6 0.0640625 0.53359375 0.08046875 0.096875
6 0.1484375 0.53203125 0.06328125 0.0546875
6 0.13125 0.73046875 0.04375 0.0546875
6 0.859375 0.71484375 0.04765625 0.06953125
6 0.88984375 0.7578125 0.040625 0.0484375
6 0.92109375 0.75078125 0.0328125 0.04375
6 0.625 0.34375 0.0828125 0.05078125
6 0.80390625 0.3609375 0.05 0.07578125
6 0.75078125 0.3625 0.0890625 0.06953125
3 0.89765625 0.35078125 0.065625 0.06796875
3 0.86328125 0.36640625 0.0578125 0.0625
3 0.909375 0.41484375 0.0515625 0.075
6 0.89375 0.39375 0.03671875 0.03515625
6 0.95 0.27890625 0.08125 0.065625