1 0.60390625 0.4265625 0.14140625 0.12109375
1 0.6109375 0.31171875 0.1546875 0.15234375
1 0.50546875 0.37265625 0.14140625 0.140625
1 0.40625 0.3 0.14921875 0.14375
1 0.41171875 0.175 0.1734375 0.1453125
1 0.40546875 0.065625 0.1484375 0.13125
1 0.30546875 0.0890625 0.140625 0.1609375
1 0.20859375 0.1125 0.14921875 0.134375
1 0.93046875 0.27734375 0.1390625 0.165625
1 0.93828125 0.1515625 0.1234375 0.134375
1 0.83359375 0.2046875 0.165625 0.1515625
1 0.840625 0.07578125 0.16953125 0.1515625
1 0.63203125 0.1890625 0.16953125 0.17109375
1 0.92109375 0.52578125 0.1578125 0.14375
1 0.503125 0.496875 0.146875 0.1515625
1 0.38984375 0.41796875 0.15 0.15234375
1 0.58984375 0.6875 0.140625 0.11953125
1 0.70625 0.63046875 0.15 0.128125
1 0.91328125 0.63046875 0.1734375 0.15234375
1 0.8109375 0.6890625 0.15859375 0.14765625
1 0.903125 0.87734375 0.14140625 0.1234375
1 0.8125 0.9328125 0.16953125 0.13203125
1 0.91328125 0.76640625 0.1734375 0.1609375
1 0.70234375 0.740625 0.13046875 0.13828125
1 0.584375 0.78671875 0.14140625 0.140625
1 0.2578125 0.9453125 0.15390625 0.10859375
1 0.2578125 0.84296875 0.15859375 0.15
1 0.153125 0.778125 0.15078125 0.1484375
1 0.69375 0.50390625 0.1703125 0.1609375
1 0.59140625 0.56875 0.1546875 0.16328125
1 0.18125 0.290625 0.140625 0.15546875
1 0.72265625 0.1359375 0.16875 0.16875
1 0.70703125 0.2640625 0.146875 0.1359375
1 0.146875 0.65859375 0.146875 0.11640625
1 0.16875 0.42421875 0.15078125 0.1515625
1 0.70625 0.3890625 0.159375 0.15859375
1 0.38828125 0.54140625 0.15234375 0.14375
1 0.82109375 0.328125 0.146875 0.1359375
1 0.2640625 0.728125 0.14921875 0.15
1 0.2796875 0.3609375 0.1609375 0.14453125
1 0.47578125 0.8609375 0.16328125 0.13671875
1 0.27109375 0.4875 0.14609375 0.1359375
1 0.3515625 0.9125 0.1625 0.1453125
1 0.915625 0.40546875 0.165625 0.153125
1 0.153125 0.540625 0.14921875 0.14140625
1 0.57890625 0.925 0.1484375 0.15
1 0.809375 0.45078125 0.13359375 0.1375
1 0.3640625 0.7875 0.15546875 0.1296875
1 0.496875 0.2453125 0.13984375 0.1625
1 0.4859375 0.61875 0.134375 0.13203125
1 0.4828125 0.73984375 0.13359375 0.12890625
1 0.51953125 0.1296875 0.14921875 0.13515625
1 0.2984375 0.2296875 0.159375 0.1609375
1 0.0875 0.11953125 0.1578125 0.16171875
1 0.14375 0.90234375 0.13984375 0.13046875
1 0.80703125 0.57421875 0.1296875 0.13984375
1 0.7828125 0.81640625 0.1234375 0.1234375
1 0.659375 0.86171875 0.14375 0.14453125
1 0.2640625 0.603125 0.1609375 0.14609375
1 0.37265625 0.66484375 0.15703125 0.13359375