1 0.89921875 0.8953125 0.1796875 0.165625
1 0.9125 0.2609375 0.1671875 0.165625
1 0.2109375 0.325 0.165625 0.159375
1 0.66796875 0.5828125 0.1421875 0.1375
1 0.7765625 0.26484375 0.1421875 0.13359375
1 0.4 0.31875 0.134375 0.14140625
1 0.93359375 0.14921875 0.13125 0.1578125
1 0.85 0.7953125 0.15546875 0.1515625
1 0.7453125 0.496875 0.1359375 0.1484375
1 0.52578125 0.10859375 0.15546875 0.153125
1 0.72421875 0.7984375 0.1296875 0.1171875
1 0.18046875 0.9203125 0.15390625 0.15859375
1 0.078125 0.85703125 0.15546875 0.178125
1 0.19296875 0.8015625 0.1375 0.13046875
1 0.27578125 0.8515625 0.13203125 0.134375
1 0.3734375 0.86796875 0.16328125 0.146875
1 0.08125 0.74140625 0.1625 0.1578125
1 0.2015625 0.6890625 0.15390625 0.16171875
1 0.09296875 0.61640625 0.1859375 0.15703125
1 0.20234375 0.56328125 0.16484375 0.16171875
1 0.1046875 0.49140625 0.1796875 0.1703125
1 0.22578125 0.43984375 0.15546875 0.15546875
1 0.1046875 0.371875 0.19765625 0.19296875
1 0.115625 0.24140625 0.1703125 0.15234375
1 0.12109375 0.12421875 0.16796875 0.16796875
1 0.2234375 0.18359375 0.16484375 0.184375
1 0.234375 0.06796875 0.13359375 0.1359375
1 0.33515625 0.12265625 0.16171875 0.16484375
1 0.33125 0.26484375 0.15390625 0.146875
1 0.41328125 0.19296875 0.11953125 0.1375
1 0.5125 0.2171875 0.16328125 0.15234375
1 0.31640625 0.3921875 0.18125 0.146875
1 0.3171875 0.50859375 0.15234375 0.1359375
1 0.28359375 0.6015625 0.12734375 0.1109375
1 0.39140625 0.7390625 0.19296875 0.16328125
1 0.4640625 0.82421875 0.14375 0.16640625
1 0.5078125 0.909375 0.12890625 0.12421875
1 0.56484375 0.74140625 0.16015625 0.1765625
1 0.5796875 0.8390625 0.11640625 0.09765625
1 0.67109375 0.8671875 0.16328125 0.15859375
1 0.40625 0.6328125 0.171875 0.15703125
1 0.45 0.54765625 0.16328125 0.16484375
1 0.490625 0.43671875 0.18984375 0.16328125
1 0.509375 0.328125 0.1515625 0.15234375
1 0.425 0.0625 0.13203125 0.12421875
1 0.6296875 0.13828125 0.13359375 0.13046875
1 0.64453125 0.25546875 0.1515625 0.15703125
1 0.63046875 0.35859375 0.15546875 0.16328125
1 0.61953125 0.46796875 0.16484375 0.175
1 0.59609375 0.6 0.15234375 0.1703125
1 0.64609375 0.70625 0.15703125 0.1515625
1 0.76015625 0.6921875 0.15703125 0.18125
1 0.7609375 0.5921875 0.13359375 0.1125
1 0.9046875 0.671875 0.1484375 0.1703125
1 0.878125 0.509375 0.16640625 0.15390625
1 0.74296875 0.38828125 0.16328125 0.1453125
1 0.86796875 0.37578125 0.15859375 0.1828125
1 0.8125 0.14375 0.1453125 0.15859375
1 0.71640625 0.178125 0.1359375 0.16796875
1 0.65625 0.05546875 0.1453125 0.1078125
1 0.95078125 0.7578125 0.0984375 0.13203125