3 0.51015625 0.2015625 0.06328125 0.06484375
1 0.60234375 0.20625 0.071875 0.0828125
1 0.95 0.1140625 0.1 0.15234375
1 0.8765625 0.14765625 0.1171875 0.16328125
1 0.94140625 0.21171875 0.1171875 0.140625
1 0.9390625 0.33828125 0.12109375 0.14921875
1 0.9390625 0.45546875 0.12109375 0.17578125
1 0.875 0.3890625 0.1328125 0.115625
1 0.88046875 0.6171875 0.08203125 0.1109375
1 0.921875 0.684375 0.15625 0.190625
1 0.60390625 0.78359375 0.1359375 0.14140625
6 0.23671875 0.9296875 0.09921875 0.08359375
1 0.30625 0.19765625 0.10625 0.1109375
6 0.80859375 0.6203125 0.096875 0.11015625
1 0.36171875 0.59921875 0.13046875 0.15703125
1 0.6671875 0.9015625 0.10546875 0.12578125
1 0.4609375 0.6 0.10390625 0.0984375
6 0.553125 0.39453125 0.06796875 0.0734375
6 0.4453125 0.77890625 0.17109375 0.1609375
1 0.3265625 0.79609375 0.1125 0.12734375
6 0.7609375 0.19921875 0.1890625 0.1671875
6 0.55703125 0.9671875 0.07421875 0.06328125
6 0.78125 0.06328125 0.196875 0.121875
1 0.66875 0.9796875 0.1 0.040625
1 0.1515625 0.065625 0.1578125 0.1296875
1 0.24609375 0.36484375 0.09296875 0.1
3 0.24453125 0.27265625 0.09453125 0.08671875
1 0.49765625 0.3 0.1265625 0.13125
6 0.2765625 0.0203125 0.0890625 0.040625
1 0.04453125 0.140625 0.08828125 0.11875
6 0.0984375 0.11484375 0.05859375 0.05234375
1 0.7734375 0.96796875 0.09375 0.0640625
6 0.38515625 0.70078125 0.08671875 0.09453125
1 0.42109375 0.50703125 0.10859375 0.1140625
6 0.8078125 0.7015625 0.096875 0.0796875
6 0.596875 0.1109375 0.1046875 0.11015625
1 0.6625 0.8234375 0.0953125 0.075
3 0.3828125 0.90234375 0.05234375 0.05078125
3 0.271875 0.859375 0.0546875 0.05390625
3 0.3359375 0.90234375 0.03671875 0.04453125
1 0.9359375 0.9390625 0.12734375 0.12109375
6 0.16171875 0.14921875 0.19375 0.19296875
6 0.284375 0.10234375 0.11484375 0.12265625
3 0.34765625 0.1359375 0.04453125 0.04140625
3 0.19921875 0.321875 0.075 0.06953125
3 0.30078125 0.4 0.04453125 0.04296875
3 0.27734375 0.409375 0.04921875 0.03671875
3 0.390625 0.45390625 0.0515625 0.0515625
6 0.4046875 0.36171875 0.22734375 0.1796875
6 0.41328125 0.2078125 0.08828125 0.103125
3 0.36640625 0.2375 0.05625 0.03984375
6 0.75625 0.4109375 0.315625 0.353125
6 0.49375 0.07265625 0.35 0.1453125