1 0.83359375 0.596875 0.140625 0.1421875
1 0.93828125 0.41875 0.1234375 0.13125
1 0.7328125 0.51640625 0.14296875 0.13203125
1 0.7671875 0.18203125 0.1359375 0.11796875
1 0.64375 0.14765625 0.103125 0.0984375
1 0.821875 0.078125 0.134375 0.1390625
1 0.72109375 0.11484375 0.13671875 0.146875
1 0.61640625 0.059375 0.14296875 0.11171875
1 0.54921875 0.15859375 0.11875 0.11171875
1 0.3796875 0.1578125 0.1265625 0.13125
1 0.21953125 0.1421875 0.109375 0.13984375
1 0.64375 0.2296875 0.13203125 0.12421875
1 0.54921875 0.27109375 0.12265625 0.1171875
1 0.46484375 0.21015625 0.12890625 0.1234375
1 0.3765625 0.27265625 0.1046875 0.1109375
1 0.30859375 0.2296875 0.1578125 0.134375
1 0.43984375 0.33515625 0.1515625 0.14453125
1 0.28671875 0.35390625 0.1375 0.13203125
1 0.54140625 0.39453125 0.146875 0.10703125
1 0.6390625 0.45859375 0.1203125 0.1265625
1 0.534375 0.49296875 0.16640625 0.13203125
1 0.421875 0.56484375 0.1515625 0.12890625
1 0.63984375 0.5765625 0.1375 0.14140625
1 0.43515625 0.68203125 0.10703125 0.11484375
1 0.3546875 0.678125 0.109375 0.1359375
1 0.25 0.67265625 0.13671875 0.11328125
1 0.36953125 0.78359375 0.13515625 0.134375
1 0.25234375 0.83671875 0.1671875 0.11875
1 0.5 0.95546875 0.140625 0.0890625
1 0.5140625 0.87421875 0.134375 0.11953125
1 0.3703125 0.89609375 0.16015625 0.16875
1 0.25546875 0.9421875 0.14765625 0.11484375
1 0.91171875 0.8953125 0.14375 0.128125
1 0.81328125 0.94140625 0.15390625 0.1171875
1 0.7296875 0.64296875 0.134375 0.13828125
1 0.94296875 0.3015625 0.1140625 0.14375
1 0.8203125 0.71015625 0.13828125 0.14375
1 0.91796875 0.66171875 0.16171875 0.1546875
1 0.9421875 0.17109375 0.115625 0.1375
1 0.6453125 0.33984375 0.13671875 0.13046875
1 0.6953125 0.96640625 0.1453125 0.0671875
1 0.7359375 0.28203125 0.16015625 0.1421875
1 0.8390625 0.34921875 0.16015625 0.1390625
1 0.73515625 0.403125 0.13203125 0.134375
1 0.61484375 0.7125 0.1625 0.14140625
1 0.93125 0.534375 0.128125 0.13359375
1 0.52109375 0.65390625 0.153125 0.1609375
1 0.72265625 0.7671875 0.1296875 0.13046875
1 0.825 0.478125 0.13203125 0.1609375