1 0.884375 0.92421875 0.153125 0.1515625
1 0.75390625 0.88203125 0.16875 0.16796875
1 0.56953125 0.2671875 0.10546875 0.103125
1 0.43828125 0.2109375 0.14375 0.1765625
1 0.0796875 0.509375 0.14140625 0.1078125
1 0.3234375 0.82578125 0.1296875 0.10703125
1 0.24140625 0.7671875 0.121875 0.128125
6 0.659375 0.62421875 0.221875 0.18125
1 0.7640625 0.77890625 0.1671875 0.1640625
1 0.2328125 0.93984375 0.1 0.103125
6 0.4671875 0.44765625 0.1140625 0.12421875
1 0.21640625 0.6 0.11875 0.1046875
1 0.9203125 0.4125 0.08046875 0.07734375
6 0.85625 0.05546875 0.125 0.09921875
6 0.74609375 0.2421875 0.08671875 0.09296875
6 0.6453125 0.375 0.21328125 0.23984375
6 0.33359375 0.4140625 0.1359375 0.18515625
6 0.184375 0.4421875 0.1890625 0.13203125
3 0.0734375 0.3140625 0.08046875 0.06953125
3 0.0953125 0.37421875 0.0609375 0.06875
6 0.5421875 0.221875 0.115625 0.1390625
3 0.92265625 0.17265625 0.0640625 0.0578125
1 0.87890625 0.28828125 0.07734375 0.07578125
1 0.89765625 0.35390625 0.08046875 0.084375
1 0.6421875 0.76015625 0.1484375 0.146875