6 0.13125 0.41875 0.09921875 0.09296875
6 0.45 0.12734375 0.084375 0.075
6 0.4421875 0.70625 0.0625 0.0734375
6 0.02734375 0.92578125 0.0546875 0.0578125
6 0.153125 0.7921875 0.0609375 0.05234375
6 0.42109375 0.6125 0.059375 0.05703125
6 0.3765625 0.5890625 0.0546875 0.05
6 0.58125 0.21484375 0.1421875 0.11640625
6 0.01875 0.615625 0.0375 0.04765625
6 0.215625 0.8890625 0.0671875 0.0578125
1 0.51953125 0.08984375 0.15 0.13515625
6 0.19609375 0.01640625 0.0703125 0.03203125
3 0.06875 0.0828125 0.0671875 0.08515625
3 0.64765625 0.30625 0.0515625 0.05234375
6 0.91640625 0.12890625 0.16640625 0.2046875
3 0.9375 0.23671875 0.0484375 0.046875
3 0.79453125 0.196875 0.0546875 0.05859375
6 0.78671875 0.09609375 0.09453125 0.1015625
6 0.7140625 0.1546875 0.11640625 0.13125
6 0.553125 0.1421875 0.06953125 0.059375
6 0.45390625 0.07578125 0.08671875 0.0546875
6 0.50625 0.03671875 0.08828125 0.05546875
6 0.5375 0.9390625 0.05 0.0734375
6 0.4328125 0.66328125 0.06328125 0.053125
6 0.24140625 0.6875 0.14375 0.140625