6 0.1203125 0.46875 0.19609375 0.1984375
6 0.05703125 0.5734375 0.11328125 0.16015625
6 0.14296875 0.67265625 0.1328125 0.13984375
6 0.3 0.671875 0.1375 0.1453125
6 0.39375 0.75078125 0.1390625 0.13046875
6 0.45859375 0.80859375 0.134375 0.1609375
6 0.54375 0.86171875 0.165625 0.16171875
6 0.371875 0.865625 0.1484375 0.1515625
6 0.1 0.94140625 0.1359375 0.11640625
6 0.19375 0.125 0.225 0.23671875
6 0.3125 0.3546875 0.51328125 0.33828125
6 0.65625 0.678125 0.17109375 0.21640625
6 0.6515625 0.896875 0.52421875 0.20546875
6 0.93671875 0.69453125 0.10078125 0.11171875
6 0.875 0.75234375 0.11875 0.096875
6 0.871875 0.65 0.14609375 0.1125
6 0.7453125 0.2421875 0.20078125 0.175