6 0.4671875 0.0375 0.1171875 0.075
6 0.36796875 0.03828125 0.096875 0.0765625
6 0.29765625 0.03203125 0.0890625 0.0640625
6 0.24140625 0.0265625 0.06640625 0.05234375
6 0.1828125 0.03046875 0.059375 0.06015625
6 0.11875 0.02734375 0.075 0.0546875
6 0.0359375 0.4078125 0.071875 0.15
6 0.1390625 0.515625 0.08671875 0.12890625
6 0.20859375 0.5953125 0.0734375 0.08828125
6 0.22734375 0.66953125 0.07578125 0.07265625
6 0.4078125 0.94765625 0.15 0.1046875
6 0.68984375 0.6984375 0.20703125 0.2109375
6 0.77578125 0.6734375 0.1828125 0.1734375
6 0.8640625 0.60625 0.1484375 0.17421875
6 0.925 0.52578125 0.128125 0.1453125
6 0.94609375 0.434375 0.10703125 0.1703125
6 0.80703125 0.86328125 0.3828125 0.2734375
6 0.93984375 0.68125 0.11875 0.25859375