1 0.27109375 0.6953125 0.14375 0.1453125
1 0.140625 0.86796875 0.15703125 0.15703125
1 0.13671875 0.7546875 0.14453125 0.1265625
1 0.821875 0.47890625 0.14765625 0.14375
1 0.0515625 0.71875 0.103125 0.15859375
1 0.20390625 0.9671875 0.11875 0.065625
1 0.38671875 0.91796875 0.146875 0.1640625
1 0.3625 0.825 0.103125 0.090625
1 0.07890625 0.59140625 0.15703125 0.16796875
1 0.84921875 0.9359375 0.15703125 0.12734375
1 0.7125 0.16015625 0.14765625 0.153125
1 0.76015625 0.0546875 0.1546875 0.10859375
1 0.73359375 0.3921875 0.1484375 0.128125
1 0.11015625 0.4140625 0.190625 0.15390625
1 0.1203125 0.31484375 0.12578125 0.090625
1 0.10703125 0.2328125 0.10859375 0.1171875
1 0.421875 0.209375 0.1453125 0.13515625
1 0.390625 0.08984375 0.16015625 0.13671875
1 0.40625 0.39609375 0.1640625 0.17265625
1 0.28984375 0.58671875 0.11875 0.15234375
1 0.390625 0.73359375 0.1625 0.13671875
1 0.48828125 0.93515625 0.1609375 0.12890625
1 0.4890625 0.865625 0.125 0.11328125
1 0.6265625 0.8609375 0.16015625 0.1640625
1 0.63515625 0.72265625 0.17265625 0.1375
1 0.50546875 0.72421875 0.121875 0.12890625
1 0.3890625 0.6390625 0.1453125 0.0765625
1 0.39921875 0.56015625 0.1453125 0.10546875
1 0.4859375 0.525 0.13671875 0.10859375
1 0.4875 0.44375 0.12734375 0.1015625
1 0.49140625 0.31484375 0.15859375 0.165625
1 0.546875 0.21015625 0.15234375 0.1484375
1 0.4984375 0.103125 0.15078125 0.12734375
1 0.64765625 0.06875 0.1421875 0.1203125
1 0.6734375 0.2375 0.13828125 0.14921875
1 0.609375 0.3046875 0.15625 0.15078125
1 0.628125 0.41484375 0.14765625 0.1359375
1 0.61953125 0.515625 0.13828125 0.1421875
1 0.4953125 0.62109375 0.1421875 0.125
1 0.6 0.62265625 0.153125 0.13984375
1 0.73671875 0.51328125 0.153125 0.1421875
1 0.69375 0.62578125 0.1515625 0.13125
1 0.790625 0.61484375 0.1140625 0.1421875
1 0.74921875 0.74453125 0.13671875 0.16015625
1 0.753125 0.859375 0.15078125 0.125
1 0.740625 0.953125 0.15078125 0.09296875
1 0.2484375 0.81171875 0.11953125 0.09765625
1 0.24375 0.8890625 0.1359375 0.1
1 0.296875 0.9390625 0.13046875 0.121875
1 0.61015625 0.95234375 0.1421875 0.0953125
1 0.09375 0.94921875 0.121875 0.1015625
1 0.04453125 0.8265625 0.0890625 0.15
1 0.0640625 0.46796875 0.12734375 0.0921875
1 0.1859375 0.53125 0.17890625 0.18203125
1 0.22421875 0.39140625 0.11796875 0.1203125
1 0.19375 0.31171875 0.10546875 0.06796875
1 0.22421875 0.19453125 0.13984375 0.1234375
1 0.32265625 0.328125 0.159375 0.13359375
1 0.31015625 0.22890625 0.0921875 0.10546875
1 0.2859375 0.0671875 0.08125 0.1046875
1 0.09375 0.0859375 0.17109375 0.171875
1 0.22421875 0.0671875 0.14765625 0.134375
1 0.93203125 0.07109375 0.1359375 0.1421875
1 0.846875 0.1109375 0.14609375 0.134375
1 0.81171875 0.2140625 0.1296875 0.115625
1 0.93828125 0.19765625 0.1234375 0.121875
1 0.90625 0.29375 0.11015625 0.121875
1 0.7640625 0.30546875 0.12421875 0.13984375
1 0.875 0.37890625 0.13125 0.11484375
1 0.93359375 0.4625 0.1328125 0.153125
1 0.87578125 0.58203125 0.1546875 0.1421875
1 0.94609375 0.62890625 0.1078125 0.134375
1 0.8578125 0.69375 0.13671875 0.1171875
1 0.9421875 0.7578125 0.115625 0.12890625
1 0.853125 0.8109375 0.13515625 0.15390625
1 0.91953125 0.853125 0.1140625 0.1140625
1 0.35078125 0.49453125 0.12578125 0.12421875
1 0.2765625 0.4515625 0.14453125 0.15
1 0.1890625 0.63046875 0.16328125 0.1296875