1 0.9609375 0.6484375 0.078125 0.14765625
1 0.390625 0.403125 0.1046875 0.1171875
1 0.9578125 0.88828125 0.084375 0.1171875
1 0.67578125 0.68203125 0.1234375 0.1078125
1 0.790625 0.5234375 0.16015625 0.1125
1 0.9015625 0.1 0.14296875 0.1390625
1 0.90234375 0.23828125 0.17578125 0.15390625
1 0.90859375 0.359375 0.1828125 0.1546875
1 0.80390625 0.29921875 0.1578125 0.0953125
1 0.9078125 0.47421875 0.12578125 0.13046875
1 0.79453125 0.4140625 0.18046875 0.16328125
1 0.771875 0.7515625 0.15234375 0.128125
1 0.8796875 0.7015625 0.15234375 0.14765625
1 0.76640625 0.63359375 0.178125 0.1515625
1 0.65390625 0.91640625 0.14296875 0.121875
1 0.86484375 0.93125 0.1671875 0.13671875
1 0.7625 0.875 0.140625 0.165625
1 0.65703125 0.7984375 0.1609375 0.1734375
1 0.75546875 0.04375 0.134375 0.0875
1 0.28984375 0.925 0.115625 0.128125
1 0.2203125 0.1421875 0.103125 0.10390625
1 0.1 0.878125 0.10625 0.09765625
1 0.75 0.24296875 0.12578125 0.1296875
1 0.33515625 0.0609375 0.1 0.1078125
1 0.6296875 0.10859375 0.11640625 0.10859375
1 0.2875 0.4984375 0.1 0.10234375
1 0.46015625 0.69375 0.07890625 0.0953125
6 0.16484375 0.76484375 0.06171875 0.0546875
1 0.37734375 0.6984375 0.1296875 0.14140625
1 0.3109375 0.43671875 0.0921875 0.08984375
1 0.89375 0.5859375 0.14453125 0.13515625
1 0.6578125 0.5796875 0.13984375 0.14140625
1 0.96796875 0.11015625 0.0640625 0.1015625
1 0.55234375 0.9578125 0.1390625 0.084375
1 0.25625 0.07421875 0.08828125 0.08984375
1 0.19453125 0.0625 0.0453125 0.0578125
1 0.56015625 0.8859375 0.1625 0.11796875
1 0.86484375 0.8296875 0.1296875 0.14453125
1 0.55078125 0.59765625 0.1375 0.1109375
1 0.009375 0.62109375 0.01875 0.03984375
1 0.684375 0.371875 0.09296875 0.0828125
1 0.9484375 0.7859375 0.103125 0.1296875
6 0.09296875 0.17109375 0.0890625 0.1125
3 0.1578125 0.13828125 0.06015625 0.07890625
6 0.15703125 0.228125 0.1140625 0.1265625
6 0.0625 0.94140625 0.1 0.1171875
6 0.15 0.94453125 0.09140625 0.09140625
6 0.334375 0.79453125 0.1828125 0.2125
6 0.35703125 0.94375 0.1109375 0.1125
6 0.5171875 0.7890625 0.23203125 0.20703125
6 0.59375 0.6546875 0.12734375 0.11015625
6 0.3265625 0.5796875 0.265625 0.22421875
3 0.5265625 0.18828125 0.0625 0.078125
3 0.5046875 0.165625 0.0453125 0.0640625