1 0.27578125 0.06015625 0.1828125 0.1203125
1 0.109375 0.67890625 0.15 0.1171875
1 0.146875 0.35234375 0.15 0.15234375
1 0.184375 0.47265625 0.1609375 0.140625
1 0.07578125 0.45234375 0.1515625 0.17734375
1 0.77734375 0.26640625 0.11328125 0.1296875
1 0.665625 0.4171875 0.17109375 0.1390625
1 0.93828125 0.953125 0.1234375 0.09296875
1 0.53359375 0.946875 0.13203125 0.10625
1 0.6515625 0.79921875 0.14921875 0.14921875
1 0.65625 0.6765625 0.15234375 0.1515625
1 0.56015625 0.3796875 0.1171875 0.0953125
1 0.95078125 0.3765625 0.09765625 0.1578125
1 0.94765625 0.25 0.10390625 0.17109375
1 0.63203125 0.05625 0.14375 0.1125
1 0.89296875 0.0828125 0.17421875 0.165625
1 0.5734375 0.24296875 0.11953125 0.1515625
1 0.484375 0.20625 0.15390625 0.134375
1 0.56953125 0.12109375 0.13515625 0.146875
1 0.453125 0.11484375 0.11953125 0.11484375
1 0.46953125 0.31484375 0.16953125 0.1828125
1 0.3546875 0.22265625 0.12578125 0.11328125
1 0.38046875 0.1171875 0.13515625 0.18828125
1 0.35703125 0.353125 0.14765625 0.1796875
1 0.25859375 0.2859375 0.1859375 0.15625
1 0.171875 0.22109375 0.1515625 0.1515625
1 0.0796875 0.1703125 0.15625 0.1546875
1 0.728125 0.95 0.15 0.1
1 0.1078125 0.5875 0.19765625 0.14296875
1 0.07265625 0.76796875 0.1453125 0.1609375
1 0.8609375 0.92109375 0.17734375 0.1578125
1 0.94453125 0.865625 0.1109375 0.13671875
1 0.94453125 0.7484375 0.1109375 0.1375
1 0.871875 0.68203125 0.128125 0.1234375
1 0.94140625 0.63359375 0.1171875 0.1703125
1 0.88125 0.55 0.14140625 0.1625
1 0.7828125 0.4875 0.14296875 0.14296875
1 0.5453125 0.584375 0.16328125 0.1546875
1 0.44609375 0.521875 0.1453125 0.1671875
1 0.34375 0.5796875 0.1890625 0.1828125
1 0.63125 0.9125 0.14921875 0.15
1 0.546875 0.84140625 0.146875 0.15390625
1 0.334375 0.8265625 0.146875 0.14140625
1 0.3421875 0.70546875 0.1390625 0.134375
1 0.2359375 0.76796875 0.17109375 0.1390625
1 0.4421875 0.91171875 0.165625 0.14375
1 0.3125 0.93046875 0.15390625 0.1390625
1 0.13203125 0.9296875 0.1953125 0.140625
1 0.23203125 0.8953125 0.15859375 0.17421875
1 0.6609375 0.3015625 0.165625 0.15234375
1 0.6515625 0.5484375 0.17265625 0.16328125
1 0.7640625 0.62421875 0.175 0.1703125
1 0.06484375 0.28828125 0.1296875 0.1546875
1 0.2484375 0.64765625 0.1625 0.1765625
1 0.25078125 0.421875 0.16328125 0.19609375
1 0.440625 0.6625 0.1671875 0.14375
1 0.88125 0.2078125 0.14375 0.14375
1 0.54921875 0.71875 0.1421875 0.14609375
1 0.5609375 0.47421875 0.13828125 0.1203125
1 0.77109375 0.3765625 0.15078125 0.14921875
1 0.75 0.86015625 0.16328125 0.15625
1 0.67265625 0.16953125 0.1453125 0.14453125
1 0.17109375 0.1125 0.1625 0.14609375
1 0.8734375 0.32109375 0.14140625 0.12421875
1 0.07109375 0.05234375 0.1421875 0.1046875
1 0.853125 0.80546875 0.16328125 0.14453125
1 0.26171875 0.175 0.1609375 0.14765625
1 0.13828125 0.80859375 0.17265625 0.1578125
1 0.4359375 0.7828125 0.16328125 0.1546875
1 0.86953125 0.440625 0.1453125 0.1390625
1 0.76015625 0.7328125 0.1625 0.13671875
1 0.7859375 0.15234375 0.1359375 0.128125
1 0.95078125 0.4984375 0.096875 0.1375