6 0.9078125 0.0625 0.15546875 0.125
6 0.79296875 0.0953125 0.15078125 0.1578125
6 0.89296875 0.16484375 0.15 0.13984375
6 0.9625 0.17421875 0.0734375 0.16484375
6 0.8109375 0.02578125 0.084375 0.0515625
6 0.73125 0.03125 0.0875 0.0625
6 0.64921875 0.22734375 0.12265625 0.11171875
6 0.94765625 0.3765625 0.08046875 0.12734375
6 0.88359375 0.40625 0.11015625 0.10625
6 0.81015625 0.48203125 0.02734375 0.0296875
6 0.83671875 0.60625 0.09375 0.08515625
6 0.7984375 0.715625 0.04140625 0.0375
6 0.76171875 0.60625 0.075 0.065625
6 0.7359375 0.665625 0.05859375 0.0734375
6 0.76640625 0.815625 0.07578125 0.0859375
6 0.73671875 0.90859375 0.05546875 0.05859375
6 0.83046875 0.93984375 0.059375 0.06171875
6 0.6890625 0.8140625 0.02109375 0.0234375
6 0.55546875 0.83828125 0.18046875 0.16640625
3 0.3609375 0.965625 0.05 0.0453125