1 0.2234375 0.95546875 0.146875 0.0890625
1 0.04375 0.85703125 0.0875 0.15390625
1 0.0640625 0.47578125 0.128125 0.1390625
1 0.7 0.07265625 0.115625 0.10390625
1 0.79921875 0.13515625 0.134375 0.1046875
1 0.69140625 0.27890625 0.1546875 0.1453125
1 0.29140625 0.15703125 0.1390625 0.12109375
1 0.56875 0.04921875 0.175 0.0984375
1 0.909375 0.06875 0.16875 0.1375
1 0.7890625 0.0609375 0.140625 0.121875
1 0.48125 0.0875 0.13515625 0.11875
1 0.48125 0.1765625 0.13046875 0.115625
1 0.3890625 0.10859375 0.14765625 0.13203125
1 0.9578125 0.484375 0.084375 0.1453125
1 0.884375 0.40859375 0.15 0.13203125
1 0.78046875 0.35234375 0.1578125 0.128125
1 0.35859375 0.4375 0.16328125 0.16015625
1 0.565625 0.4671875 0.16484375 0.146875
1 0.4671875 0.50625 0.1671875 0.14296875
1 0.059375 0.5953125 0.11875 0.16328125
1 0.15234375 0.55390625 0.146875 0.15859375
1 0.34921875 0.56953125 0.14375 0.1328125
1 0.4515625 0.6234375 0.1515625 0.13203125
1 0.6546875 0.73359375 0.15 0.15859375
1 0.94140625 0.93828125 0.1171875 0.1234375
1 0.86875 0.65546875 0.1609375 0.14375
1 0.9375 0.715625 0.125 0.13828125
1 0.93671875 0.84140625 0.12578125 0.146875
1 0.846875 0.8828125 0.146875 0.12109375
1 0.74609375 0.9375 0.15234375 0.125
1 0.64140625 0.87890625 0.13828125 0.14375
1 0.05859375 0.72109375 0.1171875 0.1546875
1 0.24140625 0.73984375 0.1578125 0.15625
1 0.4328125 0.7359375 0.15234375 0.134375
1 0.559375 0.696875 0.1734375 0.1734375
1 0.54375 0.81875 0.14765625 0.1125
1 0.32109375 0.9140625 0.17109375 0.16953125
1 0.66484375 0.5375 0.1359375 0.13203125
1 0.1484375 0.428125 0.1296875 0.12578125
1 0.21953125 0.859375 0.146875 0.14140625
1 0.4328125 0.86328125 0.14296875 0.13984375
1 0.77578125 0.47734375 0.15625 0.165625
1 0.26875 0.26953125 0.146875 0.1515625
1 0.5859375 0.225 0.159375 0.14921875
1 0.0609375 0.371875 0.121875 0.1328125
1 0.06953125 0.24453125 0.1390625 0.14375
1 0.24453125 0.49609375 0.14296875 0.14296875
1 0.078125 0.11875 0.15625 0.1375
1 0.8765625 0.5421875 0.1453125 0.1546875
1 0.68046875 0.4078125 0.15546875 0.1453125
1 0.790625 0.23828125 0.14375 0.15078125
1 0.16328125 0.19453125 0.1515625 0.153125
1 0.76640625 0.71015625 0.1390625 0.121875
1 0.2578125 0.37890625 0.115625 0.11796875
1 0.3375 0.6921875 0.15234375 0.14921875
1 0.13515625 0.6734375 0.13359375 0.13984375
1 0.36953125 0.21015625 0.1390625 0.13125
1 0.4625 0.39765625 0.1359375 0.13828125
1 0.24375 0.07890625 0.13984375 0.13984375
1 0.896875 0.1890625 0.15390625 0.13671875
1 0.11875 0.9203125 0.134375 0.13125
1 0.8796875 0.30703125 0.1421875 0.13515625
1 0.240625 0.61875 0.1390625 0.13125
1 0.76796875 0.60546875 0.13984375 0.128125
1 0.5265625 0.9296875 0.12890625 0.140625
1 0.578125 0.1140625 0.10078125 0.10078125
1 0.4546875 0.27734375 0.12578125 0.128125
1 0.1609375 0.3109375 0.1296875 0.1296875
1 0.56484375 0.3484375 0.165625 0.15234375
1 0.9484375 0.60546875 0.10234375 0.12734375
1 0.68828125 0.1609375 0.14140625 0.14375
1 0.13203125 0.04375 0.1921875 0.0875
1 0.653125 0.6375 0.06328125 0.0609375
1 0.7515625 0.825 0.1703125 0.14765625
1 0.96015625 0.3765625 0.0796875 0.12578125
1 0.56796875 0.575 0.134375 0.1203125
1 0.3609375 0.3265625 0.121875 0.125