3 0.94140625 0.3046875 0.08203125 0.0609375
3 0.95 0.25859375 0.0515625 0.0453125
3 0.91015625 0.26484375 0.05234375 0.05859375
3 0.96484375 0.2078125 0.0703125 0.07890625
6 0.41875 0.115625 0.1421875 0.09921875
3 0.5359375 0.11484375 0.0625 0.0421875
6 0.61484375 0.1828125 0.10703125 0.09609375
6 0.84140625 0.30546875 0.1125 0.1171875
6 0.7953125 0.8546875 0.1 0.13125
6 0.38515625 0.88671875 0.1140625 0.1203125
6 0.42578125 0.96015625 0.109375 0.07890625
6 0.071875 0.8734375 0.14375 0.175
6 0.11640625 0.78203125 0.103125 0.11328125
6 0.26171875 0.65078125 0.09921875 0.10078125
6 0.24765625 0.46953125 0.03515625 0.03828125
6 0.2328125 0.365625 0.07421875 0.09921875
6 0.27109375 0.32890625 0.0640625 0.0671875
6 0.1796875 0.25859375 0.0953125 0.0875
6 0.19453125 0.05625 0.0484375 0.04765625
1 0.50859375 0.18125 0.05390625 0.06875
1 0.46484375 0.0765625 0.0609375 0.06328125