3 0.8265625 0.07265625 0.03984375 0.0421875
3 0.8265625 0.1640625 0.02734375 0.03359375
3 0.84140625 0.14140625 0.0453125 0.03359375
3 0.86171875 0.22578125 0.0640625 0.10078125
3 0.8171875 0.2640625 0.06328125 0.04609375
3 0.8046875 0.22578125 0.0671875 0.07109375
3 0.853125 0.29375 0.07421875 0.06171875
3 0.82109375 0.3546875 0.07421875 0.0875
3 0.7875 0.36171875 0.06015625 0.05703125
3 0.809375 0.425 0.0828125 0.07890625
1 0.68515625 0.16171875 0.1625 0.14296875
1 0.39765625 0.66328125 0.14140625 0.1546875
1 0.32578125 0.25859375 0.1265625 0.1359375
1 0.159375 0.06171875 0.14921875 0.1234375
1 0.2828125 0.7921875 0.13828125 0.1328125
1 0.13046875 0.77578125 0.14375 0.14375
1 0.065625 0.1078125 0.12421875 0.12734375
1 0.3546875 0.8796875 0.1609375 0.159375
1 0.55234375 0.2796875 0.171875 0.15546875
1 0.46328125 0.5234375 0.13671875 0.153125
1 0.06875 0.3375 0.1375 0.1296875
1 0.27734375 0.6578125 0.13203125 0.1484375
1 0.20703125 0.71953125 0.15 0.15625
1 0.13203125 0.4875 0.1546875 0.1453125
1 0.0578125 0.55546875 0.115625 0.1546875
1 0.68515625 0.5125 0.1671875 0.165625
1 0.203125 0.57265625 0.121875 0.13203125
1 0.05625 0.92265625 0.1125 0.1203125
1 0.15703125 0.94140625 0.1265625 0.1171875
1 0.26953125 0.9265625 0.16015625 0.146875
1 0.27578125 0.92890625 0.14765625 0.1421875
1 0.453125 0.91484375 0.1546875 0.11640625
1 0.0640625 0.84765625 0.128125 0.1453125
1 0.17890625 0.8703125 0.11640625 0.11328125
1 0.62421875 0.9140625 0.1359375 0.125
1 0.54375 0.83984375 0.14375 0.1640625
1 0.45625 0.7953125 0.15703125 0.15625
1 0.63046875 0.7828125 0.11796875 0.134375
1 0.36640625 0.7390625 0.128125 0.1203125
1 0.51484375 0.69375 0.14921875 0.13671875
1 0.62421875 0.64375 0.10859375 0.1546875
1 0.521875 0.59140625 0.1453125 0.11640625
1 0.1203125 0.6359375 0.15625 0.1578125
1 0.31953125 0.584375 0.13203125 0.134375
1 0.36640625 0.49921875 0.16796875 0.1875
1 0.57890625 0.5109375 0.14765625 0.16484375
1 0.2453125 0.4734375 0.12109375 0.1609375
1 0.14921875 0.37421875 0.13125 0.1375
1 0.22890625 0.346875 0.13984375 0.134375
1 0.13203125 0.23515625 0.146875 0.15703125
1 0.23515625 0.24921875 0.13203125 0.1640625
1 0.328125 0.3796875 0.1265625 0.14140625
1 0.4421875 0.39140625 0.1421875 0.134375
1 0.55625 0.4015625 0.146875 0.13671875
1 0.42890625 0.275 0.1421875 0.14921875
1 0.26875 0.1078125 0.13359375 0.1515625
1 0.3484375 0.12734375 0.10546875 0.14921875
1 0.4390625 0.16484375 0.1546875 0.1578125
1 0.553125 0.1546875 0.1671875 0.146875
1 0.43984375 0.0546875 0.1296875 0.109375
1 0.559375 0.05546875 0.16015625 0.1109375
1 0.684375 0.05234375 0.16015625 0.1046875
1 0.684375 0.26640625 0.17109375 0.14140625
1 0.68203125 0.37734375 0.153125 0.12421875
1 0.715625 0.6375 0.1234375 0.14140625
1 0.765625 0.73125 0.1546875 0.12421875
1 0.6859375 0.8609375 0.12421875 0.10859375
1 0.775 0.821875 0.14453125 0.12421875
1 0.728125 0.94921875 0.15703125 0.1015625