1 0.69453125 0.3453125 0.12109375 0.09375
1 0.23359375 0.2078125 0.1375 0.121875
1 0.240625 0.07890625 0.15 0.15703125
1 0.815625 0.06875 0.1109375 0.1375
1 0.71171875 0.11953125 0.13125 0.13359375
1 0.81171875 0.18828125 0.11015625 0.14765625
1 0.79921875 0.2859375 0.12421875 0.090625
1 0.890625 0.36015625 0.09375 0.09296875
1 0.7828125 0.44765625 0.1125 0.0890625
1 0.890625 0.44375 0.10546875 0.109375
1 0.87265625 0.63125 0.128125 0.103125
1 0.675 0.59765625 0.140625 0.1421875
1 0.4703125 0.48359375 0.14765625 0.1390625
1 0.23359375 0.43984375 0.1375 0.153125
1 0.2828125 0.6125 0.13125 0.1375
1 0.36875 0.6578125 0.1640625 0.128125
1 0.375 0.765625 0.1234375 0.1109375
1 0.30703125 0.75546875 0.1296875 0.11640625
1 0.5609375 0.77421875 0.12109375 0.12109375
1 0.66640625 0.7203125 0.1125 0.128125
1 0.77109375 0.6703125 0.1375 0.12109375
1 0.94921875 0.803125 0.1015625 0.128125
1 0.94375 0.925 0.1125 0.13671875
1 0.86875 0.85546875 0.15703125 0.1484375
1 0.6625 0.84609375 0.13125 0.1359375
1 0.65390625 0.940625 0.14140625 0.11875
1 0.4671875 0.83203125 0.1296875 0.11875
1 0.553125 0.88984375 0.1484375 0.1375
1 0.465625 0.9328125 0.1015625 0.09453125
1 0.38125 0.95390625 0.12421875 0.0921875
1 0.3953125 0.86640625 0.12109375 0.12109375
1 0.29765625 0.87578125 0.128125 0.1203125
1 0.45859375 0.7265625 0.12578125 0.140625
1 0.75 0.9125 0.1703125 0.1484375
1 0.8921875 0.2515625 0.13984375 0.1328125
1 0.78984375 0.36953125 0.1140625 0.11015625
1 0.5703125 0.6703125 0.159375 0.14921875
1 0.865625 0.7359375 0.11875 0.12265625
1 0.60859375 0.17890625 0.13515625 0.13046875
1 0.68984375 0.421875 0.10234375 0.103125
1 0.69765625 0.24921875 0.153125 0.14140625
1 0.56640625 0.5421875 0.16640625 0.128125
1 0.91171875 0.0390625 0.1609375 0.078125
1 0.5953125 0.0609375 0.14140625 0.121875
1 0.9515625 0.56484375 0.0953125 0.1421875
1 0.75546875 0.7875 0.146875 0.1296875
1 0.22734375 0.3125 0.12421875 0.128125
1 0.3625 0.53984375 0.153125 0.146875
1 0.946875 0.68125 0.10625 0.14140625
1 0.90078125 0.1390625 0.15859375 0.14296875
1 0.7734375 0.54453125 0.128125 0.121875
1 0.71171875 0.0359375 0.16015625 0.07109375
1 0.46875 0.60390625 0.12578125 0.12578125