6 0.93046875 0.16953125 0.1390625 0.12578125
6 0.934375 0.05625 0.1296875 0.103125
6 0.6546875 0.14453125 0.14921875 0.15703125
1 0.14921875 0.971875 0.1265625 0.05625
6 0.1515625 0.8546875 0.10703125 0.0765625
6 0.72734375 0.91484375 0.2359375 0.1703125
3 0.87109375 0.8875 0.04765625 0.0515625
3 0.8890625 0.88203125 0.06015625 0.04921875
3 0.925 0.92421875 0.06875 0.071875
3 0.75 0.778125 0.0734375 0.07265625
3 0.82421875 0.73203125 0.04921875 0.06171875
3 0.8609375 0.75078125 0.05 0.0609375
1 0.75859375 0.69140625 0.1265625 0.13046875
6 0.96171875 0.71328125 0.0765625 0.09453125
1 0.95 0.61171875 0.084375 0.1078125
6 0.8890625 0.56484375 0.07890625 0.0828125
3 0.8546875 0.5875 0.0640625 0.08046875
3 0.71640625 0.57421875 0.06484375 0.06328125
1 0.58984375 0.66640625 0.11328125 0.10625
3 0.5453125 0.7421875 0.06171875 0.078125
3 0.5046875 0.6984375 0.03125 0.046875
3 0.47265625 0.7015625 0.0484375 0.04375
3 0.34375 0.6875 0.06796875 0.08046875
3 0.29296875 0.65546875 0.0546875 0.04765625
3 0.23125 0.6625 0.04375 0.05078125
6 0.153125 0.58125 0.12890625 0.11796875
6 0.16640625 0.42890625 0.16796875 0.1796875
6 0.30234375 0.29453125 0.178125 0.13125
6 0.278125 0.38671875 0.1234375 0.1125
3 0.22890625 0.0109375 0.0359375 0.021875
3 0.2875 0.03828125 0.04453125 0.03828125
3 0.20625 0.01640625 0.02578125 0.0328125
1 0.14453125 0.7125 0.096875 0.096875
1 0.66875 0.765625 0.10703125 0.1125
1 0.10234375 0.103125 0.09609375 0.0953125
1 0.88671875 0.70625 0.10078125 0.10859375
1 0.0484375 0.07578125 0.06796875 0.071875