1 0.94375 0.1046875 0.11171875 0.140625
1 0.609375 0.1109375 0.15859375 0.153125
1 0.91484375 0.49765625 0.115625 0.09296875
1 0.9140625 0.56171875 0.10390625 0.08046875
1 0.9453125 0.88515625 0.10859375 0.115625
1 0.6765625 0.0328125 0.1296875 0.06484375
1 0.775 0.9359375 0.15546875 0.128125
1 0.92578125 0.43359375 0.08828125 0.0921875
1 0.509375 0.19375 0.14140625 0.16328125
1 0.53203125 0.05390625 0.16015625 0.10625
1 0.778125 0.825 0.14765625 0.153125
1 0.9265625 0.9546875 0.11328125 0.08984375
1 0.6921875 0.2640625 0.1265625 0.121875
1 0.7875 0.08515625 0.1609375 0.13515625
1 0.2484375 0.559375 0.1578125 0.17109375
1 0.33515625 0.784375 0.13046875 0.13359375
1 0.8671875 0.84609375 0.0796875 0.08125
1 0.07265625 0.20390625 0.14375 0.15625
1 0.9546875 0.18515625 0.0890625 0.07578125
1 0.4265625 0.8890625 0.16484375 0.17578125
1 0.053125 0.090625 0.10625 0.11484375
1 0.20625 0.06796875 0.178125 0.13515625
1 0.31796875 0.10234375 0.1328125 0.1046875
1 0.37265625 0.03984375 0.1609375 0.0796875
1 0.16953125 0.14140625 0.1734375 0.165625
1 0.1265625 0.29765625 0.171875 0.15625
1 0.24765625 0.2578125 0.17109375 0.15625
1 0.0828125 0.39375 0.1515625 0.1625
1 0.09609375 0.52890625 0.14765625 0.1515625
1 0.08046875 0.6484375 0.14375 0.1546875
1 0.06484375 0.76171875 0.1296875 0.14140625
1 0.34453125 0.67265625 0.17578125 0.16328125
1 0.325 0.8921875 0.134375 0.14140625
1 0.5546875 0.85390625 0.16484375 0.15234375
1 0.44296875 0.740625 0.14375 0.171875
1 0.221875 0.43359375 0.15390625 0.17109375
1 0.33125 0.4734375 0.11875 0.121875
1 0.31015625 0.36171875 0.15390625 0.12578125
1 0.4296875 0.50703125 0.15859375 0.140625
1 0.3671875 0.58203125 0.178125 0.11484375
1 0.64921875 0.92734375 0.1546875 0.1453125
1 0.5703125 0.74296875 0.15 0.15
1 0.6734375 0.81796875 0.1078125 0.11953125
1 0.69921875 0.6875 0.1328125 0.14765625
1 0.80546875 0.70078125 0.13203125 0.1609375
1 0.4859375 0.62265625 0.11015625 0.1125
1 0.5953125 0.62578125 0.16015625 0.1328125
1 0.6109375 0.5375 0.16484375 0.140625
1 0.74375 0.55859375 0.165625 0.12578125
1 0.6625 0.48984375 0.15390625 0.115625
1 0.790625 0.4671875 0.1515625 0.1296875
1 0.54140625 0.4390625 0.128125 0.1328125
1 0.45625 0.3921875 0.1515625 0.12578125
1 0.44375 0.26015625 0.1546875 0.14921875
1 0.50078125 0.32578125 0.1171875 0.09296875
1 0.3515625 0.2765625 0.0953125 0.08671875
1 0.37109375 0.1859375 0.14921875 0.1265625
1 0.66953125 0.35703125 0.1453125 0.11328125
1 0.790625 0.36640625 0.1671875 0.1171875
1 0.796875 0.27734375 0.16484375 0.13515625
1 0.59296875 0.259375 0.1546875 0.17421875
1 0.71875 0.15390625 0.1609375 0.15859375
1 0.80703125 0.18984375 0.17578125 0.16953125
1 0.4421875 0.1046875 0.14921875 0.16484375
1 0.5390625 0.95078125 0.1578125 0.09765625