1 0.8375 0.67421875 0.1078125 0.12109375
1 0.771875 0.69921875 0.115625 0.13671875
1 0.91953125 0.7453125 0.134375 0.1234375
1 0.19453125 0.61640625 0.1671875 0.17578125
1 0.28984375 0.6703125 0.14296875 0.14140625
1 0.50546875 0.57109375 0.1515625 0.1296875
1 0.5234375 0.25390625 0.14765625 0.15625
1 0.41484375 0.23828125 0.14375 0.1328125
1 0.93125 0.06015625 0.13671875 0.11953125
1 0.06015625 0.12890625 0.1203125 0.1640625
1 0.13515625 0.1046875 0.15390625 0.1234375
1 0.42890625 0.053125 0.19140625 0.10625
1 0.9234375 0.2875 0.09375 0.084375
1 0.8328125 0.228125 0.11328125 0.10234375
1 0.9296875 0.18984375 0.140625 0.14765625
1 0.82421875 0.1046875 0.16484375 0.17421875
1 0.728125 0.1546875 0.171875 0.16328125
1 0.52578125 0.13046875 0.15625 0.15859375
1 0.41171875 0.1546875 0.1546875 0.140625
1 0.27109375 0.1015625 0.1296875 0.1328125
1 0.1109375 0.1984375 0.1390625 0.14296875
1 0.30625 0.2203125 0.13671875 0.1625
1 0.2 0.24375 0.1265625 0.1234375
1 0.08515625 0.5375 0.16875 0.1453125
1 0.0875 0.42109375 0.13203125 0.11953125
1 0.45078125 0.31171875 0.1671875 0.10859375
1 0.3109375 0.30703125 0.15390625 0.12109375
1 0.596875 0.321875 0.15625 0.128125
1 0.7125 0.26484375 0.15234375 0.13203125
1 0.821875 0.3296875 0.13828125 0.1390625
1 0.90546875 0.38203125 0.15 0.14921875
1 0.89140625 0.49609375 0.18046875 0.1453125
1 0.7828125 0.4515625 0.14375 0.1515625
1 0.70546875 0.375 0.14375 0.1453125
1 0.640625 0.4109375 0.1109375 0.12109375
1 0.590625 0.45234375 0.1171875 0.13515625
1 0.509375 0.45390625 0.16328125 0.178125
1 0.4390625 0.39375 0.16953125 0.1453125
1 0.42265625 0.50390625 0.1609375 0.146875
1 0.31015625 0.41875 0.16875 0.14140625
1 0.9375 0.62890625 0.125 0.14765625
1 0.85 0.58671875 0.15234375 0.13515625
1 0.70078125 0.6140625 0.1734375 0.14375
1 0.9 0.915625 0.13671875 0.121875
1 0.8078125 0.9046875 0.13671875 0.1515625
1 0.91015625 0.8390625 0.1546875 0.115625
1 0.69609375 0.721875 0.1453125 0.115625
1 0.821875 0.79296875 0.15859375 0.14296875
1 0.709375 0.82421875 0.15390625 0.134375
1 0.60546875 0.759375 0.15390625 0.16328125
1 0.70078125 0.9265625 0.16875 0.146875
1 0.5953125 0.87421875 0.14375 0.13671875
1 0.41015625 0.7453125 0.14921875 0.1328125
1 0.409375 0.853125 0.14296875 0.1265625
1 0.0765625 0.78828125 0.15234375 0.14375
1 0.1765625 0.72421875 0.11875 0.11953125
1 0.28046875 0.78984375 0.15625 0.15625
1 0.17734375 0.83984375 0.1390625 0.1515625
1 0.165625 0.94609375 0.16484375 0.1078125
1 0.0734375 0.903125 0.146875 0.15390625
1 0.284375 0.56015625 0.17109375 0.17890625
1 0.0890625 0.30078125 0.12890625 0.1296875
1 0.28046875 0.92109375 0.1765625 0.153125
1 0.6046875 0.20546875 0.1359375 0.13359375
1 0.4859375 0.8140625 0.159375 0.1375
1 0.509375 0.68671875 0.1390625 0.14140625
1 0.0765625 0.65859375 0.15234375 0.146875
1 0.415625 0.6328125 0.1421875 0.1421875
1 0.19453125 0.4828125 0.15 0.14375
1 0.71796875 0.05 0.14375 0.1
1 0.49140625 0.93203125 0.14453125 0.1359375
1 0.19609375 0.359375 0.14921875 0.14140625
1 0.66328125 0.52109375 0.165625 0.15390625
1 0.20625 0.15703125 0.1484375 0.13203125