6 0.390625 0.36953125 0.22109375 0.23125
6 0.2984375 0.4375 0.17734375 0.17109375
6 0.17421875 0.5890625 0.1203125 0.11015625
6 0.1375 0.46796875 0.15625 0.11796875
6 0.1296875 0.58515625 0.10546875 0.1546875
3 0.0421875 0.66171875 0.08359375 0.13046875
3 0.1390625 0.40390625 0.075 0.05546875
3 0.19375 0.3734375 0.059375 0.0625
3 0.259375 0.315625 0.05625 0.05078125
3 0.36171875 0.2265625 0.0671875 0.05625
3 0.3890625 0.20625 0.053125 0.0328125
3 0.41875 0.16953125 0.07578125 0.09296875
3 0.6765625 0.1328125 0.07421875 0.0625
3 0.70078125 0.08125 0.0671875 0.08515625
3 0.76171875 0.0234375 0.103125 0.04609375
3 0.9390625 0.05859375 0.05390625 0.0546875
6 0.7671875 0.07734375 0.0859375 0.08515625
6 0.5484375 0.17109375 0.2375 0.2296875
6 0.58515625 0.31796875 0.06875 0.06640625