6 0.27421875 0.79609375 0.23671875 0.24453125
6 0.12421875 0.8921875 0.2328125 0.21484375
6 0.0671875 0.27109375 0.10234375 0.12578125
6 0.03984375 0.37890625 0.0796875 0.14296875
6 0.03671875 0.559375 0.0734375 0.08125
6 0.1671875 0.4453125 0.12421875 0.15390625
6 0.13203125 0.30546875 0.125 0.18671875
6 0.26875 0.14921875 0.13203125 0.1375
6 0.22109375 0.21484375 0.14296875 0.14296875
6 0.56171875 0.06796875 0.1578125 0.13515625
6 0.1078125 0.11875 0.03984375 0.03984375
6 0.16171875 0.021875 0.0375 0.03671875
6 0.28671875 0.02265625 0.0484375 0.04453125
6 0.0921875 0.0109375 0.0484375 0.021875
6 0.3296875 0.0828125 0.03984375 0.03984375
6 0.390625 0.03671875 0.059375 0.0578125
6 0.36953125 0.06875 0.04375 0.04921875
6 0.36015625 0.02265625 0.03984375 0.04453125
6 0.76640625 0.3484375 0.06953125 0.09453125