6 0.93203125 0.77265625 0.0765625 0.07109375
6 0.90703125 0.59296875 0.03828125 0.04609375
6 0.865625 0.43046875 0.07109375 0.10234375
6 0.88359375 0.0828125 0.0546875 0.0515625
6 0.846875 0.29453125 0.0453125 0.0421875
6 0.85546875 0.353125 0.04296875 0.0421875
6 0.55234375 0.328125 0.1640625 0.16171875
6 0.61015625 0.17109375 0.0421875 0.046875
6 0.60859375 0.10625 0.0453125 0.0453125
3 0.571875 0.88203125 0.03203125 0.034375
3 0.63984375 0.8421875 0.06640625 0.05625
3 0.56015625 0.78671875 0.05859375 0.03984375
3 0.540625 0.83515625 0.0609375 0.0703125
3 0.509375 0.79375 0.065625 0.053125
3 0.26796875 0.82109375 0.0546875 0.04296875
3 0.259375 0.78203125 0.0390625 0.0375
1 0.17578125 0.5875 0.06640625 0.078125
1 0.05234375 0.35546875 0.08359375 0.09921875
3 0.03046875 0.44609375 0.0609375 0.059375
3 0.02734375 0.28828125 0.0546875 0.0578125
3 0.11484375 0.2 0.0640625 0.0578125
3 0.078125 0.16953125 0.04765625 0.053125
3 0.11484375 0.15390625 0.06484375 0.0453125
3 0.109375 0.128125 0.0453125 0.04765625
3 0.07734375 0.128125 0.05390625 0.05703125
1 0.44375 0.2015625 0.1140625 0.11328125
1 0.3578125 0.80390625 0.10078125 0.10625
1 0.55859375 0.20078125 0.09453125 0.09609375
1 0.0375 0.65 0.07421875 0.096875
1 0.034375 0.196875 0.06875 0.115625
1 0.021875 0.525 0.04375 0.09765625
6 0.62421875 0.675 0.04375 0.04140625