6 0.86796875 0.96328125 0.075 0.05859375
6 0.903125 0.8625 0.0859375 0.09296875
6 0.8125 0.8546875 0.03046875 0.0265625
6 0.11015625 0.909375 0.03125 0.03359375
6 0.296875 0.625 0.03984375 0.03984375
6 0.06328125 0.78359375 0.1265625 0.15703125
6 0.05078125 0.64609375 0.1015625 0.14453125
6 0.125 0.56171875 0.1375 0.1
6 0.0359375 0.53125 0.040625 0.03984375
3 0.02890625 0.1265625 0.0546875 0.059375
6 0.20078125 0.4546875 0.09296875 0.10625
6 0.2828125 0.4984375 0.134375 0.13515625
6 0.4828125 0.453125 0.10390625 0.0984375
6 0.81328125 0.43203125 0.0359375 0.0421875
3 0.85390625 0.2234375 0.03203125 0.0390625
3 0.97265625 0.20234375 0.03046875 0.0328125
3 0.95703125 0.18046875 0.03828125 0.03515625
3 0.96171875 0.06015625 0.06015625 0.0421875
3 0.95859375 0.08828125 0.0421875 0.03671875
3 0.92734375 0.065625 0.0421875 0.05234375
3 0.9078125 0.1171875 0.05625 0.05546875
3 0.93515625 0.146875 0.0578125 0.05546875
3 0.83359375 0.17109375 0.05078125 0.05625
3 0.86875 0.16484375 0.0359375 0.0359375
3 0.79453125 0.13671875 0.0453125 0.03828125
3 0.8265625 0.12265625 0.040625 0.05546875
1 0.96796875 0.0234375 0.0640625 0.04609375
6 0.5921875 0.053125 0.21796875 0.10625
6 0.48359375 0.0875 0.06328125 0.08125
6 0.3546875 0.0265625 0.05703125 0.053125
6 0.32109375 0.05078125 0.0359375 0.03515625
1 0.08984375 0.4390625 0.09609375 0.0984375
1 0.04453125 0.35859375 0.0890625 0.10234375
1 0.03046875 0.446875 0.0609375 0.1015625