6 0.95546875 0.3578125 0.03046875 0.05390625
6 0.8328125 0.434375 0.10234375 0.10859375
6 0.890625 0.47109375 0.090625 0.10078125
6 0.9 0.553125 0.10390625 0.08046875
6 0.91953125 0.628125 0.078125 0.09375
6 0.90625 0.79765625 0.04609375 0.05
6 0.95390625 0.9828125 0.065625 0.034375
6 0.9140625 0.93125 0.07734375 0.075
6 0.28671875 0.97265625 0.1078125 0.0546875
6 0.26640625 0.7046875 0.05078125 0.05
6 0.2328125 0.84375 0.04921875 0.0421875
6 0.03125 0.89296875 0.0625 0.08828125
6 0.346875 0.27109375 0.04453125 0.05078125
6 0.90546875 0.1765625 0.0328125 0.03125
6 0.95078125 0.13125 0.02890625 0.03046875
6 0.5890625 0.1 0.03125 0.028125
6 0.58125 0.0375 0.040625 0.04140625
6 0.16875 0.04375 0.14375 0.08671875