6 0.63046875 0.40703125 0.13125 0.1265625
3 0.63046875 0.5296875 0.07421875 0.0765625
3 0.63515625 0.49375 0.06328125 0.05078125
6 0.76328125 0.484375 0.1953125 0.19765625
6 0.553125 0.42421875 0.14140625 0.1640625
3 0.371875 0.54609375 0.04765625 0.03359375
3 0.39453125 0.5328125 0.04453125 0.046875
3 0.384375 0.503125 0.0484375 0.04296875
1 0.671875 0.83828125 0.0921875 0.09453125
3 0.665625 0.728125 0.07734375 0.08046875
3 0.7375 0.75390625 0.0859375 0.09765625
6 0.8203125 0.66953125 0.125 0.12734375
1 0.96328125 0.52578125 0.0734375 0.0953125
1 0.78125 0.321875 0.1765625 0.13359375
6 0.603125 0.30078125 0.134375 0.1234375
6 0.40234375 0.27265625 0.1015625 0.09453125
6 0.2953125 0.11875 0.16640625 0.17890625
6 0.09609375 0.18984375 0.15390625 0.16484375
6 0.10859375 0.06953125 0.1703125 0.1203125
1 0.35859375 0.60078125 0.09765625 0.08671875
1 0.5078125 0.23515625 0.15859375 0.1515625
1 0.628125 0.8921875 0.0875 0.090625
1 0.23125 0.040625 0.11875 0.08125
1 0.96640625 0.946875 0.0671875 0.1
1 0.565625 0.96875 0.096875 0.06171875
1 0.8421875 0.29296875 0.09140625 0.08671875
1 0.584375 0.92109375 0.0625 0.0515625
1 0.9625 0.60625 0.075 0.0859375
1 0.3453125 0.03984375 0.090625 0.0765625
1 0.97265625 0.23515625 0.05390625 0.0796875