1 0.44453125 0.93984375 0.1765625 0.1203125
1 0.96015625 0.55390625 0.07890625 0.1515625
1 0.95546875 0.68046875 0.0890625 0.13984375
1 0.771875 0.6625 0.1453125 0.1375
1 0.77578125 0.53125 0.128125 0.12109375
1 0.8171875 0.06171875 0.14375 0.11796875
1 0.28125 0.3609375 0.1703125 0.134375
1 0.38046875 0.18671875 0.1203125 0.10078125
1 0.45390625 0.13671875 0.15625 0.109375
1 0.390625 0.0625 0.1265625 0.115625
1 0.2734375 0.1203125 0.1640625 0.1296875
1 0.696875 0.23515625 0.15625 0.1640625
1 0.6046875 0.28203125 0.11328125 0.1015625
1 0.5046875 0.2921875 0.125 0.09453125
1 0.38984375 0.284375 0.134375 0.13125
1 0.2796875 0.2453125 0.13671875 0.12421875
1 0.5875 0.5328125 0.1453125 0.14765625
1 0.46796875 0.57890625 0.14140625 0.115625
1 0.45390625 0.821875 0.1453125 0.1359375
1 0.95546875 0.9109375 0.0890625 0.15234375
1 0.865625 0.8421875 0.15234375 0.1265625
1 0.86328125 0.94375 0.16015625 0.1125
1 0.6640625 0.9484375 0.146875 0.10234375
1 0.7609375 0.90625 0.1328125 0.1265625
1 0.56171875 0.7703125 0.1359375 0.1296875
1 0.56171875 0.88984375 0.1609375 0.14140625
1 0.871875 0.72890625 0.1296875 0.13125
1 0.790625 0.18671875 0.14453125 0.1375
1 0.90703125 0.13046875 0.1453125 0.16328125
1 0.58984375 0.165625 0.16484375 0.146875
1 0.67890625 0.359375 0.14921875 0.13203125
1 0.96015625 0.79375 0.0796875 0.1
1 0.8828125 0.60859375 0.153125 0.12421875
1 0.68125 0.5890625 0.13515625 0.1234375
1 0.671875 0.7125 0.13203125 0.12890625
1 0.88203125 0.36328125 0.11875 0.1359375
1 0.5875 0.65078125 0.1296875 0.1296875
1 0.88046875 0.49140625 0.14765625 0.13671875
1 0.76484375 0.78984375 0.1578125 0.1546875
1 0.9453125 0.05390625 0.1078125 0.10546875
1 0.65703125 0.83984375 0.13984375 0.1515625
1 0.77578125 0.42109375 0.13671875 0.1234375
1 0.6421875 0.084375 0.14296875 0.11875
1 0.78984375 0.2953125 0.1390625 0.12734375
1 0.95546875 0.4328125 0.08828125 0.1328125
1 0.68125 0.47109375 0.1265625 0.1234375
1 0.57890625 0.4 0.13203125 0.13046875
1 0.47265625 0.45546875 0.14765625 0.128125
1 0.48515625 0.36171875 0.17109375 0.08671875
1 0.271875 0.49453125 0.17265625 0.16953125
1 0.4953125 0.21640625 0.1484375 0.10390625