1 0.7390625 0.615625 0.1625 0.16953125
1 0.1734375 0.32734375 0.1625 0.1671875
1 0.8359375 0.45078125 0.1515625 0.134375
1 0.93671875 0.50546875 0.12578125 0.14296875
1 0.66953125 0.0734375 0.15390625 0.1453125
1 0.39375 0.6609375 0.14296875 0.1375
1 0.28125 0.08828125 0.171875 0.1671875
1 0.28359375 0.71328125 0.17109375 0.146875
1 0.35859375 0.28515625 0.14296875 0.15859375
1 0.15234375 0.165625 0.15390625 0.1703125
1 0.84765625 0.32578125 0.1609375 0.14765625
1 0.2625 0.22578125 0.13125 0.14453125
1 0.72421875 0.3765625 0.1390625 0.1546875
1 0.8546875 0.1984375 0.1640625 0.1578125
1 0.06953125 0.52890625 0.1390625 0.1546875
1 0.61875 0.4296875 0.15 0.16171875
1 0.696875 0.521875 0.1328125 0.14609375
1 0.51796875 0.48671875 0.16171875 0.1546875
1 0.87421875 0.07265625 0.1203125 0.13828125
1 0.6 0.8046875 0.14609375 0.159375
1 0.71796875 0.73828125 0.13125 0.134375
1 0.48515625 0.9453125 0.165625 0.109375
1 0.16015625 0.89296875 0.1671875 0.159375
1 0.0734375 0.2546875 0.146875 0.153125
1 0.7 0.85859375 0.13359375 0.1359375
1 0.82109375 0.68203125 0.15546875 0.1546875
1 0.3953125 0.5375 0.1546875 0.14375
1 0.80859375 0.9265625 0.1546875 0.146875
1 0.825 0.55625 0.1390625 0.128125
1 0.38671875 0.13671875 0.15859375 0.1671875
1 0.07421875 0.1140625 0.1484375 0.171875
1 0.12421875 0.4125 0.16796875 0.16171875
1 0.15078125 0.5890625 0.1578125 0.16328125
1 0.0859375 0.68828125 0.171875 0.15703125
1 0.06796875 0.81171875 0.1359375 0.13828125
1 0.071875 0.92578125 0.14375 0.1484375
1 0.37890625 0.90703125 0.128125 0.16015625
1 0.27265625 0.93671875 0.1921875 0.1265625
1 0.278125 0.83515625 0.121875 0.1421875
1 0.2421875 0.478125 0.1625 0.1578125
1 0.27578125 0.36328125 0.14609375 0.1421875
1 0.39375 0.43125 0.14140625 0.1203125
1 0.46015625 0.34609375 0.18125 0.1640625
1 0.478125 0.2125 0.15390625 0.1625
1 0.54296875 0.06640625 0.13359375 0.1328125
1 0.63515625 0.1671875 0.1453125 0.14375
1 0.784375 0.078125 0.14296875 0.15
1 0.51171875 0.6046875 0.15703125 0.15703125
1 0.496875 0.73359375 0.128125 0.13359375
1 0.38515625 0.778125 0.125 0.14921875
1 0.48828125 0.85703125 0.14453125 0.1578125
1 0.603125 0.9203125 0.14296875 0.12578125
1 0.921875 0.865625 0.14140625 0.13046875
1 0.82421875 0.79453125 0.13984375 0.146875
1 0.93125 0.6296875 0.13671875 0.15
1 0.61484375 0.67578125 0.16484375 0.1875
1 0.7359375 0.2640625 0.15625 0.1359375
1 0.9390625 0.26328125 0.12109375 0.1625
1 0.94921875 0.1265625 0.1015625 0.125
1 0.18125 0.75546875 0.1671875 0.1546875
1 0.9421875 0.38515625 0.11484375 0.1484375
1 0.29140625 0.59375 0.16484375 0.13984375