6 0.17421875 0.38515625 0.30546875 0.2953125
6 0.36640625 0.40625 0.228125 0.26953125
6 0.1796875 0.5625 0.19375 0.1203125
6 0.553125 0.4921875 0.15703125 0.18203125
6 0.84921875 0.63359375 0.1765625 0.14296875
3 0.94921875 0.86171875 0.10078125 0.128125
3 0.884375 0.8671875 0.08046875 0.125
3 0.91640625 0.94765625 0.084375 0.06171875
3 0.93203125 0.490625 0.10625 0.08828125
6 0.69609375 0.284375 0.2421875 0.25859375
3 0.32890625 0.24453125 0.08359375 0.07578125
3 0.28828125 0.19609375 0.09296875 0.0671875
3 0.26015625 0.140625 0.1 0.0625
6 0.134375 0.22890625 0.21640625 0.13515625