1 0.26875 0.18359375 0.16875 0.15
1 0.94453125 0.06875 0.1109375 0.134375
1 0.05625 0.8390625 0.1125 0.128125
1 0.06484375 0.93828125 0.1296875 0.1234375
1 0.91875 0.95 0.1625 0.1
1 0.1109375 0.5546875 0.14453125 0.1453125
1 0.571875 0.1546875 0.1515625 0.1421875
1 0.78125 0.06953125 0.15 0.1390625
1 0.86875 0.63203125 0.1734375 0.16953125
1 0.06640625 0.16640625 0.1328125 0.1453125
1 0.47890625 0.07890625 0.1796875 0.1515625
1 0.31640625 0.55546875 0.14375 0.1453125
1 0.6859375 0.66875 0.14140625 0.16171875
1 0.37109375 0.134375 0.17265625 0.1515625
1 0.89140625 0.15390625 0.15 0.1578125
1 0.61328125 0.753125 0.14453125 0.16015625
1 0.3125 0.303125 0.1578125 0.16015625
1 0.07265625 0.059375 0.1453125 0.11796875
1 0.4859375 0.2546875 0.1609375 0.17109375
1 0.6390625 0.253125 0.190625 0.16328125
1 0.0578125 0.290625 0.115625 0.14375
1 0.0671875 0.41171875 0.134375 0.165625
1 0.1640625 0.31953125 0.17265625 0.1546875
1 0.16328125 0.21875 0.1578125 0.1546875
1 0.17109375 0.0859375 0.146875 0.15625
1 0.2640625 0.0640625 0.153125 0.128125
1 0.70078125 0.140625 0.125 0.125
1 0.42890625 0.33359375 0.125 0.14296875
1 0.27578125 0.39921875 0.17109375 0.1609375
1 0.2234375 0.5203125 0.1546875 0.18359375
1 0.0671875 0.62421875 0.134375 0.1609375
1 0.15234375 0.61953125 0.13515625 0.125
1 0.2515625 0.6703125 0.17734375 0.153125
1 0.06640625 0.7375 0.1328125 0.146875
1 0.13125 0.72109375 0.1125 0.1265625
1 0.12890625 0.8828125 0.13671875 0.1578125
1 0.209375 0.775 0.1515625 0.1203125
1 0.26328125 0.94296875 0.1859375 0.1140625
1 0.26015625 0.8671875 0.146875 0.13046875
1 0.3296875 0.7453125 0.1515625 0.13984375
1 0.3484375 0.88671875 0.1109375 0.1109375
1 0.35078125 0.8109375 0.12890625 0.1078125
1 0.446875 0.9296875 0.1578125 0.140625
1 0.51953125 0.83671875 0.15625 0.13046875
1 0.6203125 0.88984375 0.159375 0.1609375
1 0.48359375 0.78203125 0.17890625 0.12890625
1 0.49453125 0.7171875 0.14609375 0.10546875
1 0.6984375 0.79609375 0.153125 0.15
1 0.78984375 0.85546875 0.1515625 0.1546875
1 0.925 0.85859375 0.15 0.1640625
1 0.78359375 0.71171875 0.1515625 0.1515625
1 0.9421875 0.68671875 0.115625 0.1671875
1 0.375 0.6421875 0.14140625 0.1515625
1 0.49375 0.61640625 0.14453125 0.13828125
1 0.59375 0.6296875 0.13046875 0.13359375
1 0.57109375 0.51015625 0.17578125 0.1640625
1 0.68046875 0.525 0.1171875 0.115625
1 0.8625 0.48359375 0.153125 0.13046875
1 0.94609375 0.5421875 0.1078125 0.146875
1 0.37421875 0.4484375 0.146875 0.14453125
1 0.46875 0.4203125 0.15 0.15625
1 0.64765625 0.40703125 0.165625 0.14296875
1 0.74140625 0.3171875 0.1640625 0.15
1 0.77265625 0.4015625 0.125 0.1484375
1 0.803125 0.21171875 0.13828125 0.15
1 0.84453125 0.3359375 0.13359375 0.12890625
1 0.90390625 0.25078125 0.11875 0.1171875
1 0.9296875 0.39453125 0.140625 0.1609375
1 0.78671875 0.5640625 0.1515625 0.13828125
1 0.8765625 0.775 0.13828125 0.15
1 0.56171875 0.34609375 0.17578125 0.1609375
1 0.4390625 0.5328125 0.13671875 0.14453125