1 0.43359375 0.94453125 0.1671875 0.1109375
1 0.2109375 0.84453125 0.1296875 0.1171875
1 0.6546875 0.62421875 0.146875 0.140625
1 0.90078125 0.053125 0.1609375 0.10625
1 0.2734375 0.35625 0.13203125 0.1171875
1 0.19140625 0.34609375 0.14296875 0.140625
1 0.925 0.12578125 0.14765625 0.1171875
1 0.19140625 0.078125 0.15859375 0.15625
1 0.2484375 0.25078125 0.11328125 0.10859375
1 0.2015625 0.19921875 0.1125 0.1296875
1 0.37265625 0.20234375 0.134375 0.1453125
1 0.28359375 0.14765625 0.15234375 0.15859375
1 0.5734375 0.30859375 0.15 0.15234375
1 0.48046875 0.24453125 0.14296875 0.16015625
1 0.3328125 0.41328125 0.10390625 0.09921875
1 0.26796875 0.475 0.16484375 0.134375
1 0.159375 0.528125 0.12578125 0.15234375
1 0.24296875 0.5921875 0.15859375 0.15859375
1 0.34453125 0.53515625 0.14375 0.1453125
1 0.55546875 0.43359375 0.13671875 0.1578125
1 0.47109375 0.36328125 0.1265625 0.15234375
1 0.4578125 0.47734375 0.15625 0.13203125
1 0.953125 0.44921875 0.09296875 0.1296875
1 0.8828125 0.3875 0.13046875 0.14296875
1 0.878125 0.5015625 0.15234375 0.1515625
1 0.6625 0.50625 0.1546875 0.15234375
1 0.56171875 0.55390625 0.134375 0.14296875
1 0.5546875 0.665625 0.14765625 0.1609375
1 0.45078125 0.609375 0.18046875 0.1859375
1 0.3546875 0.66484375 0.15 0.15234375
1 0.24140625 0.7203125 0.14296875 0.146875
1 0.44375 0.74921875 0.1546875 0.14765625
1 0.34375 0.7875 0.16484375 0.1609375
1 0.54296875 0.7921875 0.1625 0.1390625
1 0.75390625 0.68671875 0.14296875 0.1546875
1 0.64765625 0.74375 0.14296875 0.13828125
1 0.95 0.71171875 0.1 0.134375
1 0.95546875 0.5859375 0.0890625 0.14375
1 0.86875 0.63203125 0.13203125 0.15
1 0.865625 0.7546875 0.1734375 0.17109375
1 0.94375 0.93515625 0.1125 0.1296875
1 0.74453125 0.91640625 0.1609375 0.1453125
1 0.653125 0.865625 0.14921875 0.1609375
1 0.53671875 0.90546875 0.16015625 0.14921875
1 0.325 0.9015625 0.1859375 0.13046875
1 0.67421875 0.25234375 0.153125 0.14375
1 0.66796875 0.38515625 0.1421875 0.1453125
1 0.3640625 0.31015625 0.178125 0.15546875
1 0.753125 0.82265625 0.15390625 0.15
1 0.88828125 0.27265625 0.1578125 0.15703125
1 0.4578125 0.125 0.1421875 0.15
1 0.5828125 0.07109375 0.1609375 0.13984375
1 0.7625 0.57578125 0.16875 0.1765625
1 0.85234375 0.87578125 0.15625 0.16484375
1 0.77265625 0.44296875 0.1515625 0.1296875
1 0.7765625 0.084375 0.15234375 0.1515625
1 0.67890625 0.13671875 0.15546875 0.14453125
1 0.94375 0.8296875 0.1125 0.1296875
1 0.7828125 0.328125 0.14921875 0.14296875
1 0.5765625 0.1875 0.11484375 0.12578125
1 0.78515625 0.20625 0.159375 0.14921875