1 0.54375 0.88125 0.1109375 0.11171875
1 0.203125 0.50703125 0.11171875 0.11640625
1 0.465625 0.596875 0.1109375 0.1125
1 0.528125 0.659375 0.09609375 0.0984375
1 0.42734375 0.5015625 0.11015625 0.11171875
1 0.55234375 0.790625 0.1046875 0.09453125
1 0.709375 0.21640625 0.10234375 0.08671875
1 0.51953125 0.409375 0.11484375 0.10625
1 0.5984375 0.275 0.08671875 0.0984375
1 0.65703125 0.95 0.096875 0.09765625
1 0.646875 0.6859375 0.11484375 0.1
1 0.52578125 0.2578125 0.10390625 0.10234375
1 0.64921875 0.6203125 0.10859375 0.084375
6 0.55546875 0.49453125 0.0671875 0.0734375
6 0.0421875 0.303125 0.0765625 0.0890625
1 0.565625 0.58828125 0.10859375 0.1140625
6 0.46796875 0.72421875 0.10625 0.09609375
1 0.6515625 0.55078125 0.11328125 0.10859375
1 0.7546875 0.07734375 0.084375 0.0734375
1 0.8703125 0.040625 0.103125 0.08125
1 0.62578125 0.84375 0.1140625 0.10859375
6 0.6671875 0.13984375 0.15546875 0.15234375
1 0.61171875 0.484375 0.09375 0.09921875
1 0.5203125 0.18984375 0.0734375 0.06015625
1 0.45546875 0.6625 0.0734375 0.053125
3 0.33671875 0.7515625 0.05078125 0.05390625
1 0.54921875 0.34140625 0.10234375 0.11640625
3 0.39140625 0.9703125 0.0640625 0.0578125
3 0.7625 0.35546875 0.0484375 0.0484375
1 0.7875 0.01953125 0.09453125 0.03828125
1 0.5796875 0.709375 0.07265625 0.084375
3 0.48671875 0.834375 0.06015625 0.06171875
1 0.5015625 0.4796875 0.0828125 0.0875
3 0.45 0.92734375 0.05625 0.05546875
3 0.4921875 0.784375 0.053125 0.04765625
3 0.2078125 0.19609375 0.0328125 0.03046875
3 0.16328125 0.18515625 0.03125 0.0515625
3 0.2125 0.178125 0.0359375 0.028125
3 0.44921875 0.215625 0.04375 0.0703125
6 0.71328125 0.3 0.09296875 0.10390625
3 0.74296875 0.39453125 0.05625 0.04140625
3 0.84296875 0.3421875 0.0375 0.0359375
3 0.96953125 0.3359375 0.05546875 0.04375
6 0.678125 0.4078125 0.0953125 0.13515625
6 0.690625 0.8609375 0.115625 0.096875
6 0.80078125 0.9359375 0.15625 0.10859375
3 0.53046875 0.9578125 0.0421875 0.05390625
3 0.45 0.971875 0.06875 0.05625
3 0.44140625 0.86953125 0.04453125 0.06875
3 0.171875 0.9796875 0.04140625 0.03515625
3 0.13515625 0.975 0.0359375 0.03515625
3 0.11015625 0.975 0.03046875 0.0359375
3 0.08828125 0.97109375 0.028125 0.03984375
3 0.06484375 0.96484375 0.03203125 0.0515625
3 0.2984375 0.75078125 0.040625 0.0390625
3 0.26328125 0.75 0.04296875 0.04296875
3 0.23125 0.746875 0.03828125 0.0421875