6 0.8515625 0.053125 0.23046875 0.10546875
6 0.58046875 0.1828125 0.35859375 0.365625
6 0.4265625 0.12421875 0.41875 0.2484375
6 0.15390625 0.0703125 0.12734375 0.11953125
6 0.21953125 0.165625 0.1359375 0.15390625
6 0.19765625 0.3375 0.071875 0.1046875
6 0.5109375 0.415625 0.1734375 0.14765625
6 0.36796875 0.51953125 0.2296875 0.23203125
6 0.165625 0.696875 0.2125 0.2015625
6 0.44921875 0.88984375 0.18203125 0.09375
6 0.52265625 0.80078125 0.15859375 0.09140625
6 0.63671875 0.696875 0.12578125 0.1078125
6 0.75703125 0.6140625 0.1515625 0.1109375
6 0.9078125 0.72890625 0.18359375 0.225
6 0.86953125 0.86953125 0.26015625 0.26015625
6 0.7109375 0.92109375 0.309375 0.1578125