1 0.534375 0.64296875 0.1125 0.10390625
1 0.715625 0.94921875 0.15625 0.1015625
1 0.45390625 0.35 0.13203125 0.14296875
1 0.0703125 0.07421875 0.13984375 0.14765625
1 0.859375 0.60078125 0.165625 0.16484375
1 0.925 0.8921875 0.1484375 0.1546875
1 0.240625 0.21015625 0.1390625 0.15
1 0.82421875 0.93515625 0.13984375 0.128125
1 0.7 0.86640625 0.1625 0.128125
1 0.23046875 0.9328125 0.1546875 0.134375
1 0.34296875 0.14921875 0.1390625 0.12109375
1 0.62890625 0.6890625 0.16796875 0.1390625
1 0.55234375 0.29375 0.153125 0.159375
1 0.2109375 0.678125 0.14921875 0.17109375
1 0.0953125 0.6515625 0.15546875 0.146875
1 0.50078125 0.415625 0.13203125 0.1296875
1 0.31640625 0.759375 0.1578125 0.1515625
1 0.12734375 0.88046875 0.184375 0.171875
1 0.1328125 0.75625 0.16328125 0.1328125
1 0.215625 0.79921875 0.17421875 0.15234375
1 0.31796875 0.8625 0.1546875 0.1453125
1 0.40625 0.9140625 0.17109375 0.17109375
1 0.54296875 0.93515625 0.16015625 0.1296875
1 0.4453125 0.8046875 0.1734375 0.146875
1 0.575 0.82890625 0.17578125 0.14375
1 0.16875 0.54921875 0.17421875 0.18046875
1 0.3375 0.6328125 0.14296875 0.11875
1 0.43125 0.69296875 0.13515625 0.1234375
1 0.4328125 0.57578125 0.14296875 0.14765625
1 0.25234375 0.49140625 0.1453125 0.16484375
1 0.3453125 0.4125 0.15625 0.1734375
1 0.34453125 0.52421875 0.15390625 0.13828125
1 0.1234375 0.375 0.14921875 0.1734375
1 0.24140625 0.3390625 0.14765625 0.171875
1 0.34453125 0.2640625 0.16484375 0.16484375
1 0.0546875 0.315625 0.10859375 0.18203125
1 0.06796875 0.20078125 0.13515625 0.16015625
1 0.14296875 0.2421875 0.1390625 0.15234375
1 0.15078125 0.12109375 0.1234375 0.13828125
1 0.24609375 0.08203125 0.1625 0.140625
1 0.459375 0.11015625 0.2046875 0.1828125
1 0.459375 0.2265625 0.17421875 0.1625
1 0.5625 0.06875 0.134375 0.1375
1 0.575 0.16328125 0.1265625 0.178125
1 0.659375 0.11484375 0.1390625 0.1515625
1 0.7578125 0.0984375 0.14375 0.15234375
1 0.66171875 0.2328125 0.1609375 0.15390625
1 0.7578125 0.296875 0.14296875 0.18671875
1 0.83046875 0.1890625 0.16484375 0.13203125
1 0.6796875 0.35625 0.171875 0.146875
1 0.653125 0.47890625 0.16328125 0.16484375
1 0.53125 0.53515625 0.184375 0.14765625
1 0.71640625 0.525 0.1515625 0.17578125
1 0.6546875 0.5875 0.1328125 0.10625
1 0.53125 0.740625 0.17421875 0.165625
1 0.81015625 0.815625 0.1578125 0.1296875
1 0.8296875 0.7109375 0.1828125 0.1328125
1 0.928125 0.76796875 0.14296875 0.18046875
1 0.94375 0.29453125 0.1125 0.171875
1 0.87421875 0.240625 0.15390625 0.11953125
1 0.8453125 0.34921875 0.15234375 0.13203125
1 0.93046875 0.4109375 0.1390625 0.140625
1 0.8515625 0.475 0.17421875 0.14921875
1 0.93828125 0.5296875 0.1234375 0.165625
1 0.5921875 0.91484375 0.146875 0.1234375