6 0.58671875 0.64765625 0.0578125 0.0640625
6 0.9390625 0.859375 0.06328125 0.06953125
6 0.67734375 0.12421875 0.0765625 0.06484375
6 0.69296875 0.3828125 0.034375 0.0375
6 0.01875 0.2015625 0.0328125 0.034375
6 0.471875 0.61015625 0.0203125 0.01953125
6 0.69609375 0.61875 0.028125 0.028125
6 0.0203125 0.15703125 0.0265625 0.025
6 0.253125 0.18515625 0.02890625 0.0265625
6 0.675 0.03203125 0.07265625 0.0640625
6 0.734375 0.3796875 0.04296875 0.04140625
6 0.6484375 0.459375 0.046875 0.04453125
6 0.565625 0.8109375 0.171875 0.16875
6 0.83125 0.8890625 0.0671875 0.07265625
6 0.09921875 0.76015625 0.05390625 0.05
6 0.034375 0.71484375 0.03828125 0.0390625