1 0.09609375 0.946875 0.16875 0.10625
1 0.821875 0.946875 0.1515625 0.10625
1 0.95390625 0.4984375 0.0921875 0.15390625
1 0.5703125 0.24296875 0.16015625 0.14921875
1 0.07265625 0.06171875 0.1453125 0.1234375
1 0.15703125 0.07109375 0.140625 0.12421875
1 0.8125 0.04296875 0.15625 0.0859375
1 0.6953125 0.06953125 0.15 0.1390625
1 0.5890625 0.1171875 0.15 0.14921875
1 0.478125 0.1265625 0.14765625 0.14375
1 0.275 0.04765625 0.14140625 0.0953125
1 0.2609375 0.15234375 0.1625 0.15859375
1 0.12734375 0.1453125 0.184375 0.134375
1 0.0671875 0.26953125 0.134375 0.15390625
1 0.0859375 0.35859375 0.171875 0.15390625
1 0.8546875 0.29140625 0.07109375 0.05390625
1 0.78515625 0.12109375 0.1625 0.14140625
1 0.89765625 0.19921875 0.16015625 0.171875
1 0.7921875 0.24375 0.1390625 0.134375
1 0.6828125 0.3015625 0.1453125 0.14921875
1 0.6703125 0.4203125 0.13671875 0.121875
1 0.578125 0.3546875 0.18203125 0.16484375
1 0.8828125 0.56171875 0.16484375 0.15859375
1 0.7796875 0.484375 0.171875 0.13671875
1 0.68984375 0.546875 0.16875 0.14375
1 0.20625 0.47109375 0.1390625 0.11953125
1 0.07578125 0.5734375 0.1515625 0.14296875
1 0.19375 0.56484375 0.17734375 0.134375
1 0.3140625 0.57265625 0.13203125 0.1078125
1 0.44765625 0.57890625 0.16328125 0.13046875
1 0.4484375 0.68671875 0.1625 0.1328125
1 0.3046875 0.66328125 0.14765625 0.14765625
1 0.18203125 0.665625 0.146875 0.1453125
1 0.06015625 0.6765625 0.1203125 0.134375
1 0.21796875 0.759375 0.15 0.13203125
1 0.68046875 0.9296875 0.140625 0.140625
1 0.2328125 0.9421875 0.146875 0.11484375
1 0.0875 0.77734375 0.14375 0.11328125
1 0.6953125 0.6765625 0.171875 0.15390625
1 0.8046875 0.615625 0.14296875 0.14375
1 0.89296875 0.7015625 0.14765625 0.165625
1 0.94921875 0.790625 0.1015625 0.171875
1 0.871875 0.83515625 0.11484375 0.134375
1 0.675 0.78828125 0.14921875 0.134375
1 0.55625 0.7296875 0.15 0.13515625
1 0.459375 0.92421875 0.1453125 0.1171875
1 0.465625 0.8109375 0.16953125 0.14921875
1 0.35625 0.76796875 0.165625 0.14140625
1 0.20390625 0.85546875 0.15625 0.13515625
1 0.078125 0.8734375 0.15390625 0.13515625
1 0.3609375 0.3609375 0.1734375 0.14296875
1 0.4671875 0.29375 0.140625 0.159375
1 0.68203125 0.1890625 0.14375 0.1234375
1 0.559375 0.61796875 0.1765625 0.1328125
1 0.57265625 0.49375 0.14375 0.1515625
1 0.88125 0.440625 0.1640625 0.1453125
1 0.0734375 0.47421875 0.146875 0.1265625
1 0.75078125 0.884375 0.16484375 0.15625
1 0.36796875 0.0953125 0.1390625 0.14765625
1 0.32265625 0.47265625 0.14609375 0.14375
1 0.78125 0.75078125 0.15546875 0.15546875
1 0.90390625 0.07734375 0.1359375 0.140625
1 0.44765625 0.4703125 0.1625 0.1625
1 0.95234375 0.6234375 0.09453125 0.1421875
1 0.21328125 0.3703125 0.1453125 0.140625
1 0.57265625 0.865625 0.15703125 0.14296875
1 0.17734375 0.25078125 0.15078125 0.14765625
1 0.36484375 0.23984375 0.1578125 0.1234375
1 0.7796875 0.36953125 0.1765625 0.13828125
1 0.91484375 0.93515625 0.1296875 0.1296875
1 0.3234375 0.8828125 0.18359375 0.13203125