1 0.7796875 0.22109375 0.12109375 0.17578125
1 0.89609375 0.1578125 0.17578125 0.16953125
1 0.6828125 0.05078125 0.16953125 0.1015625
1 0.78828125 0.08984375 0.17578125 0.15
1 0.6734375 0.15234375 0.146875 0.14375
1 0.67109375 0.2796875 0.16875 0.15390625
1 0.57109375 0.21328125 0.1390625 0.15390625
1 0.55625 0.3296875 0.15859375 0.15859375
1 0.46171875 0.27421875 0.15 0.16015625
1 0.43828125 0.39609375 0.14921875 0.1625
1 0.34375 0.4625 0.1578125 0.17109375
1 0.3296875 0.32421875 0.165625 0.140625
1 0.23828125 0.38671875 0.14765625 0.165625
1 0.14765625 0.30859375 0.16328125 0.17109375
1 0.0609375 0.253125 0.121875 0.1671875
1 0.04609375 0.11875 0.0921875 0.121875
1 0.24375 0.2359375 0.13515625 0.16328125
1 0.1578125 0.06015625 0.14921875 0.11953125
1 0.06796875 0.0546875 0.13515625 0.10859375
1 0.353125 0.1984375 0.16015625 0.1625
1 0.36875 0.07421875 0.134375 0.1484375
1 0.26328125 0.1296875 0.1328125 0.1546875
1 0.1578125 0.17578125 0.134375 0.1609375
1 0.12578125 0.5609375 0.12421875 0.1234375
1 0.1265625 0.4359375 0.14921875 0.13671875
1 0.4671875 0.13984375 0.171875 0.14921875