1 0.6296875 0.95703125 0.10625 0.0859375
6 0.5484375 0.91171875 0.07734375 0.08671875
6 0.6453125 0.86875 0.12890625 0.115625
1 0.5515625 0.7890625 0.11015625 0.1171875
3 0.59140625 0.70625 0.0515625 0.06328125
3 0.615625 0.76796875 0.0515625 0.0765625
6 0.45078125 0.77265625 0.08671875 0.08515625
6 0.48203125 0.6578125 0.2078125 0.18671875
3 0.61171875 0.64453125 0.05625 0.06328125
3 0.83671875 0.7 0.05078125 0.04609375
3 0.8765625 0.68359375 0.075 0.08671875
3 0.78359375 0.6421875 0.11484375 0.1140625
3 0.59609375 0.5609375 0.07109375 0.0875
3 0.53671875 0.55234375 0.07734375 0.06953125
6 0.63125 0.40546875 0.21796875 0.19921875
6 0.80078125 0.5484375 0.10625 0.08125
6 0.8078125 0.4703125 0.1140625 0.08671875
3 0.75859375 0.40078125 0.07109375 0.1109375
3 0.95546875 0.39453125 0.05078125 0.03828125
3 0.959375 0.43828125 0.071875 0.0453125
3 0.90703125 0.3515625 0.06015625 0.06328125
3 0.86796875 0.27421875 0.0984375 0.0859375
6 0.81015625 0.21875 0.0765625 0.0796875
6 0.73359375 0.19921875 0.15546875 0.20078125
6 0.9328125 0.04921875 0.1140625 0.0984375
3 0.96015625 0.2015625 0.0796875 0.084375
6 0.68984375 0.06953125 0.1 0.10078125
6 0.63125 0.1609375 0.0453125 0.0546875
6 0.0953125 0.08515625 0.06875 0.1140625
6 0.32578125 0.12265625 0.11875 0.10078125
1 0.81484375 0.08984375 0.12734375 0.13046875
1 0.91796875 0.1421875 0.09140625 0.084375
1 0.925 0.08125 0.096875 0.084375
1 0.68515625 0.6265625 0.1140625 0.10625
6 0.79765625 0.96015625 0.04765625 0.0390625
6 0.48515625 0.86015625 0.078125 0.059375