6 0.625 0.05 0.4 0.1
6 0.64375 0.678125 0.05546875 0.0625
6 0.66484375 0.509375 0.0515625 0.0484375
6 0.690625 0.56171875 0.06171875 0.06875
6 0.4984375 0.77578125 0.04140625 0.0375
6 0.52890625 0.7546875 0.03515625 0.046875
6 0.5859375 0.7890625 0.04765625 0.0765625
6 0.55078125 0.84453125 0.04453125 0.04765625
3 0.375 0.90546875 0.03515625 0.0453125
6 0.43828125 0.94453125 0.109375 0.1
6 0.95546875 0.87421875 0.0875 0.1359375
6 0.88828125 0.85546875 0.09296875 0.146875
6 0.82734375 0.92578125 0.04609375 0.05
6 0.7328125 0.97421875 0.15078125 0.05078125