1 0.47890625 0.6421875 0.1328125 0.1265625
1 0.26015625 0.62890625 0.17109375 0.19140625
1 0.07109375 0.72734375 0.1421875 0.1640625
1 0.1375 0.9375 0.1453125 0.125
1 0.34453125 0.94296875 0.1453125 0.1140625
1 0.146875 0.828125 0.146875 0.15234375
1 0.4671875 0.8625 0.14140625 0.09375
1 0.68828125 0.7875 0.14140625 0.14140625
1 0.584375 0.84453125 0.15390625 0.146875
1 0.58359375 0.73515625 0.16328125 0.13828125
1 0.9 0.57890625 0.11953125 0.1546875
1 0.9109375 0.66484375 0.1515625 0.1546875
1 0.80390625 0.7296875 0.15234375 0.140625
1 0.7015625 0.66328125 0.16328125 0.1625
1 0.68359375 0.50390625 0.14375 0.1296875
1 0.8078125 0.5203125 0.15625 0.12578125
1 0.9140625 0.41875 0.1328125 0.14140625
1 0.82734375 0.4125 0.1265625 0.1296875
1 0.80390625 0.33359375 0.11328125 0.09296875
1 0.6984375 0.284375 0.16875 0.15625
1 0.70703125 0.4015625 0.16015625 0.13203125
1 0.59609375 0.32421875 0.128125 0.13515625
1 0.59140625 0.4328125 0.1234375 0.1234375
1 0.490625 0.38359375 0.15390625 0.16015625
1 0.38984375 0.43984375 0.128125 0.128125
1 0.06875 0.60078125 0.1375 0.1609375
1 0.17578125 0.55 0.1609375 0.20625
1 0.08828125 0.4765625 0.1234375 0.1578125
1 0.28984375 0.47734375 0.1796875 0.17578125
1 0.91953125 0.29375 0.1609375 0.159375
1 0.92890625 0.17421875 0.12421875 0.14765625
1 0.82578125 0.22734375 0.1234375 0.17109375
1 0.9359375 0.07109375 0.12421875 0.134375
1 0.83203125 0.10234375 0.14765625 0.1515625
1 0.7125 0.14296875 0.1578125 0.14921875
1 0.62265625 0.07265625 0.14140625 0.1453125
1 0.08671875 0.1 0.1734375 0.15390625
1 0.2984375 0.1015625 0.1890625 0.17578125
1 0.196875 0.07421875 0.1515625 0.14375
1 0.51484375 0.1421875 0.15234375 0.1453125
1 0.3984375 0.1703125 0.171875 0.1671875
1 0.165625 0.28828125 0.14765625 0.14140625
1 0.07421875 0.22421875 0.1484375 0.1390625
1 0.378125 0.59140625 0.165625 0.16171875
1 0.2671875 0.24453125 0.153125 0.16015625
1 0.0640625 0.3515625 0.128125 0.16796875
1 0.2609375 0.36640625 0.13671875 0.140625
1 0.24375 0.759375 0.175 0.16015625
1 0.4875 0.259375 0.16171875 0.14375
1 0.4671875 0.75234375 0.16640625 0.13984375
1 0.37890625 0.3265625 0.1609375 0.16484375
1 0.47109375 0.5140625 0.13828125 0.13359375