6 0.2359375 0.9390625 0.04375 0.04296875
6 0.30234375 0.9046875 0.040625 0.04296875
6 0.4125 0.94921875 0.190625 0.1015625
3 0.38515625 0.84921875 0.04609375 0.05546875
3 0.34296875 0.82578125 0.04609375 0.046875
3 0.35078125 0.87265625 0.05859375 0.05
3 0.42734375 0.86953125 0.05390625 0.0515625
6 0.58203125 0.728125 0.071875 0.07890625
3 0.421875 0.77265625 0.07265625 0.0640625
3 0.45703125 0.74453125 0.06875 0.08125
1 0.5109375 0.6890625 0.11015625 0.0703125
1 0.55078125 0.5640625 0.09453125 0.084375
6 0.50390625 0.6078125 0.1046875 0.11640625
6 0.59765625 0.27265625 0.12421875 0.10234375
6 0.12578125 0.48203125 0.11640625 0.11171875
1 0.23515625 0.51328125 0.109375 0.11328125
1 0.6234375 0.34609375 0.10234375 0.09453125
1 0.84921875 0.703125 0.0875 0.075
1 0.74765625 0.6015625 0.09140625 0.0859375
1 0.9484375 0.80625 0.0421875 0.04375
1 0.67109375 0.5515625 0.065625 0.0609375
1 0.64765625 0.51171875 0.05 0.05078125
6 0.95546875 0.85859375 0.03515625 0.0390625
6 0.9453125 0.88671875 0.034375 0.03359375
6 0.91171875 0.87265625 0.04765625 0.046875