6 0.5765625 0.2125 0.040625 0.03359375
6 0.5234375 0.3515625 0.13984375 0.13671875
3 0.9140625 0.9265625 0.03671875 0.04609375
3 0.928125 0.9578125 0.0359375 0.03203125
6 0.6734375 0.8453125 0.1796875 0.1890625
1 0.471875 0.90703125 0.1328125 0.1203125
1 0.22421875 0.94765625 0.09921875 0.1046875
6 0.05 0.965625 0.1 0.06875
3 0.5453125 0.65859375 0.065625 0.06875
6 0.22109375 0.66328125 0.18515625 0.21796875
3 0.17890625 0.790625 0.0515625 0.053125
1 0.1078125 0.421875 0.15859375 0.1625
1 0.20078125 0.4671875 0.09296875 0.0890625
6 0.4046875 0.4015625 0.103125 0.10390625
3 0.2984375 0.3109375 0.0625 0.04765625
6 0.2046875 0.13984375 0.07109375 0.0640625
1 0.65390625 0.471875 0.090625 0.09296875
1 0.29296875 0.40703125 0.096875 0.103125
1 0.38125 0.95390625 0.1046875 0.0921875
1 0.44921875 0.665625 0.096875 0.09453125
1 0.56875 0.971875 0.11484375 0.05546875
1 0.0515625 0.553125 0.103125 0.1171875
1 0.46484375 0.5609375 0.10546875 0.1296875
1 0.153125 0.9625 0.08125 0.07421875
1 0.36328125 0.56484375 0.1578125 0.18125
1 0.34296875 0.678125 0.10625 0.1046875
1 0.14140625 0.221875 0.1171875 0.12578125
1 0.2171875 0.21484375 0.08125 0.08671875
1 0.38515625 0.45 0.09296875 0.08671875
1 0.07421875 0.66171875 0.0984375 0.121875
1 0.13515625 0.90625 0.08828125 0.0640625
1 0.2546875 0.496875 0.0671875 0.090625
1 0.38125 0.7296875 0.08828125 0.08046875
1 0.859375 0.9625 0.08203125 0.075
1 0.125 0.315625 0.1875 0.1078125