3 0.93203125 0.24765625 0.0453125 0.0375
6 0.953125 0.49921875 0.09375 0.1484375
6 0.77890625 0.47265625 0.16484375 0.1328125
6 0.64921875 0.4890625 0.10625 0.12421875
6 0.7890625 0.61484375 0.2265625 0.1796875
6 0.88125 0.79765625 0.17421875 0.17109375
6 0.83671875 0.94921875 0.29609375 0.1015625
6 0.44140625 0.73203125 0.30625 0.25859375
6 0.20703125 0.73125 0.1609375 0.159375
6 0.165625 0.5453125 0.0640625 0.078125
6 0.1671875 0.36796875 0.05625 0.08046875
6 0.2578125 0.346875 0.03828125 0.040625
6 0.17890625 0.43984375 0.071875 0.078125
1 0.76640625 0.765625 0.1078125 0.1265625
1 0.1859375 0.8640625 0.11328125 0.12109375
1 0.80390625 0.3671875 0.10078125 0.10546875
1 0.5859375 0.9125 0.1109375 0.14765625
1 0.2546875 0.9078125 0.0828125 0.08671875
1 0.65390625 0.5953125 0.0890625 0.0859375
1 0.665625 0.8984375 0.10546875 0.1234375
1 0.8640625 0.2796875 0.09375 0.09140625
1 0.153125 0.03046875 0.128125 0.0609375
1 0.65078125 0.38984375 0.075 0.0796875
1 0.2703125 0.8453125 0.0890625 0.08125
1 0.6828125 0.790625 0.11171875 0.128125
1 0.79609375 0.2546875 0.0578125 0.06015625
1 0.57578125 0.23515625 0.04140625 0.0453125
1 0.634375 0.32109375 0.1359375 0.11171875