6 0.725 0.178125 0.07109375 0.06953125
6 0.58828125 0.0796875 0.05703125 0.05234375
3 0.6296875 0.74375 0.05546875 0.05546875
3 0.59921875 0.71640625 0.05546875 0.05390625
3 0.57109375 0.73671875 0.0546875 0.053125
6 0.078125 0.928125 0.15546875 0.14375
1 0.05625 0.7984375 0.1125 0.13828125
6 0.12890625 0.5984375 0.17890625 0.15390625
6 0.16328125 0.8390625 0.14921875 0.084375
6 0.11328125 0.73046875 0.1203125 0.16171875
6 0.3015625 0.8015625 0.14765625 0.11875
6 0.36328125 0.70625 0.125 0.1484375
6 0.3578125 0.58515625 0.17109375 0.11953125
6 0.30546875 0.53515625 0.12421875 0.103125
6 0.48203125 0.5453125 0.128125 0.115625
6 0.503125 0.4359375 0.1171875 0.11484375
6 0.40625 0.48203125 0.1296875 0.109375
6 0.39609375 0.37890625 0.15 0.134375
6 0.440625 0.275 0.08671875 0.11328125
6 0.26328125 0.27890625 0.22734375 0.296875
6 0.06484375 0.46328125 0.1296875 0.2328125
6 0.2296875 0.71796875 0.1734375 0.1890625
1 0.9359375 0.034375 0.078125 0.06875