6 0.8671875 0.5015625 0.23046875 0.203125
6 0.7703125 0.42421875 0.11171875 0.109375
6 0.75625 0.53984375 0.1203125 0.1234375
6 0.6796875 0.4328125 0.10703125 0.1203125
6 0.63046875 0.53046875 0.1234375 0.09765625
3 0.56328125 0.4953125 0.075 0.0796875
6 0.5046875 0.44609375 0.11484375 0.13359375
6 0.378125 0.42421875 0.05 0.0484375
6 0.69140625 0.278125 0.17578125 0.1828125
3 0.75703125 0.04453125 0.09921875 0.0890625
6 0.93515625 0.696875 0.1296875 0.1328125
6 0.68046875 0.77578125 0.0625 0.0703125
6 0.71953125 0.77890625 0.04375 0.05625
6 0.5 0.69921875 0.071875 0.06875
6 0.4546875 0.68984375 0.0609375 0.0546875
6 0.17734375 0.6578125 0.05 0.0578125
6 0.15078125 0.73046875 0.05703125 0.065625