6 0.94609375 0.0890625 0.1078125 0.11328125
6 0.865625 0.14921875 0.08203125 0.08515625
6 0.64453125 0.07734375 0.0359375 0.0328125
6 0.83125 0.365625 0.22890625 0.25546875
6 0.665625 0.32890625 0.16171875 0.140625
6 0.64609375 0.465625 0.19765625 0.16328125
6 0.53984375 0.38828125 0.06875 0.078125
6 0.91171875 0.5078125 0.17578125 0.24375
6 0.44375 0.60078125 0.24609375 0.21484375
6 0.4671875 0.48046875 0.14609375 0.06640625
6 0.5609375 0.83125 0.16015625 0.14765625
6 0.63828125 0.91875 0.09453125 0.09140625
6 0.66875 0.9640625 0.07265625 0.071875
6 0.77578125 0.94921875 0.1078125 0.10078125
6 0.825 0.87421875 0.1234375 0.1359375