6 0.30625 0.62734375 0.23359375 0.2109375
6 0.13671875 0.328125 0.16875 0.2125
6 0.0796875 0.39453125 0.159375 0.22578125
6 0.51640625 0.6015625 0.21328125 0.11953125
6 0.625 0.13125 0.31015625 0.2625
6 0.86171875 0.0796875 0.2765625 0.15859375
6 0.94921875 0.3203125 0.1 0.171875
6 0.93515625 0.4046875 0.12890625 0.20546875
6 0.8671875 0.47265625 0.1671875 0.1421875
6 0.76640625 0.57109375 0.1515625 0.134375
6 0.525 0.40546875 0.271875 0.3546875
6 0.346875 0.4640625 0.25625 0.24375
6 0.30703125 0.2328125 0.2484375 0.2296875