1 0.68984375 0.575 0.08515625 0.09296875
1 0.84453125 0.0890625 0.1265625 0.103125
6 0.84453125 0.15078125 0.203125 0.19296875
6 0.7140625 0.0765625 0.13046875 0.11875
6 0.615625 0.12421875 0.1140625 0.13046875
1 0.703125 0.18125 0.090625 0.10625
5 0.7171875 0.38359375 0.1953125 0.16328125
5 0.91640625 0.33984375 0.165625 0.11484375
5 0.9140625 0.47109375 0.171875 0.1921875
1 0.72890625 0.4625 0.09453125 0.090625
6 0.8453125 0.696875 0.18359375 0.1640625
6 0.91640625 0.86484375 0.1671875 0.2703125
6 0.68828125 0.83515625 0.09765625 0.1046875
1 0.63984375 0.896875 0.10234375 0.0875
6 0.51875 0.92265625 0.146875 0.14453125
6 0.32890625 0.83203125 0.16875 0.20078125
6 0.55546875 0.6015625 0.22109375 0.27890625
6 0.340625 0.40390625 0.21171875 0.24140625
6 0.50546875 0.3609375 0.21796875 0.23984375
6 0.38359375 0.1859375 0.16171875 0.18125
6 0.25625 0.14453125 0.10625 0.12109375
6 0.059375 0.29765625 0.11875 0.1625
1 0.37734375 0.9359375 0.1203125 0.12734375
1 0.18984375 0.86484375 0.1875 0.1609375
1 0.09375 0.93046875 0.17109375 0.1390625
1 0.7046875 0.65078125 0.09453125 0.0875
1 0.803125 0.46640625 0.1546875 0.18203125
1 0.303125 0.24296875 0.1296875 0.12890625
1 0.60703125 0.75390625 0.1515625 0.1515625
1 0.63515625 0.23515625 0.09921875 0.10234375
1 0.8328125 0.28984375 0.0875 0.08671875
1 0.23671875 0.5359375 0.096875 0.09296875
1 0.1375 0.215625 0.090625 0.103125
1 0.86640625 0.03046875 0.12421875 0.0609375
1 0.95390625 0.1125 0.0921875 0.11875
1 0.46875 0.80546875 0.1765625 0.14921875
1 0.44765625 0.47421875 0.128125 0.1359375
1 0.68203125 0.3015625 0.078125 0.07890625
1 0.21171875 0.409375 0.07734375 0.08046875
1 0.94140625 0.234375 0.1140625 0.10859375
1 0.509375 0.05625 0.20546875 0.1125