1 0.28046875 0.8859375 0.11484375 0.12109375
1 0.80625 0.846875 0.15390625 0.14296875
1 0.9234375 0.78515625 0.153125 0.14140625
1 0.921875 0.665625 0.15625 0.15546875
1 0.81171875 0.70546875 0.15703125 0.15546875
1 0.73125 0.75234375 0.1890625 0.1828125
1 0.396875 0.6578125 0.11796875 0.12421875
1 0.43984375 0.77578125 0.1046875 0.1203125
1 0.52578125 0.73125 0.12109375 0.1109375
6 0.16484375 0.5921875 0.109375 0.10625
1 0.61484375 0.44296875 0.10078125 0.0828125
1 0.18203125 0.5171875 0.0984375 0.09609375
1 0.0328125 0.0390625 0.065625 0.078125
6 0.15390625 0.04765625 0.1 0.0953125
6 0.45078125 0.9375 0.2828125 0.125
1 0.93359375 0.5484375 0.13203125 0.1421875
1 0.34765625 0.7234375 0.0984375 0.08359375
6 0.56875 0.8609375 0.19296875 0.15234375
1 0.5921875 0.778125 0.084375 0.08046875
1 0.92421875 0.9125 0.14921875 0.1546875
1 0.46796875 0.67890625 0.09765625 0.09140625
1 0.8359375 0.6015625 0.13359375 0.1515625
6 0.69765625 0.17890625 0.1484375 0.11953125
6 0.90625 0.24453125 0.18515625 0.175
6 0.93984375 0.35859375 0.11953125 0.13671875
6 0.73046875 0.33046875 0.075 0.0875
3 0.82265625 0.34453125 0.05625 0.0453125
6 0.60390625 0.58671875 0.265625 0.2890625
6 0.765625 0.48828125 0.18359375 0.23984375
6 0.3453125 0.82109375 0.21171875 0.159375
3 0.2125 0.925 0.08515625 0.0640625
6 0.18671875 0.4546875 0.21640625 0.20078125
6 0.215625 0.028125 0.0640625 0.05625
6 0.91171875 0.1234375 0.17578125 0.13671875