1 0.0796875 0.4359375 0.14765625 0.1296875
1 0.07734375 0.5515625 0.14765625 0.14375
1 0.16328125 0.5953125 0.1234375 0.1546875
1 0.171875 0.95 0.165625 0.1
1 0.16953125 0.8515625 0.146875 0.13046875
1 0.165625 0.73203125 0.13046875 0.140625
1 0.065625 0.79921875 0.13125 0.1328125
1 0.4953125 0.92890625 0.15390625 0.1421875
1 0.66796875 0.9390625 0.1578125 0.12109375
1 0.7796875 0.9359375 0.1328125 0.128125
1 0.94921875 0.5796875 0.1015625 0.1390625
1 0.896875 0.7015625 0.17734375 0.1453125
1 0.73671875 0.62109375 0.15234375 0.13671875
1 0.86640625 0.59375 0.1453125 0.1453125
1 0.89453125 0.9109375 0.16875 0.13828125
1 0.8953125 0.8046875 0.16953125 0.134375
1 0.76171875 0.72421875 0.18828125 0.14765625
1 0.57890625 0.871875 0.13671875 0.16484375
1 0.47421875 0.8171875 0.13828125 0.14296875
1 0.3875 0.86328125 0.16484375 0.1546875
1 0.559375 0.72421875 0.165625 0.16328125
1 0.35234375 0.74296875 0.16484375 0.1546875
1 0.4515625 0.690625 0.1609375 0.15625
1 0.31796875 0.60546875 0.14765625 0.15390625
1 0.584375 0.2875 0.1671875 0.1328125
1 0.48125 0.25 0.165625 0.1578125
1 0.615625 0.1984375 0.15625 0.13046875
1 0.353125 0.1765625 0.140625 0.12578125
1 0.296875 0.06953125 0.19375 0.1390625
1 0.45390625 0.12578125 0.16328125 0.15625
1 0.95625 0.1265625 0.08671875 0.1609375
1 0.87421875 0.115625 0.13671875 0.1515625
1 0.7828125 0.08359375 0.1515625 0.16484375
1 0.675 0.07890625 0.134375 0.14296875
1 0.7796875 0.275 0.17578125 0.1609375
1 0.9359375 0.421875 0.128125 0.15625
1 0.871875 0.45625 0.17109375 0.16953125
1 0.7671875 0.38984375 0.17421875 0.13515625
1 0.53125 0.4796875 0.14296875 0.1296875
1 0.52109375 0.3765625 0.178125 0.15
1 0.39765625 0.43515625 0.1625 0.1578125
1 0.275 0.39921875 0.1765625 0.153125
1 0.05859375 0.91875 0.1171875 0.15
1 0.08671875 0.1859375 0.115625 0.13359375
1 0.07734375 0.0765625 0.153125 0.153125
1 0.771875 0.840625 0.1515625 0.1296875
1 0.56640625 0.0796875 0.13828125 0.14453125
1 0.06796875 0.67578125 0.13515625 0.1515625
1 0.371875 0.3140625 0.16796875 0.16875
1 0.41484375 0.57578125 0.15703125 0.15
1 0.5359375 0.59453125 0.1375 0.14375
1 0.07265625 0.32578125 0.1390625 0.1625
1 0.74453125 0.5109375 0.16875 0.146875
1 0.2125 0.22890625 0.0984375 0.11015625