1 0.815625 0.621875 0.1296875 0.15390625
1 0.6203125 0.80859375 0.16015625 0.13828125
1 0.76328125 0.43046875 0.12578125 0.14921875
1 0.47578125 0.92421875 0.15625 0.15078125
1 0.57734375 0.48046875 0.1375 0.13515625
1 0.56171875 0.678125 0.121875 0.1328125
1 0.921875 0.8 0.14765625 0.16015625
1 0.6890625 0.7109375 0.1609375 0.16328125
1 0.75 0.840625 0.134375 0.1296875
1 0.57890625 0.9515625 0.14453125 0.096875
1 0.3734375 0.8703125 0.1109375 0.12421875
1 0.925 0.66484375 0.15 0.146875
1 0.88359375 0.4671875 0.13203125 0.134375
1 0.0625 0.8578125 0.125 0.16953125
1 0.15703125 0.89453125 0.14765625 0.16796875
1 0.27265625 0.928125 0.1328125 0.14375
1 0.065625 0.7265625 0.13125 0.209375
1 0.1546875 0.7734375 0.121875 0.13515625
1 0.271875 0.815625 0.1578125 0.13671875
1 0.20234375 0.64140625 0.1640625 0.17421875
1 0.3015625 0.6765625 0.146875 0.146875
1 0.425 0.7328125 0.153125 0.14921875
1 0.52265625 0.7734375 0.128125 0.140625
1 0.3875 0.4953125 0.153125 0.14765625
1 0.3390625 0.57265625 0.14375 0.1078125
1 0.4546875 0.62578125 0.1515625 0.1390625
1 0.5015625 0.53125 0.1328125 0.1453125
1 0.609375 0.58515625 0.1578125 0.125
1 0.68515625 0.52265625 0.14375 0.128125
1 0.73046875 0.59296875 0.13046875 0.103125
1 0.80546875 0.74140625 0.1515625 0.13671875
1 0.8640625 0.8859375 0.16171875 0.1703125
1 0.95 0.91015625 0.1 0.17890625
1 0.35859375 0.959375 0.10390625 0.08125
1 0.2375 0.5453125 0.13671875 0.1328125
1 0.4859375 0.41484375 0.1390625 0.1328125
1 0.6546875 0.38359375 0.16640625 0.1703125
1 0.6890625 0.290625 0.165625 0.13515625
1 0.9328125 0.40390625 0.13359375 0.134375
1 0.95078125 0.54609375 0.0984375 0.1703125
1 0.89140625 0.278125 0.14375 0.1328125
1 0.7703125 0.23046875 0.14375 0.128125
1 0.8625 0.20625 0.12265625 0.11640625
1 0.96796875 0.18828125 0.0640625 0.11015625
1 0.81875 0.36796875 0.1375 0.11875
6 0.8484375 0.09140625 0.16953125 0.15625