1 0.10546875 0.36328125 0.1703125 0.096875
1 0.27734375 0.6125 0.0703125 0.09296875
6 0.109375 0.71875 0.21796875 0.32578125
6 0.1765625 0.58515625 0.18828125 0.1703125
6 0.3359375 0.471875 0.121875 0.1828125
6 0.2296875 0.4578125 0.1578125 0.178125
6 0.11171875 0.45078125 0.08671875 0.10234375
6 0.41796875 0.56640625 0.1796875 0.196875
6 0.359375 0.80546875 0.2078125 0.246875
6 0.2203125 0.79375 0.11796875 0.12109375
6 0.26640625 0.7078125 0.0921875 0.09453125
6 0.71875 0.78046875 0.071875 0.071875
6 0.91484375 0.58359375 0.04296875 0.03984375
6 0.87578125 0.56640625 0.0390625 0.040625
6 0.9640625 0.47578125 0.03828125 0.0359375
6 0.96484375 0.403125 0.0453125 0.04453125
6 0.96796875 0.36640625 0.03203125 0.03046875
6 0.96953125 0.33984375 0.040625 0.02890625
6 0.96328125 0.30078125 0.0375 0.0328125
6 0.91640625 0.2890625 0.040625 0.040625
6 0.55625 0.25859375 0.134375 0.1453125
3 0.5171875 0.1578125 0.04765625 0.06171875
3 0.54921875 0.14453125 0.06171875 0.075
6 0.5515625 0.05625 0.109375 0.08046875
6 0.09765625 0.0734375 0.1609375 0.146875
6 0.11328125 0.28046875 0.128125 0.175
6 0.18125 0.15 0.0953125 0.1171875
6 0.35703125 0.2171875 0.20859375 0.15859375
6 0.4046875 0.35859375 0.10859375 0.1046875
6 0.48671875 0.33125 0.08125 0.090625
3 0.5171875 0.43671875 0.07265625 0.06484375
3 0.45 0.4046875 0.0515625 0.0484375
3 0.46640625 0.4421875 0.0578125 0.05546875
1 0.221875 0.30859375 0.11875 0.13359375
1 0.43203125 0.1328125 0.115625 0.1140625
1 0.3609375 0.6421875 0.10078125 0.090625
1 0.46328125 0.73984375 0.09765625 0.096875
1 0.30234375 0.0828125 0.12578125 0.1125
1 0.06875 0.52421875 0.0984375 0.09140625
1 0.23046875 0.0421875 0.096875 0.084375
1 0.28203125 0.95625 0.1140625 0.0875
1 0.084375 0.9640625 0.109375 0.071875
1 0.32578125 0.334375 0.13125 0.12109375
1 0.28046875 0.15625 0.13515625 0.12734375
1 0.13984375 0.78828125 0.0890625 0.07578125
1 0.5296875 0.4890625 0.0625 0.04921875
1 0.17109375 0.96796875 0.0875 0.0640625
1 0.4296875 0.284375 0.0734375 0.07265625
1 0.28828125 0.24765625 0.084375 0.09296875