3 0.39609375 0.85859375 0.05546875 0.05
3 0.4078125 0.8125 0.04296875 0.04921875
6 0.24765625 0.94609375 0.16015625 0.1078125
6 0.8734375 0.5796875 0.05078125 0.0640625
6 0.8546875 0.44375 0.03125 0.03671875
3 0.76796875 0.403125 0.03515625 0.0640625
3 0.8140625 0.3984375 0.03203125 0.02578125
6 0.34453125 0.3921875 0.1171875 0.11484375
1 0.3109375 0.528125 0.08828125 0.0890625
6 0.196875 0.61953125 0.0546875 0.05234375
6 0.2328125 0.5171875 0.18359375 0.26796875
6 0.23828125 0.37265625 0.121875 0.159375
6 0.26171875 0.26484375 0.03515625 0.0296875
3 0.3140625 0.2875 0.06953125 0.07265625
6 0.2578125 0.12734375 0.06640625 0.065625
6 0.37578125 0.0546875 0.14140625 0.10859375
6 0.5453125 0.3078125 0.12734375 0.128125
1 0.0671875 0.215625 0.13359375 0.10234375
1 0.08125 0.2890625 0.1625 0.1
1 0.0765625 0.37421875 0.153125 0.14453125
1 0.496875 0.11953125 0.1359375 0.13359375
6 0.2703125 0.7703125 0.11875 0.10859375
1 0.2015625 0.915625 0.11328125 0.103125
1 0.07265625 0.49296875 0.1453125 0.15234375
1 0.115625 0.796875 0.11796875 0.10859375
1 0.04921875 0.11875 0.0984375 0.1203125
1 0.05078125 0.721875 0.10078125 0.13359375
1 0.334375 0.83125 0.0859375 0.0828125
6 0.84296875 0.1203125 0.0453125 0.040625
1 0.09140625 0.87578125 0.13046875 0.10703125
1 0.06015625 0.97421875 0.11640625 0.0515625
6 0.5390625 0.190625 0.040625 0.03984375
3 0.4828125 0.02109375 0.0734375 0.0421875