3 0.98359375 0.31953125 0.03203125 0.0546875
3 0.9640625 0.38125 0.05 0.05234375
1 0.34453125 0.38359375 0.13984375 0.13671875
6 0.82890625 0.4359375 0.10234375 0.11796875
6 0.9421875 0.25390625 0.115625 0.09765625
1 0.2609375 0.534375 0.15234375 0.15703125
1 0.1375 0.87734375 0.13125 0.15859375
1 0.23984375 0.8140625 0.15 0.1359375
1 0.35546875 0.715625 0.15 0.14375
6 0.8390625 0.8484375 0.10234375 0.09453125
1 0.36875 0.5046875 0.14296875 0.14140625
1 0.1421875 0.7328125 0.1453125 0.13671875
1 0.74140625 0.42578125 0.0796875 0.0796875
1 0.4671875 0.215625 0.1796875 0.1546875
1 0.06953125 0.47578125 0.1390625 0.1265625
1 0.0609375 0.065625 0.121875 0.13125
1 0.23359375 0.92265625 0.128125 0.134375
1 0.3609375 0.2578125 0.1328125 0.11796875
1 0.6421875 0.4734375 0.0875 0.0921875
1 0.65078125 0.55234375 0.0953125 0.10078125
1 0.06015625 0.62734375 0.1203125 0.16015625
1 0.6140625 0.62578125 0.09609375 0.1015625
1 0.5828125 0.05390625 0.16953125 0.10625
1 0.26953125 0.20625 0.13203125 0.1515625
1 0.4625 0.57265625 0.12578125 0.12734375
6 0.71796875 0.4765625 0.0828125 0.07734375
1 0.696875 0.1015625 0.1390625 0.1375
1 0.475 0.08828125 0.1359375 0.14609375
6 0.39609375 0.94140625 0.153125 0.11640625
1 0.059375 0.78828125 0.11875 0.1703125
1 0.24453125 0.684375 0.14921875 0.15625
1 0.3703125 0.61015625 0.13828125 0.13515625
1 0.1421875 0.5484375 0.14296875 0.15078125
1 0.21640625 0.425 0.1515625 0.14765625
1 0.10703125 0.35859375 0.17109375 0.14375
1 0.1484375 0.2484375 0.17109375 0.16015625
1 0.059375 0.19453125 0.11796875 0.14453125
1 0.14765625 0.11953125 0.146875 0.1265625
1 0.26640625 0.07578125 0.1609375 0.13828125
1 0.36796875 0.140625 0.146875 0.15625
1 0.3828125 0.0421875 0.15625 0.084375
1 0.57734375 0.1515625 0.14375 0.1234375
1 0.57578125 0.2796875 0.15703125 0.1515625
1 0.68359375 0.2296875 0.146875 0.14375
1 0.46875 0.33828125 0.14375 0.1421875
1 0.4625 0.44765625 0.12578125 0.11640625
1 0.54921875 0.5203125 0.14609375 0.1515625
1 0.71015625 0.3234375 0.14609375 0.13046875
1 0.79296875 0.16015625 0.1359375 0.13203125
1 0.809375 0.05546875 0.14375 0.1109375
1 0.8828125 0.10390625 0.1296875 0.1234375
6 0.471875 0.76015625 0.25859375 0.2796875
1 0.05234375 0.91171875 0.1046875 0.1734375