6 0.46484375 0.42265625 0.18671875 0.2015625
6 0.36171875 0.365625 0.0296875 0.03046875
6 0.21953125 0.6078125 0.23359375 0.29140625
6 0.40859375 0.5890625 0.15625 0.12578125
6 0.25703125 0.7765625 0.17109375 0.15234375
6 0.1671875 0.7984375 0.0734375 0.07734375
6 0.12890625 0.83046875 0.0609375 0.0828125
6 0.9546875 0.10703125 0.08984375 0.08984375
6 0.91328125 0.134375 0.07734375 0.096875
6 0.77578125 0.0859375 0.07734375 0.08125
6 0.73203125 0.07421875 0.0734375 0.0765625
6 0.6984375 0.1578125 0.0453125 0.05078125
6 0.8203125 0.2359375 0.05546875 0.0921875
6 0.79140625 0.25703125 0.0296875 0.02890625
6 0.8578125 0.15859375 0.08359375 0.09375
6 0.8765625 0.45234375 0.1171875 0.090625
3 0.553125 0.43984375 0.05234375 0.0765625