1 0.0921875 0.17734375 0.09140625 0.08046875
1 0.10390625 0.053125 0.134375 0.10625
1 0.865625 0.64375 0.13671875 0.1015625
1 0.19921875 0.46171875 0.1046875 0.115625
1 0.54375 0.8015625 0.159375 0.09140625
1 0.36328125 0.678125 0.13359375 0.11796875
1 0.35 0.5734375 0.1140625 0.1
1 0.06328125 0.74375 0.1265625 0.1296875
1 0.16796875 0.68984375 0.0703125 0.075
1 0.09296875 0.62421875 0.171875 0.1625
1 0.06328125 0.86875 0.1265625 0.1578125
1 0.28671875 0.61328125 0.08515625 0.09453125
1 0.228125 0.64921875 0.103125 0.103125
1 0.2359375 0.73828125 0.12734375 0.1203125
1 0.70078125 0.20859375 0.12421875 0.09765625
1 0.946875 0.44375 0.10625 0.140625
1 0.87578125 0.4390625 0.10078125 0.10859375
1 0.81796875 0.4828125 0.153125 0.146875
1 0.70078125 0.9421875 0.12421875 0.115625
1 0.81953125 0.9375 0.17265625 0.125
1 0.909375 0.8609375 0.121875 0.15078125
1 0.784375 0.57734375 0.08828125 0.084375
1 0.9 0.740625 0.14375 0.12265625
1 0.83046875 0.71328125 0.1 0.09609375
1 0.27890625 0.9453125 0.115625 0.10859375
1 0.3203125 0.7375 0.1265625 0.1265625
1 0.81796875 0.83203125 0.13671875 0.14375
1 0.72890625 0.8265625 0.1 0.11796875
1 0.72734375 0.74453125 0.1484375 0.0890625
1 0.6875 0.6859375 0.13125 0.13671875
1 0.64921875 0.6140625 0.11796875 0.08828125
1 0.56875 0.7171875 0.14140625 0.11328125
1 0.72109375 0.54609375 0.13828125 0.13359375
1 0.71328125 0.42265625 0.12890625 0.14609375
1 0.621875 0.48984375 0.14453125 0.1703125
1 0.54609375 0.509375 0.09375 0.10078125
1 0.48203125 0.5171875 0.09765625 0.1203125
1 0.3796875 0.47890625 0.146875 0.13828125
1 0.51875 0.30859375 0.1296875 0.10234375
1 0.48984375 0.3984375 0.1296875 0.14140625
1 0.6921875 0.29609375 0.08671875 0.0796875
1 0.6078125 0.25 0.0796875 0.06875
1 0.84765625 0.13125 0.103125 0.09765625
1 0.83046875 0.05 0.16328125 0.1
1 0.771875 0.1625 0.14609375 0.12734375
1 0.73125 0.0796875 0.1484375 0.13125
1 0.4578125 0.20625 0.115625 0.11796875
1 0.54296875 0.1859375 0.14453125 0.175
1 0.40625 0.2453125 0.16328125 0.12890625
1 0.32421875 0.0546875 0.1296875 0.1078125
1 0.30703125 0.13671875 0.13671875 0.12265625
1 0.08984375 0.40859375 0.175 0.1359375
1 0.26484375 0.24453125 0.09140625 0.0859375
1 0.19765625 0.22265625 0.14921875 0.1390625
1 0.09765625 0.26328125 0.15390625 0.14375
1 0.3828125 0.3625 0.13359375 0.13125
1 0.3171875 0.28828125 0.10546875 0.11953125
1 0.209375 0.35234375 0.165625 0.153125
1 0.06640625 0.50546875 0.10234375 0.10390625
1 0.1390625 0.4828125 0.11328125 0.11953125
1 0.1859375 0.5640625 0.11953125 0.09296875
1 0.42421875 0.56328125 0.12734375 0.1109375
1 0.53515625 0.62421875 0.12734375 0.125
1 0.66015625 0.85078125 0.121875 0.1296875
1 0.60390625 0.89140625 0.14375 0.13984375
1 0.496875 0.86796875 0.14921875 0.11328125
1 0.42578125 0.7953125 0.13984375 0.1359375
1 0.43828125 0.6625 0.13359375 0.12734375
1 0.35078125 0.83828125 0.10390625 0.1171875
1 0.13359375 0.909375 0.1109375 0.12421875
1 0.25234375 0.84453125 0.13125 0.11328125
1 0.14453125 0.79453125 0.15078125 0.121875
1 0.38203125 0.9484375 0.14609375 0.103125
1 0.89453125 0.5828125 0.14765625 0.1265625
1 0.6140625 0.35703125 0.1515625 0.14140625
1 0.87265625 0.31953125 0.1515625 0.14921875
1 0.41796875 0.10859375 0.14375 0.1234375
1 0.20859375 0.10390625 0.1375 0.146875
1 0.28828125 0.41875 0.1296875 0.1578125
1 0.628125 0.13515625 0.12890625 0.16875
1 0.790625 0.38046875 0.1515625 0.13359375
1 0.9484375 0.15390625 0.10234375 0.146875
1 0.53125 0.059375 0.1296875 0.11796875
1 0.11796875 0.71640625 0.0703125 0.065625