6 0.80390625 0.31796875 0.03203125 0.03203125
6 0.82265625 0.40390625 0.02421875 0.02421875
6 0.8265625 0.44296875 0.03203125 0.02734375
6 0.7953125 0.2578125 0.0296875 0.03046875
6 0.78359375 0.20078125 0.0359375 0.03515625
6 0.9234375 0.1859375 0.1296875 0.121875
6 0.62890625 0.6421875 0.034375 0.02734375
6 0.6234375 0.6203125 0.0390625 0.03359375
6 0.634375 0.565625 0.084375 0.07890625
6 0.8234375 0.53046875 0.03984375 0.0375
6 0.890625 0.54296875 0.04296875 0.053125
6 0.83046875 0.621875 0.03359375 0.03203125
6 0.8390625 0.6671875 0.034375 0.03515625
6 0.84296875 0.7140625 0.03046875 0.0359375
6 0.85859375 0.81484375 0.03046875 0.0390625
6 0.8484375 0.7640625 0.0359375 0.0359375
6 0.89921875 0.93203125 0.05546875 0.0515625
3 0.04375 0.9203125 0.0390625 0.0515625
6 0.16875 0.89453125 0.075 0.07421875
6 0.1453125 0.60546875 0.18203125 0.2859375
6 0.4421875 0.41875 0.06875 0.0703125
1 0.4015625 0.040625 0.078125 0.08125
1 0.7578125 0.13828125 0.028125 0.0265625