1 0.5171875 0.8875 0.1578125 0.17890625
1 0.08125 0.93046875 0.1625 0.1390625
1 0.640625 0.909375 0.16015625 0.14296875
1 0.84375 0.3625 0.1359375 0.13671875
1 0.9484375 0.82734375 0.103125 0.1140625
1 0.06015625 0.084375 0.1203125 0.13828125
1 0.065625 0.196875 0.13125 0.15625
1 0.0640625 0.31796875 0.128125 0.15
1 0.0515625 0.4359375 0.103125 0.140625
1 0.0578125 0.62734375 0.115625 0.1296875
1 0.12421875 0.50859375 0.16875 0.17578125
1 0.1375 0.3734375 0.15078125 0.14453125
1 0.14609375 0.25703125 0.14453125 0.13984375
1 0.1546875 0.134375 0.18359375 0.17265625
1 0.259375 0.0859375 0.14296875 0.16171875
1 0.246875 0.21171875 0.159375 0.15078125
1 0.24296875 0.3296875 0.14296875 0.13984375
1 0.234375 0.45625 0.1734375 0.16875
1 0.16328125 0.61171875 0.15 0.14140625
1 0.27890625 0.615625 0.16796875 0.16875
1 0.1140625 0.7578125 0.1796875 0.15234375
1 0.06796875 0.83828125 0.1140625 0.16171875
1 0.18125 0.8484375 0.13671875 0.13984375
1 0.1953125 0.946875 0.12421875 0.10625
1 0.3015625 0.85703125 0.1609375 0.13828125
1 0.29140625 0.95390625 0.12265625 0.0921875
1 0.4 0.8703125 0.15 0.11796875
1 0.390625 0.95390625 0.1546875 0.0921875
1 0.40078125 0.6375 0.13359375 0.13125
1 0.43203125 0.55546875 0.153125 0.14140625
1 0.33125 0.5015625 0.14375 0.1328125
1 0.3390625 0.3890625 0.13046875 0.1296875
1 0.3546875 0.2828125 0.14921875 0.16953125
1 0.35859375 0.1296875 0.15234375 0.16171875
1 0.4703125 0.10078125 0.16015625 0.159375
1 0.45859375 0.2171875 0.14140625 0.1359375
1 0.44765625 0.3421875 0.15625 0.13828125
1 0.4453125 0.46171875 0.15546875 0.12265625
1 0.52109375 0.659375 0.1453125 0.1578125
1 0.5421875 0.51640625 0.1421875 0.1453125
1 0.546875 0.40390625 0.1453125 0.1
1 0.55234375 0.290625 0.1453125 0.1203125
1 0.56640625 0.1734375 0.15546875 0.14296875
1 0.56796875 0.053125 0.1703125 0.10625
1 0.67109375 0.109375 0.12421875 0.1171875
1 0.67421875 0.23203125 0.14140625 0.15625
1 0.66640625 0.34453125 0.15 0.12734375
1 0.65 0.4578125 0.13203125 0.11328125
1 0.6546875 0.54765625 0.13203125 0.1359375
1 0.64453125 0.659375 0.13984375 0.140625
1 0.6015625 0.7875 0.13828125 0.1265625
1 0.7328125 0.8421875 0.15703125 0.1453125
1 0.74765625 0.1875 0.15 0.14296875
1 0.78203125 0.07578125 0.1625 0.1265625
1 0.8703125 0.2515625 0.175 0.153125
1 0.88359375 0.1328125 0.13046875 0.1265625
1 0.9375 0.18515625 0.125 0.1390625
1 0.75546875 0.415625 0.14453125 0.153125
1 0.7546875 0.2890625 0.103125 0.09609375
1 0.7671875 0.5375 0.1390625 0.13359375
1 0.7515625 0.74140625 0.16953125 0.15546875
1 0.75703125 0.64921875 0.16953125 0.14609375
1 0.84921875 0.75625 0.14609375 0.1609375
1 0.81796875 0.94375 0.1609375 0.1125
1 0.9125 0.92734375 0.1375 0.1453125
1 0.9171875 0.71328125 0.16484375 0.175
1 0.8640625 0.609375 0.15546875 0.1265625
1 0.86171875 0.4953125 0.1390625 0.1375
1 0.93984375 0.5515625 0.1203125 0.17265625
1 0.93984375 0.3453125 0.1203125 0.1515625
1 0.95703125 0.4484375 0.0859375 0.11875
1 0.2421875 0.77734375 0.13828125 0.1265625