1 0.4421875 0.5140625 0.17109375 0.165625
1 0.3859375 0.9296875 0.14375 0.115625
1 0.52734375 0.95 0.1328125 0.1
1 0.940625 0.15390625 0.11875 0.134375
1 0.73671875 0.12265625 0.13046875 0.128125
1 0.45703125 0.0703125 0.16015625 0.140625
1 0.7515625 0.2125 0.1265625 0.1125
1 0.640625 0.2 0.134375 0.14375
1 0.3265625 0.4203125 0.15 0.14921875
1 0.934375 0.2796875 0.13125 0.14921875
1 0.946875 0.4015625 0.10625 0.13203125
1 0.93046875 0.51796875 0.1390625 0.1359375
1 0.73515625 0.39765625 0.12109375 0.11484375
1 0.82734375 0.44765625 0.1609375 0.146875
1 0.88984375 0.41953125 0.11484375 0.115625
1 0.8453125 0.3234375 0.140625 0.13671875
1 0.74296875 0.3109375 0.1546875 0.146875
1 0.9296875 0.6421875 0.1328125 0.14921875
1 0.82734375 0.57421875 0.1625 0.16015625
1 0.81015625 0.93203125 0.128125 0.13046875
1 0.91640625 0.88671875 0.134375 0.12109375
1 0.91875 0.76484375 0.1625 0.1640625
1 0.821875 0.8140625 0.140625 0.1390625
1 0.6765625 0.52578125 0.1296875 0.128125
1 0.57421875 0.56484375 0.11875 0.12109375
1 0.5734375 0.45390625 0.1296875 0.1296875
1 0.52890625 0.36953125 0.146875 0.115625
1 0.43984375 0.29140625 0.13515625 0.13046875
1 0.21640625 0.2203125 0.1296875 0.12109375
1 0.33359375 0.16953125 0.1609375 0.14375
1 0.21875 0.32890625 0.14921875 0.14296875
1 0.19765625 0.459375 0.121875 0.14296875
1 0.8203125 0.6875 0.121875 0.134375
1 0.19609375 0.59609375 0.14765625 0.1578125
1 0.32421875 0.53984375 0.16953125 0.1390625
1 0.628125 0.6796875 0.16015625 0.1546875
1 0.71484375 0.74140625 0.15 0.14296875
1 0.7234375 0.86484375 0.13515625 0.1328125
1 0.62109375 0.91171875 0.15234375 0.15625
1 0.6234375 0.8 0.1125 0.115625
1 0.53984375 0.8015625 0.1046875 0.1015625
1 0.43125 0.6421875 0.1734375 0.1515625
1 0.30390625 0.6578125 0.15390625 0.13671875
1 0.18515625 0.7046875 0.1546875 0.12109375
1 0.54296875 0.721875 0.15 0.128125
1 0.534375 0.86640625 0.14765625 0.11953125
1 0.43828125 0.765625 0.16328125 0.15234375
1 0.41015625 0.834375 0.16328125 0.15
1 0.3078125 0.7796875 0.15625 0.14140625
1 0.19140625 0.81171875 0.1453125 0.1296875
1 0.29375 0.89140625 0.14296875 0.1265625
1 0.2046875 0.90234375 0.1453125 0.128125
1 0.8546875 0.0859375 0.1390625 0.13984375
1 0.65234375 0.0765625 0.13984375 0.1359375
1 0.63203125 0.33984375 0.1390625 0.146875
1 0.4421875 0.18515625 0.14375 0.1296875
1 0.946875 0.053125 0.10625 0.10625
1 0.71796875 0.628125 0.11796875 0.11015625
1 0.53828125 0.25078125 0.1203125 0.12421875
1 0.84375 0.20234375 0.12421875 0.128125
1 0.325 0.29140625 0.146875 0.1234375
1 0.3328125 0.0546875 0.12890625 0.109375
1 0.546875 0.1296875 0.1265625 0.1484375
1 0.53359375 0.61640625 0.14296875 0.115625