6 0.23984375 0.04375 0.19453125 0.08671875
6 0.24921875 0.1578125 0.2109375 0.1796875
6 0.20546875 0.27890625 0.13125 0.1109375
6 0.0953125 0.14296875 0.12578125 0.11171875
6 0.0609375 0.32109375 0.121875 0.1546875
6 0.13203125 0.5796875 0.12890625 0.17265625
6 0.23359375 0.61171875 0.09921875 0.12890625
6 0.14453125 0.75703125 0.1546875 0.2109375
6 0.1734375 0.92265625 0.12421875 0.1375
6 0.04140625 0.915625 0.0828125 0.16875
6 0.2984375 0.93671875 0.184375 0.1265625
6 0.315625 0.828125 0.21875 0.18359375
6 0.2953125 0.6734375 0.16328125 0.16171875
6 0.33984375 0.54921875 0.128125 0.1296875
6 0.36484375 0.4609375 0.11796875 0.10078125
6 0.440625 0.53984375 0.1046875 0.12109375
6 0.434375 0.63828125 0.21796875 0.10390625
6 0.45234375 0.73984375 0.2171875 0.1390625
6 0.4859375 0.90390625 0.1875 0.19140625
6 0.64296875 0.90078125 0.2 0.1984375
6 0.56796875 0.74296875 0.1703125 0.221875
6 0.5734375 0.5640625 0.16796875 0.18125
6 0.7421875 0.3796875 0.140625 0.12890625
6 0.696875 0.24296875 0.234375 0.18671875
3 0.72421875 0.01875 0.084375 0.0375
3 0.77890625 0.0140625 0.0921875 0.02734375
3 0.7296875 0.05546875 0.06484375 0.05
3 0.80859375 0.0546875 0.07109375 0.065625
3 0.88046875 0.03828125 0.06171875 0.06484375
3 0.9203125 0.0828125 0.06484375 0.065625
3 0.8640625 0.0671875 0.05703125 0.059375
3 0.88046875 0.10390625 0.07109375 0.0546875
3 0.81484375 0.1234375 0.0734375 0.078125
3 0.7703125 0.10859375 0.06328125 0.09453125
3 0.884375 0.15078125 0.06328125 0.065625
3 0.85390625 0.17890625 0.06484375 0.08125
3 0.81171875 0.20390625 0.07421875 0.0765625
3 0.88828125 0.22109375 0.0671875 0.0890625
3 0.83984375 0.2328125 0.07421875 0.0609375
6 0.9484375 0.36953125 0.1015625 0.12890625