1 0.0828125 0.903125 0.165625 0.16328125
1 0.5359375 0.821875 0.14921875 0.14140625
1 0.1625 0.66796875 0.1046875 0.09140625
1 0.31953125 0.22265625 0.13828125 0.14296875
1 0.8375 0.23203125 0.13671875 0.1296875
1 0.94140625 0.23984375 0.1171875 0.14765625
1 0.63359375 0.221875 0.14140625 0.140625
1 0.25625 0.459375 0.0953125 0.071875
1 0.83125 0.46171875 0.1171875 0.10625
1 0.93046875 0.46015625 0.1390625 0.1328125
1 0.94140625 0.3734375 0.1171875 0.121875
1 0.83359375 0.36015625 0.14375 0.1609375
1 0.6265625 0.42265625 0.1546875 0.1234375
1 0.61171875 0.325 0.12421875 0.11875
1 0.5015625 0.33125 0.14140625 0.1578125
1 0.06875 0.478125 0.13671875 0.1953125
1 0.1703125 0.4328125 0.15234375 0.16015625
1 0.93203125 0.57265625 0.1359375 0.1390625
1 0.81640625 0.540625 0.1125 0.1
1 0.61796875 0.54140625 0.13203125 0.13046875
1 0.91875 0.64609375 0.140625 0.1296875
1 0.81875 0.6671875 0.128125 0.15
1 0.60859375 0.66171875 0.1546875 0.15390625
1 0.50390625 0.57890625 0.15234375 0.1515625
1 0.303125 0.6859375 0.12421875 0.13671875
1 0.22890625 0.69375 0.09140625 0.10234375
1 0.1609375 0.7625 0.17109375 0.128125
1 0.0765625 0.790625 0.15234375 0.16875
1 0.80234375 0.8 0.1546875 0.14765625
1 0.7125 0.73828125 0.15390625 0.14375
1 0.60234375 0.7828125 0.1234375 0.12421875
1 0.70234375 0.865625 0.14765625 0.134375
1 0.48671875 0.9109375 0.13515625 0.08671875
1 0.58984375 0.91953125 0.1625 0.1578125
1 0.18828125 0.2515625 0.15390625 0.1671875
1 0.06875 0.625 0.1375 0.1625
6 0.51484375 0.06875 0.1296875 0.1375
1 0.14765625 0.42734375 0.1546875 0.16015625
1 0.39140625 0.2625 0.16328125 0.15546875
1 0.21875 0.87734375 0.1421875 0.17421875
1 0.43125 0.82421875 0.13671875 0.159375
1 0.1765625 0.575 0.1609375 0.14921875
1 0.7203125 0.3515625 0.15 0.15625
1 0.27578125 0.365625 0.153125 0.15703125
1 0.1875 0.07578125 0.10859375 0.11328125
6 0.15390625 0.13046875 0.11171875 0.11015625
1 0.7046875 0.621875 0.1546875 0.1625
6 0.06171875 0.07578125 0.1234375 0.1453125
6 0.328125 0.08515625 0.13125 0.16796875
1 0.9140625 0.06875 0.17109375 0.1359375
1 0.50859375 0.20625 0.13203125 0.1296875
1 0.50234375 0.4765625 0.14921875 0.16484375
1 0.8953125 0.9 0.19375 0.17578125
1 0.2875 0.5453125 0.12578125 0.14453125
1 0.4078125 0.4 0.15078125 0.140625
1 0.484375 0.728125 0.15703125 0.146875
1 0.315625 0.8375 0.1328125 0.17890625
1 0.396875 0.521875 0.14375 0.1484375
1 0.71796875 0.4984375 0.165625 0.1671875
6 0.67890625 0.1046875 0.13671875 0.140625
1 0.73359375 0.2265625 0.13046875 0.115625
1 0.103125 0.178125 0.0953125 0.0890625
1 0.90625 0.7609375 0.165625 0.14921875
1 0.76015625 0.9359375 0.13125 0.12734375
1 0.08046875 0.309375 0.1609375 0.14765625
1 0.3890625 0.6609375 0.1453125 0.17890625