1 0.6046875 0.9328125 0.08671875 0.0734375
1 0.84140625 0.16796875 0.1453125 0.1296875
1 0.4015625 0.40625 0.14375 0.153125
1 0.79765625 0.0625 0.134375 0.1234375
1 0.534375 0.75546875 0.1671875 0.159375
1 0.6328125 0.5765625 0.17265625 0.146875
1 0.48046875 0.25078125 0.1703125 0.153125
1 0.91640625 0.03984375 0.16328125 0.07890625
1 0.5296875 0.378125 0.178125 0.1640625
1 0.95859375 0.20390625 0.08125 0.14453125
1 0.88515625 0.7890625 0.165625 0.1625
1 0.8203125 0.91484375 0.1453125 0.13359375
1 0.93671875 0.1046875 0.1265625 0.12421875
1 0.2703125 0.94375 0.14921875 0.11171875
1 0.359375 0.86640625 0.1265625 0.1453125
1 0.4453125 0.91171875 0.1578125 0.15390625
1 0.70859375 0.9375 0.15625 0.12421875
1 0.93515625 0.90625 0.1296875 0.15625
1 0.43828125 0.77421875 0.140625 0.14375
1 0.553125 0.87265625 0.13359375 0.1328125
1 0.66328125 0.81875 0.15625 0.1328125
1 0.6484375 0.696875 0.14921875 0.15625
1 0.32265625 0.7234375 0.16328125 0.140625
1 0.44765625 0.6765625 0.1453125 0.14921875
1 0.76171875 0.74296875 0.14765625 0.146875
1 0.8671875 0.678125 0.16328125 0.15234375
1 0.75390625 0.62578125 0.15234375 0.13828125
1 0.4078125 0.57109375 0.1578125 0.171875
1 0.521875 0.52109375 0.16328125 0.159375
1 0.6390625 0.47890625 0.15390625 0.13359375
1 0.753125 0.44296875 0.1296875 0.115625
1 0.75859375 0.5296875 0.1578125 0.13125
1 0.8609375 0.58203125 0.15625 0.13515625
1 0.95546875 0.53359375 0.0890625 0.1421875
1 0.87265625 0.478125 0.13828125 0.12421875
1 0.78203125 0.31953125 0.12578125 0.1453125
1 0.85859375 0.38203125 0.175 0.14375
1 0.6015625 0.18671875 0.12578125 0.13125
1 0.63125 0.29765625 0.1734375 0.15234375
1 0.659375 0.37578125 0.1765625 0.1421875
1 0.709375 0.11171875 0.14921875 0.128125
1 0.73828125 0.2203125 0.1625 0.15625
1 0.88515625 0.25703125 0.16953125 0.1453125
1 0.940625 0.340625 0.11875 0.1421875
1 0.95625 0.44375 0.0875 0.121875
1 0.55703125 0.6359375 0.15546875 0.13515625