1 0.9484375 0.9390625 0.103125 0.12109375
1 0.953125 0.84453125 0.09375 0.1578125
1 0.928125 0.28515625 0.14375 0.1390625
1 0.8734375 0.05859375 0.128125 0.1125
1 0.8125 0.16640625 0.1578125 0.146875
1 0.74765625 0.0828125 0.14375 0.13046875
1 0.67109375 0.17421875 0.15703125 0.153125
1 0.609375 0.10859375 0.16953125 0.15703125
1 0.54765625 0.0625 0.175 0.125
1 0.35859375 0.08046875 0.11796875 0.0953125
1 0.4703125 0.13203125 0.15390625 0.1390625
1 0.54296875 0.2046875 0.16015625 0.1328125
1 0.69921875 0.38828125 0.15078125 0.15078125
1 0.61953125 0.29296875 0.15390625 0.165625
1 0.51796875 0.31171875 0.13046875 0.146875
1 0.42890625 0.28125 0.15390625 0.17421875
1 0.35078125 0.2546875 0.14765625 0.11875
1 0.34609375 0.15 0.153125 0.13125
1 0.265625 0.175 0.13515625 0.11640625
1 0.2234375 0.2515625 0.184375 0.14140625
1 0.11484375 0.20546875 0.11171875 0.115625
1 0.19296875 0.071875 0.1375 0.109375
1 0.58125 0.428125 0.1515625 0.1515625
1 0.47421875 0.43828125 0.134375 0.14921875
1 0.39140625 0.3953125 0.1578125 0.16171875
1 0.30703125 0.3625 0.1328125 0.15390625
1 0.1859375 0.359375 0.16640625 0.16015625
1 0.09453125 0.33125 0.13125 0.16015625
1 0.04609375 0.29453125 0.0921875 0.2046875
1 0.36796875 0.5171875 0.15390625 0.16640625
1 0.26484375 0.48359375 0.1515625 0.1703125
1 0.1609375 0.4546875 0.134375 0.13671875
1 0.0609375 0.4546875 0.12109375 0.165625
1 0.140625 0.56328125 0.16015625 0.16171875
1 0.053125 0.584375 0.10625 0.16953125
1 0.82265625 0.578125 0.1265625 0.13046875
1 0.66484375 0.50859375 0.159375 0.14765625
1 0.54921875 0.54921875 0.15078125 0.14921875
1 0.4578125 0.5609375 0.128125 0.146875
1 0.63515625 0.634375 0.17265625 0.16015625
1 0.1140625 0.6703125 0.1578125 0.140625
1 0.44296875 0.6890625 0.14375 0.14140625
1 0.53046875 0.684375 0.134375 0.14765625
1 0.64140625 0.75078125 0.16640625 0.13046875
1 0.81875 0.73671875 0.13125 0.1375
1 0.89375 0.7796875 0.14296875 0.1578125
1 0.43125 0.8046875 0.16328125 0.16328125
1 0.33671875 0.76171875 0.16171875 0.153125
1 0.4453125 0.92421875 0.17421875 0.1515625
1 0.334375 0.88046875 0.1390625 0.146875
1 0.23671875 0.8640625 0.16328125 0.16171875
1 0.11328125 0.8875 0.15390625 0.14765625
1 0.159375 0.7890625 0.1453125 0.12890625
1 0.06171875 0.7703125 0.1234375 0.134375
1 0.92890625 0.41875 0.1421875 0.1625
1 0.84921875 0.89296875 0.16796875 0.16875
1 0.921875 0.534375 0.15234375 0.134375
1 0.22734375 0.7359375 0.14375 0.146875
1 0.53359375 0.81875 0.17109375 0.165625
1 0.6578125 0.88359375 0.16328125 0.15
1 0.740625 0.28125 0.1671875 0.159375
1 0.91875 0.6546875 0.1453125 0.13984375
1 0.3609375 0.63359375 0.140625 0.12421875
1 0.2421875 0.6046875 0.16328125 0.1546875
1 0.18671875 0.1734375 0.07109375 0.07109375
1 0.115625 0.0828125 0.15 0.15