1 0.49921875 0.5546875 0.14765625 0.15390625
1 0.4234375 0.6546875 0.153125 0.1484375
1 0.23515625 0.81875 0.14921875 0.1578125
1 0.75234375 0.23828125 0.15703125 0.15546875
1 0.28828125 0.28203125 0.14921875 0.153125
1 0.490625 0.8890625 0.16640625 0.14375
1 0.31640625 0.740625 0.16484375 0.1375
1 0.60625 0.3375 0.1484375 0.14609375
1 0.10703125 0.14375 0.1671875 0.17890625
1 0.66484375 0.48359375 0.14140625 0.153125
1 0.24765625 0.13125 0.18125 0.16171875
1 0.125 0.884375 0.1703125 0.1515625
1 0.059375 0.43046875 0.11875 0.1421875
1 0.61015625 0.59921875 0.15234375 0.16015625
1 0.5734375 0.8109375 0.14453125 0.14140625
1 0.915625 0.93046875 0.1625 0.1390625
1 0.15859375 0.9640625 0.15546875 0.07109375
1 0.4578125 0.7796875 0.12578125 0.14140625
1 0.559375 0.4484375 0.165625 0.16328125
1 0.81953125 0.36953125 0.1421875 0.14453125
1 0.1140625 0.33984375 0.146875 0.15
1 0.54609375 0.7 0.14375 0.14921875
1 0.065625 0.5640625 0.13125 0.1484375
1 0.8421875 0.571875 0.134375 0.14921875
1 0.2 0.59609375 0.153125 0.14765625
1 0.36328125 0.8609375 0.15078125 0.13984375
1 0.26875 0.91875 0.15625 0.1328125
1 0.3953125 0.94453125 0.14375 0.1109375
1 0.5671875 0.93671875 0.16015625 0.12578125
1 0.67109375 0.946875 0.1109375 0.10625
1 0.6390625 0.85546875 0.13515625 0.1578125
1 0.79453125 0.95 0.16328125 0.1
1 0.75078125 0.875 0.13671875 0.115625
1 0.7171875 0.7671875 0.16484375 0.13828125
1 0.65546875 0.6984375 0.165625 0.14375
1 0.06015625 0.9328125 0.1203125 0.134375
1 0.06953125 0.69609375 0.1390625 0.15625
1 0.14296875 0.47265625 0.15859375 0.1453125
1 0.275 0.49375 0.15234375 0.1453125
1 0.225 0.384375 0.16875 0.1609375
1 0.3484375 0.39765625 0.16484375 0.14375
1 0.4109375 0.26953125 0.140625 0.15
1 0.06484375 0.246875 0.1296875 0.16953125
1 0.18515625 0.240625 0.16953125 0.15390625
1 0.165625 0.05546875 0.16015625 0.1109375
1 0.39609375 0.05546875 0.16953125 0.1109375
1 0.35625 0.16875 0.14375 0.14140625
1 0.45859375 0.1328125 0.1453125 0.13515625
1 0.67734375 0.10703125 0.15625 0.14765625
1 0.80234375 0.090625 0.15 0.17578125
1 0.92578125 0.0546875 0.14765625 0.10859375
1 0.9046875 0.14296875 0.134375 0.134375
1 0.64296875 0.21484375 0.15 0.1390625
1 0.94453125 0.21953125 0.1109375 0.1265625
1 0.8625 0.234375 0.12578125 0.14140625
1 0.91953125 0.3234375 0.12421875 0.13671875
1 0.89453125 0.43359375 0.12578125 0.128125
1 0.78828125 0.4765625 0.1609375 0.1328125
1 0.934375 0.5703125 0.13125 0.13671875
1 0.73046875 0.59609375 0.1625 0.1328125
1 0.78515625 0.66171875 0.140625 0.1171875
1 0.87421875 0.68515625 0.14921875 0.12421875
1 0.82421875 0.7765625 0.13828125 0.13203125
1 0.9359375 0.76953125 0.128125 0.1328125
1 0.87578125 0.86328125 0.1328125 0.11875
1 0.95625 0.81796875 0.08671875 0.11484375
1 0.9546875 0.66328125 0.090625 0.13046875
1 0.71171875 0.359375 0.14921875 0.15
1 0.959375 0.459375 0.08046875 0.10625