6 0.2734375 0.74765625 0.13125 0.1109375
6 0.1640625 0.7328125 0.1125 0.128125
1 0.83828125 0.828125 0.1234375 0.121875
6 0.16171875 0.36171875 0.15546875 0.1421875
6 0.19375 0.1578125 0.09375 0.0890625
6 0.0796875 0.9203125 0.06796875 0.0859375
6 0.68828125 0.15390625 0.059375 0.06015625
1 0.91640625 0.7046875 0.115625 0.10625
6 0.06328125 0.67265625 0.09765625 0.11953125
6 0.6 0.40078125 0.034375 0.034375
6 0.553125 0.35078125 0.03671875 0.03671875
6 0.18203125 0.084375 0.08828125 0.0953125
6 0.82734375 0.4453125 0.0859375 0.06875
6 0.36875 0.16015625 0.0453125 0.046875
6 0.928125 0.61328125 0.09375 0.09453125
6 0.76953125 0.53359375 0.05078125 0.0453125
3 0.03515625 0.771875 0.06953125 0.0671875
6 0.91328125 0.915625 0.1734375 0.16875
6 0.06796875 0.4921875 0.1359375 0.18984375
6 0.028125 0.284375 0.05546875 0.10625
6 0.62734375 0.425 0.0296875 0.03046875
6 0.09921875 0.80625 0.11640625 0.109375
6 0.28046875 0.07421875 0.0953125 0.0921875
6 0.1140625 0.10703125 0.07421875 0.09296875
1 0.95078125 0.8125 0.06796875 0.075
6 0.434375 0.97578125 0.17421875 0.0484375
6 0.56953125 0.98125 0.096875 0.0375
3 0.1953125 0.4015625 0.05546875 0.06171875
6 0.634375 0.8109375 0.27421875 0.25859375
3 0.78125 0.90546875 0.046875 0.071875
3 0.8109375 0.9328125 0.06015625 0.0515625
3 0.90078125 0.565625 0.06328125 0.0609375
3 0.86171875 0.54453125 0.0625 0.0734375
3 0.86328125 0.60078125 0.04296875 0.05
3 0.83203125 0.6 0.05 0.07109375
6 0.803125 0.57109375 0.04765625 0.04765625
3 0.9578125 0.0875 0.0375 0.04609375
3 0.98203125 0.11484375 0.03515625 0.0640625
6 0.6546875 0.45546875 0.04140625 0.04140625
3 0.10859375 0.028125 0.0671875 0.05546875
3 0.06796875 0.01328125 0.05859375 0.0265625