6 0.4859375 0.9109375 0.20625 0.178125
6 0.64375 0.9140625 0.10390625 0.1296875
6 0.72265625 0.82890625 0.13515625 0.11953125
6 0.42421875 0.71953125 0.209375 0.20625
6 0.54375 0.5546875 0.16484375 0.13125
6 0.49609375 0.44375 0.1109375 0.11796875
6 0.5390625 0.38125 0.07109375 0.0578125
6 0.7875 0.39375 0.14765625 0.11953125
6 0.84609375 0.64296875 0.0921875 0.11875
6 0.92265625 0.61796875 0.06015625 0.06171875
6 0.92421875 0.6734375 0.065625 0.059375
6 0.69765625 0.70078125 0.14921875 0.13515625
6 0.5921875 0.75546875 0.1359375 0.146875