6 0.04375 0.5328125 0.08671875 0.13515625
6 0.103125 0.55 0.05546875 0.07265625
6 0.28671875 0.6640625 0.11015625 0.121875
6 0.35625 0.7 0.0890625 0.1265625
6 0.328125 0.7890625 0.1015625 0.12890625
6 0.4453125 0.73828125 0.13671875 0.1375
6 0.609375 0.88671875 0.22578125 0.2265625
6 0.69140625 0.94765625 0.1015625 0.1046875
3 0.4796875 0.8609375 0.03984375 0.04453125
3 0.48125 0.91953125 0.04296875 0.040625
6 0.1375 0.8296875 0.1734375 0.2234375
6 0.23828125 0.8328125 0.0859375 0.08671875
6 0.29375 0.8828125 0.08515625 0.103125