3 0.040625 0.24453125 0.08046875 0.10234375
3 0.0984375 0.24609375 0.0734375 0.08359375
3 0.0875 0.41015625 0.096875 0.10078125
3 0.43359375 0.2828125 0.0796875 0.0765625
3 0.5015625 0.26640625 0.078125 0.0703125
3 0.528125 0.3140625 0.0828125 0.07265625
3 0.546875 0.24140625 0.05859375 0.07734375
3 0.2140625 0.665625 0.07265625 0.06640625
3 0.1984375 0.6796875 0.090625 0.08359375
3 0.3390625 0.7203125 0.1125 0.09296875
6 0.6625 0.8125 0.29921875 0.2859375
6 0.46875 0.80390625 0.0515625 0.05078125
6 0.49296875 0.825 0.03359375 0.03125