6 0.8484375 0.9734375 0.03125 0.034375
6 0.353125 0.51640625 0.0484375 0.053125
6 0.4984375 0.58984375 0.05546875 0.05078125
6 0.71796875 0.6734375 0.15859375 0.1390625
6 0.74140625 0.575 0.11328125 0.096875
6 0.81796875 0.3796875 0.04375 0.03984375
6 0.771875 0.37734375 0.03515625 0.0375
6 0.97421875 0.4171875 0.05078125 0.05546875
6 0.7046875 0.21328125 0.084375 0.06953125
6 0.859375 0.17109375 0.17421875 0.175
6 0.6890625 0.04453125 0.09609375 0.0890625
6 0.5375 0.04921875 0.15703125 0.0984375
6 0.5015625 0.14140625 0.07734375 0.090625
3 0.5921875 0.0828125 0.0359375 0.03671875
3 0.5953125 0.11875 0.0625 0.04140625
3 0.59296875 0.19375 0.05390625 0.04453125
3 0.453125 0.25078125 0.040625 0.05390625
3 0.4125 0.221875 0.0609375 0.053125
3 0.3640625 0.30078125 0.06953125 0.06640625
6 0.0265625 0.29140625 0.053125 0.0828125
1 0.6875 0.1546875 0.103125 0.0953125
1 0.85078125 0.06015625 0.09375 0.075
1 0.73125 0.0875 0.0984375 0.10625
1 0.76171875 0.2296875 0.0890625 0.10234375