1 0.95 0.671875 0.1 0.175
1 0.871875 0.365625 0.175 0.15
1 0.571875 0.41328125 0.1375 0.1359375
1 0.934375 0.0515625 0.13125 0.103125
1 0.17890625 0.925 0.13671875 0.140625
1 0.31171875 0.91484375 0.15234375 0.13984375
1 0.4203125 0.9015625 0.1328125 0.14453125
1 0.5515625 0.8984375 0.1578125 0.1625
1 0.16640625 0.82578125 0.14140625 0.128125
1 0.2671875 0.815625 0.14921875 0.140625
1 0.15 0.71953125 0.1375 0.11796875
1 0.271875 0.71171875 0.1375 0.1109375
1 0.3796875 0.77890625 0.15546875 0.1515625
1 0.50625 0.7765625 0.1390625 0.15625
1 0.490625 0.77890625 0.15 0.1375
1 0.3859375 0.67265625 0.1375 0.1171875
1 0.19453125 0.60546875 0.178125 0.1640625
1 0.31875 0.58828125 0.13984375 0.11640625
1 0.3484375 0.5328125 0.17109375 0.14765625
1 0.4546875 0.5671875 0.1140625 0.10234375
1 0.19765625 0.4859375 0.12578125 0.115625
1 0.284375 0.44140625 0.125 0.134375
1 0.27265625 0.28203125 0.140625 0.1515625
1 0.38125 0.3796875 0.153125 0.14453125
1 0.4671875 0.45390625 0.1609375 0.17265625
1 0.3984375 0.26875 0.15625 0.134375
1 0.52265625 0.2984375 0.1734375 0.16484375
1 0.309375 0.1515625 0.16796875 0.1359375
1 0.434375 0.16796875 0.13203125 0.1421875
1 0.5359375 0.1921875 0.13203125 0.13984375
1 0.44609375 0.05625 0.1453125 0.1125
1 0.3171875 0.053125 0.165625 0.10546875
1 0.56875 0.07109375 0.171875 0.14140625
1 0.6515625 0.159375 0.18046875 0.1453125
1 0.6796875 0.06875 0.16015625 0.13203125
1 0.79765625 0.12578125 0.178125 0.18359375
1 0.91015625 0.14765625 0.115625 0.1484375
1 0.6546875 0.2703125 0.15234375 0.1421875
1 0.77265625 0.3046875 0.14375 0.178125
1 0.8796875 0.24375 0.15703125 0.13984375
1 0.6953125 0.3953125 0.146875 0.15
1 0.67265625 0.5171875 0.1859375 0.16015625
1 0.559375 0.5328125 0.13125 0.128125
1 0.5578125 0.6203125 0.1515625 0.13984375
1 0.50390625 0.6671875 0.1390625 0.15234375
1 0.6828125 0.83671875 0.178125 0.15546875
1 0.66640625 0.91875 0.14765625 0.13359375
1 0.790625 0.92109375 0.15703125 0.15625
1 0.91484375 0.8984375 0.15546875 0.146875
1 0.80546875 0.8140625 0.15546875 0.14453125
1 0.76171875 0.71953125 0.1578125 0.15
1 0.64296875 0.75859375 0.18828125 0.14375
1 0.91484375 0.77265625 0.140625 0.15234375
1 0.63671875 0.66171875 0.165625 0.16484375
1 0.753125 0.6078125 0.15234375 0.159375
1 0.79765625 0.50078125 0.1421875 0.165625
1 0.85625 0.65546875 0.1390625 0.134375
1 0.91796875 0.5546875 0.1640625 0.153125
1 0.9015625 0.4515625 0.1609375 0.121875