1 0.1796875 0.953125 0.16015625 0.09296875
1 0.6140625 0.403125 0.1390625 0.11875
1 0.3171875 0.47578125 0.1515625 0.1390625
1 0.4390625 0.1671875 0.165625 0.1609375
1 0.7296875 0.23203125 0.12109375 0.121875
1 0.22421875 0.05234375 0.1546875 0.1046875
1 0.44765625 0.0515625 0.1296875 0.103125
1 0.334375 0.0921875 0.15859375 0.1578125
1 0.65 0.0640625 0.17421875 0.128125
1 0.54765625 0.1015625 0.16484375 0.16484375
1 0.75625 0.11796875 0.1453125 0.16015625
1 0.9359375 0.125 0.128125 0.1625
1 0.85 0.17734375 0.1515625 0.1390625
1 0.94296875 0.38203125 0.1140625 0.14140625
1 0.9453125 0.26015625 0.10859375 0.15390625
1 0.534375 0.21953125 0.17734375 0.1515625
1 0.65 0.1734375 0.15 0.15625
1 0.215625 0.14609375 0.1453125 0.14765625
1 0.11328125 0.19140625 0.1609375 0.14375
1 0.73125 0.359375 0.165625 0.15234375
1 0.64140625 0.29453125 0.1546875 0.15625
1 0.53671875 0.35390625 0.1671875 0.15390625
1 0.5328125 0.48046875 0.16953125 0.1453125
1 0.43125 0.4109375 0.16875 0.13515625
1 0.31875 0.3421875 0.1859375 0.18671875
1 0.21171875 0.39296875 0.15234375 0.14140625
1 0.09765625 0.56328125 0.1953125 0.1671875
1 0.93046875 0.49765625 0.1390625 0.1578125
1 0.8453125 0.43125 0.17421875 0.1796875
1 0.41640625 0.52890625 0.178125 0.16328125
1 0.30390625 0.58046875 0.15390625 0.14296875
1 0.20234375 0.6375 0.14375 0.13046875
1 0.08515625 0.69375 0.16953125 0.16953125
1 0.82109375 0.79765625 0.1453125 0.15234375
1 0.715625 0.73671875 0.15859375 0.14296875
1 0.29921875 0.71484375 0.16875 0.16015625
1 0.196875 0.76015625 0.16953125 0.1515625
1 0.61953125 0.53828125 0.184375 0.18046875
1 0.7265625 0.60546875 0.17734375 0.15625
1 0.93515625 0.62109375 0.1296875 0.14296875
1 0.91953125 0.7390625 0.1609375 0.1625
1 0.92890625 0.86875 0.1421875 0.13515625
1 0.91640625 0.95703125 0.13515625 0.0859375
1 0.82421875 0.91171875 0.1546875 0.1265625
1 0.19375 0.859375 0.1625 0.1390625
1 0.709375 0.9515625 0.146875 0.096875
1 0.70703125 0.84765625 0.178125 0.1578125
1 0.61796875 0.78359375 0.1546875 0.14375
1 0.58984375 0.9078125 0.16875 0.13203125
1 0.50390625 0.8359375 0.14921875 0.15625
1 0.39765625 0.88828125 0.15859375 0.140625
1 0.29453125 0.9328125 0.1515625 0.134375
1 0.0703125 0.95546875 0.128125 0.0890625
1 0.1203125 0.08828125 0.14453125 0.1515625
1 0.20546875 0.26953125 0.15078125 0.15
1 0.321875 0.221875 0.16328125 0.15703125
1 0.18984375 0.5109375 0.16015625 0.1515625
1 0.8421875 0.3046875 0.14921875 0.14921875
1 0.8203125 0.67890625 0.16953125 0.153125
1 0.5375 0.61171875 0.11875 0.10625
1 0.50234375 0.721875 0.1578125 0.1546875
1 0.08046875 0.821875 0.153125 0.1546875
1 0.6140625 0.66640625 0.1375 0.128125
1 0.103125 0.321875 0.159375 0.14921875
1 0.72421875 0.48515625 0.175 0.15078125
1 0.0859375 0.4421875 0.153125 0.125
1 0.83125 0.5515625 0.17109375 0.1578125
1 0.290625 0.8234375 0.15078125 0.12109375
1 0.040625 0.26015625 0.08125 0.14140625
1 0.42265625 0.29140625 0.159375 0.1421875