1 0.93671875 0.7046875 0.10234375 0.0828125
1 0.646875 0.93515625 0.1515625 0.1296875
1 0.94453125 0.05546875 0.1109375 0.1109375
1 0.8515625 0.0546875 0.140625 0.109375
1 0.8453125 0.1640625 0.12265625 0.13203125
1 0.84140625 0.271875 0.15 0.11875
1 0.77265625 0.61796875 0.1296875 0.13984375
1 0.7421875 0.85625 0.14609375 0.15234375
1 0.8953125 0.94921875 0.11640625 0.10078125
1 0.94296875 0.8796875 0.1140625 0.11875
1 0.884375 0.83515625 0.14609375 0.12734375
1 0.81796875 0.73515625 0.18671875 0.1546875
1 0.83125 0.384375 0.12890625 0.13359375
1 0.91953125 0.3984375 0.1078125 0.146875
1 0.81796875 0.50703125 0.13515625 0.13203125
1 0.76484375 0.11015625 0.1375 0.1453125
1 0.7328125 0.3546875 0.13203125 0.13515625
1 0.86953125 0.646875 0.13984375 0.15
1 0.74609375 0.23359375 0.13984375 0.1328125
1 0.9375 0.15390625 0.125 0.1640625
1 0.90859375 0.515625 0.13046875 0.1359375
1 0.8140625 0.9265625 0.1453125 0.14140625