6 0.1875 0.06484375 0.18984375 0.1296875
6 0.16640625 0.1921875 0.159375 0.1890625
6 0.3640625 0.19609375 0.14765625 0.1359375
6 0.7109375 0.075 0.03203125 0.0359375
6 0.3203125 0.53515625 0.04765625 0.0390625
6 0.34375 0.64765625 0.05859375 0.07890625
6 0.96328125 0.5953125 0.059375 0.06640625
6 0.659375 0.85390625 0.1359375 0.15703125
6 0.5734375 0.9296875 0.10390625 0.1140625
6 0.4359375 0.93984375 0.190625 0.11953125
6 0.09140625 0.93671875 0.1828125 0.1265625
6 0.403125 0.53828125 0.1015625 0.18671875