6 0.0609375 0.1125 0.121875 0.19375
6 0.1078125 0.21953125 0.19140625 0.23359375
6 0.21953125 0.33203125 0.21640625 0.19609375
6 0.33125 0.446875 0.21015625 0.20859375
6 0.4453125 0.546875 0.20546875 0.20625
6 0.5375 0.71953125 0.1515625 0.196875
6 0.8125 0.97734375 0.10078125 0.0453125
6 0.82421875 0.36328125 0.1 0.0734375
6 0.84140625 0.5046875 0.21640625 0.25390625
6 0.95 0.5609375 0.09921875 0.2015625
6 0.97421875 0.7296875 0.05078125 0.14609375
6 0.63203125 0.2421875 0.18125 0.1359375
6 0.325 0.065625 0.23125 0.13046875