6 0.05234375 0.753125 0.1015625 0.1421875
6 0.5046875 0.853125 0.3078125 0.29296875
3 0.84921875 0.50625 0.053125 0.0578125
3 0.909375 0.49765625 0.06171875 0.065625
3 0.8703125 0.4703125 0.06328125 0.0609375
3 0.87734375 0.396875 0.0921875 0.1
3 0.94609375 0.3796875 0.07421875 0.0953125
3 0.97890625 0.29296875 0.04140625 0.0671875
3 0.88515625 0.3203125 0.06484375 0.05546875
3 0.91171875 0.271875 0.06640625 0.065625
3 0.97578125 0.23125 0.04765625 0.07109375
3 0.98671875 0.17890625 0.0265625 0.0453125
3 0.91484375 0.21796875 0.04453125 0.05
3 0.95 0.20859375 0.06328125 0.04765625
3 0.95234375 0.178125 0.034375 0.0328125
3 0.9109375 0.17578125 0.04140625 0.03984375
3 0.86171875 0.18203125 0.05234375 0.05546875
1 0.271875 0.3328125 0.10390625 0.1109375
1 0.20078125 0.36796875 0.1046875 0.1
1 0.409375 0.27734375 0.08125 0.084375
1 0.1484375 0.434375 0.0515625 0.0578125
1 0.346875 0.31328125 0.0859375 0.0921875