6 0.66484375 0.06171875 0.0953125 0.10078125
6 0.85 0.13671875 0.18984375 0.16171875
6 0.925 0.1765625 0.10078125 0.09140625
6 0.578125 0.1921875 0.0765625 0.08515625
6 0.528125 0.1828125 0.05625 0.06953125
6 0.54453125 0.271875 0.09375 0.09140625
6 0.46953125 0.29140625 0.075 0.078125
6 0.5234375 0.340625 0.06875 0.0625
6 0.44765625 0.365625 0.14609375 0.13828125
6 0.37109375 0.52109375 0.06953125 0.10546875
6 0.31875 0.559375 0.07578125 0.07421875
6 0.1515625 0.446875 0.08984375 0.0890625
6 0.08203125 0.4953125 0.046875 0.04765625
6 0.01875 0.56015625 0.0375 0.0765625
6 0.0359375 0.65859375 0.071875 0.0859375
6 0.25234375 0.71640625 0.2296875 0.2296875
6 0.2734375 0.91328125 0.12890625 0.13203125
6 0.76015625 0.928125 0.065625 0.06015625
6 0.84765625 0.96953125 0.06015625 0.0609375
6 0.9703125 0.9296875 0.02109375 0.02109375
6 0.94921875 0.978125 0.05625 0.04296875