6 0.1078125 0.646875 0.05703125 0.0515625
6 0.0265625 0.68203125 0.053125 0.06875
6 0.8796875 0.9515625 0.06796875 0.0875
6 0.81328125 0.9265625 0.06953125 0.0828125
6 0.6734375 0.1015625 0.103125 0.08515625
6 0.9484375 0.96875 0.10234375 0.06171875
6 0.78359375 0.8375 0.14296875 0.153125
6 0.9171875 0.7828125 0.03984375 0.04453125
6 0.74375 0.934375 0.07109375 0.0515625
6 0.95625 0.78671875 0.0375 0.0375
6 0.81171875 0.0734375 0.171875 0.14609375
6 0.75390625 0.12734375 0.03125 0.03046875
6 0.971875 0.1828125 0.0328125 0.0328125
6 0.978125 0.1375 0.028125 0.028125
6 0.87421875 0.2203125 0.02265625 0.0234375
6 0.85546875 0.23984375 0.0234375 0.02265625
6 0.7828125 0.1796875 0.0203125 0.02421875
6 0.69453125 0.25078125 0.02734375 0.0265625
6 0.7203125 0.2296875 0.025 0.02265625
6 0.6578125 0.2765625 0.02734375 0.02578125
6 0.56328125 0.2859375 0.03828125 0.0421875
6 0.52109375 0.27265625 0.02109375 0.01953125
6 0.16640625 0.60546875 0.0359375 0.03828125
6 0.40546875 0.91953125 0.1515625 0.15703125
3 0.45625 0.9796875 0.05234375 0.040625
3 0.64609375 0.9125 0.0515625 0.0578125
3 0.97109375 0.91953125 0.05703125 0.046875
3 0.95234375 0.8953125 0.0765625 0.04140625
3 0.89921875 0.88671875 0.07578125 0.05625
3 0.91015625 0.8546875 0.06171875 0.04609375
3 0.8796875 0.846875 0.05 0.03828125
3 0.85859375 0.871875 0.04296875 0.0546875
6 0.76484375 0.74296875 0.0296875 0.03359375
6 0.74921875 0.76015625 0.02890625 0.02734375
6 0.909375 0.37890625 0.05625 0.06640625
6 0.42109375 0.39140625 0.01328125 0.0140625
6 0.44453125 0.38359375 0.0125 0.015625
6 0.39765625 0.4015625 0.01328125 0.01484375
6 0.37421875 0.41171875 0.01328125 0.0109375
6 0.35078125 0.41953125 0.0125 0.01484375
6 0.4046875 0.3671875 0.0203125 0.02265625
6 0.35078125 0.3875 0.0234375 0.02578125
6 0.3578125 0.35546875 0.021875 0.02109375
6 0.39140625 0.33984375 0.01953125 0.0234375