1 0.52421875 0.075 0.11953125 0.109375
1 0.52578125 0.18125 0.12578125 0.11640625
1 0.56796875 0.49921875 0.115625 0.11875
1 0.89921875 0.1109375 0.103125 0.10390625
6 0.32109375 0.76875 0.0609375 0.0640625
3 0.63046875 0.04453125 0.0609375 0.0625
1 0.83125 0.95546875 0.1125 0.08828125
3 0.828125 0.021875 0.05625 0.04375
6 0.4125 0.69765625 0.059375 0.059375
1 0.98125 0.26015625 0.0375 0.07578125
3 0.7734375 0.0984375 0.07578125 0.07421875
1 0.86328125 0.1921875 0.084375 0.08046875
3 0.0625 0.484375 0.05390625 0.06796875
3 0.04609375 0.54296875 0.05390625 0.05
3 0.240625 0.45546875 0.0640625 0.0671875
3 0.2125 0.43828125 0.06328125 0.06640625
3 0.29453125 0.35703125 0.0765625 0.090625
3 0.81328125 0.1265625 0.08984375 0.07421875
3 0.903125 0.04921875 0.06484375 0.053125
3 0.921875 0.02265625 0.08125 0.0453125
1 0.96015625 0.0703125 0.06875 0.07421875
6 0.965625 0.14609375 0.06796875 0.10234375
1 0.6953125 0.0953125 0.10078125 0.115625
6 0.63515625 0.16484375 0.14453125 0.1703125
6 0.52578125 0.2703125 0.23359375 0.140625
6 0.54296875 0.38671875 0.0671875 0.06015625
6 0.4890625 0.8953125 0.04765625 0.04921875
6 0.509375 0.83046875 0.04375 0.05859375
6 0.93671875 0.36328125 0.125 0.128125
6 0.95859375 0.48515625 0.08125 0.13828125