1 0.48203125 0.57265625 0.13671875 0.14921875
1 0.83125 0.05859375 0.16328125 0.11484375
1 0.70546875 0.09609375 0.146875 0.1734375
1 0.5015625 0.2046875 0.1828125 0.16484375
1 0.2828125 0.18203125 0.1578125 0.134375
1 0.29375 0.0734375 0.15234375 0.146875
1 0.07421875 0.0609375 0.1484375 0.121875
1 0.0734375 0.196875 0.146875 0.1625
1 0.06015625 0.29140625 0.1203125 0.1546875
1 0.18828125 0.23828125 0.1578125 0.13671875
1 0.26640625 0.303125 0.15390625 0.14296875
1 0.16328125 0.35859375 0.16015625 0.16015625
1 0.0734375 0.41796875 0.146875 0.171875
1 0.17734375 0.4828125 0.14375 0.140625
1 0.38203125 0.378125 0.15859375 0.16015625
1 0.73125 0.225 0.11015625 0.0890625
1 0.92734375 0.0984375 0.1453125 0.140625
1 0.80859375 0.16328125 0.16953125 0.14921875
1 0.8046875 0.27890625 0.15859375 0.140625
1 0.80546875 0.4109375 0.16875 0.171875
1 0.69921875 0.321875 0.16015625 0.16875
1 0.59296875 0.39375 0.15859375 0.171875
1 0.3796875 0.49140625 0.15859375 0.14765625
1 0.06484375 0.53125 0.1296875 0.17734375
1 0.159375 0.6046875 0.1453125 0.16015625
1 0.89921875 0.5875 0.15234375 0.1515625
1 0.80234375 0.52578125 0.15234375 0.13828125
1 0.68359375 0.5796875 0.17578125 0.1609375
1 0.3671875 0.61484375 0.1609375 0.15
1 0.353125 0.74375 0.146875 0.15390625
1 0.7828125 0.65234375 0.165625 0.1578125
1 0.46328125 0.69140625 0.17421875 0.1671875
1 0.265625 0.67890625 0.1578125 0.14921875
1 0.14296875 0.72734375 0.15625 0.146875
1 0.05546875 0.79375 0.1109375 0.15390625
1 0.09375 0.915625 0.13671875 0.134375
1 0.140625 0.85 0.1578125 0.15
1 0.25546875 0.79375 0.1578125 0.13828125
1 0.353125 0.86875 0.1609375 0.15
1 0.8875 0.82734375 0.18828125 0.16015625
1 0.77421875 0.77421875 0.15390625 0.140625
1 0.67734375 0.80625 0.13671875 0.1578125
1 0.665625 0.93046875 0.159375 0.1390625
1 0.56875 0.88046875 0.16328125 0.171875
1 0.45546875 0.9234375 0.18046875 0.153125
1 0.69296875 0.45390625 0.1578125 0.15703125
1 0.58125 0.63984375 0.175 0.1375
1 0.6078125 0.1546875 0.16875 0.1453125
1 0.265625 0.42890625 0.1625 0.14765625
1 0.6 0.26875 0.1515625 0.1265625
1 0.9078125 0.4703125 0.140625 0.13984375
1 0.0640625 0.66953125 0.128125 0.1703125
1 0.89296875 0.7125 0.1578125 0.14453125
1 0.18046875 0.12265625 0.15546875 0.15
1 0.38359375 0.25 0.1640625 0.13828125
1 0.4515625 0.8234375 0.17734375 0.1671875
1 0.92890625 0.2265625 0.13203125 0.1265625
1 0.259375 0.5609375 0.16484375 0.14453125
1 0.5734375 0.77421875 0.1515625 0.16328125
1 0.9109375 0.3484375 0.175 0.1484375
1 0.49375 0.0859375 0.165625 0.13203125
1 0.24609375 0.91953125 0.17109375 0.15546875
1 0.48125 0.446875 0.1671875 0.1609375