3 0.69921875 0.6296875 0.06328125 0.06328125
3 0.8484375 0.63359375 0.0671875 0.05625
3 0.8015625 0.61640625 0.06875 0.06640625
3 0.7390625 0.58515625 0.06171875 0.065625
3 0.7640625 0.575 0.053125 0.0578125
3 0.76328125 0.521875 0.06796875 0.07421875
3 0.8546875 0.47109375 0.0625 0.06171875
3 0.88671875 0.4890625 0.071875 0.06328125
3 0.73359375 0.46484375 0.0703125 0.05078125
3 0.77109375 0.43125 0.10859375 0.065625
3 0.79140625 0.40625 0.07734375 0.05390625
3 0.7921875 0.35859375 0.1125 0.06328125
3 0.77734375 0.2984375 0.08046875 0.06796875
3 0.71640625 0.27578125 0.0875 0.0703125
6 0.31796875 0.05234375 0.128125 0.103125
6 0.43984375 0.09140625 0.1265625 0.1375
1 0.54921875 0.03984375 0.103125 0.0796875
6 0.515625 0.896875 0.07421875 0.07578125
6 0.49375 0.828125 0.10234375 0.09765625
6 0.16953125 0.7703125 0.125 0.13359375
1 0.871875 0.07265625 0.1375 0.12734375
6 0.81953125 0.17578125 0.20703125 0.16171875