6 0.4921875 0.20078125 0.1921875 0.15234375
6 0.50234375 0.290625 0.15625 0.13671875
6 0.3859375 0.3203125 0.0953125 0.09296875
3 0.5421875 0.39140625 0.05625 0.0609375
3 0.48046875 0.40234375 0.08828125 0.075
3 0.44453125 0.38984375 0.09296875 0.059375
3 0.63828125 0.4640625 0.06328125 0.05703125
3 0.628125 0.51796875 0.03984375 0.0578125
3 0.69765625 0.56484375 0.0890625 0.07578125
6 0.7046875 0.49296875 0.12421875 0.10625
6 0.09609375 0.3734375 0.10078125 0.09921875
3 0.1640625 0.5609375 0.078125 0.07109375
3 0.1484375 0.6046875 0.06953125 0.05703125
3 0.34296875 0.603125 0.103125 0.08359375
3 0.31484375 0.63515625 0.08984375 0.0671875
3 0.23203125 0.66640625 0.06875 0.0734375
6 0.31171875 0.71640625 0.15625 0.1421875
6 0.44453125 0.71328125 0.1796875 0.165625
6 0.40078125 0.884375 0.171875 0.1796875
6 0.6734375 0.9421875 0.15546875 0.115625
6 0.57578125 0.9484375 0.13359375 0.10234375
3 0.60234375 0.8765625 0.07265625 0.06171875
3 0.578125 0.90390625 0.06015625 0.05625