6 0.79140625 0.12265625 0.040625 0.0375
6 0.88984375 0.14140625 0.084375 0.09765625
6 0.9375 0.21796875 0.03984375 0.03828125
6 0.58984375 0.78671875 0.0890625 0.075
6 0.68125 0.94296875 0.14609375 0.1140625
6 0.62890625 0.865625 0.13515625 0.11015625
1 0.2953125 0.95625 0.1390625 0.0875
6 0.14453125 0.80546875 0.071875 0.06484375
6 0.1546875 0.9125 0.20390625 0.17421875
6 0.4609375 0.76796875 0.09921875 0.10859375
6 0.375 0.74375 0.10703125 0.07734375
3 0.58984375 0.6515625 0.05 0.04765625
3 0.5703125 0.621875 0.04140625 0.04765625
3 0.60625 0.575 0.04765625 0.04765625
3 0.54296875 0.53828125 0.06171875 0.0703125
3 0.57578125 0.52421875 0.0578125 0.065625
3 0.5640625 0.47578125 0.04296875 0.03984375
3 0.77734375 0.43203125 0.0609375 0.05
6 0.6421875 0.47109375 0.10234375 0.10703125
6 0.49375 0.50546875 0.10234375 0.14140625
6 0.3859375 0.628125 0.2703125 0.1921875
6 0.23828125 0.6234375 0.1953125 0.2140625
6 0.03984375 0.58828125 0.07890625 0.21015625
6 0.05234375 0.75859375 0.1046875 0.14453125
6 0.14609375 0.5171875 0.08671875 0.09140625
6 0.10703125 0.428125 0.13984375 0.10546875
6 0.2203125 0.39140625 0.0734375 0.0609375
3 0.26796875 0.3515625 0.1 0.06796875
3 0.2515625 0.3078125 0.09921875 0.05234375
3 0.225 0.28125 0.0546875 0.04453125
6 0.32421875 0.2203125 0.228125 0.22109375
6 0.26953125 0.0828125 0.1078125 0.12421875
6 0.3546875 0.06015625 0.10390625 0.09453125
6 0.11796875 0.09296875 0.134375 0.09609375
6 0.08359375 0.23046875 0.16640625 0.20078125
1 0.35234375 0.83046875 0.0875 0.0875
1 0.3203125 0.4875 0.1 0.1046875
1 0.44921875 0.89609375 0.11875 0.121875
1 0.26953125 0.7625 0.11640625 0.11328125
1 0.18359375 0.4734375 0.08046875 0.1109375
1 0.2765625 0.8484375 0.075 0.0890625
1 0.1859375 0.765625 0.0765625 0.0734375