6 0.275 0.0828125 0.184375 0.16484375
6 0.18828125 0.19921875 0.19921875 0.16015625
6 0.1484375 0.10703125 0.09609375 0.10859375
6 0.11328125 0.27890625 0.0671875 0.0625
6 0.046875 0.33125 0.0640625 0.059375
6 0.7265625 0.07421875 0.15859375 0.1484375
6 0.8859375 0.04765625 0.12421875 0.09453125
3 0.87578125 0.121875 0.0546875 0.04140625
3 0.85 0.15 0.046875 0.034375
3 0.61484375 0.14609375 0.0671875 0.075
3 0.55859375 0.14140625 0.0671875 0.05703125
3 0.725 0.21953125 0.065625 0.05546875
3 0.69140625 0.2390625 0.06328125 0.05703125
3 0.64609375 0.26875 0.05703125 0.0609375
3 0.07734375 0.853125 0.0734375 0.0984375
3 0.0390625 0.8109375 0.07734375 0.0953125
3 0.0390625 0.94765625 0.078125 0.0796875