6 0.69375 0.69296875 0.0859375 0.09609375
6 0.56953125 0.903125 0.0640625 0.0640625
6 0.7234375 0.8203125 0.07265625 0.0765625
6 0.2984375 0.9140625 0.046875 0.03984375
6 0.61171875 0.521875 0.05234375 0.0515625
3 0.53515625 0.403125 0.04609375 0.04140625
3 0.51953125 0.38515625 0.034375 0.0328125
6 0.8890625 0.1828125 0.0421875 0.04375
6 0.8390625 0.18203125 0.03515625 0.03984375
6 0.78671875 0.21875 0.05078125 0.04375
6 0.4734375 0.12109375 0.11015625 0.10703125
1 0.66171875 0.9359375 0.11171875 0.1265625
1 0.7609375 0.740625 0.096875 0.08515625
1 0.7359375 0.93125 0.09609375 0.13359375
1 0.51953125 0.96640625 0.1171875 0.0671875
1 0.8234375 0.95625 0.10234375 0.0828125
1 0.796875 0.9 0.0984375 0.096875
1 0.6015625 0.9625 0.08828125 0.07421875