6 0.23359375 0.2328125 0.12734375 0.153125
6 0.61796875 0.0875 0.0421875 0.04609375
6 0.65 0.4109375 0.0359375 0.03515625
6 0.6828125 0.42265625 0.0390625 0.034375
6 0.85234375 0.2609375 0.07734375 0.0796875
6 0.76171875 0.465625 0.04453125 0.0453125
6 0.79140625 0.3453125 0.08515625 0.08046875
6 0.93203125 0.49921875 0.09296875 0.0890625
5 0.84296875 0.68046875 0.04765625 0.0515625
6 0.74375 0.684375 0.040625 0.03828125
6 0.246875 0.7015625 0.0484375 0.0328125
6 0.2609375 0.73671875 0.0546875 0.059375
6 0.3171875 0.8390625 0.0953125 0.0875
6 0.05859375 0.82578125 0.1171875 0.24296875
6 0.0921875 0.77109375 0.13359375 0.1625
6 0.0796875 0.58125 0.159375 0.18828125
6 0.06171875 0.4390625 0.1078125 0.1109375
1 0.1265625 0.18671875 0.1234375 0.12421875
1 0.68515625 0.67578125 0.0953125 0.09375
1 0.653125 0.7515625 0.09609375 0.07890625
1 0.65390625 0.809375 0.0890625 0.0734375
1 0.9671875 0.059375 0.06484375 0.10546875