6 0.20390625 0.72421875 0.13828125 0.16640625
6 0.33046875 0.64765625 0.22265625 0.28125
6 0.28984375 0.4640625 0.09921875 0.115625
6 0.4171875 0.45859375 0.1140625 0.08984375
6 0.51484375 0.96328125 0.1796875 0.07265625
6 0.55703125 0.9015625 0.17265625 0.14296875
6 0.928125 0.62734375 0.03515625 0.0484375
3 0.12265625 0.9796875 0.0828125 0.040625
3 0.05078125 0.4984375 0.06875 0.07109375
3 0.0953125 0.5375 0.06015625 0.05390625
6 0.16796875 0.52890625 0.0609375 0.07890625
6 0.13515625 0.490625 0.07265625 0.0859375
6 0.175 0.44453125 0.05859375 0.08125
3 0.0875 0.43515625 0.05859375 0.06640625
3 0.12421875 0.40859375 0.05234375 0.0671875
6 0.0703125 0.38984375 0.06640625 0.09453125
6 0.12890625 0.3125 0.1296875 0.12578125
1 0.86640625 0.771875 0.10859375 0.1078125
1 0.840625 0.9203125 0.1375 0.14375
1 0.2125 0.26640625 0.09296875 0.1
1 0.04375 0.3140625 0.0875 0.09296875
1 0.225 0.33203125 0.078125 0.07578125
1 0.1078125 0.196875 0.1078125 0.11015625
1 0.65234375 0.93125 0.090625 0.103125
1 0.19453125 0.1671875 0.06796875 0.0765625
1 0.18359375 0.36640625 0.06875 0.07734375
1 0.1671875 0.225 0.07421875 0.08203125
1 0.0453125 0.221875 0.08984375 0.1
1 0.5015625 0.77578125 0.096875 0.1078125
1 0.43359375 0.83828125 0.103125 0.13125
1 0.9265625 0.92265625 0.08359375 0.10859375
1 0.03359375 0.43828125 0.0671875 0.0796875
1 0.02734375 0.371875 0.0546875 0.078125
1 0.3 0.79453125 0.15 0.13203125
1 0.3671875 0.94140625 0.1078125 0.11328125