3 0.77578125 0.03828125 0.0640625 0.0328125
6 0.96015625 0.76640625 0.078125 0.140625
3 0.8828125 0.7796875 0.07421875 0.0578125
3 0.91640625 0.76015625 0.046875 0.046875
3 0.86875 0.7390625 0.04921875 0.0359375
6 0.77265625 0.709375 0.08671875 0.10234375
5 0.4890625 0.81953125 0.07734375 0.06015625
5 0.58125 0.8640625 0.0890625 0.078125
3 0.32421875 0.9875 0.05859375 0.02421875
3 0.346875 0.97109375 0.03125 0.0359375
6 0.4015625 0.84453125 0.06328125 0.09296875
6 0.1375 0.65390625 0.1109375 0.10625
6 0.24765625 0.659375 0.1015625 0.0796875
6 0.36875 0.73125 0.08515625 0.1
6 0.58984375 0.62890625 0.09609375 0.09453125
6 0.44765625 0.565625 0.1578125 0.1515625
6 0.396875 0.46953125 0.10546875 0.11875
6 0.34765625 0.528125 0.096875 0.0890625
6 0.18125 0.38125 0.05 0.053125
6 0.23203125 0.40078125 0.0375 0.03671875
6 0.296875 0.4203125 0.1203125 0.14140625
6 0.47578125 0.4359375 0.096875 0.0984375
6 0.5296875 0.38984375 0.09296875 0.1015625
6 0.61484375 0.1703125 0.0984375 0.078125
3 0.7015625 0.12734375 0.05625 0.046875
3 0.6625 0.10078125 0.06796875 0.065625
3 0.56015625 0.1203125 0.0546875 0.03671875
3 0.55859375 0.09453125 0.0421875 0.03125
3 0.57890625 0.084375 0.03671875 0.03203125
3 0.55859375 0.075 0.03203125 0.03046875
3 0.5359375 0.0984375 0.0375 0.03203125
6 0.5359375 0.06640625 0.04453125 0.04921875
6 0.1484375 0.1375 0.05859375 0.0890625
3 0.05703125 0.28984375 0.0453125 0.05546875
3 0.08671875 0.29375 0.03125 0.0359375
3 0.06953125 0.2546875 0.0375 0.040625
1 0.9375 0.15546875 0.125 0.11640625
1 0.903125 0.21875 0.084375 0.0875
1 0.6171875 0.28046875 0.11953125 0.10234375
1 0.63125 0.22109375 0.1078125 0.0796875
1 0.96796875 0.43515625 0.0640625 0.0796875
1 0.7828125 0.12421875 0.0734375 0.08125
1 0.959375 0.25625 0.08125 0.1078125
1 0.9609375 0.50625 0.07734375 0.090625
1 0.61875 0.08046875 0.06328125 0.06328125
1 0.86171875 0.1078125 0.08125 0.09296875
1 0.946875 0.3890625 0.06875 0.07109375
1 0.88515625 0.03671875 0.10390625 0.0734375
1 0.81484375 0.17890625 0.06953125 0.071875
1 0.88203125 0.296875 0.06328125 0.06875