6 0.465625 0.090625 0.13359375 0.18125
6 0.1234375 0.109375 0.228125 0.21875
6 0.1765625 0.51015625 0.06171875 0.06875
6 0.3796875 0.73671875 0.05078125 0.0484375
6 0.8609375 0.65078125 0.22578125 0.325
6 0.69140625 0.2515625 0.1328125 0.1734375
6 0.58515625 0.278125 0.09453125 0.09609375
6 0.5421875 0.33671875 0.09765625 0.08203125
3 0.59765625 0.39765625 0.09375 0.07109375
3 0.62578125 0.37421875 0.0609375 0.0609375
3 0.64296875 0.34296875 0.0546875 0.05
3 0.75078125 0.44609375 0.153125 0.128125
6 0.940625 0.4875 0.08515625 0.07109375
6 0.65546875 0.62734375 0.05625 0.04609375
6 0.91953125 0.90234375 0.1609375 0.19453125