1 0.91796875 0.7921875 0.0421875 0.0421875
6 0.9109375 0.8703125 0.04765625 0.0484375
6 0.26484375 0.9765625 0.0796875 0.046875
6 0.2921875 0.6375 0.0359375 0.0359375
3 0.30390625 0.67578125 0.0421875 0.04140625
1 0.065625 0.0578125 0.13125 0.115625
1 0.25546875 0.16015625 0.153125 0.13125
1 0.94765625 0.68984375 0.103125 0.13359375
1 0.2296875 0.40546875 0.15546875 0.1296875
1 0.7671875 0.25546875 0.12421875 0.125
1 0.66484375 0.06640625 0.16875 0.1328125
1 0.2484375 0.278125 0.1515625 0.13984375
1 0.6703125 0.1875 0.15703125 0.146875
1 0.5640625 0.3671875 0.1625 0.15078125
1 0.0546875 0.3875 0.109375 0.134375
1 0.12734375 0.3140625 0.12265625 0.1203125
1 0.0921875 0.353125 0.0453125 0.03984375
1 0.5515625 0.11953125 0.1671875 0.1421875
1 0.35703125 0.22421875 0.18125 0.15
1 0.34375 0.340625 0.1625 0.13203125
1 0.12734375 0.4359375 0.125 0.1625
1 0.24921875 0.5125 0.15234375 0.13046875
1 0.4328125 0.53125 0.159375 0.1625
1 0.55625 0.559375 0.1421875 0.14609375
1 0.6484375 0.5359375 0.10234375 0.11640625
1 0.3609375 0.4625 0.1390625 0.14453125
1 0.55234375 0.46015625 0.15625 0.1125
1 0.45546875 0.3984375 0.1171875 0.1296875
1 0.45546875 0.2671875 0.11640625 0.15625
1 0.0625 0.26015625 0.125 0.1484375
1 0.05625 0.14609375 0.11171875 0.121875
1 0.16171875 0.0921875 0.1296875 0.1375
1 0.26875 0.0484375 0.13671875 0.096875
1 0.3734375 0.0953125 0.15859375 0.1296875
1 0.48046875 0.0703125 0.1578125 0.140625
1 0.565625 0.23125 0.1609375 0.1515625
1 0.79765625 0.13671875 0.153125 0.134375
1 0.67734375 0.31015625 0.1328125 0.171875
1 0.75625 0.36953125 0.1609375 0.1640625
1 0.1484375 0.21875 0.12890625 0.13828125
1 0.80234375 0.04296875 0.15859375 0.0859375