1 0.24140625 0.6234375 0.06328125 0.0671875
1 0.05234375 0.09609375 0.1046875 0.11484375
1 0.065625 0.71015625 0.13046875 0.13828125
1 0.22265625 0.48046875 0.15390625 0.18359375
1 0.940625 0.4765625 0.11875 0.16953125
1 0.11640625 0.39453125 0.1515625 0.16796875
1 0.059375 0.209375 0.11875 0.14375
1 0.1421875 0.16015625 0.14609375 0.1375
1 0.240625 0.2234375 0.1671875 0.15625
1 0.6609375 0.26484375 0.1421875 0.1625
1 0.34921875 0.303125 0.1625 0.1296875
1 0.465625 0.92734375 0.153125 0.13828125
1 0.53046875 0.52734375 0.18125 0.140625
1 0.525 0.4265625 0.1703125 0.14453125
1 0.55703125 0.62734375 0.1671875 0.1578125
1 0.6484375 0.50390625 0.16171875 0.13515625
1 0.346875 0.17890625 0.1546875 0.15
1 0.228125 0.3484375 0.153125 0.13203125
1 0.74140625 0.4546875 0.13515625 0.13515625
1 0.94921875 0.94921875 0.1015625 0.1015625
1 0.85546875 0.4125 0.15703125 0.14921875
1 0.865625 0.29765625 0.1671875 0.15625
1 0.76015625 0.33515625 0.128125 0.12421875
1 0.66015625 0.11640625 0.16640625 0.18125
1 0.82578125 0.934375 0.16328125 0.13125
1 0.26953125 0.078125 0.1640625 0.15625
1 0.171875 0.0640625 0.146875 0.128125
1 0.3765625 0.06875 0.15703125 0.1375
1 0.3296875 0.51015625 0.1671875 0.1734375
1 0.403125 0.62578125 0.1359375 0.13828125
1 0.44921875 0.6875 0.153125 0.165625
1 0.434375 0.4828125 0.1171875 0.16484375
1 0.54921875 0.30625 0.1515625 0.1515625
1 0.45703125 0.23828125 0.1625 0.1609375
1 0.503125 0.07265625 0.1609375 0.14453125
1 0.7890625 0.11875 0.15703125 0.1546875
1 0.94609375 0.34375 0.10625 0.13515625
1 0.7796875 0.75703125 0.16796875 0.15625
6 0.55625 0.8328125 0.209375 0.20390625
1 0.15078125 0.61015625 0.15625 0.16796875
1 0.11015625 0.49765625 0.15078125 0.12734375
1 0.5609375 0.18828125 0.16328125 0.15234375
1 0.84140625 0.51953125 0.16171875 0.1453125
1 0.734375 0.65703125 0.13671875 0.140625
1 0.85859375 0.65390625 0.1234375 0.1234375
1 0.915625 0.7875 0.16875 0.2125
1 0.3453125 0.4 0.12734375 0.12890625
1 0.44453125 0.3546875 0.15625 0.15859375
1 0.65625 0.38359375 0.1390625 0.13515625
1 0.77109375 0.221875 0.1484375 0.13125
1 0.88984375 0.19453125 0.1390625 0.11171875
1 0.90859375 0.10625 0.13515625 0.11953125
1 0.12578125 0.27421875 0.08515625 0.10390625
1 0.45546875 0.12890625 0.1390625 0.146875