6 0.4546875 0.04453125 0.171875 0.0890625
6 0.7515625 0.33046875 0.11875 0.08515625
6 0.62734375 0.45859375 0.146875 0.2109375
6 0.57265625 0.53671875 0.15625 0.15234375
6 0.634375 0.675 0.18125 0.2046875
6 0.65390625 0.78046875 0.2140625 0.18046875
1 0.14921875 0.9453125 0.11171875 0.09921875
6 0.28359375 0.85390625 0.11953125 0.15859375
6 0.115625 0.8546875 0.16484375 0.13203125
1 0.30703125 0.7734375 0.1203125 0.07890625
6 0.3421875 0.6421875 0.1828125 0.24453125
6 0.43125 0.8109375 0.15546875 0.1484375
6 0.4921875 0.7265625 0.11484375 0.11875
6 0.09296875 0.66640625 0.15 0.190625
6 0.19296875 0.5203125 0.19296875 0.18046875
3 0.46640625 0.5171875 0.0890625 0.08125
6 0.4796875 0.421875 0.1171875 0.1125
6 0.34140625 0.37421875 0.1859375 0.18203125
6 0.18984375 0.3796875 0.1140625 0.1125
1 0.06875 0.3578125 0.1375 0.178125
6 0.2609375 0.2828125 0.12109375 0.11171875
6 0.1421875 0.25625 0.14453125 0.10078125
1 0.2359375 0.7015625 0.1078125 0.10859375
1 0.05703125 0.53359375 0.1140625 0.1203125
1 0.17734375 0.63828125 0.11953125 0.1203125
1 0.14296875 0.1515625 0.0921875 0.07890625
1 0.63125 0.12734375 0.0921875 0.09375
1 0.62734375 0.1984375 0.07109375 0.07578125
1 0.0359375 0.8015625 0.071875 0.125
1 0.71171875 0.13359375 0.0796875 0.07734375
1 0.28125 0.05703125 0.10234375 0.084375