6 0.39140625 0.1265625 0.3375 0.25234375
6 0.09921875 0.06328125 0.1984375 0.1265625
3 0.18984375 0.059375 0.075 0.08515625
6 0.56875 0.159375 0.1453125 0.1484375
3 0.8265625 0.484375 0.084375 0.08125
6 0.9484375 0.5984375 0.10234375 0.12265625
6 0.94296875 0.690625 0.1125 0.16640625
3 0.9046875 0.81328125 0.09765625 0.07890625
3 0.76796875 0.63125 0.0515625 0.05859375
3 0.696875 0.56171875 0.05234375 0.0546875
3 0.64296875 0.5390625 0.0359375 0.0328125
3 0.59453125 0.5515625 0.0578125 0.06015625
3 0.41796875 0.33671875 0.0375 0.04609375
6 0.44296875 0.64765625 0.21796875 0.1515625
3 0.61796875 0.7359375 0.078125 0.0671875
3 0.58671875 0.78828125 0.08125 0.07421875
6 0.66015625 0.64296875 0.159375 0.15390625
6 0.7578125 0.83984375 0.14375 0.17578125
6 0.6015625 0.8546875 0.10703125 0.1046875
6 0.8125 0.5859375 0.14296875 0.1578125