1 0.47578125 0.05234375 0.09765625 0.09765625
1 0.36796875 0.46015625 0.10390625 0.1046875
1 0.76484375 0.09453125 0.115625 0.11875
6 0.35859375 0.609375 0.06015625 0.0671875
6 0.934375 0.7484375 0.07890625 0.0859375
1 0.415625 0.12734375 0.09296875 0.09921875
6 0.79453125 0.65 0.14609375 0.1546875
1 0.05234375 0.9703125 0.10390625 0.059375
6 0.184375 0.2828125 0.20234375 0.13046875
6 0.85546875 0.16484375 0.05546875 0.05625
6 0.19921875 0.1453125 0.1390625 0.14140625
6 0.290625 0.209375 0.08984375 0.09921875
6 0.13984375 0.47421875 0.0609375 0.0609375
1 0.93203125 0.965625 0.0890625 0.06875
3 0.840625 0.1125 0.0515625 0.05390625
6 0.08828125 0.18671875 0.1234375 0.18125
6 0.1109375 0.07421875 0.07109375 0.071875
1 0.353125 0.16796875 0.0921875 0.084375
6 0.17265625 0.38359375 0.11640625 0.1140625
1 0.94375 0.8421875 0.05625 0.05234375
6 0.14140625 0.02734375 0.1765625 0.0546875
6 0.084375 0.41640625 0.0765625 0.0875
6 0.92109375 0.25859375 0.0515625 0.04140625
3 0.36640625 0.37265625 0.0984375 0.0875
3 0.37265625 0.246875 0.06171875 0.0625
1 0.31484375 0.55859375 0.10078125 0.0859375
3 0.05390625 0.27421875 0.04609375 0.0375
6 0.34765625 0.065625 0.13125 0.13125
3 0.56484375 0.125 0.07578125 0.0734375
3 0.5734375 0.18828125 0.0734375 0.05625
6 0.9640625 0.67890625 0.0703125 0.09609375
6 0.26015625 0.47109375 0.1765625 0.2421875
6 0.12890625 0.9140625 0.1453125 0.1609375