3 0.7609375 0.1234375 0.059375 0.071875
3 0.7828125 0.1078125 0.03046875 0.0359375
6 0.75390625 0.40390625 0.09140625 0.1125
6 0.73359375 0.63203125 0.07734375 0.0890625
6 0.934375 0.7046875 0.07109375 0.0796875
6 0.96875 0.89140625 0.0609375 0.1140625
6 0.7484375 0.85625 0.10078125 0.08671875
3 0.69140625 0.790625 0.08828125 0.0890625
6 0.62734375 0.85703125 0.0890625 0.09375
6 0.4390625 0.83046875 0.02734375 0.02421875
6 0.40859375 0.825 0.028125 0.02734375
6 0.3328125 0.82421875 0.05546875 0.0359375
6 0.625 0.5796875 0.0625 0.07421875
6 0.28515625 0.53515625 0.03203125 0.0359375
6 0.19765625 0.6109375 0.0796875 0.08125
3 0.1078125 0.52421875 0.021875 0.025
3 0.1265625 0.51328125 0.02578125 0.0234375
6 0.16875 0.47265625 0.06328125 0.0640625
6 0.3140625 0.30390625 0.0421875 0.04765625
1 0.82734375 0.528125 0.1203125 0.1109375
1 0.75703125 0.28515625 0.14375 0.1234375
1 0.83984375 0.1171875 0.09765625 0.10390625
1 0.7296875 0.728125 0.09765625 0.096875
1 0.19921875 0.5296875 0.096875 0.09453125
1 0.86640625 0.22890625 0.08984375 0.0875
1 0.94375 0.39609375 0.10859375 0.115625
1 0.83515625 0.74375 0.10546875 0.1171875
1 0.8390625 0.92734375 0.10234375 0.1
1 0.8359375 0.028125 0.0953125 0.05625
1 0.8765625 0.3359375 0.134375 0.11953125
1 0.89453125 0.0421875 0.07265625 0.08359375
1 0.8765625 0.43125 0.09140625 0.0765625
1 0.83046875 0.4578125 0.0671875 0.0515625
1 0.9515625 0.1640625 0.09609375 0.084375
1 0.94453125 0.02578125 0.08203125 0.0515625
1 0.9359375 0.1015625 0.0953125 0.08515625
1 0.8578125 0.84296875 0.0984375 0.0859375
1 0.7328125 0.015625 0.08671875 0.03125
1 0.16640625 0.28828125 0.071875 0.06875