6 0.85625 0.5234375 0.0828125 0.0859375
6 0.81796875 0.4546875 0.04765625 0.06015625
6 0.4234375 0.7796875 0.11328125 0.1234375
6 0.44375 0.83828125 0.084375 0.09296875
6 0.35078125 0.70625 0.12265625 0.12421875
6 0.30625 0.6296875 0.03515625 0.02734375
6 0.27265625 0.609375 0.03359375 0.03671875
6 0.23359375 0.58125 0.040625 0.034375
6 0.21484375 0.5546875 0.0328125 0.028125
6 0.1890625 0.51640625 0.021875 0.0328125
6 0.15390625 0.48046875 0.040625 0.034375
6 0.10546875 0.43046875 0.03984375 0.0359375
6 0.1125 0.40546875 0.03671875 0.03515625
3 0.34140625 0.946875 0.0765625 0.0640625
3 0.33125 0.97578125 0.06875 0.04765625
6 0.834375 0.93359375 0.13984375 0.13203125
6 0.8296875 0.8453125 0.14609375 0.125
6 0.8984375 0.7640625 0.0484375 0.04453125
6 0.8578125 0.7890625 0.0453125 0.04140625
6 0.94140625 0.7859375 0.03203125 0.0328125
6 0.90859375 0.81328125 0.02890625 0.0296875