6 0.51875 0.17578125 0.0515625 0.0390625
6 0.528125 0.1359375 0.07265625 0.04765625
6 0.83125 0.43125 0.05390625 0.07734375
6 0.828125 0.50078125 0.0375 0.05390625
6 0.94140625 0.58671875 0.115625 0.25
6 0.89609375 0.5078125 0.0578125 0.0828125
3 0.79453125 0.59921875 0.05 0.0375
3 0.7640625 0.5953125 0.059375 0.0375
3 0.77421875 0.57109375 0.0546875 0.034375
3 0.7984375 0.5578125 0.0578125 0.0546875
6 0.71015625 0.67734375 0.05859375 0.07890625
6 0.66875 0.61171875 0.05390625 0.04609375
6 0.64375 0.7015625 0.1078125 0.13828125
6 0.8203125 0.68046875 0.07578125 0.075
6 0.878125 0.71328125 0.08828125 0.0859375
6 0.94140625 0.8234375 0.11640625 0.190625
6 0.81953125 0.80859375 0.1453125 0.15390625
6 0.62265625 0.8421875 0.0515625 0.05390625
1 0.61640625 0.90703125 0.109375 0.1078125
3 0.690625 0.8921875 0.06484375 0.0703125
6 0.71015625 0.825 0.0625 0.06640625
3 0.74140625 0.86171875 0.0625 0.078125
3 0.6734375 0.83046875 0.059375 0.059375
3 0.5484375 0.8921875 0.05546875 0.06328125
3 0.5359375 0.8453125 0.07265625 0.04375
3 0.57890625 0.8171875 0.07109375 0.0640625
6 0.471875 0.9234375 0.140625 0.12734375
6 0.33984375 0.88046875 0.20078125 0.196875
6 0.31015625 0.75546875 0.0984375 0.10703125
6 0.17421875 0.73671875 0.1171875 0.12734375
6 0.053125 0.6375 0.10625 0.15859375
6 0.06015625 0.91015625 0.1203125 0.17890625
3 0.17734375 0.8921875 0.04609375 0.05078125
3 0.21875 0.8875 0.046875 0.04765625
3 0.21640625 0.85625 0.06015625 0.04765625
3 0.53515625 0.734375 0.08125 0.0640625
6 0.54453125 0.69296875 0.10546875 0.1203125
6 0.48515625 0.6546875 0.0828125 0.0921875
6 0.34375 0.62890625 0.225 0.24140625
6 0.49765625 0.39296875 0.07421875 0.07734375
6 0.4171875 0.41015625 0.1125 0.1125
6 0.4203125 0.284375 0.034375 0.03515625
6 0.43828125 0.24453125 0.03515625 0.0359375
1 0.1078125 0.78984375 0.12890625 0.11875
1 0.515625 0.7953125 0.06953125 0.06171875
1 0.728125 0.7578125 0.09140625 0.0796875