1 0.1078125 0.81328125 0.0984375 0.0875
1 0.2671875 0.84453125 0.14453125 0.1515625
1 0.23125 0.4625 0.12578125 0.11796875
1 0.06953125 0.36328125 0.09609375 0.10625
1 0.184375 0.16953125 0.1 0.1046875
6 0.1703125 0.0890625 0.090625 0.078125
1 0.284375 0.58828125 0.1046875 0.10625
6 0.30703125 0.4921875 0.0796875 0.0828125
1 0.08828125 0.759375 0.0828125 0.08125
1 0.34296875 0.76484375 0.0703125 0.08125
1 0.13671875 0.490625 0.109375 0.128125
1 0.11875 0.28125 0.0890625 0.08671875
1 0.1421875 0.9328125 0.08515625 0.08125
1 0.246875 0.721875 0.1234375 0.1203125
1 0.15859375 0.34921875 0.1265625 0.11953125
1 0.4234375 0.90703125 0.15703125 0.14375
6 0.290625 0.03125 0.06015625 0.06171875
1 0.34296875 0.540625 0.08515625 0.0796875
6 0.06875 0.16640625 0.1375 0.2078125
6 0.28046875 0.15390625 0.159375 0.13125
3 0.23671875 0.0734375 0.05703125 0.05390625
3 0.36328125 0.0578125 0.06640625 0.05703125
3 0.3203125 0.06015625 0.0390625 0.0625
6 0.60234375 0.0828125 0.11484375 0.165625
3 0.4125 0.31015625 0.05859375 0.08203125