6 0.92109375 0.16015625 0.15703125 0.21484375
1 0.8734375 0.3109375 0.0921875 0.08125
6 0.85234375 0.3625 0.15234375 0.11640625
6 0.8953125 0.46640625 0.2078125 0.18671875
1 0.9421875 0.58203125 0.11328125 0.11640625
1 0.4609375 0.43125 0.1375 0.15234375
1 0.59921875 0.39375 0.14140625 0.14140625
1 0.525 0.20546875 0.15234375 0.15078125
1 0.71328125 0.60078125 0.15546875 0.15
1 0.94453125 0.3328125 0.096875 0.10859375
1 0.2171875 0.934375 0.1546875 0.13125
1 0.55 0.0890625 0.16015625 0.121875
1 0.2328125 0.2015625 0.1546875 0.1421875
1 0.5125 0.69921875 0.1015625 0.121875
1 0.571875 0.5015625 0.14765625 0.1421875
1 0.74296875 0.27265625 0.1453125 0.140625
1 0.35234375 0.1421875 0.16484375 0.13046875
1 0.6625 0.16484375 0.16484375 0.12578125
1 0.26875 0.84140625 0.1453125 0.1515625
1 0.69296875 0.8296875 0.13515625 0.13203125
1 0.371875 0.05 0.1765625 0.09765625
1 0.8546875 0.5796875 0.0890625 0.08984375
1 0.584375 0.83125 0.134375 0.14375
1 0.72578125 0.484375 0.13984375 0.128125
1 0.3265625 0.2734375 0.1546875 0.14375
1 0.1 0.940625 0.134375 0.11875
1 0.12265625 0.82578125 0.1796875 0.15390625
1 0.44296875 0.915625 0.13203125 0.12421875
1 0.571875 0.93203125 0.1640625 0.1359375
1 0.69453125 0.940625 0.1515625 0.11875
1 0.4828125 0.80390625 0.16875 0.15625
1 0.6125 0.690625 0.13046875 0.1625
1 0.70625 0.7171875 0.13984375 0.12109375
1 0.06015625 0.69921875 0.1203125 0.16171875
1 0.1328125 0.67890625 0.14453125 0.140625
1 0.315625 0.7328125 0.153125 0.13515625
1 0.234375 0.678125 0.153125 0.17890625
1 0.375 0.63359375 0.15625 0.14296875
1 0.0515625 0.53671875 0.103125 0.16171875
1 0.1578125 0.5609375 0.178125 0.1296875
1 0.26796875 0.52421875 0.1359375 0.1515625
1 0.44375 0.53515625 0.1765625 0.1625
1 0.1625 0.48828125 0.16875 0.1140625
1 0.203125 0.4125 0.1734375 0.1328125
1 0.1984375 0.315625 0.171875 0.109375
1 0.32578125 0.37421875 0.1109375 0.1
1 0.490625 0.30234375 0.15625 0.15078125
1 0.61484375 0.2859375 0.140625 0.15703125
1 0.25078125 0.07109375 0.17421875 0.13984375
1 0.76328125 0.06796875 0.1703125 0.1359375