1 0.76640625 0.9546875 0.1296875 0.090625
1 0.08203125 0.24921875 0.1640625 0.1578125
1 0.0859375 0.13828125 0.171875 0.1546875
1 0.4828125 0.275 0.16953125 0.16328125
1 0.8953125 0.44140625 0.140625 0.15
1 0.575 0.475 0.15625 0.15625
1 0.48046875 0.40546875 0.1671875 0.1515625
1 0.46796875 0.53125 0.1453125 0.1515625
1 0.36953125 0.47265625 0.16015625 0.14921875
1 0.265625 0.51796875 0.16484375 0.13828125
1 0.9546875 0.60390625 0.090625 0.13515625
1 0.88203125 0.5484375 0.1578125 0.15859375
1 0.76328125 0.60390625 0.1671875 0.1515625
1 0.95078125 0.72734375 0.09765625 0.1515625
1 0.875 0.67109375 0.14375 0.14375
1 0.79609375 0.73046875 0.16328125 0.1625
1 0.671875 0.67734375 0.17734375 0.134375
1 0.575 0.5953125 0.16875 0.16484375
1 0.353125 0.6890625 0.1734375 0.16015625
1 0.953125 0.8609375 0.09296875 0.140625
1 0.86328125 0.91328125 0.15234375 0.1734375
1 0.66328125 0.90390625 0.16015625 0.1453125
1 0.58828125 0.796875 0.15859375 0.1734375
1 0.5625 0.940625 0.14375 0.11875
1 0.45703125 0.77734375 0.15 0.1515625
1 0.35 0.94296875 0.14296875 0.1140625
1 0.13828125 0.80546875 0.146875 0.1515625
1 0.25 0.74921875 0.15 0.128125
1 0.1328125 0.93046875 0.16015625 0.1390625
1 0.0640625 0.86640625 0.128125 0.16484375
1 0.14609375 0.68203125 0.1625 0.171875
6 0.24609375 0.40859375 0.07265625 0.08125
1 0.69296875 0.7796875 0.14140625 0.14375
6 0.378125 0.22578125 0.06171875 0.07421875
1 0.25234375 0.6328125 0.153125 0.153125
6 0.47421875 0.08671875 0.0578125 0.059375
1 0.69375 0.309375 0.18125 0.14140625
6 0.42265625 0.16328125 0.08125 0.10078125
6 0.04765625 0.71328125 0.046875 0.05234375
1 0.44609375 0.65625 0.1375 0.1515625
1 0.2375 0.87734375 0.16328125 0.1625
1 0.76953125 0.875 0.1515625 0.15703125
1 0.43984375 0.9203125 0.1703125 0.15
1 0.19921875 0.08515625 0.1671875 0.146875
1 0.353125 0.82734375 0.178125 0.15625
6 0.11171875 0.603125 0.034375 0.04453125
1 0.69609375 0.43125 0.2 0.17890625
1 0.596875 0.24609375 0.1640625 0.15