6 0.33203125 0.53125 0.0828125 0.10859375
3 0.12109375 0.46640625 0.07578125 0.06015625
3 0.14609375 0.44609375 0.05703125 0.04921875
6 0.490625 0.9546875 0.0359375 0.03046875
3 0.6515625 0.97421875 0.05 0.0515625
3 0.646875 0.94453125 0.05390625 0.0484375
3 0.64609375 0.89921875 0.03671875 0.053125
6 0.7453125 0.78828125 0.23515625 0.17578125
3 0.66171875 0.82734375 0.0578125 0.0625
3 0.61640625 0.7625 0.05703125 0.0578125
3 0.678125 0.6953125 0.0703125 0.0640625
3 0.64453125 0.65234375 0.07578125 0.05625
6 0.82734375 0.54921875 0.0984375 0.08515625
6 0.7734375 0.45859375 0.209375 0.1296875
6 0.74453125 0.33984375 0.25078125 0.1875
6 0.88125 0.08828125 0.03125 0.03203125
3 0.65 0.1828125 0.04140625 0.04375
3 0.66953125 0.18203125 0.03671875 0.04140625
6 0.4671875 0.1328125 0.0875 0.08203125
6 0.371875 0.153125 0.11171875 0.1
6 0.12265625 0.0375 0.11640625 0.075
3 0.01875 0.01796875 0.0375 0.0359375
3 0.02109375 0.27890625 0.0421875 0.07109375
1 0.475 0.08125 0.08125 0.0859375
1 0.0359375 0.8203125 0.07109375 0.1
1 0.6859375 0.06015625 0.075 0.0734375
1 0.75390625 0.19296875 0.12578125 0.11875
1 0.6953125 0.240625 0.0625 0.06171875
1 0.884375 0.021875 0.075 0.04375