6 0.6640625 0.8734375 0.0984375 0.11484375
6 0.8078125 0.825 0.27109375 0.26953125
1 0.97109375 0.859375 0.05625 0.13203125
1 0.88125 0.6734375 0.06953125 0.0546875
1 0.94140625 0.7453125 0.075 0.0703125
6 0.7375 0.58359375 0.21484375 0.17734375
3 0.74375 0.2578125 0.0765625 0.07265625
3 0.76484375 0.28671875 0.0609375 0.05703125
6 0.74921875 0.0640625 0.17890625 0.12734375
6 0.784375 0.178125 0.096875 0.09375
6 0.825 0.08515625 0.17421875 0.15
6 0.55234375 0.15859375 0.17734375 0.1359375
1 0.53125 0.296875 0.11484375 0.13359375
6 0.3875 0.3359375 0.13984375 0.11015625
6 0.05078125 0.48203125 0.07734375 0.0734375
1 0.72890625 0.4984375 0.14375 0.13984375
1 0.05625 0.246875 0.10859375 0.09375
1 0.1921875 0.0484375 0.121875 0.096875
1 0.37734375 0.1703125 0.15703125 0.1609375
1 0.2265625 0.3421875 0.084375 0.07890625
1 0.04921875 0.40703125 0.0984375 0.1109375
1 0.05 0.16953125 0.1 0.0984375
1 0.70625 0.7171875 0.10546875 0.08671875
1 0.3546875 0.0421875 0.090625 0.084375
1 0.08984375 0.08828125 0.1015625 0.1125
1 0.92109375 0.29765625 0.084375 0.08828125
1 0.12109375 0.190625 0.0765625 0.084375
1 0.52109375 0.678125 0.1046875 0.1140625
1 0.42890625 0.040625 0.0921875 0.08125
6 0.678125 0.65703125 0.0828125 0.071875
1 0.48828125 0.83515625 0.04765625 0.04140625
1 0.28984375 0.13515625 0.08515625 0.09453125
1 0.8421875 0.62421875 0.0734375 0.0734375
1 0.48125 0.75 0.09453125 0.090625
1 0.28671875 0.0421875 0.075 0.084375
1 0.49765625 0.87109375 0.03828125 0.034375
1 0.89296875 0.13125 0.06328125 0.078125