1 0.62109375 0.109375 0.11015625 0.10390625
1 0.54765625 0.65703125 0.1328125 0.13203125
1 0.6828125 0.35546875 0.17734375 0.14921875
1 0.8546875 0.08359375 0.1828125 0.1671875
1 0.721875 0.1125 0.128125 0.14140625
1 0.59140625 0.1875 0.1109375 0.1109375
1 0.05078125 0.140625 0.1015625 0.14921875
1 0.178125 0.09765625 0.1296875 0.1390625
1 0.553125 0.0953125 0.10234375 0.1296875
1 0.47421875 0.228125 0.1671875 0.1515625
1 0.44296875 0.1 0.146875 0.13671875
1 0.05 0.26640625 0.1 0.16328125
1 0.15078125 0.29453125 0.12109375 0.1234375
1 0.25625 0.23984375 0.14375 0.1546875
1 0.57734375 0.29375 0.16328125 0.13515625
1 0.8953125 0.35859375 0.1546875 0.1515625
1 0.25546875 0.375 0.1546875 0.1390625
1 0.1265625 0.51484375 0.15859375 0.14140625
1 0.240625 0.58203125 0.146875 0.11484375
1 0.3453125 0.54140625 0.17109375 0.1546875
1 0.46484375 0.4828125 0.140625 0.15
1 0.78828125 0.42109375 0.1515625 0.15625
1 0.89609375 0.48203125 0.14140625 0.146875
1 0.57109375 0.5453125 0.16328125 0.1609375
1 0.95390625 0.76015625 0.0921875 0.16875
1 0.86171875 0.740625 0.15625 0.13828125
1 0.65703125 0.74296875 0.15390625 0.1625
1 0.453125 0.715625 0.13515625 0.128125
1 0.55625 0.78671875 0.15390625 0.13515625
1 0.7765625 0.92734375 0.190625 0.1453125
1 0.66171875 0.84453125 0.14921875 0.1171875
1 0.628125 0.9515625 0.171875 0.096875
1 0.4453125 0.95390625 0.1234375 0.0921875
1 0.534375 0.8859375 0.1609375 0.13828125
1 0.43359375 0.85 0.1328125 0.14921875
1 0.34765625 0.76328125 0.1328125 0.11328125
1 0.2265625 0.70390625 0.1578125 0.1625
1 0.125 0.765625 0.16484375 0.13828125
1 0.10625 0.884375 0.1515625 0.1453125
1 0.66328125 0.49140625 0.1640625 0.1546875
1 0.5625 0.41640625 0.15390625 0.16171875
1 0.74453125 0.67421875 0.14375 0.146875
1 0.77421875 0.5453125 0.1515625 0.13671875
1 0.83984375 0.853125 0.16328125 0.15
1 0.1125 0.64609375 0.15546875 0.15859375
1 0.33046875 0.66015625 0.16328125 0.159375
1 0.9015625 0.253125 0.1453125 0.14375
1 0.359375 0.42265625 0.14921875 0.1453125
1 0.22734375 0.8359375 0.1515625 0.1421875
1 0.33046875 0.03203125 0.10078125 0.0640625
1 0.80078125 0.18359375 0.13125 0.1265625
1 0.86640625 0.628125 0.1515625 0.14453125
1 0.73984375 0.803125 0.1375 0.1421875
1 0.32265625 0.89140625 0.1265625 0.13984375
1 0.12265625 0.403125 0.15078125 0.13984375
1 0.69140625 0.240625 0.13828125 0.1375
1 0.62734375 0.6234375 0.16328125 0.159375
1 0.44453125 0.353125 0.159375 0.14765625
1 0.209375 0.94140625 0.18125 0.1171875
1 0.78984375 0.29296875 0.1390625 0.12578125
1 0.3375 0.28984375 0.14921875 0.1328125
1 0.3515625 0.1703125 0.1484375 0.15078125
1 0.9484375 0.4640625 0.103125 0.209375
1 0.44375 0.5890625 0.140625 0.13359375
1 0.23359375 0.4796875 0.17109375 0.1390625
1 0.26484375 0.11015625 0.1125 0.13203125