6 0.2265625 0.10390625 0.228125 0.2078125
3 0.0890625 0.05859375 0.07421875 0.0765625
6 0.72265625 0.3484375 0.2015625 0.18359375
6 0.503125 0.31484375 0.12109375 0.13125
6 0.565625 0.42734375 0.18359375 0.14296875
6 0.77265625 0.5015625 0.16015625 0.19921875
6 0.9421875 0.54296875 0.11484375 0.140625
6 0.7625 0.67109375 0.20546875 0.16640625
6 0.61640625 0.5953125 0.1796875 0.17265625
6 0.31875 0.5984375 0.13671875 0.15625
6 0.16875 0.5703125 0.07265625 0.08046875
6 0.9296875 0.65625 0.10703125 0.11875
6 0.903125 0.78828125 0.1609375 0.18125