3 0.10703125 0.0734375 0.08671875 0.06875
3 0.171875 0.04453125 0.078125 0.0890625
3 0.31796875 0.15703125 0.109375 0.0984375
3 0.4 0.12890625 0.084375 0.11640625
3 0.1671875 0.2078125 0.09453125 0.0875
3 0.14296875 0.203125 0.08046875 0.08828125
3 0.30625 0.23203125 0.08984375 0.09296875
3 0.37265625 0.24765625 0.07109375 0.08515625
3 0.30625 0.33671875 0.1015625 0.09609375
6 0.79453125 0.47890625 0.2421875 0.18515625
6 0.7015625 0.2640625 0.09375 0.0859375
6 0.67890625 0.071875 0.10546875 0.1046875
6 0.4765625 0.1203125 0.0671875 0.065625
6 0.30078125 0.0984375 0.16640625 0.146875
6 0.35546875 0.04453125 0.2296875 0.08828125
6 0.07265625 0.5859375 0.1453125 0.19921875
6 0.1265625 0.73515625 0.253125 0.209375
6 0.171875 0.8609375 0.2046875 0.21015625
6 0.6375 0.73359375 0.2203125 0.16953125
6 0.75546875 0.8734375 0.46640625 0.253125
6 0.87734375 0.7921875 0.24375 0.290625
6 0.953125 0.6984375 0.09375 0.27109375