6 0.66796875 0.5375 0.078125 0.08828125
6 0.2796875 0.50703125 0.05859375 0.05625
6 0.3171875 0.54609375 0.034375 0.0484375
6 0.34921875 0.59375 0.0546875 0.084375
6 0.40078125 0.63515625 0.06640625 0.0703125
6 0.5390625 0.6625 0.11171875 0.13046875
6 0.46171875 0.66640625 0.0640625 0.10703125
6 0.56640625 0.753125 0.084375 0.0890625
6 0.58671875 0.90078125 0.25546875 0.1984375
6 0.7921875 0.95234375 0.26875 0.0953125
6 0.24140625 0.95078125 0.0921875 0.090625
6 0.11328125 0.8203125 0.09296875 0.11796875
6 0.021875 0.696875 0.04375 0.0734375