3 0.02890625 0.10078125 0.03515625 0.034375
3 0.17421875 0.9671875 0.06484375 0.06171875
6 0.1171875 0.93984375 0.09921875 0.10546875
6 0.175 0.9125 0.05390625 0.06640625
6 0.39375 0.971875 0.08359375 0.05546875
6 0.3046875 0.9703125 0.0921875 0.05859375
6 0.46953125 0.759375 0.04375 0.05390625
6 0.81875 0.9578125 0.04609375 0.05390625
6 0.7296875 0.746875 0.0421875 0.04375
6 0.87578125 0.5765625 0.05859375 0.04765625
6 0.81640625 0.58046875 0.0578125 0.06875
3 0.625 0.3203125 0.03984375 0.03359375
6 0.753125 0.38984375 0.06796875 0.05390625
6 0.9109375 0.18984375 0.08671875 0.07890625
6 0.71796875 0.1515625 0.03671875 0.0375
6 0.6734375 0.1328125 0.040625 0.03828125
6 0.6296875 0.1140625 0.03203125 0.034375
6 0.584375 0.0953125 0.02734375 0.0296875
1 0.2609375 0.9328125 0.10390625 0.06875
1 0.0375 0.94453125 0.075 0.09140625