6 0.059375 0.0859375 0.11875 0.165625
6 0.11953125 0.19140625 0.1984375 0.23828125
6 0.2 0.303125 0.24453125 0.2578125
6 0.3484375 0.47421875 0.27421875 0.23515625
6 0.40078125 0.55625 0.23203125 0.2328125
6 0.496875 0.7078125 0.16484375 0.15234375
6 0.5765625 0.83828125 0.20234375 0.16796875
6 0.6640625 0.72578125 0.28046875 0.25859375
6 0.33359375 0.94140625 0.08125 0.11640625
6 0.41171875 0.95234375 0.1109375 0.0953125
6 0.01875 0.87109375 0.0375 0.07734375
6 0.89453125 0.96640625 0.0671875 0.06328125
6 0.89765625 0.29140625 0.2046875 0.21953125
6 0.7640625 0.29296875 0.14765625 0.1890625
6 0.64453125 0.30859375 0.14453125 0.15
6 0.57890625 0.2078125 0.1296875 0.1421875
6 0.47734375 0.12734375 0.18125 0.20234375