6 0.0640625 0.3703125 0.03984375 0.0375
6 0.034375 0.28203125 0.06328125 0.0703125
6 0.05 0.32578125 0.04140625 0.0390625
6 0.08046875 0.41015625 0.03671875 0.0390625
6 0.04765625 0.7265625 0.0953125 0.140625
6 0.071875 0.9390625 0.0609375 0.0609375
1 0.1640625 0.96640625 0.10625 0.0671875
6 0.71796875 0.81875 0.09296875 0.08828125
6 0.675 0.55546875 0.1828125 0.17890625
6 0.490625 0.54609375 0.18125 0.18125
1 0.30859375 0.14296875 0.0828125 0.0609375
1 0.33515625 0.62890625 0.10078125 0.11328125
1 0.38515625 0.31796875 0.11640625 0.103125
1 0.37421875 0.20703125 0.11640625 0.11484375
1 0.63359375 0.72578125 0.0734375 0.07421875
1 0.359375 0.5171875 0.0890625 0.09453125
1 0.1109375 0.84140625 0.0875 0.090625
1 0.040625 0.6203125 0.08125 0.096875
1 0.67734375 0.6953125 0.07734375 0.08046875
1 0.22265625 0.30703125 0.07734375 0.07890625
1 0.278125 0.1984375 0.096875 0.1015625
1 0.34765625 0.4125 0.1046875 0.128125
1 0.215625 0.22265625 0.090625 0.1078125
1 0.271875 0.33828125 0.0890625 0.1
1 0.28515625 0.4625 0.0796875 0.09140625
1 0.225 0.14453125 0.08828125 0.08125
1 0.39453125 0.5984375 0.07265625 0.0765625
1 0.7296875 0.67265625 0.06875 0.06875
1 0.42578125 0.39375 0.10078125 0.0984375
1 0.14453125 0.02734375 0.13984375 0.0546875
1 0.2828125 0.57265625 0.0625 0.06796875