6 0.09375 0.328125 0.1609375 0.1171875
6 0.0640625 0.45390625 0.12734375 0.215625
6 0.1 0.80234375 0.159375 0.140625
6 0.2234375 0.85234375 0.11953125 0.13671875
6 0.34921875 0.91796875 0.0828125 0.10078125
6 0.4265625 0.93515625 0.12109375 0.12890625
6 0.31484375 0.9796875 0.06484375 0.040625
6 0.63359375 0.746875 0.06171875 0.0671875
6 0.70234375 0.62890625 0.05390625 0.07109375
6 0.86015625 0.634375 0.08671875 0.0984375
6 0.93515625 0.39453125 0.0890625 0.07578125
6 0.8859375 0.3234375 0.0375 0.04609375
6 0.94765625 0.18984375 0.1046875 0.1234375
6 0.9046875 0.06015625 0.190625 0.11953125
6 0.17578125 0.0453125 0.04296875 0.0484375