6 0.7046875 0.4390625 0.15703125 0.175
6 0.77890625 0.46953125 0.09296875 0.0875
6 0.740625 0.54921875 0.09921875 0.05859375
6 0.76328125 0.6515625 0.14453125 0.1890625
6 0.9359375 0.7703125 0.12734375 0.1640625
6 0.84453125 0.83984375 0.19453125 0.18984375
6 0.525 0.778125 0.0859375 0.08828125
6 0.5078125 0.69765625 0.0703125 0.06875
6 0.34453125 0.75859375 0.2734375 0.19921875
6 0.3375 0.91171875 0.053125 0.05703125
6 0.3 0.60546875 0.07421875 0.0890625
6 0.48671875 0.5734375 0.14921875 0.1390625
6 0.38359375 0.60859375 0.11171875 0.08515625
6 0.425 0.4578125 0.128125 0.1125
3 0.3671875 0.5296875 0.08203125 0.07421875
3 0.32421875 0.5140625 0.075 0.04765625
6 0.25546875 0.36328125 0.3578125 0.30546875
6 0.1734375 0.4953125 0.16953125 0.13671875
6 0.4390625 0.2703125 0.1796875 0.19921875
6 0.321875 0.17109375 0.1578125 0.134375
6 0.25390625 0.12734375 0.128125 0.16953125
3 0.28671875 0.05234375 0.0890625 0.10390625
3 0.33046875 0.03515625 0.0625 0.0703125
3 0.35625 0.09921875 0.078125 0.07421875
3 0.35 0.04453125 0.08125 0.06875
6 0.14375 0.1375 0.1484375 0.16953125
6 0.05859375 0.23828125 0.1171875 0.2359375
6 0.05390625 0.4578125 0.10703125 0.19765625
6 0.1171875 0.83671875 0.18125 0.13671875