1 0.83828125 0.94765625 0.16953125 0.10390625
1 0.67109375 0.20625 0.16328125 0.14140625
1 0.04140625 0.27734375 0.0828125 0.07421875
1 0.06171875 0.178125 0.1234375 0.165625
1 0.125 0.24765625 0.16015625 0.134375
1 0.24921875 0.06640625 0.13203125 0.12578125
1 0.790625 0.0578125 0.15625 0.115625
1 0.559375 0.04296875 0.15859375 0.08515625
1 0.56953125 0.13828125 0.16484375 0.14140625
1 0.95 0.67109375 0.1 0.15234375
1 0.328125 0.49765625 0.09140625 0.0796875
1 0.8828125 0.58359375 0.16953125 0.165625
1 0.74921875 0.51484375 0.1625 0.15859375
1 0.94140625 0.53359375 0.1171875 0.1578125
1 0.95 0.41171875 0.1 0.13671875
1 0.87734375 0.2078125 0.17734375 0.1625
1 0.87734375 0.33515625 0.1546875 0.1546875
1 0.7703125 0.2921875 0.14375 0.1453125
1 0.653125 0.428125 0.15390625 0.1578125
1 0.55625 0.26640625 0.16484375 0.15390625
1 0.5546875 0.38515625 0.16015625 0.14765625
1 0.4484375 0.325 0.17421875 0.14921875
1 0.3296875 0.378125 0.1296875 0.14921875
1 0.23671875 0.296875 0.15859375 0.1609375
1 0.11171875 0.36015625 0.14296875 0.15859375
1 0.1078125 0.484375 0.14921875 0.13046875
1 0.5375 0.50390625 0.1578125 0.14140625
1 0.53671875 0.63125 0.15 0.146875
1 0.43515625 0.58046875 0.140625 0.16015625
1 0.32265625 0.59765625 0.13515625 0.1546875
1 0.21875 0.54140625 0.15625 0.1578125
1 0.1046875 0.5984375 0.1671875 0.140625
1 0.103125 0.72578125 0.1796875 0.1453125
1 0.21328125 0.79296875 0.1609375 0.14296875
1 0.9171875 0.87265625 0.16484375 0.146875
1 0.9015625 0.73046875 0.13515625 0.140625
1 0.75390625 0.628125 0.14296875 0.13515625
1 0.7578125 0.73828125 0.1515625 0.14921875
1 0.8390625 0.8078125 0.1578125 0.16484375
1 0.74609375 0.8765625 0.1515625 0.15859375
1 0.53828125 0.75078125 0.1515625 0.16328125
1 0.4140625 0.80859375 0.14921875 0.16015625
1 0.31953125 0.7328125 0.14921875 0.15
1 0.3109375 0.8609375 0.15 0.1390625
1 0.2984375 0.9484375 0.16015625 0.103125
1 0.18828125 0.91640625 0.17109375 0.15390625
1 0.42734375 0.44375 0.14453125 0.1390625
1 0.128125 0.1296875 0.16015625 0.1546875
1 0.33046875 0.25390625 0.15078125 0.146875
1 0.21796875 0.43828125 0.16328125 0.17109375
1 0.8625 0.46015625 0.14375 0.14375
1 0.63984375 0.56640625 0.1515625 0.14765625
1 0.44921875 0.20546875 0.1515625 0.1390625
1 0.646875 0.8109375 0.15546875 0.14375
1 0.521875 0.86796875 0.14765625 0.13359375
1 0.2078125 0.6671875 0.165625 0.1671875
1 0.66015625 0.0890625 0.13828125 0.1296875
1 0.34765625 0.13046875 0.153125 0.1375
1 0.07890625 0.85 0.1578125 0.153125
1 0.44765625 0.07421875 0.16015625 0.14765625
1 0.4015625 0.9265625 0.15625 0.146875
1 0.75859375 0.39453125 0.16640625 0.13984375
1 0.234375 0.18203125 0.13359375 0.13125
1 0.66171875 0.3078125 0.159375 0.15
1 0.946875 0.28671875 0.1046875 0.14453125
1 0.76953125 0.15390625 0.17734375 0.1515625
1 0.63671875 0.93046875 0.1375 0.13828125
1 0.43671875 0.68671875 0.1453125 0.13828125
1 0.08046875 0.94921875 0.1453125 0.10078125
1 0.95625 0.16015625 0.0875 0.1453125
1 0.65234375 0.68984375 0.11953125 0.13359375