6 0.09453125 0.87421875 0.03671875 0.0390625
6 0.12734375 0.84921875 0.03046875 0.0296875
6 0.17265625 0.85 0.11015625 0.1203125
6 0.74453125 0.97734375 0.034375 0.03515625
6 0.771875 0.946875 0.0359375 0.0359375
3 0.8625 0.98046875 0.05625 0.0390625
6 0.81328125 0.36875 0.0953125 0.10859375
6 0.75 0.371875 0.06015625 0.05234375
3 0.79140625 0.4625 0.053125 0.05703125
6 0.74375 0.4296875 0.07109375 0.07734375
6 0.7390625 0.55546875 0.1109375 0.103125
3 0.64140625 0.6375 0.0796875 0.0625
6 0.49921875 0.71015625 0.0953125 0.11796875
6 0.396875 0.78046875 0.0953125 0.08359375
6 0.26484375 0.54140625 0.0453125 0.04140625
6 0.3453125 0.63046875 0.19765625 0.190625
6 0.215625 0.40078125 0.10078125 0.1140625
6 0.309375 0.39609375 0.05859375 0.0515625
6 0.3578125 0.365625 0.0375 0.0328125
6 0.403125 0.315625 0.03828125 0.034375
6 0.51484375 0.33046875 0.02421875 0.025
3 0.9390625 0.36171875 0.04921875 0.07734375
6 0.95078125 0.18671875 0.09765625 0.1546875
6 0.8734375 0.22890625 0.11484375 0.11171875
6 0.77265625 0.13203125 0.08515625 0.096875
6 0.81875 0.0875 0.18359375 0.175
6 0.615625 0.05234375 0.11796875 0.1046875
6 0.12890625 0.13984375 0.065625 0.0875
6 0.11171875 0.06640625 0.0984375 0.1328125
6 0.20859375 0.12890625 0.08359375 0.090625
1 0.90703125 0.48671875 0.10234375 0.10390625
1 0.73125 0.29140625 0.12421875 0.12265625
1 0.85546875 0.54453125 0.0953125 0.10546875
1 0.953125 0.62734375 0.090625 0.0984375
1 0.97734375 0.3625 0.0453125 0.09375
1 0.89296875 0.384375 0.06875 0.09765625
1 0.90234375 0.31953125 0.078125 0.05390625
1 0.921875 0.58515625 0.09765625 0.0875