1 0.075 0.6609375 0.0828125 0.12890625
6 0.9328125 0.8734375 0.103125 0.090625
6 0.58125 0.91875 0.1921875 0.15703125
6 0.42578125 0.6046875 0.20546875 0.121875
6 0.41640625 0.70390625 0.115625 0.11796875
6 0.45859375 0.8234375 0.20546875 0.1875
1 0.875 0.68671875 0.16640625 0.203125
6 0.75234375 0.3828125 0.1296875 0.1734375
6 0.684375 0.47265625 0.1078125 0.17265625
6 0.59921875 0.40234375 0.10625 0.1046875
6 0.5578125 0.534375 0.1703125 0.1546875
6 0.47421875 0.47421875 0.16484375 0.18203125
6 0.32734375 0.4625 0.14921875 0.20859375
3 0.43515625 0.23984375 0.07109375 0.07734375
3 0.38203125 0.2421875 0.06953125 0.07578125
3 0.47265625 0.30078125 0.04921875 0.0421875
6 0.5265625 0.27578125 0.10625 0.09765625
3 0.59140625 0.17890625 0.04453125 0.03984375
3 0.71796875 0.14921875 0.065625 0.04375
3 0.6890625 0.11796875 0.04140625 0.03984375
3 0.71171875 0.08046875 0.05078125 0.06953125
6 0.4875 0.04921875 0.1265625 0.08125
3 0.59296875 0.015625 0.0578125 0.03125
3 0.42890625 0.02421875 0.04296875 0.04765625
3 0.296875 0.02265625 0.04296875 0.0453125
3 0.3453125 0.02421875 0.059375 0.04765625
3 0.2671875 0.06953125 0.0734375 0.08359375
6 0.1296875 0.06640625 0.13125 0.128125
1 0.33125 0.109375 0.12890625 0.13046875
1 0.60390625 0.2640625 0.13359375 0.13125
1 0.70078125 0.23359375 0.12734375 0.13671875
1 0.76015625 0.584375 0.1703125 0.15859375
1 0.2171875 0.58359375 0.134375 0.1359375
1 0.74765625 0.7609375 0.1515625 0.1515625
1 0.15 0.68671875 0.10859375 0.13359375
1 0.48203125 0.1625 0.115625 0.10703125
1 0.21171875 0.9578125 0.10546875 0.084375
1 0.9125 0.790625 0.12734375 0.109375
1 0.21875 0.721875 0.0796875 0.07890625
1 0.73046875 0.96953125 0.13203125 0.0609375
1 0.64140625 0.34765625 0.0953125 0.0875
1 0.33515625 0.95546875 0.12578125 0.08828125
1 0.0375 0.771875 0.075 0.109375
1 0.80625 0.91796875 0.14375 0.1640625
1 0.47421875 0.36328125 0.10234375 0.09296875
1 0.8734375 0.225 0.1015625 0.0984375
1 0.97421875 0.73046875 0.0515625 0.10625
1 0.44375 0.090625 0.1140625 0.11015625
1 0.790625 0.06015625 0.08125 0.0734375
3 0.78046875 0.11875 0.0703125 0.05390625