6 0.08203125 0.853125 0.15078125 0.16015625
1 0.115625 0.81953125 0.0953125 0.1015625
1 0.91171875 0.1296875 0.10703125 0.09140625
1 0.73203125 0.29140625 0.09765625 0.09453125
1 0.890625 0.66015625 0.11171875 0.1
6 0.08359375 0.63125 0.09609375 0.121875
1 0.22109375 0.4140625 0.09453125 0.09453125
1 0.2359375 0.75703125 0.103125 0.09296875
1 0.38515625 0.68984375 0.1109375 0.1
1 0.65234375 0.8734375 0.1046875 0.0984375
6 0.171875 0.57578125 0.1296875 0.11484375
1 0.12890625 0.396875 0.09921875 0.10390625
1 0.8859375 0.07265625 0.10078125 0.0828125
6 0.22578125 0.64765625 0.14921875 0.13203125
1 0.94375 0.18203125 0.090625 0.08359375
1 0.65859375 0.1734375 0.11484375 0.11953125
1 0.18203125 0.81015625 0.096875 0.1078125
1 0.07734375 0.36015625 0.0859375 0.0796875
1 0.1640625 0.475 0.09921875 0.08671875
1 0.56875 0.90703125 0.11875 0.10703125
3 0.27578125 0.81640625 0.0546875 0.04921875
1 0.2515625 0.89765625 0.08671875 0.08671875
1 0.06171875 0.46640625 0.1234375 0.146875
3 0.0921875 0.22109375 0.06796875 0.0546875
3 0.1109375 0.1875 0.04765625 0.053125
3 0.06171875 0.1875 0.0515625 0.0484375
3 0.07734375 0.134375 0.0828125 0.0609375
3 0.21328125 0.48359375 0.0421875 0.03828125
3 0.19453125 0.89375 0.0515625 0.05546875
3 0.18984375 0.97421875 0.0640625 0.0515625
3 0.3046875 0.9375 0.08203125 0.06953125
3 0.33046875 0.89140625 0.0703125 0.053125
3 0.37109375 0.86171875 0.05234375 0.0375
3 0.3734375 0.7953125 0.05390625 0.071875
1 0.425 0.79609375 0.09609375 0.0859375