1 0.8140625 0.52578125 0.090625 0.08046875
1 0.8234375 0.453125 0.09921875 0.09609375
1 0.715625 0.77421875 0.1390625 0.121875
1 0.38359375 0.61484375 0.1546875 0.184375
1 0.20546875 0.7046875 0.12578125 0.13828125
1 0.95234375 0.06796875 0.0953125 0.1328125
1 0.87890625 0.0484375 0.13671875 0.09609375
1 0.5109375 0.06484375 0.140625 0.1296875
1 0.4078125 0.04765625 0.14375 0.0953125
1 0.18984375 0.0515625 0.1546875 0.103125
1 0.665625 0.059375 0.19140625 0.11875
1 0.065625 0.27109375 0.13125 0.1953125
1 0.90390625 0.82421875 0.1203125 0.12890625
1 0.94140625 0.6796875 0.1171875 0.1375
1 0.9109375 0.503125 0.15 0.159375
1 0.2171875 0.56953125 0.15625 0.18046875
1 0.528125 0.5015625 0.16328125 0.159375
1 0.4578125 0.54140625 0.17421875 0.16328125
1 0.5421875 0.38671875 0.14609375 0.134375
1 0.453125 0.4296875 0.121875 0.12578125
1 0.38046875 0.36953125 0.10703125 0.134375
1 0.30390625 0.359375 0.1265625 0.14765625
1 0.43359375 0.30625 0.14296875 0.128125
1 0.54609375 0.2875 0.178125 0.12421875
1 0.440625 0.2375 0.128125 0.12421875
1 0.9375 0.2921875 0.125 0.1296875
1 0.94296875 0.159375 0.1140625 0.13671875
1 0.775 0.13984375 0.15234375 0.121875
1 0.86484375 0.2203125 0.1453125 0.1328125
1 0.7 0.21875 0.13203125 0.11328125
1 0.9296875 0.4140625 0.140625 0.14765625
1 0.74921875 0.509375 0.1234375 0.1265625
1 0.65546875 0.44140625 0.17890625 0.15859375
1 0.3765625 0.7078125 0.11953125 0.10859375
1 0.73359375 0.61328125 0.128125 0.1125
1 0.53203125 0.628125 0.15703125 0.15625
1 0.2796875 0.75546875 0.13046875 0.1046875
1 0.20859375 0.78125 0.13671875 0.13203125
1 0.8984375 0.7515625 0.15078125 0.0984375
1 0.809375 0.71328125 0.11484375 0.11953125
1 0.7125 0.86015625 0.11796875 0.10390625
1 0.79765625 0.93984375 0.159375 0.11953125
1 0.6109375 0.93125 0.14765625 0.1265625
1 0.51171875 0.8578125 0.1546875 0.13203125
1 0.7703125 0.2828125 0.14140625 0.140625
1 0.09375 0.39921875 0.14375 0.1484375
1 0.6546875 0.33046875 0.1421875 0.146875
1 0.63515625 0.57265625 0.1609375 0.15703125
1 0.6109375 0.809375 0.134375 0.13203125
1 0.6265625 0.6984375 0.14375 0.128125
1 0.1 0.62734375 0.1578125 0.1546875
1 0.51640625 0.74765625 0.128125 0.13203125
1 0.80625 0.82734375 0.128125 0.128125
1 0.85703125 0.34609375 0.13046875 0.13203125
1 0.10859375 0.74609375 0.13203125 0.1359375
1 0.209375 0.1828125 0.1734375 0.18046875
1 0.18203125 0.93046875 0.16484375 0.1390625
1 0.09453125 0.50390625 0.15625 0.13203125
1 0.2921875 0.659375 0.153125 0.1640625
1 0.3609375 0.8296875 0.14609375 0.1453125
1 0.75390625 0.39609375 0.1328125 0.1375
1 0.303125 0.52109375 0.16015625 0.15546875
1 0.51875 0.17109375 0.153125 0.1390625
1 0.096875 0.8609375 0.1578125 0.1375
1 0.2046875 0.44453125 0.146875 0.1484375
1 0.34140625 0.9265625 0.13125 0.1265625
1 0.8375 0.6140625 0.10234375 0.10234375
6 0.40546875 0.13203125 0.134375 0.13671875
6 0.31875 0.25390625 0.13828125 0.10078125
6 0.190625 0.30546875 0.1203125 0.1359375