6 0.30234375 0.61328125 0.15234375 0.146875
6 0.08203125 0.4359375 0.13359375 0.128125
6 0.065625 0.5578125 0.10625 0.11640625
6 0.20546875 0.5421875 0.0796875 0.0796875
6 0.26640625 0.3703125 0.19296875 0.1921875
6 0.4640625 0.1765625 0.10625 0.12265625
3 0.3 0.28828125 0.06484375 0.06875
3 0.33359375 0.309375 0.05078125 0.06484375
3 0.3390625 0.24921875 0.0453125 0.06796875
3 0.38984375 0.23984375 0.0984375 0.0484375
3 0.25703125 0.275 0.0234375 0.0359375
3 0.2375 0.29921875 0.04921875 0.053125
3 0.46953125 0.1 0.05 0.03828125
6 0.5359375 0.0859375 0.096875 0.05
6 0.6578125 0.08203125 0.0609375 0.07109375
6 0.95 0.078125 0.06875 0.06484375
6 0.98125 0.1 0.03671875 0.0578125
3 0.98515625 0.43984375 0.02890625 0.08671875