1 0.3109375 0.053125 0.1453125 0.10625
1 0.2890625 0.2921875 0.15859375 0.1546875
1 0.09921875 0.2609375 0.15 0.13515625
1 0.09140625 0.13203125 0.1734375 0.1515625
1 0.74296875 0.071875 0.1796875 0.14140625
1 0.6265625 0.109375 0.18203125 0.15234375
1 0.528125 0.06171875 0.1578125 0.1234375
1 0.4109375 0.08984375 0.1546875 0.15234375
1 0.31796875 0.15234375 0.1453125 0.16484375
1 0.840625 0.13984375 0.16015625 0.16484375
1 0.73515625 0.2046875 0.13671875 0.128125
1 0.6234375 0.234375 0.14140625 0.14375
1 0.93828125 0.21875 0.1234375 0.1046875
1 0.84140625 0.26640625 0.1578125 0.16328125
1 0.7234375 0.31796875 0.1453125 0.13828125
1 0.40859375 0.35859375 0.14296875 0.128125
1 0.51640625 0.29609375 0.165625 0.1453125
1 0.196875 0.33828125 0.14296875 0.134375
1 0.40703125 0.478125 0.15 0.14921875
1 0.303125 0.40078125 0.146875 0.14296875
1 0.1953125 0.45859375 0.14375 0.140625
1 0.91640625 0.7109375 0.14765625 0.16015625
1 0.921875 0.57265625 0.1515625 0.165625
1 0.81171875 0.62890625 0.16328125 0.1515625
1 0.72109375 0.56171875 0.1578125 0.14375
1 0.38046875 0.72578125 0.14296875 0.1578125
1 0.2921875 0.65625 0.1546875 0.140625
1 0.51171875 0.54765625 0.140625 0.16015625
1 0.40078125 0.57109375 0.17421875 0.1734375
1 0.090625 0.52890625 0.178125 0.1671875
1 0.19609375 0.59140625 0.13515625 0.1453125
1 0.0765625 0.640625 0.15234375 0.12578125
1 0.06328125 0.74140625 0.1265625 0.15
1 0.18515625 0.70234375 0.15234375 0.13515625
1 0.6953125 0.6875 0.11875 0.12421875
1 0.809375 0.759375 0.146875 0.146875
1 0.78828125 0.88671875 0.16328125 0.14765625
1 0.6859375 0.93828125 0.13671875 0.1234375
1 0.48828125 0.94140625 0.1296875 0.1171875
1 0.38125 0.94609375 0.140625 0.1078125
1 0.38359375 0.85703125 0.15234375 0.1296875
1 0.28828125 0.77265625 0.134375 0.1390625
1 0.29296875 0.90078125 0.1515625 0.15859375
1 0.16875 0.94296875 0.15390625 0.1140625
1 0.1625 0.83515625 0.1625 0.14921875
1 0.490625 0.68125 0.159375 0.1515625
1 0.40625 0.2265625 0.16796875 0.16484375
1 0.928125 0.34921875 0.14375 0.165625
1 0.2984375 0.51953125 0.146875 0.1546875
1 0.8265625 0.50546875 0.1671875 0.14375
1 0.575 0.875 0.16484375 0.1453125
1 0.7171875 0.4359375 0.1515625 0.1390625
1 0.896875 0.8421875 0.1703125 0.15546875
1 0.52578125 0.16953125 0.134375 0.1421875
1 0.1984375 0.21484375 0.14765625 0.14921875
1 0.08515625 0.384375 0.1546875 0.1609375
1 0.603125 0.6265625 0.16015625 0.1609375
1 0.475 0.82734375 0.1671875 0.16796875
1 0.6140625 0.36796875 0.13984375 0.14921875
1 0.20625 0.07734375 0.140625 0.14296875
1 0.6890625 0.80859375 0.1609375 0.15546875
1 0.6 0.4921875 0.1421875 0.13203125
1 0.8296875 0.3796875 0.14921875 0.134375
1 0.60078125 0.75625 0.1203125 0.1296875
1 0.06328125 0.884375 0.1265625 0.1390625
1 0.50390625 0.42578125 0.1578125 0.14921875