6 0.95625 0.734375 0.0875 0.146875
6 0.9484375 0.60859375 0.1015625 0.14140625
6 0.8453125 0.80625 0.09609375 0.1296875
6 0.93515625 0.82890625 0.1296875 0.14453125
1 0.81484375 0.95546875 0.1140625 0.0890625
3 0.20078125 0.4640625 0.04921875 0.04140625
6 0.22265625 0.4140625 0.08515625 0.08203125
1 0.38125 0.59609375 0.08125 0.0640625
6 0.34296875 0.53046875 0.08671875 0.096875
6 0.278125 0.4984375 0.09140625 0.090625
6 0.4046875 0.55234375 0.05625 0.06328125
6 0.65625 0.68671875 0.2046875 0.2328125
6 0.53671875 0.59453125 0.0859375 0.084375
6 0.5328125 0.49765625 0.08203125 0.096875
6 0.5578125 0.4109375 0.09765625 0.1078125
6 0.6578125 0.48984375 0.17109375 0.14921875
6 0.76640625 0.4828125 0.1796875 0.2703125
1 0.6421875 0.36484375 0.096875 0.1078125
6 0.81328125 0.34765625 0.05390625 0.040625
6 0.92578125 0.3703125 0.1203125 0.1375
6 0.89453125 0.28046875 0.06875 0.05
6 0.95078125 0.24140625 0.0984375 0.1765625
6 0.80546875 0.24921875 0.07734375 0.08515625
6 0.91015625 0.0890625 0.0453125 0.04375
6 0.7984375 0.08671875 0.07890625 0.078125
6 0.71875 0.09765625 0.0625 0.071875
6 0.63828125 0.090625 0.07578125 0.08359375
6 0.49921875 0.040625 0.05625 0.04921875
1 0.7484375 0.80859375 0.075 0.08125
1 0.68671875 0.94375 0.1203125 0.11015625
1 0.7953125 0.84140625 0.0640625 0.06953125
1 0.684375 0.78203125 0.07734375 0.075