6 0.1234375 0.1765625 0.1390625 0.15
6 0.48046875 0.13984375 0.07734375 0.09609375
6 0.4875 0.26875 0.08515625 0.12578125
6 0.546875 0.3625 0.12109375 0.11015625
6 0.5375 0.42734375 0.0484375 0.04375
6 0.55 0.48125 0.06796875 0.065625
6 0.575 0.54375 0.05703125 0.05078125
6 0.6 0.6671875 0.04453125 0.04609375
6 0.69453125 0.72265625 0.03671875 0.0359375
6 0.72109375 0.8953125 0.10078125 0.07578125
6 0.30859375 0.875 0.2796875 0.25
6 0.11953125 0.04921875 0.06328125 0.0515625
6 0.4890625 0.078125 0.05 0.06640625
6 0.59453125 0.175 0.23125 0.1984375
6 0.65625 0.2390625 0.2765625 0.19609375
6 0.8609375 0.2609375 0.19765625 0.31875
6 0.953125 0.13515625 0.09296875 0.20546875
6 0.87578125 0.7359375 0.15234375 0.171875
6 0.821875 0.6421875 0.0796875 0.10546875
6 0.91171875 0.9296875 0.1765625 0.140625