1 0.9515625 0.33984375 0.096875 0.10625
1 0.09921875 0.14140625 0.1453125 0.11953125
1 0.7140625 0.19375 0.15390625 0.1390625
1 0.68125 0.05703125 0.165625 0.11328125
1 0.0546875 0.93984375 0.10859375 0.11953125
1 0.05390625 0.603125 0.1078125 0.14375
1 0.41171875 0.95859375 0.1578125 0.0828125
1 0.9578125 0.86875 0.084375 0.146875
1 0.6234375 0.73359375 0.15625 0.13671875
1 0.10546875 0.0625 0.13984375 0.12421875
1 0.18984375 0.40859375 0.14140625 0.14609375
1 0.36015625 0.2109375 0.15 0.14296875
1 0.22890625 0.05703125 0.1421875 0.1140625
1 0.44609375 0.4015625 0.16328125 0.14140625
1 0.31484375 0.6875 0.15703125 0.13671875
1 0.1359375 0.55390625 0.14375 0.14375
1 0.31640625 0.5796875 0.1640625 0.14453125
1 0.296875 0.8125 0.1578125 0.14609375
1 0.334375 0.3421875 0.16875 0.14765625
1 0.69375 0.665625 0.15859375 0.1625
1 0.1375 0.78828125 0.153125 0.153125
1 0.07109375 0.23125 0.1421875 0.13984375
1 0.2890625 0.1421875 0.13203125 0.128125
1 0.5109375 0.69765625 0.15390625 0.12421875
1 0.89140625 0.7671875 0.1375 0.1328125
1 0.67265625 0.2875 0.15546875 0.15
1 0.434375 0.52578125 0.165625 0.16328125
1 0.06484375 0.4703125 0.1296875 0.1515625
1 0.1453125 0.89921875 0.1890625 0.1703125
1 0.08984375 0.68203125 0.1578125 0.1453125
1 0.29765625 0.92109375 0.15390625 0.14765625
1 0.40859375 0.8703125 0.1625 0.1609375
1 0.534375 0.93046875 0.1390625 0.11328125
1 0.5328125 0.82734375 0.14296875 0.146875
1 0.634375 0.85234375 0.16015625 0.146875
1 0.65859375 0.95 0.1390625 0.1
1 0.77734375 0.92890625 0.134375 0.1390625
1 0.875 0.89453125 0.146875 0.15625
1 0.7078125 0.790625 0.16328125 0.171875
1 0.80234375 0.79765625 0.1 0.12109375
1 0.8359375 0.68515625 0.19140625 0.1453125
1 0.95703125 0.7296875 0.0859375 0.14140625
1 0.86875 0.603125 0.1609375 0.11484375
1 0.0640625 0.81796875 0.128125 0.1828125
1 0.22734375 0.725 0.1578125 0.1515625
1 0.19609375 0.634375 0.140625 0.1234375
1 0.52421875 0.584375 0.17421875 0.1625
1 0.67421875 0.5796875 0.171875 0.1609375
1 0.95 0.56640625 0.1 0.1640625
1 0.8375 0.50703125 0.190625 0.16484375
1 0.68828125 0.4921875 0.1609375 0.14296875
1 0.5625 0.46328125 0.1328125 0.11875
1 0.55625 0.34609375 0.13828125 0.12578125
1 0.9375 0.41328125 0.125 0.140625
1 0.83046875 0.390625 0.10625 0.1390625
1 0.2140625 0.51875 0.171875 0.1515625
1 0.328125 0.4484375 0.15390625 0.14296875
1 0.0765625 0.3546875 0.15234375 0.15234375
1 0.84140625 0.29375 0.17109375 0.1234375
1 0.56484375 0.22734375 0.14921875 0.1578125
1 0.23046875 0.26796875 0.14765625 0.15
1 0.19765625 0.1703125 0.1390625 0.15234375
1 0.47265625 0.165625 0.146875 0.1390625
1 0.6453125 0.1578125 0.128125 0.11875
1 0.57578125 0.1 0.13515625 0.13671875
1 0.75546875 0.09453125 0.134375 0.13828125
1 0.92734375 0.2328125 0.128125 0.11015625
1 0.7984375 0.22890625 0.13671875 0.11328125
1 0.37890625 0.0765625 0.140625 0.134375
1 0.9015625 0.1125 0.1328125 0.14375
1 0.4578125 0.2765625 0.1296875 0.12578125
1 0.746875 0.4203125 0.15859375 0.1609375
1 0.42421875 0.7375 0.15 0.165625
1 0.48359375 0.05859375 0.14375 0.1171875