6 0.3 0.7 0.12734375 0.11640625
6 0.36875 0.77265625 0.140625 0.1625
6 0.525 0.95625 0.13125 0.0875
6 0.65078125 0.953125 0.13203125 0.09375
6 0.553125 0.84921875 0.165625 0.1375
6 0.56484375 0.5984375 0.07578125 0.090625
6 0.5390625 0.7078125 0.1578125 0.15
6 0.696875 0.5375 0.19375 0.165625
6 0.8546875 0.34375 0.1015625 0.11328125
6 0.77109375 0.26953125 0.1046875 0.09453125
6 0.6609375 0.25625 0.13125 0.1484375
1 0.79921875 0.05625 0.06328125 0.08203125
6 0.89609375 0.08046875 0.15546875 0.096875
6 0.76875 0.125 0.096875 0.12265625
6 0.63359375 0.09296875 0.225 0.1578125
6 0.46015625 0.203125 0.11484375 0.15859375
1 0.47734375 0.03046875 0.0890625 0.0609375
6 0.1046875 0.203125 0.06328125 0.0734375
6 0.17421875 0.1796875 0.0953125 0.0796875
1 0.4609375 0.08515625 0.1015625 0.08984375
1 0.41953125 0.94921875 0.0859375 0.0921875
1 0.54921875 0.165625 0.08515625 0.07890625
1 0.62890625 0.16484375 0.08125 0.0734375