6 0.05703125 0.24453125 0.1140625 0.20625
6 0.128125 0.33515625 0.0703125 0.0890625
6 0.1296875 0.415625 0.075 0.0765625
3 0.22109375 0.44921875 0.06015625 0.0359375
3 0.15078125 0.46953125 0.06796875 0.06796875
3 0.2375 0.58046875 0.0484375 0.02578125
3 0.2828125 0.58359375 0.0515625 0.03671875
3 0.2671875 0.62265625 0.04140625 0.02265625
6 0.3203125 0.6 0.10078125 0.0828125
6 0.25 0.52265625 0.06953125 0.06171875
6 0.2 0.515625 0.03828125 0.04375
6 0.26015625 0.5546875 0.03828125 0.0265625
6 0.190625 0.57421875 0.0671875 0.0609375
6 0.30625 0.5140625 0.04765625 0.03203125
6 0.3390625 0.54765625 0.08203125 0.05234375
6 0.409375 0.60703125 0.08046875 0.08046875
6 0.3640625 0.7171875 0.203125 0.19375
6 0.55234375 0.90859375 0.1546875 0.16796875
6 0.6484375 0.92890625 0.0828125 0.0921875
6 0.60546875 0.97890625 0.11171875 0.0421875
6 0.734375 0.95625 0.12109375 0.0875
6 0.690625 0.8875 0.11875 0.06875
6 0.9140625 0.6984375 0.11015625 0.09765625
3 0.97421875 0.821875 0.05078125 0.05
6 0.64609375 0.43046875 0.10390625 0.08984375
6 0.58203125 0.334375 0.20703125 0.21484375
3 0.4921875 0.30625 0.06015625 0.0609375
6 0.5375 0.17265625 0.0796875 0.07890625
6 0.4671875 0.1171875 0.05390625 0.0515625
6 0.69296875 0.05234375 0.05859375 0.06328125