1 0.4984375 0.2265625 0.1375 0.12265625
1 0.3921875 0.61796875 0.084375 0.0953125
1 0.39921875 0.5265625 0.1 0.0796875
1 0.2546875 0.45703125 0.0796875 0.0765625
1 0.1578125 0.45625 0.1265625 0.08515625
1 0.38671875 0.4046875 0.12109375 0.1015625
1 0.24765625 0.3140625 0.10234375 0.10234375
1 0.1578125 0.3703125 0.1171875 0.09921875
1 0.38359375 0.28984375 0.12109375 0.09921875
1 0.16875 0.1671875 0.1546875 0.14140625
1 0.1796875 0.06484375 0.15390625 0.1296875
1 0.4125 0.08984375 0.165625 0.1453125
1 0.94609375 0.05625 0.1078125 0.1125
1 0.94140625 0.1609375 0.1171875 0.14375
1 0.87421875 0.1078125 0.14140625 0.13515625
1 0.76015625 0.16015625 0.1265625 0.14921875
1 0.93203125 0.27734375 0.1328125 0.13203125
1 0.9125 0.38828125 0.1234375 0.14375
1 0.84296875 0.3203125 0.13046875 0.115625
1 0.7515625 0.26640625 0.11484375 0.14140625
1 0.67421875 0.21875 0.11875 0.11875
1 0.18515625 0.27109375 0.15234375 0.15859375
1 0.084375 0.25 0.146875 0.11328125
1 0.7671875 0.475 0.171875 0.1171875
1 0.8640625 0.4546875 0.1515625 0.13515625
1 0.76015625 0.39296875 0.14296875 0.1265625
1 0.665625 0.4453125 0.11875 0.11328125
1 0.57734375 0.4953125 0.13671875 0.1109375
1 0.58359375 0.4 0.1390625 0.134375
1 0.0703125 0.3171875 0.13515625 0.13203125
1 0.07109375 0.43359375 0.121875 0.15234375
1 0.8859375 0.7015625 0.15 0.1296875
1 0.8890625 0.571875 0.171875 0.1546875
1 0.7625 0.62265625 0.1109375 0.1078125
1 0.6765625 0.65078125 0.1625 0.1515625
1 0.66796875 0.5484375 0.12421875 0.115625
1 0.478125 0.5703125 0.1515625 0.14765625
1 0.5875 0.58671875 0.128125 0.128125
1 0.47578125 0.66796875 0.1390625 0.12421875
1 0.24140625 0.615625 0.13515625 0.146875
1 0.14921875 0.540625 0.146875 0.13203125
1 0.06640625 0.575 0.1328125 0.16875
1 0.1484375 0.64375 0.10859375 0.1015625
1 0.7546875 0.71015625 0.1453125 0.1328125
1 0.671875 0.7640625 0.14296875 0.1296875
1 0.584375 0.71171875 0.14140625 0.1609375
1 0.48203125 0.7625 0.1296875 0.11875
1 0.2390625 0.92109375 0.15390625 0.115625
1 0.2546875 0.81796875 0.13515625 0.134375
1 0.25625 0.70625 0.1265625 0.09921875
1 0.14921875 0.72734375 0.13828125 0.1171875
1 0.05703125 0.8078125 0.11328125 0.14765625
1 0.1375 0.8828125 0.1328125 0.15
1 0.75859375 0.925 0.16015625 0.15
1 0.875 0.89140625 0.1578125 0.1453125
1 0.575 0.840625 0.15625 0.1328125
1 0.40234375 0.81875 0.14765625 0.1296875
1 0.471875 0.91484375 0.1375 0.1703125
1 0.39921875 0.72734375 0.121875 0.1109375
1 0.5890625 0.18203125 0.134375 0.1375
1 0.96640625 0.49296875 0.0671875 0.10078125
1 0.60859375 0.06796875 0.134375 0.134375
1 0.76015625 0.84140625 0.13828125 0.15078125
1 0.8484375 0.23046875 0.12109375 0.13203125
1 0.27578125 0.125 0.1359375 0.128125
1 0.37421875 0.93203125 0.10625 0.13359375
1 0.05234375 0.70078125 0.1046875 0.1453125
1 0.56484375 0.30625 0.13828125 0.1421875
1 0.08828125 0.10546875 0.1546875 0.12734375
1 0.4890625 0.36015625 0.1203125 0.1296875
1 0.4015625 0.2046875 0.13984375 0.14375
1 0.68125 0.35078125 0.15078125 0.13984375
1 0.50390625 0.1203125 0.13203125 0.1234375
1 0.68046875 0.12890625 0.1234375 0.13359375
1 0.5671875 0.9515625 0.1140625 0.096875
1 0.4921875 0.46484375 0.1078125 0.1203125
1 0.97265625 0.3953125 0.05390625 0.090625
1 0.25546875 0.196875 0.11796875 0.09375
1 0.8671875 0.7828125 0.1390625 0.1234375
1 0.78125 0.06015625 0.12578125 0.11796875
1 0.66171875 0.8796875 0.1203125 0.12109375