6 0.26875 0.40546875 0.14140625 0.09453125
6 0.40234375 0.4875 0.1546875 0.1234375
6 0.2953125 0.13515625 0.1578125 0.184375
1 0.38515625 0.20234375 0.1109375 0.11953125
6 0.503125 0.10234375 0.13984375 0.12734375
1 0.64765625 0.1125 0.15078125 0.15625
6 0.81171875 0.24921875 0.1375 0.15390625
6 0.678125 0.24609375 0.14921875 0.16875
6 0.95078125 0.471875 0.0984375 0.15078125
6 0.6828125 0.5984375 0.18203125 0.13515625
6 0.57734375 0.5328125 0.16875 0.121875
6 0.8890625 0.7171875 0.103125 0.11640625
1 0.52734375 0.428125 0.1375 0.1171875
1 0.59296875 0.05625 0.13515625 0.1125
1 0.85625 0.8234375 0.12421875 0.121875
1 0.5765625 0.6796875 0.10234375 0.1046875
1 0.66171875 0.72109375 0.109375 0.10703125
1 0.084375 0.4015625 0.1015625 0.103125
1 0.21875 0.4859375 0.1109375 0.11796875
1 0.29921875 0.5296875 0.103125 0.1109375
1 0.1578125 0.4390625 0.0921875 0.10078125
1 0.5671875 0.18515625 0.096875 0.10078125
1 0.43828125 0.61484375 0.1140625 0.12578125
1 0.971875 0.7984375 0.05625 0.08125
1 0.365625 0.57109375 0.1046875 0.11640625
1 0.02265625 0.35546875 0.0453125 0.0859375
1 0.51796875 0.634375 0.08125 0.10078125
1 0.0625 0.2734375 0.12421875 0.14375
6 0.30625 0.3078125 0.1796875 0.15078125