0 0.6686197916666666 0.3271484375 0.029947916666666668 0.03125
0 0.5078125 0.94482421875 0.08854166666666667 0.0537109375
0 0.20768229166666666 0.94775390625 0.09244791666666667 0.0537109375
0 0.5345052083333334 0.73486328125 0.037760416666666664 0.0595703125
0 0.533203125 0.8447265625 0.040364583333333336 0.060546875
0 0.4830729166666667 0.8447265625 0.041666666666666664 0.060546875
0 0.232421875 0.8447265625 0.040364583333333336 0.05859375
0 0.185546875 0.84619140625 0.040364583333333336 0.0595703125
0 0.6705729166666666 0.8447265625 0.049479166666666664 0.05859375
0 0.6705729166666666 0.7333984375 0.049479166666666664 0.05859375
0 0.4817708333333333 0.73486328125 0.036458333333333336 0.0595703125
0 0.23177083333333334 0.73681640625 0.036458333333333336 0.0595703125
0 0.185546875 0.73681640625 0.037760416666666664 0.0595703125
0 0.359375 0.73583984375 0.046875 0.0595703125
0 0.5338541666666666 0.62451171875 0.036458333333333336 0.0595703125
0 0.484375 0.62353515625 0.036458333333333336 0.0595703125
0 0.23307291666666666 0.62548828125 0.036458333333333336 0.0595703125
0 0.1875 0.62646484375 0.036458333333333336 0.0595703125
0 0.185546875 0.5126953125 0.032552083333333336 0.0546875
0 0.232421875 0.513671875 0.037760416666666664 0.0546875
0 0.4830729166666667 0.5126953125 0.036458333333333336 0.0546875
0 0.5338541666666666 0.51171875 0.036458333333333336 0.056640625
0 0.669921875 0.5126953125 0.048177083333333336 0.056640625
0 0.3600260416666667 0.51171875 0.048177083333333336 0.056640625
0 0.3606770833333333 0.62353515625 0.046875 0.0576171875
0 0.6712239583333334 0.623046875 0.048177083333333336 0.060546875
0 0.6686197916666666 0.40625 0.045572916666666664 0.048828125
0 0.3619791666666667 0.4072265625 0.046875 0.048828125
0 0.533203125 0.40869140625 0.037760416666666664 0.0517578125
0 0.482421875 0.40869140625 0.037760416666666664 0.0517578125
0 0.18815104166666666 0.40869140625 0.037760416666666664 0.0517578125
0 0.23307291666666666 0.40771484375 0.036458333333333336 0.0517578125
0 0.061197916666666664 0.40673828125 0.046875 0.0498046875
0 0.057291666666666664 0.513671875 0.049479166666666664 0.0546875
0 0.3600260416666667 0.83154296875 0.06901041666666667 0.0322265625