0 0.17595307917888564 0.20263671875 0.07917888563049853 0.0810546875
0 0.5021994134897361 0.20263671875 0.07771260997067449 0.0810546875
0 0.8255131964809385 0.20263671875 0.07917888563049853 0.0810546875
0 0.8269794721407625 0.33056640625 0.093841642228739 0.0771484375
0 0.501466275659824 0.33056640625 0.093841642228739 0.0771484375
0 0.1744868035190616 0.33349609375 0.093841642228739 0.0771484375
0 0.1744868035190616 0.4677734375 0.093841642228739 0.0859375
0 0.49853372434017595 0.46923828125 0.093841642228739 0.0869140625
0 0.8211143695014663 0.466796875 0.093841642228739 0.0859375
0 0.8255131964809385 0.609375 0.10557184750733138 0.099609375
0 0.4970674486803519 0.607421875 0.10557184750733138 0.099609375
0 0.17302052785923755 0.60888671875 0.0967741935483871 0.1025390625
0 0.5036656891495601 0.75146484375 0.13049853372434017 0.0888671875
0 0.8211143695014663 0.75146484375 0.12903225806451613 0.0888671875
0 0.17375366568914957 0.75146484375 0.13049853372434017 0.0888671875