0 0.2747395833333333 0.38134765625 0.078125 0.1044921875
0 0.416015625 0.38134765625 0.07942708333333333 0.1025390625
0 0.5631510416666666 0.38134765625 0.07942708333333333 0.1025390625
0 0.7076822916666666 0.38037109375 0.07942708333333333 0.1025390625
0 0.8509114583333334 0.38134765625 0.07942708333333333 0.1025390625
0 0.8470052083333334 0.55419921875 0.07942708333333333 0.1025390625
0 0.705078125 0.55810546875 0.07942708333333333 0.1025390625
0 0.5631510416666666 0.55517578125 0.07942708333333333 0.1025390625
0 0.4186197916666667 0.55615234375 0.07942708333333333 0.1025390625
0 0.2740885416666667 0.55810546875 0.07942708333333333 0.1025390625
0 0.2766927083333333 0.73583984375 0.07942708333333333 0.1025390625
0 0.416015625 0.73486328125 0.07942708333333333 0.1025390625
0 0.5618489583333334 0.73291015625 0.07942708333333333 0.1025390625
0 0.701171875 0.73291015625 0.07942708333333333 0.1025390625
0 0.7024739583333334 0.88671875 0.061197916666666664 0.09375
0 0.5598958333333334 0.8876953125 0.0625 0.09375
0 0.4166666666666667 0.88671875 0.0625 0.09375
0 0.2721354166666667 0.88671875 0.0625 0.09375
0 0.08203125 0.369140625 0.049479166666666664 0.060546875
0 0.08333333333333333 0.51123046875 0.044270833333333336 0.0673828125