0 0.1181640625 0.16833166833166832 0.044921875 0.08691308691308691
0 0.2294921875 0.16683316683316685 0.046875 0.08591408591408592
0 0.22998046875 0.34415584415584416 0.0478515625 0.08291708291708291
0 0.11962890625 0.34415584415584416 0.0498046875 0.08491508491508491
0 0.341796875 0.16683316683316685 0.044921875 0.08591408591408592
0 0.4501953125 0.16683316683316685 0.046875 0.07992007992007992
0 0.55859375 0.16883116883116883 0.046875 0.07992007992007992
0 0.34130859375 0.34265734265734266 0.0478515625 0.08591408591408592
0 0.45068359375 0.3436563436563437 0.0498046875 0.08391608391608392
0 0.5595703125 0.34565434565434566 0.048828125 0.08591408591408592
0 0.341796875 0.51998001998002 0.048828125 0.08691308691308691
0 0.45068359375 0.5194805194805194 0.0498046875 0.08791208791208792
0 0.55810546875 0.5204795204795205 0.0478515625 0.08591408591408592
0 0.33984375 0.6998001998001998 0.046875 0.09290709290709291
0 0.44921875 0.6998001998001998 0.046875 0.09290709290709291
0 0.556640625 0.6998001998001998 0.046875 0.09290709290709291
0 0.12060546875 0.5204795204795205 0.0498046875 0.08591408591408592
0 0.2314453125 0.5194805194805194 0.05078125 0.08591408591408592
0 0.11962890625 0.7002997002997003 0.0478515625 0.0919080919080919
0 0.23095703125 0.6988011988011988 0.0498046875 0.09090909090909091
0 0.2294921875 0.8776223776223776 0.046875 0.08691308691308691
0 0.33837890625 0.8781218781218781 0.0458984375 0.08591408591408592
0 0.45166015625 0.8771228771228772 0.0537109375 0.08791208791208792
0 0.55712890625 0.8776223776223776 0.0458984375 0.08691308691308691
0 0.71728515625 0.22527472527472528 0.0458984375 0.07892107892107893
0 0.82763671875 0.22277722277722278 0.0458984375 0.07992007992007992
0 0.93701171875 0.22677322677322678 0.0458984375 0.07992007992007992
0 0.71923828125 0.3966033966033966 0.0478515625 0.0919080919080919
0 0.82958984375 0.3966033966033966 0.0478515625 0.0919080919080919
0 0.93798828125 0.3956043956043956 0.0478515625 0.0919080919080919
0 0.72216796875 0.570929070929071 0.0498046875 0.09090909090909091
0 0.83251953125 0.5689310689310689 0.0498046875 0.09090909090909091
0 0.71826171875 0.7502497502497503 0.0498046875 0.0939060939060939
0 0.8291015625 0.7497502497502497 0.048828125 0.09290709290709291
0 0.716796875 0.9065934065934066 0.0703125 0.03696303696303696