0 0.15451664025356576 0.09090909090909091 0.030110935023771792 0.049586776859504134
0 0.05309033280507131 0.19421487603305784 0.030110935023771792 0.0743801652892562
0 0.12123613312202852 0.19421487603305784 0.030110935023771792 0.0743801652892562
0 0.1862123613312203 0.19146005509641872 0.030110935023771792 0.0743801652892562
0 0.25277337559429475 0.1887052341597796 0.030110935023771792 0.0743801652892562
0 0.25118858954041207 0.3347107438016529 0.030110935023771792 0.0743801652892562
0 0.18462757527733756 0.33884297520661155 0.030110935023771792 0.08264462809917356
0 0.11885895404120443 0.3484848484848485 0.028526148969889066 0.09641873278236915
0 0.05150554675118859 0.33746556473829203 0.030110935023771792 0.0743801652892562
0 0.04992076069730586 0.4807162534435262 0.030110935023771792 0.09090909090909091
0 0.25118858954041207 0.4793388429752066 0.030110935023771792 0.0881542699724518
0 0.18304278922345482 0.49173553719008267 0.030110935023771792 0.11294765840220386
0 0.11648177496038035 0.4903581267217631 0.030110935023771792 0.11019283746556474
0 0.24881141045958796 0.628099173553719 0.03169572107765452 0.0881542699724518
0 0.04675118858954041 0.6322314049586777 0.030110935023771792 0.09090909090909091
0 0.11568938193343899 0.6446280991735537 0.028526148969889066 0.11570247933884298
0 0.18066561014263074 0.6446280991735537 0.028526148969889066 0.11570247933884298
0 0.48415213946117275 0.18181818181818182 0.02377179080824089 0.07162534435261708
0 0.5625990491283677 0.18044077134986225 0.025356576862123614 0.06887052341597796
0 0.6458003169572107 0.45179063360881544 0.03328050713153724 0.07713498622589532
0 0.5871632329635499 0.453168044077135 0.030110935023771792 0.07988980716253444
0 0.4009508716323296 0.45454545454545453 0.028526148969889066 0.07713498622589532
0 0.4595879556259905 0.453168044077135 0.028526148969889066 0.0743801652892562
0 0.4001584786053883 0.5922865013774105 0.030110935023771792 0.08264462809917356
0 0.45879556259904913 0.5922865013774105 0.030110935023771792 0.08264462809917356
0 0.5871632329635499 0.5909090909090909 0.030110935023771792 0.07988980716253444
0 0.6450079239302694 0.5895316804407713 0.03169572107765452 0.08264462809917356
0 0.5221870047543582 0.46831955922865015 0.030110935023771792 0.11019283746556474
0 0.5229793977812995 0.6060606060606061 0.03169572107765452 0.11019283746556474
0 0.8066561014263075 0.15564738292011018 0.025356576862123614 0.05785123966942149
0 0.8367670364500792 0.15426997245179064 0.025356576862123614 0.05509641873278237
0 0.8652931854199684 0.15564738292011018 0.025356576862123614 0.05785123966942149
0 0.7622820919175911 0.27823691460055094 0.03169572107765452 0.06611570247933884
0 0.8129952456418383 0.27823691460055094 0.03169572107765452 0.06611570247933884
0 0.8137876386687797 0.4022038567493113 0.030110935023771792 0.06611570247933884
0 0.7622820919175911 0.4049586776859504 0.03169572107765452 0.06611570247933884
0 0.8161648177496038 0.5399449035812672 0.03169572107765452 0.06611570247933884
0 0.7638668779714739 0.5371900826446281 0.03169572107765452 0.06611570247933884
0 0.7622820919175911 0.6804407713498623 0.03169572107765452 0.07162534435261708
0 0.8169572107765452 0.6763085399449036 0.030110935023771792 0.0743801652892562
0 0.8835182250396196 0.2727272727272727 0.020602218700475437 0.06060606060606061
0 0.9064976228209192 0.2713498622589532 0.01901743264659271 0.05785123966942149
0 0.4326465927099842 0.31267217630853994 0.01901743264659271 0.06887052341597796
0 0.4540412044374009 0.31267217630853994 0.017432646592709985 0.06887052341597796
0 0.5126782884310618 0.31129476584022037 0.017432646592709985 0.07162534435261708
0 0.5340729001584786 0.30991735537190085 0.01901743264659271 0.06887052341597796
0 0.5927099841521395 0.30991735537190085 0.01901743264659271 0.06887052341597796
0 0.6141045958795562 0.30991735537190085 0.017432646592709985 0.06887052341597796
0 0.8882725832012678 0.39118457300275483 0.017432646592709985 0.07162534435261708
0 0.9088748019017433 0.38980716253443526 0.017432646592709985 0.06887052341597796
0 0.9088748019017433 0.5399449035812672 0.014263074484944533 0.07162534435261708
0 0.8890649762282092 0.5385674931129476 0.01584786053882726 0.0743801652892562
0 0.8906497622820919 0.6776859504132231 0.01584786053882726 0.06060606060606061
0 0.9112519809825673 0.6763085399449036 0.01584786053882726 0.06336088154269973
0 0.873217115689382 0.5399449035812672 0.006339144215530904 0.06611570247933884
0 0.8716323296354992 0.3939393939393939 0.006339144215530904 0.06611570247933884
0 0.8763866877971473 0.6776859504132231 0.006339144215530904 0.06060606060606061
0 0.598256735340729 0.803030303030303 0.061806656101426306 0.14049586776859505