0 0.1171875 0.22514204545454544 0.04296875 0.10653409090909091
0 0.220703125 0.22088068181818182 0.04296875 0.10653409090909091
0 0.3271484375 0.21946022727272727 0.04296875 0.10653409090909091
0 0.4404296875 0.2137784090909091 0.04296875 0.10653409090909091
0 0.62060546875 0.2080965909090909 0.0478515625 0.10653409090909091
0 0.7900390625 0.22230113636363635 0.04296875 0.10653409090909091
0 0.8955078125 0.2315340909090909 0.04296875 0.10511363636363637
0 0.1171875 0.4161931818181818 0.041015625 0.1278409090909091
0 0.2197265625 0.4147727272727273 0.041015625 0.1278409090909091
0 0.3271484375 0.4161931818181818 0.041015625 0.1278409090909091
0 0.44189453125 0.4112215909090909 0.0439453125 0.13494318181818182
0 0.62255859375 0.40980113636363635 0.0498046875 0.12926136363636365
0 0.79345703125 0.41761363636363635 0.0400390625 0.1278409090909091
0 0.89501953125 0.42329545454545453 0.0400390625 0.1278409090909091
0 0.12158203125 0.6008522727272727 0.0419921875 0.09090909090909091
0 0.22216796875 0.6022727272727273 0.0419921875 0.09090909090909091
0 0.3271484375 0.6044034090909091 0.04296875 0.08948863636363637
0 0.44287109375 0.6022727272727273 0.0419921875 0.09090909090909091
0 0.7919921875 0.6029829545454546 0.04296875 0.08948863636363637
0 0.89501953125 0.6058238636363636 0.0419921875 0.08948863636363637
0 0.791015625 0.7791193181818182 0.091796875 0.12073863636363637