0 0.19718309859154928 0.279296875 0.10243277848911651 0.12109375
0 0.42445582586427655 0.2783203125 0.10371318822023047 0.12109375
0 0.7023047375160051 0.27734375 0.10371318822023047 0.12109375
0 0.9596670934699104 0.2744140625 0.0678617157490397 0.12109375
0 0.18886043533930857 0.5478515625 0.11139564660691421 0.12890625
0 0.42573623559539053 0.548828125 0.11139564660691421 0.12890625
0 0.9603072983354674 0.5458984375 0.058898847631242 0.12890625
0 0.42701664532650446 0.8349609375 0.1293213828425096 0.11328125
0 0.7099871959026889 0.5546875 0.13188220230473752 0.1328125
0 0.19014084507042253 0.83740234375 0.10627400768245839 0.1162109375
0 0.9615877080665813 0.8359375 0.06145966709346991 0.11328125