0 0.18683001531393567 0.1640625 0.06125574272588055 0.091796875
0 0.25803981623277183 0.1650390625 0.05972434915773354 0.08984375
0 0.47013782542113325 0.16455078125 0.05819295558958652 0.0908203125
0 0.5413476263399694 0.1650390625 0.05972434915773354 0.091796875
0 0.7595712098009189 0.1630859375 0.05819295558958652 0.08984375
0 0.8330781010719756 0.1630859375 0.05819295558958652 0.08984375
0 0.22052067381316998 0.330078125 0.13169984686064318 0.0859375
0 0.5053598774885145 0.32861328125 0.13169984686064318 0.0869140625
0 0.7909647779479326 0.32958984375 0.13016845329249618 0.0869140625
0 0.2228177641653905 0.48974609375 0.12710566615620214 0.0908203125
0 0.5053598774885145 0.48974609375 0.12557427258805512 0.0908203125
0 0.7940275650842267 0.48974609375 0.12710566615620214 0.0908203125
0 0.2228177641653905 0.654296875 0.12710566615620214 0.08984375
0 0.5068912710566615 0.65380859375 0.12557427258805512 0.0908203125
0 0.7940275650842267 0.65380859375 0.12710566615620214 0.0908203125
0 0.21975497702909647 0.8203125 0.11485451761102604 0.08984375
0 0.7932618683001531 0.8193359375 0.11638591117917305 0.091796875
0 0.41730474732006123 0.81884765625 0.08422664624808576 0.0908203125
0 0.599540581929556 0.8212890625 0.08116385911179173 0.091796875