0 0.15288220551378445 0.0927734375 0.15037593984962405 0.041015625
0 0.49373433583959897 0.09130859375 0.14536340852130325 0.0419921875
0 0.8421052631578947 0.08984375 0.14536340852130325 0.04296875
0 0.15914786967418545 0.205078125 0.15789473684210525 0.05859375
0 0.5 0.2041015625 0.15789473684210525 0.05859375
0 0.8421052631578947 0.2001953125 0.16040100250626566 0.05859375
0 0.487468671679198 0.33447265625 0.12280701754385964 0.0751953125
0 0.15162907268170425 0.333984375 0.12280701754385964 0.07421875
0 0.818295739348371 0.3349609375 0.12280701754385964 0.07421875
0 0.8157894736842105 0.4384765625 0.12280701754385964 0.07421875
0 0.4799498746867168 0.439453125 0.12280701754385964 0.07421875
0 0.15162907268170425 0.43798828125 0.12280701754385964 0.0751953125
0 0.8157894736842105 0.5380859375 0.12280701754385964 0.068359375
0 0.4824561403508772 0.5380859375 0.12280701754385964 0.068359375
0 0.15037593984962405 0.537109375 0.12030075187969924 0.068359375
0 0.15037593984962405 0.640625 0.12030075187969924 0.068359375
0 0.487468671679198 0.640625 0.12280701754385964 0.068359375
0 0.8145363408521303 0.6416015625 0.12030075187969924 0.068359375
0 0.15413533834586465 0.76953125 0.09774436090225563 0.046875
0 0.8308270676691729 0.77099609375 0.09774436090225563 0.0478515625