0 0.12939453125 0.26411290322580644 0.0283203125 0.10483870967741936
0 0.130859375 0.6955645161290323 0.03125 0.10887096774193548
0 0.18115234375 0.26411290322580644 0.0283203125 0.10483870967741936
0 0.25927734375 0.26411290322580644 0.0283203125 0.10483870967741936
0 0.34619140625 0.2661290322580645 0.0283203125 0.10483870967741936
0 0.42626953125 0.2651209677419355 0.0283203125 0.10685483870967742
0 0.47802734375 0.26411290322580644 0.0283203125 0.10483870967741936
0 0.130859375 0.4838709677419355 0.025390625 0.11290322580645161
0 0.18115234375 0.48286290322580644 0.0283203125 0.11088709677419355
0 0.25927734375 0.4838709677419355 0.0283203125 0.11290322580645161
0 0.34521484375 0.48588709677419356 0.0283203125 0.11290322580645161
0 0.42724609375 0.4808467741935484 0.0283203125 0.11088709677419355
0 0.47802734375 0.4838709677419355 0.0283203125 0.11290322580645161
0 0.18212890625 0.6945564516129032 0.0302734375 0.11088709677419355
0 0.25927734375 0.6955645161290323 0.0302734375 0.10887096774193548
0 0.345703125 0.6955645161290323 0.03125 0.10887096774193548
0 0.4267578125 0.6965725806451613 0.03125 0.11088709677419355
0 0.47802734375 0.6965725806451613 0.0302734375 0.11088709677419355
0 0.54541015625 0.2590725806451613 0.0283203125 0.10685483870967742
0 0.59716796875 0.2590725806451613 0.0283203125 0.10685483870967742
0 0.66552734375 0.2560483870967742 0.0283203125 0.10887096774193548
0 0.7197265625 0.25705645161290325 0.02734375 0.10685483870967742
0 0.767578125 0.2560483870967742 0.02734375 0.10887096774193548
0 0.82177734375 0.2540322580645161 0.0283203125 0.10887096774193548
0 0.88232421875 0.2590725806451613 0.0283203125 0.11088709677419355
0 0.93603515625 0.25806451612903225 0.0283203125 0.10887096774193548
0 0.544921875 0.4727822580645161 0.02734375 0.10685483870967742
0 0.599609375 0.4747983870967742 0.025390625 0.10685483870967742
0 0.66455078125 0.46774193548387094 0.0283203125 0.10887096774193548
0 0.71923828125 0.4717741935483871 0.0283203125 0.10887096774193548
0 0.76708984375 0.46774193548387094 0.0283203125 0.10887096774193548
0 0.82080078125 0.46975806451612906 0.0283203125 0.10887096774193548
0 0.88427734375 0.4717741935483871 0.0283203125 0.10887096774193548
0 0.93603515625 0.4737903225806452 0.0283203125 0.10887096774193548
0 0.5478515625 0.6824596774193549 0.025390625 0.10685483870967742
0 0.599609375 0.6834677419354839 0.025390625 0.10887096774193548
0 0.66796875 0.6834677419354839 0.025390625 0.10887096774193548
0 0.720703125 0.6834677419354839 0.02734375 0.10887096774193548
0 0.767578125 0.6834677419354839 0.025390625 0.10887096774193548
0 0.82080078125 0.6834677419354839 0.0244140625 0.10887096774193548
0 0.8857421875 0.6844758064516129 0.025390625 0.10685483870967742
0 0.0390625 0.2691532258064516 0.037109375 0.09475806451612903
0 0.0390625 0.47076612903225806 0.037109375 0.09475806451612903
0 0.04052734375 0.6693548387096774 0.0380859375 0.10080645161290322
0 0.0390625 0.8719758064516129 0.037109375 0.1028225806451613
0 0.5478515625 0.9032258064516129 0.029296875 0.10887096774193548
0 0.6005859375 0.9012096774193549 0.029296875 0.10887096774193548
0 0.673828125 0.9022177419354839 0.03125 0.10685483870967742
0 0.45458984375 0.9344758064516129 0.0791015625 0.09475806451612903