0 0.0888671875 0.22439281942977823 0.0546875 0.11510031678986272
0 0.28857421875 0.22069693769799367 0.0537109375 0.11404435058078141
0 0.4912109375 0.22280887011615627 0.0546875 0.11404435058078141
0 0.6904296875 0.2238648363252376 0.0546875 0.11404435058078141
0 0.884765625 0.2307286166842661 0.0546875 0.11510031678986272
0 0.08740234375 0.5279831045406547 0.0634765625 0.1457233368532207
0 0.2880859375 0.529039070749736 0.064453125 0.1457233368532207
0 0.4912109375 0.5279831045406547 0.064453125 0.1457233368532207
0 0.6923828125 0.529039070749736 0.064453125 0.1457233368532207
0 0.8857421875 0.5311510031678986 0.064453125 0.1457233368532207
0 0.0908203125 0.8674762407602957 0.12890625 0.13199577613516367
0 0.29052734375 0.8680042238648363 0.1298828125 0.133051742344245
0 0.69140625 0.8695881731784583 0.12890625 0.13199577613516367
0 0.88623046875 0.8606124604012672 0.1298828125 0.133051742344245
0 0.08935546875 0.73389651531151 0.1318359375 0.07602956705385427
0 0.28955078125 0.7365364308342133 0.1318359375 0.07708553326293559
0 0.69384765625 0.73389651531151 0.1318359375 0.07602956705385427
0 0.88720703125 0.7333685322069694 0.1240234375 0.07497360084477296