0 0.14966442953020134 0.12060546875 0.025503355704697986 0.0263671875
0 0.1912751677852349 0.12255859375 0.025503355704697986 0.0263671875
0 0.2677852348993289 0.123046875 0.025503355704697986 0.02734375
0 0.30671140939597313 0.12451171875 0.025503355704697986 0.0263671875
0 0.46375838926174495 0.12646484375 0.025503355704697986 0.0263671875
0 0.5805369127516778 0.12744140625 0.025503355704697986 0.0263671875
0 0.8926174496644296 0.12646484375 0.026845637583892617 0.0263671875
0 0.8516778523489933 0.126953125 0.025503355704697986 0.02734375
0 0.7751677852348994 0.12646484375 0.025503355704697986 0.0263671875
0 0.7328859060402685 0.12744140625 0.026845637583892617 0.0263671875
0 0.09395973154362416 0.326171875 0.04832214765100671 0.072265625
0 0.21208053691275167 0.3271484375 0.04832214765100671 0.072265625
0 0.3288590604026846 0.32763671875 0.04832214765100671 0.0712890625
0 0.4442953020134228 0.32861328125 0.04832214765100671 0.0712890625
0 0.5597315436241611 0.330078125 0.04832214765100671 0.072265625
0 0.674496644295302 0.328125 0.04697986577181208 0.072265625
0 0.7872483221476511 0.32958984375 0.04697986577181208 0.0712890625
0 0.9046979865771813 0.32763671875 0.04832214765100671 0.0712890625
0 0.9040268456375838 0.431640625 0.04697986577181208 0.076171875
0 0.7879194630872484 0.43115234375 0.04563758389261745 0.0751953125
0 0.674496644295302 0.43115234375 0.04697986577181208 0.0751953125
0 0.5597315436241611 0.43017578125 0.04563758389261745 0.0791015625
0 0.4469798657718121 0.43017578125 0.04563758389261745 0.0791015625
0 0.3302013422818792 0.43017578125 0.04563758389261745 0.0791015625
0 0.2134228187919463 0.43115234375 0.04563758389261745 0.0791015625
0 0.09395973154362416 0.43017578125 0.04563758389261745 0.0791015625
0 0.0953020134228188 0.5498046875 0.04832214765100671 0.07421875
0 0.21409395973154363 0.5478515625 0.049664429530201344 0.07421875
0 0.3302013422818792 0.5478515625 0.04832214765100671 0.07421875
0 0.44563758389261743 0.546875 0.04832214765100671 0.07421875
0 0.5597315436241611 0.546875 0.04832214765100671 0.07421875
0 0.6738255033557047 0.5458984375 0.04832214765100671 0.07421875
0 0.7879194630872484 0.5458984375 0.04832214765100671 0.07421875
0 0.9046979865771813 0.5458984375 0.04832214765100671 0.07421875
0 0.14429530201342283 0.70849609375 0.08187919463087248 0.0966796875
0 0.38456375838926177 0.70654296875 0.08187919463087248 0.0966796875
0 0.6201342281879194 0.7041015625 0.07785234899328859 0.09375
0 0.8536912751677852 0.703125 0.07785234899328859 0.09375