0 0.11277602523659307 0.18788501026694046 0.07413249211356467 0.09240246406570841
0 0.27208201892744477 0.18480492813141683 0.07413249211356467 0.0944558521560575
0 0.111198738170347 0.38809034907597534 0.07413249211356467 0.0944558521560575
0 0.2689274447949527 0.38809034907597534 0.07413249211356467 0.0944558521560575
0 0.11041009463722397 0.5965092402464066 0.07255520504731862 0.10061601642710473
0 0.26813880126182965 0.5975359342915811 0.07255520504731862 0.09856262833675565
0 0.10725552050473186 0.8059548254620124 0.07255520504731862 0.10061601642710473
0 0.26813880126182965 0.8039014373716632 0.07255520504731862 0.10061601642710473
0 0.499211356466877 0.18480492813141683 0.06782334384858044 0.09034907597535935
0 0.7137223974763407 0.1868583162217659 0.06782334384858044 0.09034907597535935
0 0.500788643533123 0.3891170431211499 0.07413249211356467 0.09650924024640657
0 0.38485804416403785 0.39014373716632444 0.056782334384858045 0.09856262833675565
0 0.7263406940063092 0.3891170431211499 0.07413249211356467 0.09650924024640657
0 0.8746056782334385 0.39117043121149897 0.07413249211356467 0.09650924024640657
0 0.8793375394321766 0.5903490759753593 0.07413249211356467 0.09650924024640657
0 0.7287066246056783 0.5924024640657084 0.07570977917981073 0.09650924024640657
0 0.5039432176656151 0.5944558521560575 0.07413249211356467 0.09650924024640657
0 0.6175078864353313 0.5954825462012321 0.052050473186119876 0.0944558521560575
0 0.3872239747634069 0.5944558521560575 0.055205047318611984 0.09240246406570841
0 0.6143533123028391 0.3870636550308008 0.055205047318611984 0.08829568788501027
0 0.7294952681388013 0.7967145790554415 0.06782334384858044 0.0944558521560575
0 0.8777602523659306 0.7946611909650924 0.06782334384858044 0.0944558521560575
0 0.6009463722397477 0.19096509240246407 0.025236593059936908 0.049281314168377825
0 0.39274447949526814 0.1868583162217659 0.025236593059936908 0.049281314168377825
0 0.47870662460567825 0.07905544147843943 0.02996845425867508 0.018480492813141684
0 0.6332807570977917 0.08624229979466119 0.033123028391167195 0.02053388090349076
0 0.38801261829652994 0.8069815195071869 0.056782334384858045 0.0944558521560575
0 0.6159305993690851 0.8008213552361396 0.055205047318611984 0.0944558521560575
0 0.5023659305993691 0.7238193018480493 0.08675078864353312 0.039014373716632446