0 0.13363821138211382 0.23486328125 0.07621951219512195 0.0810546875
0 0.3988821138211382 0.23681640625 0.07621951219512195 0.0810546875
0 0.603150406504065 0.23876953125 0.07621951219512195 0.0810546875
0 0.864329268292683 0.24169921875 0.07621951219512195 0.0810546875
0 0.8653455284552846 0.37255859375 0.08028455284552846 0.0830078125
0 0.6072154471544715 0.37060546875 0.08638211382113821 0.0849609375
0 0.39684959349593496 0.36962890625 0.08638211382113821 0.0849609375
0 0.12957317073170732 0.36865234375 0.08638211382113821 0.0849609375
0 0.1290650406504065 0.5224609375 0.08739837398373984 0.109375
0 0.3958333333333333 0.52099609375 0.08638211382113821 0.1103515625
0 0.6061991869918699 0.5224609375 0.08638211382113821 0.109375
0 0.869410569105691 0.5224609375 0.08638211382113821 0.109375
0 0.866869918699187 0.68798828125 0.08739837398373984 0.1240234375
0 0.6056910569105691 0.6884765625 0.09349593495934959 0.125
0 0.3978658536585366 0.68994140625 0.09247967479674797 0.1240234375
0 0.12957317073170732 0.68896484375 0.09247967479674797 0.1240234375
0 0.13567073170731708 0.15283203125 0.04369918699186992 0.0166015625
0 0.3953252032520325 0.15234375 0.04065040650406504 0.017578125
0 0.6041666666666666 0.1533203125 0.04573170731707317 0.017578125
0 0.8622967479674797 0.15673828125 0.04573170731707317 0.0185546875