0 0.22156862745098038 0.4608150470219436 0.06666666666666667 0.08150470219435736
0 0.3627450980392157 0.4615987460815047 0.06666666666666667 0.08307210031347963
0 0.6725490196078432 0.45846394984326017 0.06666666666666667 0.08307210031347963
0 0.807843137254902 0.4592476489028213 0.06666666666666667 0.08150470219435736
0 0.22058823529411764 0.5924764890282131 0.06470588235294118 0.07210031347962383
0 0.3637254901960784 0.5901253918495298 0.06470588235294118 0.07053291536050156
0 0.5137254901960784 0.591692789968652 0.0784313725490196 0.07053291536050156
0 0.6754901960784314 0.5869905956112853 0.06470588235294118 0.07053291536050156
0 0.8088235294117647 0.5877742946708464 0.06470588235294118 0.07210031347962383
0 0.22058823529411764 0.3166144200626959 0.052941176470588235 0.06896551724137931
0 0.35980392156862745 0.3166144200626959 0.052941176470588235 0.06896551724137931
0 0.5284313725490196 0.31347962382445144 0.052941176470588235 0.06896551724137931
0 0.6754901960784314 0.3166144200626959 0.052941176470588235 0.06896551724137931
0 0.8127450980392157 0.3213166144200627 0.052941176470588235 0.06896551724137931
0 0.21176470588235294 0.2029780564263323 0.03529411764705882 0.061128526645768025
0 0.3509803921568627 0.20454545454545456 0.03529411764705882 0.061128526645768025
0 0.5147058823529411 0.19984326018808776 0.041176470588235294 0.061128526645768025
0 0.6666666666666666 0.20454545454545456 0.03529411764705882 0.061128526645768025
0 0.8009803921568628 0.20454545454545456 0.03333333333333333 0.061128526645768025
0 0.5196078431372549 0.4506269592476489 0.09411764705882353 0.08307210031347963
0 0.23039215686274508 0.7264890282131662 0.11960784313725491 0.10815047021943573
0 0.36666666666666664 0.7249216300940439 0.12156862745098039 0.10815047021943573
0 0.6764705882352942 0.7233542319749217 0.12156862745098039 0.10815047021943573
0 0.8088235294117647 0.7225705329153606 0.11960784313725491 0.10658307210031348
0 0.5235294117647059 0.713166144200627 0.11372549019607843 0.08463949843260188
0 0.5509803921568628 0.9717868338557993 0 0
0 0.5137254901960784 0.908307210031348 0.09019607843137255 0.12695924764890282