0 0.2697160883280757 0.34175084175084175 0.08201892744479496 0.1414141414141414
0 0.8375394321766562 0.3400673400673401 0.08201892744479496 0.1414141414141414
0 0.2697160883280757 0.5673400673400674 0.08201892744479496 0.1414141414141414
0 0.8391167192429022 0.563973063973064 0.08201892744479496 0.1414141414141414
0 0.27917981072555204 0.7920875420875421 0.08201892744479496 0.13973063973063973
0 0.8430599369085173 0.7878787878787878 0.07413249211356467 0.13804713804713806
0 0.5126182965299685 0.35185185185185186 0.06309148264984227 0.15824915824915825
0 0.5977917981072555 0.35353535353535354 0.06309148264984227 0.16835016835016836
0 0.5134069400630915 0.57996632996633 0.061514195583596214 0.1632996632996633
0 0.5962145110410094 0.5673400673400674 0.05993690851735016 0.1414141414141414
0 0.611198738170347 0.7988215488215489 0.052050473186119876 0.11952861952861953
0 0.2697160883280757 0.1069023569023569 0.06309148264984227 0.1026936026936027
0 0.8406940063091483 0.1111111111111111 0.05993690851735016 0.09764309764309764
0 0.5354889589905363 0.11026936026936027 0.02996845425867508 0.09595959595959595
0 0.5867507886435331 0.11026936026936027 0.03470031545741325 0.09932659932659933