0 0.15564738292011018 0.0732421875 0.03856749311294766 0.0390625
0 0.7878787878787878 0.0654296875 0.03856749311294766 0.0390625
0 0.5192837465564738 0.08251953125 0.027548209366391185 0.0224609375
0 0.4800275482093664 0.08203125 0.028925619834710745 0.0234375
0 0.4428374655647383 0.0830078125 0.026170798898071626 0.015625
0 0.5585399449035813 0.083984375 0.026170798898071626 0.015625
0 0.3484848484848485 0.24951171875 0.049586776859504134 0.0693359375
0 0.4380165289256198 0.24951171875 0.049586776859504134 0.0693359375
0 0.5289256198347108 0.24755859375 0.049586776859504134 0.0693359375
0 0.6177685950413223 0.24853515625 0.05096418732782369 0.0693359375
0 0.35055096418732784 0.38037109375 0.05096418732782369 0.0693359375
0 0.44077134986225897 0.37939453125 0.049586776859504134 0.0693359375
0 0.53099173553719 0.3779296875 0.05096418732782369 0.0703125
0 0.6184573002754821 0.37841796875 0.049586776859504134 0.0693359375
0 0.3526170798898072 0.50439453125 0.049586776859504134 0.0517578125
0 0.4462809917355372 0.50341796875 0.049586776859504134 0.0517578125
0 0.53099173553719 0.5029296875 0.05096418732782369 0.05078125
0 0.6232782369146006 0.5029296875 0.048209366391184574 0.05078125
0 0.1590909090909091 0.36767578125 0.10330578512396695 0.0751953125
0 0.16735537190082644 0.50439453125 0.10330578512396695 0.0751953125
0 0.7920110192837465 0.36181640625 0.1046831955922865 0.0751953125
0 0.7920110192837465 0.50048828125 0.1046831955922865 0.0751953125
0 0.7899449035812672 0.2314453125 0.1115702479338843 0.0546875
0 0.1721763085399449 0.23779296875 0.11019283746556474 0.0537109375
0 0.5929752066115702 0.6416015625 0.15289256198347106 0.06640625
0 0.3891184573002755 0.64111328125 0.15289256198347106 0.0654296875
0 0.7961432506887053 0.6396484375 0.11294765840220386 0.06640625
0 0.18457300275482094 0.642578125 0.11294765840220386 0.06640625