0 0.13909774436090225 0.17236328125 0.11779448621553884 0.0908203125
0 0.38471177944862156 0.1748046875 0.11779448621553884 0.08984375
0 0.62531328320802 0.17822265625 0.11779448621553884 0.0908203125
0 0.868421052631579 0.17626953125 0.11779448621553884 0.0908203125
0 0.13659147869674185 0.34619140625 0.11779448621553884 0.0908203125
0 0.38345864661654133 0.34619140625 0.12030075187969924 0.0908203125
0 0.6177944862155389 0.34326171875 0.11779448621553884 0.0908203125
0 0.8709273182957393 0.34716796875 0.11779448621553884 0.0908203125
0 0.14285714285714285 0.51416015625 0.12030075187969924 0.0966796875
0 0.38345864661654133 0.51513671875 0.12030075187969924 0.0966796875
0 0.6303258145363408 0.513671875 0.11779448621553884 0.09765625
0 0.8721804511278195 0.51708984375 0.12030075187969924 0.0966796875
0 0.868421052631579 0.69482421875 0.11779448621553884 0.1025390625
0 0.6303258145363408 0.69580078125 0.11779448621553884 0.1025390625
0 0.38847117794486213 0.69580078125 0.12030075187969924 0.1025390625
0 0.14285714285714285 0.693359375 0.12030075187969924 0.1015625