0 0.17485119047619047 0.25 0.09672619047619048 0.083984375
0 0.1793154761904762 0.3818359375 0.09672619047619048 0.083984375
0 0.49851190476190477 0.251953125 0.09821428571428571 0.083984375
0 0.5022321428571429 0.3828125 0.09672619047619048 0.083984375
0 0.8184523809523809 0.3818359375 0.10119047619047619 0.0859375
0 0.8199404761904762 0.25244140625 0.09523809523809523 0.0849609375
0 0.49702380952380953 0.513671875 0.09523809523809523 0.09765625
0 0.8139880952380952 0.5146484375 0.09523809523809523 0.09765625
0 0.17708333333333334 0.51220703125 0.09523809523809523 0.0986328125
0 0.1793154761904762 0.65234375 0.10267857142857142 0.107421875
0 0.49851190476190477 0.6533203125 0.10416666666666667 0.107421875
0 0.8154761904761905 0.654296875 0.10416666666666667 0.107421875
0 0.8117559523809523 0.8095703125 0.1056547619047619 0.1171875
0 0.4992559523809524 0.80517578125 0.1056547619047619 0.1162109375
0 0.1793154761904762 0.80908203125 0.1056547619047619 0.1162109375
0 0.8214285714285714 0.12060546875 0.09523809523809523 0.0810546875
0 0.5014880952380952 0.12158203125 0.10119047619047619 0.0810546875
0 0.17782738095238096 0.119140625 0.09970238095238096 0.08203125