0 0.4845890410958904 0.28327338129496404 0.0821917808219178 0.12410071942446044
0 0.2285958904109589 0.2841726618705036 0.07363013698630137 0.11870503597122302
0 0.761986301369863 0.2886690647482014 0.07534246575342465 0.12050359712230216
0 0.2226027397260274 0.5035971223021583 0.07876712328767123 0.12949640287769784
0 0.4803082191780822 0.5026978417266187 0.08047945205479452 0.12769784172661872
0 0.759417808219178 0.5089928057553957 0.08047945205479452 0.12949640287769784
0 0.2243150684931507 0.7284172661870504 0.07534246575342465 0.12589928057553956
0 0.4820205479452055 0.7284172661870504 0.07705479452054795 0.12589928057553956
0 0.7611301369863014 0.7302158273381295 0.07705479452054795 0.12589928057553956
0 0.4905821917808219 0.06654676258992806 0.06678082191780822 0.10431654676258993
0 0.7636986301369864 0.039568345323741004 0.09246575342465753 0.0683453237410072
0 0.2208904109589041 0.03866906474820144 0.09246575342465753 0.06654676258992806