0 0.19341317365269461 0.22802734375 0.05149700598802395 0.1298828125
0 0.07604790419161676 0.22705078125 0.05149700598802395 0.1298828125
0 0.31676646706586825 0.22705078125 0.05149700598802395 0.1298828125
0 0.43832335329341315 0.2255859375 0.05269461077844311 0.12890625
0 0.5622754491017964 0.224609375 0.05149700598802395 0.12890625
0 0.6856287425149701 0.22509765625 0.05149700598802395 0.1298828125
0 0.8089820359281437 0.22509765625 0.05149700598802395 0.1298828125
0 0.9299401197604791 0.22509765625 0.05149700598802395 0.1298828125
0 0.9269461077844311 0.42626953125 0.055089820359281436 0.1357421875
0 0.8059880239520958 0.42626953125 0.055089820359281436 0.1357421875
0 0.6826347305389222 0.42724609375 0.055089820359281436 0.1357421875
0 0.5622754491017964 0.42626953125 0.05389221556886228 0.1357421875
0 0.43832335329341315 0.42822265625 0.055089820359281436 0.1357421875
0 0.3137724550898204 0.427734375 0.055089820359281436 0.13671875
0 0.19461077844311378 0.42724609375 0.05389221556886228 0.1357421875
0 0.31736526946107785 0.6240234375 0.055089820359281436 0.13671875
0 0.4377245508982036 0.62255859375 0.05389221556886228 0.1357421875
0 0.19401197604790418 0.62158203125 0.055089820359281436 0.1357421875
0 0.5598802395209581 0.62158203125 0.05389221556886228 0.1357421875
0 0.6844311377245509 0.62255859375 0.05389221556886228 0.1357421875
0 0.8065868263473054 0.62255859375 0.05389221556886228 0.1357421875
0 0.9293413173652695 0.6240234375 0.055089820359281436 0.13671875
0 0.0748502994011976 0.4228515625 0.05149700598802395 0.125
0 0.07544910179640718 0.6171875 0.05269461077844311 0.125
0 0.862874251497006 0.87841796875 0.21437125748502994 0.2119140625
0 0.6215568862275449 0.8779296875 0.22035928143712574 0.20703125