0 0.0837138508371385 0.1600790513833992 0.0487062404870624 0.13043478260869565
0 0.14231354642313546 0.1590909090909091 0.0502283105022831 0.1324110671936759
0 0.4535768645357686 0.1482213438735178 0.0517503805175038 0.13043478260869565
0 0.515220700152207 0.14624505928853754 0.0502283105022831 0.13043478260869565
0 0.08143074581430745 0.42193675889328064 0.0502283105022831 0.1482213438735178
0 0.14383561643835616 0.42391304347826086 0.0502283105022831 0.1482213438735178
0 0.4505327245053272 0.4189723320158103 0.0487062404870624 0.14624505928853754
0 0.5205479452054794 0.4189723320158103 0.0487062404870624 0.14624505928853754
0 0.8470319634703196 0.41699604743083 0.0502283105022831 0.14624505928853754
0 0.7861491628614916 0.4189723320158103 0.0502283105022831 0.14624505928853754
0 0.7853881278538812 0.15711462450592886 0.045662100456621 0.116600790513834
0 0.8401826484018264 0.15711462450592886 0.045662100456621 0.116600790513834
0 0.789193302891933 0.6907114624505929 0.0502283105022831 0.1442687747035573
0 0.8508371385083714 0.6926877470355731 0.0517503805175038 0.15217391304347827
0 0.515220700152207 0.6976284584980237 0.0563165905631659 0.1541501976284585
0 0.4520547945205479 0.6966403162055336 0.0547945205479452 0.15217391304347827
0 0.07838660578386605 0.6966403162055336 0.0471841704718417 0.1482213438735178
0 0.13774733637747336 0.6966403162055336 0.0471841704718417 0.1482213438735178
0 0.7861491628614916 0.941699604743083 0.0471841704718417 0.10474308300395258
0 0.8485540334855404 0.9397233201581028 0.0471841704718417 0.10474308300395258
0 0.5136986301369864 0.9456521739130435 0.0502283105022831 0.09683794466403162
0 0.4528158295281583 0.9466403162055336 0.0502283105022831 0.09486166007905138
0 0.1400304414003044 0.9426877470355731 0.0517503805175038 0.10276679841897234
0 0.076103500761035 0.941699604743083 0.0517503805175038 0.10474308300395258