0 0.1944 0.09220779220779221 0.04 0.08571428571428572
0 0.3272 0.08571428571428572 0.04 0.08311688311688312
0 0.4584 0.07402597402597402 0.04 0.08571428571428572
0 0.1856 0.2584415584415584 0.0448 0.09090909090909091
0 0.4552 0.2506493506493506 0.0464 0.09090909090909091
0 0.596 0.24935064935064935 0.0464 0.09350649350649351
0 0.88 0.2506493506493506 0.0512 0.09090909090909091
0 0.3184 0.23896103896103896 0.0416 0.06233766233766234
0 0.7376 0.22987012987012986 0.048 0.06493506493506493
0 0.4528 0.44805194805194803 0.0512 0.13246753246753246
0 0.5944 0.44935064935064933 0.0496 0.12987012987012986
0 0.4512 0.6376623376623377 0.0512 0.13766233766233765
0 0.5952 0.6428571428571429 0.0512 0.13766233766233765
0 0.8808 0.43246753246753245 0.0496 0.1012987012987013
0 0.8792 0.6207792207792208 0.0496 0.0987012987012987
0 0.1848 0.43766233766233764 0.0496 0.1012987012987013
0 0.1816 0.6181818181818182 0.0496 0.0987012987012987
0 0.26 0.412987012987013 0.0336 0.0987012987012987
0 0.2992 0.4103896103896104 0.032 0.0987012987012987
0 0.2592 0.6025974025974026 0.032 0.0987012987012987
0 0.2976 0.6051948051948052 0.032 0.0987012987012987
0 0.7024 0.4064935064935065 0.032 0.1012987012987013
0 0.744 0.4090909090909091 0.032 0.1012987012987013
0 0.704 0.6064935064935065 0.032 0.1012987012987013
0 0.744 0.6077922077922078 0.032 0.1038961038961039
0 0.8792 0.8389610389610389 0.0912 0.15584415584415584
0 0.7392 0.8376623376623377 0.0896 0.15844155844155844
0 0.3176 0.8324675324675325 0.088 0.15324675324675324
0 0.1848 0.8298701298701299 0.088 0.14805194805194805
0 0.596 0.07532467532467532 0.04 0.08311688311688312