0 0.63671875 0.3097964376590331 0.095703125 0.11068702290076336
0 0.82421875 0.3148854961832061 0.095703125 0.11068702290076336
0 0.82373046875 0.5318066157760815 0.0927734375 0.12468193384223919
0 0.63720703125 0.52735368956743 0.0927734375 0.12595419847328243
0 0.82275390625 0.7480916030534351 0.0927734375 0.12468193384223919
0 0.63525390625 0.7461832061068703 0.0927734375 0.12595419847328243
0 0.6357421875 0.9497455470737913 0.091796875 0.09033078880407125
0 0.8193359375 0.9478371501272265 0.091796875 0.0916030534351145
0 0.96630859375 0.3053435114503817 0.0576171875 0.0916030534351145
0 0.96728515625 0.41412213740458015 0.0576171875 0.08269720101781171
0 0.9658203125 0.5184478371501272 0.056640625 0.08269720101781171
0 0.96484375 0.6278625954198473 0.056640625 0.08269720101781171
0 0.96240234375 0.7315521628498728 0.0576171875 0.08396946564885496
0 0.96240234375 0.8365139949109415 0.0576171875 0.08269720101781171
0 0.95947265625 0.9421119592875318 0.0576171875 0.08269720101781171
0 0.6435546875 0.09860050890585242 0.06640625 0.08269720101781171
0 0.43603515625 0.30661577608142493 0.0380859375 0.1297709923664122
0 0.47900390625 0.30788804071246817 0.0380859375 0.1297709923664122
0 0.48095703125 0.5216284987277354 0.0380859375 0.1297709923664122
0 0.43603515625 0.5229007633587787 0.0380859375 0.1297709923664122
0 0.47998046875 0.7430025445292621 0.0361328125 0.1297709923664122
0 0.43798828125 0.7430025445292621 0.0361328125 0.1297709923664122
0 0.48095703125 0.9472010178117048 0.0361328125 0.08778625954198473
0 0.4375 0.9472010178117048 0.03515625 0.08778625954198473
0 0.30517578125 0.30343511450381677 0.0224609375 0.13104325699745548
0 0.228515625 0.30279898218829515 0.021484375 0.13231552162849872
0 0.2314453125 0.5248091603053435 0.021484375 0.1183206106870229
0 0.3056640625 0.5254452926208651 0.021484375 0.11704834605597965
0 0.26806640625 0.5203562340966921 0.0419921875 0.13486005089058525
0 0.26806640625 0.30661577608142493 0.0419921875 0.13486005089058525
0 0.26904296875 0.7417302798982188 0.0380859375 0.13231552162849872
0 0.232421875 0.7493638676844784 0.0234375 0.12213740458015267
0 0.3076171875 0.7493638676844784 0.0234375 0.12213740458015267
0 0.4580078125 0.09287531806615776 0.04296875 0.10687022900763359
0 0.26416015625 0.08651399491094147 0.0380859375 0.10432569974554708
0 0.30322265625 0.0846055979643766 0.0205078125 0.10559796437659033
0 0.22607421875 0.08587786259541985 0.0205078125 0.10559796437659033
0 0.13134765625 0.08651399491094147 0.0400390625 0.09923664122137404
0 0.1318359375 0.3053435114503817 0.076171875 0.13231552162849872
0 0.1337890625 0.5190839694656488 0.0703125 0.13740458015267176
0 0.134765625 0.7430025445292621 0.0703125 0.13231552162849872