0 0.10796139927623644 0.23388671875 0.04945717732207479 0.0791015625
0 0.21712907117008443 0.23388671875 0.05066344993968637 0.0791015625
0 0.32448733413751507 0.23486328125 0.05066344993968637 0.0810546875
0 0.43184559710494574 0.234375 0.05307599517490953 0.080078125
0 0.5410132689987938 0.234375 0.05186972255729795 0.080078125
0 0.6483715319662243 0.23486328125 0.04945717732207479 0.0791015625
0 0.8130277442702051 0.22900390625 0.04101326899879373 0.0791015625
0 0.8642943305186972 0.2294921875 0.04221954161640531 0.080078125
0 0.10735826296743065 0.3896484375 0.04825090470446321 0.08203125
0 0.21592279855247287 0.3896484375 0.05066344993968637 0.08203125
0 0.3250904704463209 0.3896484375 0.04945717732207479 0.08203125
0 0.43184559710494574 0.3896484375 0.05066344993968637 0.08203125
0 0.5404101326899879 0.39013671875 0.05066344993968637 0.0830078125
0 0.6471652593486128 0.3896484375 0.04945717732207479 0.08203125
0 0.864897466827503 0.3818359375 0.04342581423401689 0.078125
0 0.8112183353437877 0.380859375 0.039806996381182146 0.076171875
0 0.10796139927623644 0.5478515625 0.04945717732207479 0.083984375
0 0.21531966224366708 0.54736328125 0.047044632086851626 0.0830078125
0 0.32448733413751507 0.546875 0.05066344993968637 0.08203125
0 0.43184559710494574 0.54736328125 0.05066344993968637 0.0830078125
0 0.5404101326899879 0.54736328125 0.05066344993968637 0.0830078125
0 0.6483715319662243 0.546875 0.05186972255729795 0.08203125
0 0.10796139927623644 0.7158203125 0.04945717732207479 0.083984375
0 0.21652593486127866 0.71484375 0.04945717732207479 0.083984375
0 0.3250904704463209 0.71484375 0.04945717732207479 0.083984375
0 0.43184559710494574 0.71533203125 0.05307599517490953 0.0830078125
0 0.5416164053075995 0.71435546875 0.05066344993968637 0.0830078125
0 0.6501809408926418 0.71435546875 0.05066344993968637 0.0830078125
0 0.8124246079613993 0.712890625 0.039806996381182146 0.083984375
0 0.864897466827503 0.71337890625 0.045838359469240045 0.0830078125
0 0.8685162846803377 0.5439453125 0.04342581423401689 0.0859375
0 0.8124246079613993 0.5439453125 0.04221954161640531 0.0859375