0 0.6911764705882353 0.34558823529411764 0.04044117647058824 0.07773109243697479
0 0.7454044117647058 0.3476890756302521 0.03860294117647059 0.07773109243697479
0 0.8327205882352942 0.34558823529411764 0.04044117647058824 0.07773109243697479
0 0.8869485294117647 0.34558823529411764 0.03860294117647059 0.07773109243697479
0 0.8869485294117647 0.47794117647058826 0.03860294117647059 0.07773109243697479
0 0.8345588235294118 0.47794117647058826 0.04044117647058824 0.07773109243697479
0 0.7463235294117647 0.47794117647058826 0.04044117647058824 0.07773109243697479
0 0.6930147058823529 0.47794117647058826 0.04044117647058824 0.07773109243697479
0 0.8897058823529411 0.6081932773109243 0.04044117647058824 0.07773109243697479
0 0.8336397058823529 0.6081932773109243 0.03860294117647059 0.07773109243697479
0 0.7463235294117647 0.6102941176470589 0.04044117647058824 0.07773109243697479
0 0.6930147058823529 0.6102941176470589 0.04044117647058824 0.07773109243697479
0 0.8897058823529411 0.7426470588235294 0.04044117647058824 0.07773109243697479
0 0.8345588235294118 0.7415966386554622 0.04044117647058824 0.07563025210084033
0 0.7481617647058824 0.7426470588235294 0.04044117647058824 0.07773109243697479
0 0.6920955882352942 0.7426470588235294 0.03860294117647059 0.07773109243697479
0 0.5882352941176471 0.20798319327731093 0.04411764705882353 0.07983193277310924
0 0.5330882352941176 0.20798319327731093 0.04044117647058824 0.07983193277310924
0 0.48161764705882354 0.2111344537815126 0.04044117647058824 0.07773109243697479
0 0.4264705882352941 0.21218487394957983 0.04044117647058824 0.07983193277310924
0 0.4255514705882353 0.3434873949579832 0.03860294117647059 0.07773109243697479
0 0.4797794117647059 0.34243697478991597 0.04044117647058824 0.07983193277310924
0 0.5340073529411765 0.34243697478991597 0.03860294117647059 0.07983193277310924
0 0.5873161764705882 0.3403361344537815 0.03860294117647059 0.07983193277310924
0 0.5891544117647058 0.4726890756302521 0.03860294117647059 0.07983193277310924
0 0.5330882352941176 0.47478991596638653 0.04044117647058824 0.07983193277310924
0 0.48161764705882354 0.47478991596638653 0.04044117647058824 0.07983193277310924
0 0.4255514705882353 0.47689075630252103 0.03860294117647059 0.07983193277310924
0 0.5873161764705882 0.6071428571428571 0.042279411764705885 0.07983193277310924
0 0.5321691176470589 0.6071428571428571 0.042279411764705885 0.07983193277310924
0 0.4788602941176471 0.6092436974789915 0.042279411764705885 0.07983193277310924
0 0.42463235294117646 0.6092436974789915 0.04044117647058824 0.07983193277310924
0 0.4227941176470588 0.7447478991596639 0.04044117647058824 0.07773109243697479
0 0.47794117647058826 0.7436974789915967 0.04044117647058824 0.07983193277310924
0 0.5349264705882353 0.7447478991596639 0.04044117647058824 0.07773109243697479
0 0.5863970588235294 0.7436974789915967 0.04044117647058824 0.07983193277310924
0 0.6893382352941176 0.20483193277310924 0.029411764705882353 0.04831932773109244
0 0.7435661764705882 0.20483193277310924 0.03125 0.04831932773109244
0 0.8308823529411765 0.20483193277310924 0.029411764705882353 0.04831932773109244
0 0.8851102941176471 0.20483193277310924 0.03125 0.04831932773109244
0 0.09926470588235294 0.21323529411764705 0.022058823529411766 0.06092436974789916
0 0.1323529411764706 0.21743697478991597 0.022058823529411766 0.06092436974789916
0 0.18933823529411764 0.21533613445378152 0.022058823529411766 0.05672268907563025
0 0.22058823529411764 0.21428571428571427 0.022058823529411766 0.058823529411764705
0 0.28125 0.21218487394957983 0.022058823529411766 0.058823529411764705
0 0.3125 0.21218487394957983 0.022058823529411766 0.058823529411764705
0 0.09650735294117647 0.3382352941176471 0.02389705882352941 0.07983193277310924
0 0.12959558823529413 0.3392857142857143 0.02389705882352941 0.0819327731092437
0 0.18658088235294118 0.33613445378151263 0.02389705882352941 0.07983193277310924
0 0.21783088235294118 0.3382352941176471 0.02389705882352941 0.07983193277310924
0 0.27849264705882354 0.33613445378151263 0.02389705882352941 0.07983193277310924
0 0.31066176470588236 0.33613445378151263 0.022058823529411766 0.07983193277310924
0 0.2766544117647059 0.4737394957983193 0.02389705882352941 0.09033613445378151
0 0.30606617647058826 0.4726890756302521 0.02389705882352941 0.08823529411764706
0 0.12408088235294118 0.47689075630252103 0.02389705882352941 0.08823529411764706
0 0.09283088235294118 0.47689075630252103 0.02389705882352941 0.08823529411764706
0 0.21691176470588236 0.48634453781512604 0.022058823529411766 0.11554621848739496
0 0.18566176470588236 0.4884453781512605 0.022058823529411766 0.11554621848739496
0 0.18290441176470587 0.6386554621848739 0.02022058823529412 0.1134453781512605
0 0.21415441176470587 0.6376050420168067 0.02022058823529412 0.11554621848739496
0 0.3069852941176471 0.625 0.025735294117647058 0.09033613445378151
0 0.2766544117647059 0.625 0.02389705882352941 0.09033613445378151
0 0.12408088235294118 0.6281512605042017 0.02389705882352941 0.09243697478991597
0 0.09099264705882353 0.6281512605042017 0.02389705882352941 0.09243697478991597
0 0.08731617647058823 0.7605042016806722 0.02389705882352941 0.06302521008403361
0 0.12224264705882353 0.7573529411764706 0.02389705882352941 0.06512605042016807
0 0.18106617647058823 0.7584033613445378 0.02389705882352941 0.06302521008403361
0 0.21323529411764705 0.7573529411764706 0.025735294117647058 0.06512605042016807
0 0.2711397058823529 0.7542016806722689 0.02389705882352941 0.06302521008403361
0 0.30422794117647056 0.7531512605042017 0.02389705882352941 0.06512605042016807