0 0.3193359375 0.2955801104972376 0.041015625 0.07918968692449356
0 0.20947265625 0.2965009208103131 0.0400390625 0.08103130755064457
0 0.08203125 0.2965009208103131 0.041015625 0.08103130755064457
0 0.43505859375 0.2965009208103131 0.0400390625 0.08103130755064457
0 0.57568359375 0.2965009208103131 0.0400390625 0.08103130755064457
0 0.68994140625 0.2937384898710866 0.0400390625 0.07918968692449356
0 0.798828125 0.2974217311233886 0.041015625 0.07918968692449356
0 0.92431640625 0.2946593001841621 0.0400390625 0.07734806629834254
0 0.32177734375 0.7440147329650092 0.0361328125 0.06998158379373849
0 0.2099609375 0.7440147329650092 0.037109375 0.06998158379373849
0 0.080078125 0.7440147329650092 0.037109375 0.06998158379373849
0 0.6875 0.7403314917127072 0.037109375 0.06998158379373849
0 0.79736328125 0.7421731123388582 0.0361328125 0.06998158379373849
0 0.921875 0.7366482504604052 0.037109375 0.06998158379373849
0 0.0830078125 0.5202578268876611 0.0390625 0.14548802946593
0 0.2099609375 0.5184162062615101 0.0390625 0.14548802946593
0 0.3212890625 0.5184162062615101 0.0390625 0.14548802946593
0 0.921875 0.5184162062615101 0.0390625 0.14548802946593
0 0.79931640625 0.5174953959484346 0.0380859375 0.143646408839779
0 0.68896484375 0.5174953959484346 0.0380859375 0.143646408839779
0 0.43505859375 0.5239410681399632 0.0361328125 0.15653775322283608
0 0.57373046875 0.5220994475138122 0.0361328125 0.15653775322283608
0 0.0771484375 0.12154696132596685 0.04296875 0.03314917127071823
0 0.20703125 0.1279926335174954 0.04296875 0.03130755064456722
0 0.318359375 0.1279926335174954 0.04296875 0.03130755064456722
0 0.4365234375 0.1298342541436464 0.04296875 0.03130755064456722
0 0.5751953125 0.1298342541436464 0.04296875 0.03130755064456722
0 0.6904296875 0.1298342541436464 0.04296875 0.03130755064456722
0 0.80029296875 0.1298342541436464 0.0419921875 0.03130755064456722
0 0.92724609375 0.1261510128913444 0.0419921875 0.03130755064456722