0 0.07373046875 0.24371859296482412 0.0654296875 0.1457286432160804
0 0.23095703125 0.235678391959799 0.0693359375 0.14974874371859295
0 0.3994140625 0.23115577889447236 0.068359375 0.1487437185929648
0 0.56591796875 0.22763819095477386 0.0732421875 0.15376884422110554
0 0.72998046875 0.22663316582914572 0.0732421875 0.15376884422110554
0 0.8916015625 0.23115577889447236 0.0703125 0.1527638190954774
0 0.07275390625 0.5170854271356784 0.0654296875 0.16381909547738693
0 0.23486328125 0.514070351758794 0.0712890625 0.16381909547738693
0 0.404296875 0.5120603015075377 0.07421875 0.1658291457286432
0 0.56689453125 0.5120603015075377 0.0732421875 0.1658291457286432
0 0.73388671875 0.5115577889447236 0.0732421875 0.16080402010050251
0 0.89599609375 0.5100502512562815 0.0693359375 0.15577889447236182