0 0.06494140625 0.21231884057971015 0.0498046875 0.15797101449275364
0 0.17431640625 0.20869565217391303 0.0498046875 0.15942028985507245
0 0.28662109375 0.2072463768115942 0.0498046875 0.15942028985507245
0 0.2841796875 0.5079710144927536 0.052734375 0.1782608695652174
0 0.17626953125 0.5108695652173914 0.0537109375 0.1782608695652174
0 0.0625 0.5123188405797101 0.052734375 0.1782608695652174
0 0.392578125 0.20434782608695654 0.05078125 0.16231884057971013
0 0.509765625 0.20434782608695654 0.05078125 0.16231884057971013
0 0.6181640625 0.2 0.05078125 0.16231884057971013
0 0.7314453125 0.20144927536231885 0.05078125 0.16231884057971013
0 0.8408203125 0.2 0.05078125 0.16231884057971013
0 0.9462890625 0.20144927536231885 0.05078125 0.16231884057971013
0 0.94580078125 0.5021739130434782 0.0537109375 0.18115942028985507
0 0.83935546875 0.5007246376811594 0.0537109375 0.18115942028985507
0 0.72998046875 0.5036231884057971 0.0537109375 0.18115942028985507
0 0.61865234375 0.5021739130434782 0.0537109375 0.18115942028985507
0 0.50927734375 0.5036231884057971 0.0537109375 0.18115942028985507
0 0.39306640625 0.505072463768116 0.0537109375 0.18115942028985507
0 0.6298828125 0.7478260869565218 0.060546875 0.08115942028985507