0 0.545045045045045 0.30235042735042733 0.06006006006006006 0.07478632478632478
0 0.8581081081081081 0.2916666666666667 0.04354354354354354 0.07478632478632478
0 0.23123123123123124 0.30235042735042733 0.04504504504504504 0.07051282051282051
0 0.23048048048048048 0.4583333333333333 0.052552552552552555 0.09615384615384616
0 0.05105105105105105 0.46047008547008544 0.04804804804804805 0.09188034188034189
0 0.04954954954954955 0.6207264957264957 0.04804804804804805 0.09188034188034189
0 0.22972972972972974 0.6217948717948718 0.05105105105105105 0.09401709401709402
0 0.04504504504504504 0.7799145299145299 0.04804804804804805 0.09401709401709402
0 0.22972972972972974 0.7863247863247863 0.05105105105105105 0.09829059829059829
0 0.5352852852852853 0.4551282051282051 0.052552552552552555 0.09829059829059829
0 0.5367867867867868 0.6228632478632479 0.052552552552552555 0.09615384615384616
0 0.5375375375375375 0.7938034188034188 0.05105105105105105 0.09615384615384616
0 0.8663663663663663 0.45085470085470086 0.05405405405405406 0.09401709401709402
0 0.8716216216216216 0.6217948717948718 0.05555555555555555 0.09829059829059829
0 0.8753753753753754 0.7873931623931624 0.057057057057057055 0.09615384615384616
0 0.3055555555555556 0.6025641025641025 0.01951951951951952 0.05128205128205128
0 0.3055555555555556 0.7660256410256411 0.01951951951951952 0.04487179487179487
0 0.3063063063063063 0.43803418803418803 0.021021021021021023 0.04700854700854701
0 0.3055555555555556 0.28952991452991456 0.01951951951951952 0.04487179487179487
0 0.14714714714714713 0.7638888888888888 0.015015015015015015 0.049145299145299144
0 0.14714714714714713 0.6004273504273504 0.015015015015015015 0.05128205128205128
0 0.15015015015015015 0.4412393162393162 0.015015015015015015 0.049145299145299144
0 0.15165165165165165 0.2938034188034188 0.015015015015015015 0.0405982905982906
0 0.3611111111111111 0.2467948717948718 0.01951951951951952 0.03632478632478633
0 0.38813813813813813 0.24572649572649571 0.01951951951951952 0.038461538461538464
0 0.41366366366366364 0.2467948717948718 0.01951951951951952 0.0405982905982906
0 0.2897897897897898 0.14316239316239315 0.042042042042042045 0.05555555555555555
0 0.6944444444444444 0.1282051282051282 0.04054054054054054 0.05555555555555555
0 0.6584084084084084 0.280982905982906 0.01951951951951952 0.0405982905982906
0 0.6846846846846847 0.280982905982906 0.018018018018018018 0.0405982905982906
0 0.7117117117117117 0.280982905982906 0.018018018018018018 0.0405982905982906
0 0.7830330330330331 0.27884615384615385 0.01951951951951952 0.0405982905982906
0 0.7882882882882883 0.4326923076923077 0.021021021021021023 0.053418803418803416
0 0.7942942942942943 0.6004273504273504 0.018018018018018018 0.04700854700854701
0 0.7972972972972973 0.7713675213675214 0.018018018018018018 0.04700854700854701
0 0.3611111111111111 0.4230769230769231 0.01951951951951952 0.021367521367521368
0 0.3888888888888889 0.4230769230769231 0.021021021021021023 0.021367521367521368
0 0.4144144144144144 0.4230769230769231 0.021021021021021023 0.021367521367521368
0 0.3633633633633634 0.5267094017094017 0.021021021021021023 0.08333333333333333
0 0.3888888888888889 0.5256410256410257 0.021021021021021023 0.0811965811965812
0 0.41516516516516516 0.5245726495726496 0.02252252252252252 0.08333333333333333
0 0.3633633633633634 0.6933760683760684 0.021021021021021023 0.08333333333333333
0 0.3888888888888889 0.6923076923076923 0.021021021021021023 0.0811965811965812
0 0.41516516516516516 0.6933760683760684 0.02252252252252252 0.08333333333333333
0 0.6636636636636637 0.5256410256410257 0.021021021021021023 0.0811965811965812
0 0.6906906906906907 0.5256410256410257 0.021021021021021023 0.0811965811965812
0 0.7169669669669669 0.5235042735042735 0.02252252252252252 0.0811965811965812
0 0.668918918918919 0.6933760683760684 0.01951951951951952 0.08333333333333333
0 0.6944444444444444 0.6923076923076923 0.01951951951951952 0.0811965811965812
0 0.7207207207207207 0.6933760683760684 0.021021021021021023 0.08333333333333333
0 0.36261261261261263 0.8344017094017094 0.016516516516516516 0.03632478632478633