0 0.09813084112149532 0.18603515625 0.0787716955941255 0.0966796875
0 0.2576769025367156 0.18798828125 0.07476635514018691 0.0947265625
0 0.09946595460614152 0.39208984375 0.07343124165554073 0.1025390625
0 0.2583444592790387 0.39306640625 0.07343124165554073 0.1025390625
0 0.10080106809078772 0.60302734375 0.07343124165554073 0.1044921875
0 0.2583444592790387 0.60400390625 0.07610146862483311 0.1044921875
0 0.4165554072096128 0.39306640625 0.07209612817089453 0.1025390625
0 0.5727636849132176 0.3935546875 0.07209612817089453 0.1015625
0 0.4158878504672897 0.60302734375 0.07610146862483311 0.1025390625
0 0.5747663551401869 0.60302734375 0.07610146862483311 0.1044921875
0 0.7309746328437917 0.39404296875 0.07343124165554073 0.1025390625
0 0.8891855807743658 0.39453125 0.06942590120160214 0.1015625
0 0.7309746328437917 0.60400390625 0.07343124165554073 0.1044921875
0 0.8878504672897196 0.6044921875 0.07476635514018691 0.103515625
0 0.7303070761014686 0.818359375 0.07209612817089453 0.10546875
0 0.8878504672897196 0.8193359375 0.07209612817089453 0.10546875
0 0.4145527369826435 0.818359375 0.07076101468624833 0.10546875
0 0.5740987983978638 0.81884765625 0.07209612817089453 0.1064453125
0 0.25634178905206945 0.81884765625 0.07209612817089453 0.1064453125
0 0.4165554072096128 0.1884765625 0.07476635514018691 0.095703125
0 0.5747663551401869 0.18896484375 0.07610146862483311 0.0947265625
0 0.7316421895861148 0.1904296875 0.0774365821094793 0.095703125
0 0.890520694259012 0.1904296875 0.07476635514018691 0.095703125
0 0.09946595460614152 0.080078125 0.06008010680907877 0.015625
0 0.4158878504672897 0.0810546875 0.06008010680907877 0.015625
0 0.5761014686248331 0.08203125 0.06008010680907877 0.015625