0 0.30565371024734983 0.2708333333333333 0.043580683156654886 0.075
0 0.1248527679623086 0.26666666666666666 0.04240282685512368 0.075
0 0.44287396937573614 0.2708333333333333 0.04240282685512368 0.075
0 0.5789163722025913 0.26944444444444443 0.043580683156654886 0.075
0 0.7149587750294464 0.26666666666666666 0.04711425206124853 0.08055555555555556
0 0.8822143698468787 0.2625 0.04711425206124853 0.08055555555555556
0 0.303886925795053 0.4166666666666667 0.04946996466431095 0.08611111111111111
0 0.43934040047114253 0.4152777777777778 0.04946996466431095 0.08611111111111111
0 0.303886925795053 0.5715277777777777 0.04946996466431095 0.09583333333333334
0 0.4416961130742049 0.5701388888888889 0.05182567726737338 0.09861111111111111
0 0.5777385159010601 0.41597222222222224 0.045936395759717315 0.09027777777777778
0 0.7161366313309776 0.41458333333333336 0.04240282685512368 0.0875
0 0.5812720848056537 0.5708333333333333 0.043580683156654886 0.08888888888888889
0 0.7167255594817432 0.5694444444444444 0.043580683156654886 0.08888888888888889
0 0.5806831566548881 0.7284722222222222 0.04240282685512368 0.0875
0 0.7190812720848057 0.7291666666666666 0.043580683156654886 0.08888888888888889
0 0.4416961130742049 0.7277777777777777 0.05182567726737338 0.09444444444444444
0 0.3027090694935218 0.7270833333333333 0.05182567726737338 0.09305555555555556
0 0.30624263839811544 0.8944444444444445 0.05889281507656066 0.10277777777777777
0 0.8627797408716137 0.42916666666666664 0.03180212014134275 0.1
0 0.9057714958775029 0.4222222222222222 0.03297997644287397 0.08333333333333333
0 0.908716136631331 0.5694444444444444 0.02944640753828033 0.08888888888888889
0 0.8621908127208481 0.5833333333333334 0.03297997644287397 0.11388888888888889
0 0.908716136631331 0.725 0.03651354534746761 0.09444444444444444
0 0.8645465253239105 0.7236111111111111 0.0353356890459364 0.09444444444444444
0 0.10129564193168433 0.4263888888888889 0.03769140164899882 0.1111111111111111
0 0.14428739693757361 0.43333333333333335 0.03651354534746761 0.125
0 0.14840989399293286 0.5909722222222222 0.028268551236749116 0.12361111111111112
0 0.10306242638398115 0.5715277777777777 0.02944640753828033 0.09027777777777778
0 0.10541813898704358 0.7277777777777777 0.02944640753828033 0.09722222222222222
0 0.14664310954063603 0.7263888888888889 0.02944640753828033 0.09722222222222222
0 0.13015312131919907 0.8958333333333334 0.0812720848056537 0.10277777777777777