0 0.1034965034965035 0.2529296875 0.07832167832167833 0.150390625
0 0.2629370629370629 0.2548828125 0.07832167832167833 0.150390625
0 0.4251748251748252 0.2578125 0.07832167832167833 0.150390625
0 0.5958041958041959 0.25927734375 0.07832167832167833 0.1513671875
0 0.7489510489510489 0.263671875 0.07692307692307693 0.150390625
0 0.9132867132867133 0.2578125 0.07832167832167833 0.150390625
0 0.1027972027972028 0.5390625 0.07132867132867132 0.169921875
0 0.2664335664335664 0.5419921875 0.07132867132867132 0.169921875
0 0.42657342657342656 0.5400390625 0.07552447552447553 0.166015625
0 0.593006993006993 0.54296875 0.07552447552447553 0.166015625
0 0.7482517482517482 0.5458984375 0.07552447552447553 0.166015625
0 0.9104895104895104 0.54296875 0.07552447552447553 0.166015625
0 0.5888111888111888 0.84912109375 0.07552447552447553 0.1904296875
0 0.7454545454545455 0.8505859375 0.07552447552447553 0.189453125
0 0.26153846153846155 0.84423828125 0.07552447552447553 0.1904296875
0 0.0979020979020979 0.84716796875 0.07552447552447553 0.1904296875