0 0.26171875 0.20109439124487005 0.0390625 0.027359781121751026
0 0.39208984375 0.2024623803009576 0.0380859375 0.027359781121751026
0 0.5234375 0.20177838577291382 0.0390625 0.025991792065663474
0 0.65771484375 0.2024623803009576 0.0380859375 0.027359781121751026
0 0.26318359375 0.37756497948016415 0.0576171875 0.14774281805745554
0 0.39404296875 0.37824897400820795 0.0576171875 0.1491108071135431
0 0.5263671875 0.37824897400820795 0.056640625 0.1491108071135431
0 0.65771484375 0.3761969904240766 0.0576171875 0.14774281805745554
0 0.26318359375 0.667578659370725 0.0576171875 0.14774281805745554
0 0.39404296875 0.6662106703146374 0.0576171875 0.14774281805745554
0 0.5263671875 0.6682626538987688 0.056640625 0.1491108071135431
0 0.658203125 0.6689466484268126 0.056640625 0.14774281805745554
0 0.08837890625 0.3755129958960328 0.0576171875 0.1381668946648427
0 0.087890625 0.6614227086183311 0.05859375 0.1600547195622435
0 0.82763671875 0.3625170998632011 0.0810546875 0.06839945280437756
0 0.8505859375 0.5690834473324213 0.09765625 0.16963064295485636
0 0.85107421875 0.8119015047879617 0.0966796875 0.17373461012311903
0 0.78466796875 0.8125854993160054 0.0244140625 0.17510259917920656
0 0.78466796875 0.5752393980848153 0.0244140625 0.17373461012311903
0 0.08837890625 0.18194254445964433 0.0400390625 0.027359781121751026