0 0.24951171875 0.1704161979752531 0.0576171875 0.06411698537682789
0 0.42041015625 0.1704161979752531 0.0576171875 0.06411698537682789
0 0.59033203125 0.17154105736782901 0.0576171875 0.06411698537682789
0 0.92333984375 0.1749156355455568 0.0576171875 0.06411698537682789
0 0.75927734375 0.1704161979752531 0.0576171875 0.06411698537682789
0 0.078125 0.37570303712035996 0.0546875 0.12598425196850394
0 0.24951171875 0.37570303712035996 0.0556640625 0.12598425196850394
0 0.42236328125 0.3762654668166479 0.0537109375 0.12935883014623173
0 0.59033203125 0.375140607424072 0.0537109375 0.12935883014623173
0 0.76025390625 0.37907761529808776 0.0634765625 0.13498312710911137
0 0.92822265625 0.374578177727784 0.0615234375 0.12823397075365578
0 0.5927734375 0.5866141732283464 0.072265625 0.156355455568054
0 0.42041015625 0.5854893138357705 0.0732421875 0.156355455568054
0 0.24853515625 0.5854893138357705 0.0732421875 0.156355455568054
0 0.07763671875 0.5854893138357705 0.0732421875 0.156355455568054
0 0.7646484375 0.5815523059617548 0.072265625 0.15748031496062992
0 0.9326171875 0.5815523059617548 0.072265625 0.1529808773903262
0 0.58544921875 0.7935883014623172 0.1083984375 0.052868391451068614
0 0.43994140625 0.796400449943757 0.0888671875 0.05174353205849269
0 0.73974609375 0.7890888638920135 0.0654296875 0.052868391451068614
0 0.28515625 0.7947131608548932 0.044921875 0.048368953880764905