0 0.2903645833333333 0.40478515625 0.044270833333333336 0.0556640625
0 0.3821614583333333 0.40478515625 0.04296875 0.0556640625
0 0.291015625 0.51806640625 0.040364583333333336 0.0576171875
0 0.3834635416666667 0.517578125 0.040364583333333336 0.05859375
0 0.48046875 0.40478515625 0.044270833333333336 0.0556640625
0 0.576171875 0.404296875 0.045572916666666664 0.056640625
0 0.576171875 0.517578125 0.040364583333333336 0.05859375
0 0.4798177083333333 0.517578125 0.040364583333333336 0.05859375
0 0.6692708333333334 0.404296875 0.044270833333333336 0.056640625
0 0.7623697916666666 0.40380859375 0.045572916666666664 0.0556640625
0 0.6692708333333334 0.51708984375 0.041666666666666664 0.0576171875
0 0.7623697916666666 0.51708984375 0.040364583333333336 0.0576171875
0 0.6686197916666666 0.63916015625 0.045572916666666664 0.0693359375
0 0.7610677083333334 0.638671875 0.04296875 0.0703125
0 0.6692708333333334 0.7646484375 0.044270833333333336 0.068359375
0 0.7630208333333334 0.76416015625 0.044270833333333336 0.0673828125
0 0.48046875 0.63916015625 0.044270833333333336 0.0693359375
0 0.576171875 0.63916015625 0.045572916666666664 0.0693359375
0 0.48046875 0.76513671875 0.044270833333333336 0.0673828125
0 0.5768229166666666 0.76513671875 0.044270833333333336 0.0673828125
0 0.2916666666666667 0.6396484375 0.044270833333333336 0.0703125
0 0.3841145833333333 0.6396484375 0.044270833333333336 0.0703125
0 0.2916666666666667 0.76611328125 0.044270833333333336 0.0673828125
0 0.3854166666666667 0.765625 0.044270833333333336 0.06640625
0 0.76171875 0.89208984375 0.044270833333333336 0.0654296875
0 0.6692708333333334 0.89208984375 0.044270833333333336 0.0654296875
0 0.5768229166666666 0.89208984375 0.044270833333333336 0.0654296875
0 0.384765625 0.89208984375 0.04296875 0.0654296875
0 0.2923177083333333 0.89208984375 0.04296875 0.0654296875
0 0.19401041666666666 0.404296875 0.044270833333333336 0.056640625
0 0.197265625 0.51904296875 0.040364583333333336 0.0576171875
0 0.19856770833333334 0.63916015625 0.045572916666666664 0.0693359375
0 0.19661458333333334 0.767578125 0.044270833333333336 0.068359375
0 0.921875 0.388671875 0.057291666666666664 0.05859375
0 0.9192708333333334 0.5068359375 0.059895833333333336 0.060546875
0 0.9225260416666666 0.630859375 0.05078125 0.06640625