0 0.1123046875 0.3096969696969697 0.044921875 0.1006060606060606
0 0.224609375 0.3084848484848485 0.044921875 0.1006060606060606
0 0.33837890625 0.3096969696969697 0.0458984375 0.1006060606060606
0 0.453125 0.3096969696969697 0.044921875 0.1006060606060606
0 0.5654296875 0.3096969696969697 0.044921875 0.1006060606060606
0 0.685546875 0.31212121212121213 0.044921875 0.1006060606060606
0 0.7998046875 0.3145454545454546 0.044921875 0.1006060606060606
0 0.9052734375 0.3181818181818182 0.044921875 0.1006060606060606
0 0.90771484375 0.4987878787878788 0.0458984375 0.1006060606060606
0 0.7998046875 0.4987878787878788 0.044921875 0.1006060606060606
0 0.685546875 0.49757575757575756 0.044921875 0.1006060606060606
0 0.5673828125 0.49757575757575756 0.044921875 0.1006060606060606
0 0.4501953125 0.49757575757575756 0.044921875 0.1006060606060606
0 0.333984375 0.4987878787878788 0.044921875 0.1006060606060606
0 0.2236328125 0.4987878787878788 0.044921875 0.1006060606060606
0 0.1103515625 0.4987878787878788 0.044921875 0.1006060606060606
0 0.11474609375 0.6866666666666666 0.0478515625 0.10787878787878788
0 0.22216796875 0.686060606060606 0.0478515625 0.10666666666666667
0 0.33544921875 0.686060606060606 0.0478515625 0.10666666666666667
0 0.45068359375 0.6884848484848485 0.0478515625 0.10666666666666667
0 0.5634765625 0.6812121212121212 0.03515625 0.08969696969696969
0 0.68310546875 0.6793939393939394 0.0478515625 0.09333333333333334
0 0.7978515625 0.6745454545454546 0.03515625 0.09333333333333334
0 0.9033203125 0.6812121212121212 0.033203125 0.10424242424242425
0 0.341796875 0.13090909090909092 0.05859375 0.07757575757575758
0 0.1279296875 0.13393939393939394 0.05859375 0.07878787878787878
0 0.4619140625 0.1321212121212121 0.05859375 0.07515151515151515
0 0.62451171875 0.13696969696969696 0.0576171875 0.07272727272727272
0 0.80126953125 0.14303030303030304 0.0576171875 0.07272727272727272
0 0.9033203125 0.14666666666666667 0.05859375 0.06545454545454546