0 0.1005859375 0.22340425531914893 0.048828125 0.10874704491725769
0 0.2294921875 0.2198581560283688 0.048828125 0.10874704491725769
0 0.36328125 0.21690307328605202 0.048828125 0.1099290780141844
0 0.498046875 0.21631205673758866 0.048828125 0.10874704491725769
0 0.6318359375 0.21749408983451538 0.048828125 0.10874704491725769
0 0.7626953125 0.2186761229314421 0.048828125 0.10874704491725769
0 0.892578125 0.2222222222222222 0.048828125 0.10874704491725769
0 0.8955078125 0.4284869976359338 0.052734375 0.11465721040189125
0 0.76513671875 0.42907801418439717 0.0517578125 0.11583924349881797
0 0.63232421875 0.42789598108747046 0.0517578125 0.11583924349881797
0 0.50048828125 0.42612293144208035 0.0517578125 0.11465721040189125
0 0.36474609375 0.4284869976359338 0.0517578125 0.11465721040189125
0 0.23193359375 0.4296690307328605 0.0517578125 0.11465721040189125
0 0.10009765625 0.4308510638297872 0.0517578125 0.11465721040189125
0 0.10107421875 0.6477541371158393 0.0517578125 0.11583924349881797
0 0.23095703125 0.6459810874704491 0.0517578125 0.11465721040189125
0 0.3642578125 0.6442080378250591 0.052734375 0.11583924349881797
0 0.50048828125 0.6459810874704491 0.0517578125 0.11465721040189125
0 0.63330078125 0.6447990543735225 0.0517578125 0.11465721040189125
0 0.76513671875 0.6442080378250591 0.0517578125 0.11583924349881797
0 0.89501953125 0.6418439716312057 0.0517578125 0.11583924349881797