0 0.3570287539936102 0.23401826484018265 0.05591054313099041 0.07077625570776255
0 0.7515974440894568 0.23515981735159816 0.05591054313099041 0.0776255707762557
0 0.24361022364217252 0.4121004566210046 0.052715654952076675 0.06164383561643835
0 0.24361022364217252 0.5810502283105022 0.052715654952076675 0.06164383561643835
0 0.24680511182108625 0.7545662100456622 0.052715654952076675 0.06164383561643835
0 0.8809904153354633 0.4132420091324201 0.052715654952076675 0.0639269406392694
0 0.8857827476038339 0.5856164383561644 0.052715654952076675 0.07077625570776255
0 0.8849840255591054 0.7511415525114156 0.054313099041533544 0.0776255707762557
0 0.3929712460063898 0.4075342465753425 0.08626198083067092 0.08447488584474885
0 0.3913738019169329 0.5821917808219178 0.08626198083067092 0.0821917808219178
0 0.7204472843450479 0.4063926940639269 0.08626198083067092 0.0821917808219178
0 0.7236421725239617 0.5810502283105022 0.08626198083067092 0.08447488584474885
0 0.6357827476038339 0.23972602739726026 0.0926517571884984 0.0639269406392694
0 0.4840255591054313 0.2374429223744292 0.0926517571884984 0.0639269406392694
0 0.5431309904153354 0.4075342465753425 0.09904153354632587 0.06164383561643835
0 0.5447284345047924 0.5810502283105022 0.09904153354632587 0.06164383561643835
0 0.5455271565495208 0.7568493150684932 0.10063897763578275 0.07534246575342465
0 0.3953674121405751 0.7591324200913242 0.0878594249201278 0.08904109589041095
0 0.7220447284345048 0.7568493150684932 0.08626198083067092 0.08904109589041095
0 0.5415335463258786 0.12899543378995434 0.022364217252396165 0.02054794520547945