0 0.21337890625 0.24015748031496062 0.0322265625 0.07086614173228346
0 0.212890625 0.38451443569553806 0.033203125 0.08136482939632546
0 0.2158203125 0.5269028871391076 0.033203125 0.09055118110236221
0 0.21533203125 0.6850393700787402 0.0322265625 0.08923884514435695
0 0.2119140625 0.8556430446194225 0.03515625 0.09711286089238845
0 0.8193359375 0.49803149606299213 0.03515625 0.1036745406824147
0 0.81884765625 0.6876640419947506 0.0361328125 0.10236220472440945
0 0.8212890625 0.8733595800524935 0.044921875 0.1089238845144357
0 0.8134765625 0.291994750656168 0.037109375 0.07217847769028872
0 0.11962890625 0.5144356955380578 0.0283203125 0.08398950131233596
0 0.10107421875 0.3858267716535433 0.0263671875 0.06824146981627296
0 0.091796875 0.10039370078740158 0.029296875 0.06167979002624672
0 0.0830078125 0.255249343832021 0.041015625 0.06955380577427822
0 0.1162109375 0.6410761154855643 0.01953125 0.024934383202099737
0 0.1171875 0.6929133858267716 0.01953125 0.06299212598425197
0 0.06640625 0.3851706036745407 0.025390625 0.06955380577427822
0 0.0869140625 0.5150918635170604 0.029296875 0.08530183727034121
0 0.091796875 0.6404199475065617 0.01953125 0.026246719160104987
0 0.091796875 0.6929133858267716 0.01953125 0.06299212598425197
0 0.09375 0.85498687664042 0.03515625 0.09580052493438321
0 0.28076171875 0.85498687664042 0.0361328125 0.09580052493438321
0 0.349609375 0.85498687664042 0.03515625 0.09580052493438321
0 0.41796875 0.8562992125984252 0.03515625 0.09580052493438321
0 0.4853515625 0.8543307086614174 0.03515625 0.09711286089238845
0 0.5546875 0.85498687664042 0.03515625 0.09580052493438321
0 0.6240234375 0.8543307086614174 0.03515625 0.09711286089238845
0 0.69140625 0.8562992125984252 0.03515625 0.09580052493438321
0 0.2744140625 0.6837270341207349 0.033203125 0.08923884514435695
0 0.3515625 0.6850393700787402 0.033203125 0.08923884514435695
0 0.4130859375 0.6856955380577427 0.033203125 0.09055118110236221
0 0.48876953125 0.6856955380577427 0.0322265625 0.09055118110236221
0 0.5498046875 0.6863517060367454 0.033203125 0.08923884514435695
0 0.626953125 0.6863517060367454 0.033203125 0.08923884514435695
0 0.6865234375 0.6863517060367454 0.033203125 0.08923884514435695
0 0.275390625 0.5282152230971129 0.033203125 0.09055118110236221
0 0.35302734375 0.5282152230971129 0.0341796875 0.09055118110236221
0 0.4130859375 0.5282152230971129 0.033203125 0.09055118110236221
0 0.49072265625 0.5282152230971129 0.0341796875 0.08792650918635171
0 0.55078125 0.5269028871391076 0.033203125 0.09055118110236221
0 0.6279296875 0.5288713910761155 0.033203125 0.09186351706036745
0 0.6865234375 0.5295275590551181 0.033203125 0.09055118110236221
0 0.2734375 0.3838582677165354 0.033203125 0.08267716535433071
0 0.35009765625 0.38451443569553806 0.0322265625 0.08136482939632546
0 0.4091796875 0.38451443569553806 0.033203125 0.08136482939632546
0 0.48583984375 0.38451443569553806 0.0322265625 0.07874015748031496
0 0.54736328125 0.3851706036745407 0.0302734375 0.08267716535433071
0 0.623046875 0.3851706036745407 0.03125 0.08267716535433071
0 0.681640625 0.3858267716535433 0.03125 0.08136482939632546
0 0.27294921875 0.24081364829396326 0.0322265625 0.07217847769028872
0 0.349609375 0.24081364829396326 0.03125 0.07217847769028872
0 0.40966796875 0.24081364829396326 0.0322265625 0.07217847769028872
0 0.48681640625 0.2421259842519685 0.0322265625 0.07217847769028872
0 0.54638671875 0.2421259842519685 0.0322265625 0.07217847769028872
0 0.6240234375 0.24278215223097113 0.03125 0.07086614173228346
0 0.68310546875 0.24278215223097113 0.0322265625 0.07086614173228346
0 0.884765625 0.291994750656168 0.03515625 0.07217847769028872
0 0.95703125 0.291994750656168 0.037109375 0.07217847769028872
0 0.890625 0.49803149606299213 0.03515625 0.1036745406824147
0 0.9609375 0.49934383202099736 0.03515625 0.1036745406824147
0 0.890625 0.6876640419947506 0.037109375 0.10236220472440945
0 0.96142578125 0.6876640419947506 0.0361328125 0.10236220472440945
0 0.892578125 0.8713910761154856 0.044921875 0.10761154855643044
0 0.96337890625 0.8733595800524935 0.0458984375 0.1089238845144357