0 0.1328125 0.15616438356164383 0.01953125 0.06027397260273973
0 0.181640625 0.15616438356164383 0.01953125 0.06027397260273973
0 0.232421875 0.15616438356164383 0.01953125 0.06575342465753424
0 0.296875 0.16027397260273973 0.017578125 0.057534246575342465
0 0.36376953125 0.1547945205479452 0.0185546875 0.057534246575342465
0 0.41455078125 0.15616438356164383 0.0166015625 0.06027397260273973
0 0.48876953125 0.15205479452054796 0.0224609375 0.0684931506849315
0 0.56396484375 0.15616438356164383 0.0205078125 0.06027397260273973
0 0.6142578125 0.15753424657534246 0.017578125 0.057534246575342465
0 0.68115234375 0.15753424657534246 0.0146484375 0.052054794520547946
0 0.75048828125 0.1506849315068493 0.0185546875 0.06027397260273973
0 0.8017578125 0.15342465753424658 0.017578125 0.06027397260273973
0 0.8544921875 0.1506849315068493 0.017578125 0.06027397260273973
0 0.03515625 0.4328767123287671 0.021484375 0.12602739726027398
0 0.083984375 0.4328767123287671 0.021484375 0.12602739726027398
0 0.13232421875 0.4328767123287671 0.0205078125 0.12602739726027398
0 0.1806640625 0.43561643835616437 0.021484375 0.12602739726027398
0 0.03564453125 0.6602739726027397 0.0205078125 0.09863013698630137
0 0.08447265625 0.6589041095890411 0.0205078125 0.10136986301369863
0 0.13232421875 0.6589041095890411 0.0205078125 0.10136986301369863
0 0.18115234375 0.6575342465753424 0.0205078125 0.09863013698630137
0 0.22900390625 0.6575342465753424 0.0205078125 0.09863013698630137
0 0.28662109375 0.6547945205479452 0.0185546875 0.09863013698630137
0 0.30712890625 0.6575342465753424 0.0185546875 0.09863013698630137
0 0.36474609375 0.6547945205479452 0.0205078125 0.10410958904109589
0 0.41455078125 0.6547945205479452 0.0205078125 0.10410958904109589
0 0.46484375 0.6561643835616439 0.01953125 0.0958904109589041
0 0.5146484375 0.6575342465753424 0.01953125 0.09863013698630137
0 0.56494140625 0.6575342465753424 0.0205078125 0.09863013698630137
0 0.61572265625 0.6575342465753424 0.0205078125 0.09863013698630137
0 0.7509765625 0.6575342465753424 0.01953125 0.09863013698630137
0 0.802734375 0.6589041095890411 0.01953125 0.10136986301369863
0 0.8564453125 0.6616438356164384 0.01953125 0.10136986301369863
0 0.9091796875 0.6616438356164384 0.01953125 0.10136986301369863
0 0.9619140625 0.6616438356164384 0.01953125 0.10136986301369863
0 0.03466796875 0.8794520547945206 0.0205078125 0.09315068493150686
0 0.08349609375 0.8794520547945206 0.0205078125 0.09315068493150686
0 0.13330078125 0.8767123287671232 0.0205078125 0.09315068493150686
0 0.18115234375 0.8753424657534247 0.0205078125 0.0958904109589041
0 0.22900390625 0.873972602739726 0.0205078125 0.09315068493150686
0 0.365234375 0.8712328767123287 0.01953125 0.09315068493150686
0 0.4150390625 0.8712328767123287 0.01953125 0.09315068493150686
0 0.46533203125 0.8712328767123287 0.0185546875 0.09315068493150686
0 0.515625 0.8712328767123287 0.01953125 0.09315068493150686
0 0.5654296875 0.8753424657534247 0.01953125 0.09041095890410959
0 0.6162109375 0.8753424657534247 0.01953125 0.09041095890410959
0 0.7529296875 0.8808219178082192 0.01953125 0.09041095890410959
0 0.80419921875 0.8808219178082192 0.0185546875 0.09041095890410959
0 0.85693359375 0.8835616438356164 0.0185546875 0.09041095890410959
0 0.91064453125 0.8876712328767123 0.0185546875 0.08767123287671233
0 0.962890625 0.8890410958904109 0.01953125 0.09041095890410959
0 0.962890625 0.4328767123287671 0.01953125 0.12602739726027398
0 0.9091796875 0.4328767123287671 0.01953125 0.12602739726027398
0 0.85546875 0.43561643835616437 0.01953125 0.12602739726027398
0 0.8037109375 0.4328767123287671 0.01953125 0.12602739726027398
0 0.75244140625 0.4246575342465753 0.0205078125 0.14794520547945206
0 0.693359375 0.42054794520547945 0.01953125 0.14520547945205478
0 0.673828125 0.42054794520547945 0.017578125 0.14520547945205478
0 0.6171875 0.42191780821917807 0.021484375 0.14794520547945206
0 0.56494140625 0.43424657534246575 0.0205078125 0.1232876712328767
0 0.5146484375 0.4315068493150685 0.01953125 0.1232876712328767
0 0.46435546875 0.43424657534246575 0.0205078125 0.1232876712328767
0 0.41455078125 0.4315068493150685 0.0205078125 0.1232876712328767
0 0.36376953125 0.4191780821917808 0.0205078125 0.14794520547945206
0 0.22900390625 0.42054794520547945 0.0205078125 0.14520547945205478
0 0.287109375 0.42054794520547945 0.017578125 0.1506849315068493
0 0.306640625 0.42054794520547945 0.017578125 0.1506849315068493