0 0.45 0.4168900804289544 0.07288135593220339 0.06166219839142091
0 0.5796610169491525 0.4222520107238606 0.0711864406779661 0.06166219839142091
0 0.8033898305084746 0.2386058981233244 0.05084745762711865 0.1126005361930295
0 0.938135593220339 0.2453083109919571 0.04915254237288136 0.10455764075067024
0 0.059322033898305086 0.2225201072386059 0.0576271186440678 0.11796246648793565
0 0.0576271186440678 0.4450402144772118 0.061016949152542375 0.11796246648793565
0 0.2135593220338983 0.4477211796246649 0.061016949152542375 0.11796246648793565
0 0.2135593220338983 0.6823056300268097 0.061016949152542375 0.13136729222520108
0 0.0576271186440678 0.6796246648793566 0.061016949152542375 0.13136729222520108
0 0.21440677966101696 0.2225201072386059 0.05593220338983051 0.11796246648793565
0 0.45084745762711864 0.5723860589812333 0.06440677966101695 0.12064343163538874
0 0.5796610169491525 0.5777479892761395 0.06440677966101695 0.12064343163538874
0 0.8059322033898305 0.4544235924932976 0.059322033898305086 0.12064343163538874
0 0.9457627118644067 0.45576407506702415 0.0576271186440678 0.1126005361930295
0 0.9449152542372882 0.6715817694369973 0.05254237288135593 0.1260053619302949
0 0.8101694915254237 0.6742627345844504 0.05084745762711865 0.1260053619302949
0 0.36694915254237287 0.23190348525469168 0.025423728813559324 0.06702412868632708
0 0.6610169491525424 0.23726541554959785 0.023728813559322035 0.06702412868632708
0 0.6610169491525424 0.44638069705093836 0.023728813559322035 0.06702412868632708
0 0.36271186440677966 0.4410187667560322 0.023728813559322035 0.06702412868632708
0 0.6627118644067796 0.6621983914209115 0.020338983050847456 0.07506702412868632
0 0.3652542372881356 0.6662198391420912 0.022033898305084745 0.0777479892761394
0 0.13559322033898305 0.07640750670241286 0.07457627118644068 0.040214477211796246
0 0.8711864406779661 0.10723860589812333 0.07457627118644068 0.04289544235924933
0 0.376271186440678 0.09517426273458444 0.023728813559322035 0.029490616621983913
0 0.45254237288135596 0.09651474530831099 0.023728813559322035 0.02680965147453083
0 0.5686440677966101 0.1032171581769437 0.025423728813559324 0.029490616621983913
0 0.6398305084745762 0.10723860589812333 0.025423728813559324 0.02680965147453083