0 0.13384813384813385 0.21337890625 0.05662805662805663 0.0810546875
0 0.3642213642213642 0.22900390625 0.05148005148005148 0.0791015625
0 0.49356499356499356 0.22998046875 0.05276705276705277 0.0791015625
0 0.6261261261261262 0.22900390625 0.055341055341055344 0.0791015625
0 0.7567567567567568 0.22998046875 0.05405405405405406 0.0791015625
0 0.8861003861003861 0.228515625 0.05019305019305019 0.078125
0 0.3635778635778636 0.38623046875 0.055341055341055344 0.0791015625
0 0.4942084942084942 0.38623046875 0.05662805662805663 0.0810546875
0 0.6229086229086229 0.37255859375 0.05148005148005148 0.0517578125
0 0.17567567567567569 0.38330078125 0.04504504504504504 0.0810546875
0 0.11904761904761904 0.38232421875 0.04247104247104247 0.0791015625
0 0.7548262548262549 0.3857421875 0.05276705276705277 0.078125
0 0.8848133848133848 0.38525390625 0.05276705276705277 0.0771484375
0 0.1492921492921493 0.54931640625 0.05662805662805663 0.0791015625
0 0.36229086229086227 0.55078125 0.05276705276705277 0.080078125
0 0.4922779922779923 0.55029296875 0.055341055341055344 0.0791015625
0 0.6235521235521235 0.5498046875 0.055341055341055344 0.080078125
0 0.7541827541827542 0.5498046875 0.05148005148005148 0.078125
0 0.8861003861003861 0.55029296875 0.05276705276705277 0.0791015625
0 0.14993564993564992 0.71240234375 0.055341055341055344 0.0810546875
0 0.3635778635778636 0.712890625 0.05276705276705277 0.080078125
0 0.4948519948519948 0.71240234375 0.05276705276705277 0.0791015625
0 0.6241956241956242 0.71337890625 0.05148005148005148 0.0810546875
0 0.7535392535392536 0.71337890625 0.05019305019305019 0.0810546875
0 0.8861003861003861 0.712890625 0.055341055341055344 0.080078125
0 0.36293436293436293 0.8720703125 0.05405405405405406 0.08203125
0 0.14671814671814673 0.873046875 0.05405405405405406 0.083984375
0 0.6229086229086229 0.87255859375 0.05405405405405406 0.0830078125
0 0.7548262548262549 0.8720703125 0.05276705276705277 0.08203125
0 0.8848133848133848 0.8720703125 0.055341055341055344 0.08203125
0 0.8712998712998713 0.05712890625 0.06692406692406692 0.0341796875
0 0.6235521235521235 0.064453125 0.02445302445302445 0.017578125
0 0.0978120978120978 0.048828125 0.02059202059202059 0.013671875