0 0.05126953125 0.3487654320987654 0.0322265625 0.09259259259259259
0 0.123046875 0.34953703703703703 0.033203125 0.0941358024691358
0 0.21875 0.3472222222222222 0.033203125 0.09259259259259259
0 0.2724609375 0.3487654320987654 0.029296875 0.09259259259259259
0 0.0517578125 0.5447530864197531 0.033203125 0.09567901234567901
0 0.12255859375 0.5462962962962963 0.0322265625 0.09876543209876543
0 0.21728515625 0.5432098765432098 0.0302734375 0.09876543209876543
0 0.05029296875 0.7430555555555556 0.0322265625 0.09722222222222222
0 0.1220703125 0.7438271604938271 0.033203125 0.09876543209876543
0 0.27197265625 0.5432098765432098 0.0302734375 0.09876543209876543
0 0.21630859375 0.7422839506172839 0.0302734375 0.09876543209876543
0 0.27001953125 0.7422839506172839 0.0302734375 0.09876543209876543
0 0.12109375 0.9459876543209876 0.033203125 0.10493827160493827
0 0.216796875 0.9459876543209876 0.03125 0.10802469135802469
0 0.2705078125 0.9452160493827161 0.03125 0.10648148148148148
0 0.3857421875 0.25848765432098764 0.033203125 0.10030864197530864
0 0.38525390625 0.45601851851851855 0.0322265625 0.10030864197530864
0 0.3857421875 0.6520061728395061 0.033203125 0.10339506172839506
0 0.384765625 0.8464506172839507 0.033203125 0.10339506172839506
0 0.46533203125 0.2569444444444444 0.0263671875 0.10030864197530864
0 0.52001953125 0.2569444444444444 0.0263671875 0.10030864197530864
0 0.57373046875 0.2569444444444444 0.0263671875 0.10030864197530864
0 0.62939453125 0.2569444444444444 0.0263671875 0.10030864197530864
0 0.4658203125 0.4521604938271605 0.025390625 0.10185185185185185
0 0.51953125 0.4537037037037037 0.025390625 0.10185185185185185
0 0.57373046875 0.4537037037037037 0.0263671875 0.10185185185185185
0 0.6298828125 0.4537037037037037 0.025390625 0.10185185185185185
0 0.63037109375 0.6496913580246914 0.0263671875 0.10185185185185185
0 0.46533203125 0.6489197530864198 0.0263671875 0.10339506172839506
0 0.51953125 0.6496913580246914 0.025390625 0.10185185185185185
0 0.46484375 0.845679012345679 0.025390625 0.10185185185185185
0 0.62890625 0.8441358024691358 0.025390625 0.10185185185185185
0 0.71435546875 0.6520061728395061 0.0322265625 0.10339506172839506
0 0.7138671875 0.8449074074074074 0.033203125 0.10339506172839506
0 0.71435546875 0.45601851851851855 0.0322265625 0.10030864197530864
0 0.71484375 0.25848765432098764 0.033203125 0.10030864197530864
0 0.85693359375 0.30092592592592593 0.0224609375 0.08950617283950617
0 0.828125 0.3001543209876543 0.01953125 0.09104938271604938
0 0.8427734375 0.12268518518518519 0.048828125 0.06635802469135803
0 0.857421875 0.48148148148148145 0.021484375 0.08024691358024691
0 0.828125 0.48302469135802467 0.01953125 0.08024691358024691
0 0.9580078125 0.4930555555555556 0.044921875 0.10030864197530864
0 0.95654296875 0.30401234567901236 0.0458984375 0.09259259259259259
0 0.84130859375 0.683641975308642 0.0517578125 0.10185185185185185
0 0.95654296875 0.683641975308642 0.0478515625 0.10185185185185185
0 0.95849609375 0.8896604938271605 0.0791015625 0.10339506172839506
0 0.57470703125 0.6412037037037037 0.0263671875 0.08796296296296297