0 0.2843866171003718 0.4169921875 0.10285006195786865 0.19140625
0 0.49256505576208176 0.41650390625 0.10780669144981413 0.1884765625
0 0.6995043370508055 0.41650390625 0.10532837670384139 0.1904296875
0 0.2781908302354399 0.7451171875 0.11028500619578686 0.20703125
0 0.48698884758364314 0.7470703125 0.1090458488228005 0.208984375
0 0.7001239157372986 0.748046875 0.11152416356877323 0.2109375
0 0.2843866171003718 0.13671875 0.07311028500619579 0.107421875
0 0.49008674101610905 0.1357421875 0.07311028500619579 0.107421875
0 0.6995043370508055 0.13427734375 0.07311028500619579 0.1083984375
0 0.39343246592317227 0.04638671875 0.013630731102850062 0.0224609375
0 0.4114002478314746 0.046875 0.01486988847583643 0.0234375
0 0.43308550185873607 0.046875 0.0161090458488228 0.0234375
0 0.45229244114002476 0.046875 0.01486988847583643 0.0234375
0 0.4739776951672863 0.046875 0.0161090458488228 0.0234375
0 0.49318463444857497 0.0458984375 0.01486988847583643 0.0234375
0 0.5142503097893433 0.04638671875 0.01486988847583643 0.0244140625
0 0.5353159851301115 0.04638671875 0.01486988847583643 0.0244140625
0 0.5563816604708798 0.0458984375 0.01486988847583643 0.0234375
0 0.39281288723667906 0.015625 0.01486988847583643 0.01953125
0 0.5743494423791822 0.04638671875 0.013630731102850062 0.0224609375
0 0.41201982651796776 0.01513671875 0.0161090458488228 0.0205078125
0 0.41201982651796776 0.01513671875 0.0161090458488228 0.0205078125
0 0.43370508054522927 0.015625 0.01486988847583643 0.01953125
0 0.4541511771995043 0.015625 0.0161090458488228 0.01953125
0 0.47335811648079307 0.015625 0.01486988847583643 0.01953125
0 0.4944237918215613 0.01513671875 0.01486988847583643 0.0205078125
0 0.4944237918215613 0.01513671875 0.01486988847583643 0.0205078125
0 0.5148698884758365 0.015625 0.0161090458488228 0.01953125
0 0.5365551425030979 0.015625 0.01486988847583643 0.01953125
0 0.557001239157373 0.015625 0.0161090458488228 0.01953125
0 0.5768277571251549 0.015625 0.0161090458488228 0.01953125