0 0.3570219966159052 0.0595703125 0.02707275803722504 0.029296875
0 0.39593908629441626 0.0595703125 0.02707275803722504 0.029296875
0 0.25380710659898476 0.06103515625 0.02707275803722504 0.0302734375
0 0.21658206429780033 0.06103515625 0.02707275803722504 0.0302734375
0 0.07614213197969544 0.0625 0.02707275803722504 0.029296875
0 0.49915397631133673 0.05859375 0.02707275803722504 0.029296875
0 0.5380710659898477 0.0595703125 0.02707275803722504 0.029296875
0 0.637901861252115 0.06005859375 0.02707275803722504 0.0302734375
0 0.676818950930626 0.060546875 0.02707275803722504 0.029296875
0 0.817258883248731 0.0615234375 0.02707275803722504 0.029296875
0 0.7783417935702199 0.06103515625 0.02707275803722504 0.0302734375
0 0.9170896785109983 0.0625 0.02707275803722504 0.029296875
0 0.9560067681895094 0.0625 0.02707275803722504 0.029296875
0 0.08714043993231811 0.16650390625 0.06598984771573604 0.0498046875
0 0.22927241962774958 0.16552734375 0.06598984771573604 0.0498046875
0 0.3730964467005076 0.1650390625 0.06598984771573604 0.048828125
0 0.5169204737732657 0.16357421875 0.06598984771573604 0.0498046875
0 0.6556683587140439 0.16650390625 0.06598984771573604 0.0498046875
0 0.7961082910321489 0.16455078125 0.06598984771573604 0.0498046875
0 0.9348561759729273 0.16650390625 0.06598984771573604 0.0498046875
0 0.9365482233502538 0.25244140625 0.06598984771573604 0.0498046875
0 0.799492385786802 0.24951171875 0.06598984771573604 0.0498046875
0 0.6539763113367174 0.24951171875 0.06598984771573604 0.0498046875
0 0.511844331641286 0.24853515625 0.06598984771573604 0.0498046875
0 0.3697123519458545 0.24951171875 0.06598984771573604 0.0498046875
0 0.22758037225042302 0.25390625 0.06598984771573604 0.048828125
0 0.08544839255499154 0.25390625 0.06598984771573604 0.048828125
0 0.08206429780033841 0.34228515625 0.06598984771573604 0.0498046875
0 0.22588832487309646 0.33935546875 0.06598984771573604 0.0498046875
0 0.3663282571912014 0.33740234375 0.06598984771573604 0.0498046875
0 0.5101522842639594 0.33642578125 0.06598984771573604 0.0498046875
0 0.6556683587140439 0.33642578125 0.06598984771573604 0.0498046875
0 0.7944162436548223 0.33837890625 0.06598984771573604 0.0498046875
0 0.9416243654822335 0.33935546875 0.06598984771573604 0.0498046875
0 0.9416243654822335 0.42626953125 0.06598984771573604 0.0498046875
0 0.7961082910321489 0.4248046875 0.06598984771573604 0.048828125
0 0.6556683587140439 0.42626953125 0.06598984771573604 0.0498046875
0 0.5101522842639594 0.42724609375 0.06598984771573604 0.0498046875
0 0.3680203045685279 0.42626953125 0.06598984771573604 0.0498046875
0 0.2225042301184433 0.42822265625 0.06598984771573604 0.0498046875
0 0.08544839255499154 0.43017578125 0.06598984771573604 0.0498046875
0 0.9382402707275804 0.51220703125 0.06598984771573604 0.0498046875
0 0.7978003384094755 0.51220703125 0.06598984771573604 0.0498046875
0 0.6556683587140439 0.51416015625 0.06598984771573604 0.0498046875
0 0.5050761421319797 0.51513671875 0.06598984771573604 0.0498046875
0 0.3646362098138748 0.51611328125 0.06598984771573604 0.0498046875
0 0.22081218274111675 0.517578125 0.06598984771573604 0.048828125
0 0.07868020304568528 0.5185546875 0.06598984771573604 0.048828125
0 0.9382402707275804 0.60302734375 0.06598984771573604 0.0498046875
0 0.7961082910321489 0.60205078125 0.06598984771573604 0.0498046875
0 0.6556683587140439 0.60400390625 0.06598984771573604 0.0498046875
0 0.511844331641286 0.60498046875 0.06598984771573604 0.0498046875
0 0.36125211505922167 0.60498046875 0.06598984771573604 0.0498046875
0 0.21912013536379019 0.60693359375 0.06598984771573604 0.0498046875
0 0.07868020304568528 0.60791015625 0.06598984771573604 0.0498046875
0 0.9331641285956007 0.68798828125 0.05922165820642978 0.0498046875
0 0.7927241962774958 0.6904296875 0.05922165820642978 0.048828125
0 0.6489001692047377 0.68994140625 0.05922165820642978 0.0498046875
0 0.5050761421319797 0.69189453125 0.05922165820642978 0.0498046875
0 0.3595600676818951 0.69287109375 0.05922165820642978 0.0498046875
0 0.21742808798646363 0.69384765625 0.05922165820642978 0.0498046875
0 0.07698815566835872 0.69287109375 0.05922165820642978 0.0498046875
0 0.3629441624365482 0.783203125 0.05922165820642978 0.048828125
0 0.5033840947546532 0.77978515625 0.05922165820642978 0.0498046875
0 0.6472081218274112 0.78076171875 0.05922165820642978 0.0498046875
0 0.7893401015228426 0.77880859375 0.05922165820642978 0.0498046875
0 0.9297800338409475 0.779296875 0.05922165820642978 0.048828125
0 0.08206429780033841 0.78076171875 0.05922165820642978 0.0498046875
0 0.36125211505922167 0.88134765625 0.0829103214890017 0.0771484375
0 0.2225042301184433 0.880859375 0.07614213197969544 0.076171875
0 0.08544839255499154 0.88037109375 0.0829103214890017 0.0771484375
0 0.5 0.8828125 0.07614213197969544 0.076171875
0 0.6421319796954315 0.880859375 0.0829103214890017 0.076171875
0 0.7842639593908629 0.8818359375 0.0829103214890017 0.076171875
0 0.922165820642978 0.876953125 0.08460236886632826 0.076171875
0 0.9204737732656514 0.97900390625 0.04060913705583756 0.0361328125
0 0.7834179357021996 0.98095703125 0.04060913705583756 0.0361328125
0 0.36548223350253806 0.98193359375 0.04060913705583756 0.0361328125
0 0.22842639593908629 0.9814453125 0.04060913705583756 0.03515625
0 0.09306260575296109 0.98046875 0.04060913705583756 0.03515625