0 0.11474609375 0.24911971830985916 0.0205078125 0.05457746478873239
0 0.18896484375 0.2482394366197183 0.0205078125 0.056338028169014086
0 0.26318359375 0.24911971830985916 0.0205078125 0.05457746478873239
0 0.47412109375 0.24647887323943662 0.0205078125 0.056338028169014086
0 0.55126953125 0.24559859154929578 0.0205078125 0.05457746478873239
0 0.62744140625 0.24647887323943662 0.0205078125 0.056338028169014086
0 0.70556640625 0.24647887323943662 0.0205078125 0.056338028169014086
0 0.7822265625 0.24647887323943662 0.01953125 0.056338028169014086
0 0.85888671875 0.24647887323943662 0.0205078125 0.056338028169014086
0 0.93603515625 0.24647887323943662 0.0205078125 0.056338028169014086
0 0.11572265625 0.3644366197183099 0.0244140625 0.09154929577464789
0 0.18994140625 0.3644366197183099 0.0244140625 0.09154929577464789
0 0.26513671875 0.3644366197183099 0.0244140625 0.09154929577464789
0 0.47509765625 0.3644366197183099 0.0244140625 0.09154929577464789
0 0.55322265625 0.3644366197183099 0.0244140625 0.09154929577464789
0 0.63134765625 0.3644366197183099 0.0244140625 0.09154929577464789
0 0.70751953125 0.3626760563380282 0.0244140625 0.09154929577464789
0 0.7861328125 0.36619718309859156 0.025390625 0.09154929577464789
0 0.86279296875 0.3626760563380282 0.0244140625 0.09154929577464789
0 0.3603515625 0.37059859154929575 0.029296875 0.07922535211267606
0 0.36181640625 0.488556338028169 0.0302734375 0.07922535211267606
0 0.3603515625 0.2517605633802817 0.03125 0.08098591549295775
0 0.11572265625 0.4859154929577465 0.0205078125 0.056338028169014086
0 0.18896484375 0.4859154929577465 0.0205078125 0.056338028169014086
0 0.263671875 0.4867957746478873 0.021484375 0.058098591549295774
0 0.55224609375 0.4894366197183099 0.0205078125 0.056338028169014086
0 0.62939453125 0.4894366197183099 0.0205078125 0.056338028169014086
0 0.70654296875 0.4894366197183099 0.0205078125 0.056338028169014086
0 0.78369140625 0.4894366197183099 0.0205078125 0.056338028169014086
0 0.8603515625 0.4894366197183099 0.021484375 0.056338028169014086
0 0.4755859375 0.4894366197183099 0.021484375 0.056338028169014086
0 0.6318359375 0.11179577464788733 0.009765625 0.0721830985915493
0 0.4921875 0.11443661971830986 0.013671875 0.07042253521126761
0 0.7705078125 0.11267605633802817 0.009765625 0.07394366197183098