0 0.07609860664523044 0.07470703125 0.03858520900321544 0.0615234375
0 0.18220793140407288 0.07275390625 0.03858520900321544 0.0615234375
0 0.2883172561629153 0.07080078125 0.03858520900321544 0.0615234375
0 0.3987138263665595 0.0703125 0.03858520900321544 0.060546875
0 0.5048231511254019 0.07080078125 0.03858520900321544 0.0615234375
0 0.6141479099678456 0.07080078125 0.03858520900321544 0.0615234375
0 0.7191854233654876 0.07275390625 0.03858520900321544 0.0615234375
0 0.8285101822079314 0.07568359375 0.03858520900321544 0.0615234375
0 0.9330117899249732 0.08056640625 0.03751339764201501 0.0615234375
0 0.07556270096463022 0.23291015625 0.04180064308681672 0.1005859375
0 0.1789924973204716 0.23095703125 0.04287245444801715 0.1005859375
0 0.2861736334405145 0.22998046875 0.04287245444801715 0.1005859375
0 0.39442658092175775 0.22998046875 0.04287245444801715 0.1005859375
0 0.5010718113612004 0.22802734375 0.04180064308681672 0.1005859375
0 0.6120042872454448 0.23095703125 0.04287245444801715 0.1005859375
0 0.7191854233654876 0.22900390625 0.04287245444801715 0.1044921875
0 0.8258306538049304 0.23046875 0.04180064308681672 0.10546875
0 0.9356913183279743 0.23388671875 0.04287245444801715 0.0986328125
0 0.9346195069667739 0.40625 0.03858520900321544 0.09375
0 0.827438370846731 0.40576171875 0.03858520900321544 0.0927734375
0 0.7213290460878885 0.404296875 0.03858520900321544 0.09375
0 0.6109324758842444 0.40380859375 0.03858520900321544 0.0927734375
0 0.5037513397642015 0.40380859375 0.03858520900321544 0.0927734375
0 0.3933547695605573 0.4052734375 0.03858520900321544 0.09375
0 0.2872454448017149 0.40380859375 0.03858520900321544 0.0927734375
0 0.18113612004287247 0.4072265625 0.03858520900321544 0.09375
0 0.07609860664523044 0.40771484375 0.03858520900321544 0.0927734375
0 0.07717041800643087 0.59130859375 0.04072883172561629 0.1044921875
0 0.18113612004287247 0.59130859375 0.04072883172561629 0.1044921875
0 0.2867095391211147 0.59130859375 0.04394426580921758 0.1025390625
0 0.3917470525187567 0.59130859375 0.04394426580921758 0.1025390625
0 0.5037513397642015 0.5908203125 0.04287245444801715 0.103515625
0 0.6082529474812433 0.5908203125 0.04394426580921758 0.103515625
0 0.717577706323687 0.59033203125 0.04394426580921758 0.1025390625
0 0.8236870310825295 0.5927734375 0.04394426580921758 0.103515625
0 0.9303322615219721 0.58984375 0.04287245444801715 0.103515625
0 0.9314040728831725 0.76513671875 0.04072883172561629 0.0927734375
0 0.8258306538049304 0.76611328125 0.04180064308681672 0.0927734375
0 0.717577706323687 0.7666015625 0.04180064308681672 0.09375
0 0.6109324758842444 0.76611328125 0.04072883172561629 0.0927734375
0 0.39389067524115756 0.765625 0.04180064308681672 0.09375
0 0.2877813504823151 0.765625 0.04180064308681672 0.09375
0 0.18381564844587353 0.76416015625 0.04180064308681672 0.0927734375
0 0.07877813504823152 0.76171875 0.04180064308681672 0.09375
0 0.18917470525187566 0.92041015625 0.03751339764201501 0.0712890625
0 0.08735262593783494 0.91845703125 0.03751339764201501 0.0712890625
0 0.2920685959271168 0.92236328125 0.03751339764201501 0.0712890625
0 0.39764201500535906 0.92236328125 0.03644158628081458 0.0712890625
0 0.9303322615219721 0.92041015625 0.03644158628081458 0.0712890625
0 0.7191854233654876 0.9248046875 0.03644158628081458 0.0703125
0 0.6120042872454448 0.92626953125 0.03644158628081458 0.0712890625
0 0.5192926045016077 0.78564453125 0.00964630225080386 0.0556640625
0 0.4844587352625938 0.78515625 0.012861736334405145 0.056640625
0 0.5 0.7685546875 0.01607717041800643 0.08984375