0 0.2621308016877637 0.24755859375 0.04113924050632911 0.0673828125
0 0.4129746835443038 0.25048828125 0.03270042194092827 0.0693359375
0 0.5759493670886076 0.25244140625 0.04008438818565401 0.0673828125
0 0.4588607594936709 0.25048828125 0.03164556962025317 0.0693359375
0 0.695675105485232 0.25146484375 0.03270042194092827 0.0693359375
0 0.740506329113924 0.251953125 0.03164556962025317 0.068359375
0 0.2869198312236287 0.384765625 0.03375527426160337 0.064453125
0 0.24208860759493672 0.38525390625 0.03270042194092827 0.0634765625
0 0.5791139240506329 0.39013671875 0.04008438818565401 0.0634765625
0 0.4620253164556962 0.38916015625 0.03375527426160337 0.0634765625
0 0.4177215189873418 0.388671875 0.03164556962025317 0.0625
0 0.6977848101265823 0.3896484375 0.03270042194092827 0.0625
0 0.7426160337552743 0.3896484375 0.03164556962025317 0.0625
0 0.41561181434599154 0.5283203125 0.03375527426160337 0.06640625
0 0.459915611814346 0.52880859375 0.03375527426160337 0.0654296875
0 0.5780590717299579 0.5283203125 0.04008438818565401 0.064453125
0 0.6962025316455697 0.529296875 0.03375527426160337 0.06640625
0 0.7415611814345991 0.52880859375 0.03375527426160337 0.0673828125
0 0.2631856540084388 0.52490234375 0.07067510548523206 0.0673828125
0 0.544831223628692 0.1201171875 0.03270042194092827 0.052734375
0 0.604957805907173 0.11962890625 0.03270042194092827 0.0537109375
0 0.9061181434599156 0.4697265625 0.027426160337552744 0.02734375
0 0.9419831223628692 0.46923828125 0.027426160337552744 0.0283203125
0 0.9066455696202531 0.51123046875 0.028481012658227847 0.0419921875
0 0.9414556962025317 0.51220703125 0.026371308016877638 0.0419921875
0 0.24050632911392406 0.66650390625 0.03164556962025317 0.0673828125
0 0.285337552742616 0.666015625 0.03270042194092827 0.06640625
0 0.285337552742616 0.80859375 0.03270042194092827 0.068359375
0 0.2399789029535865 0.80908203125 0.03270042194092827 0.0693359375
0 0.4177215189873418 0.669921875 0.03375527426160337 0.068359375
0 0.4641350210970464 0.669921875 0.03164556962025317 0.06640625
0 0.5822784810126582 0.6708984375 0.04008438818565401 0.068359375
0 0.6988396624472574 0.6708984375 0.03481012658227848 0.068359375
0 0.7426160337552743 0.669921875 0.03375527426160337 0.068359375
0 0.5806962025316456 0.81005859375 0.04113924050632911 0.0673828125
0 0.6988396624472574 0.810546875 0.03270042194092827 0.068359375
0 0.7436708860759493 0.80908203125 0.03375527426160337 0.0673828125
0 0.25843881856540085 0.921875 0.056962025316455694 0.05859375
0 0.4477848101265823 0.7978515625 0.013713080168776372 0.037109375
0 0.42510548523206754 0.80322265625 0.006329113924050633 0.0283203125
0 0.4651898734177215 0.80126953125 0.006329113924050633 0.0302734375
0 0.08913502109704641 0.23388671875 0.03059071729957806 0.0634765625
0 0.11972573839662447 0.23388671875 0.026371308016877638 0.0634765625
0 0.12025316455696203 0.37060546875 0.02531645569620253 0.0732421875
0 0.08333333333333333 0.3701171875 0.03164556962025317 0.072265625
0 0.11761603375527427 0.48291015625 0.024261603375527425 0.0244140625
0 0.0859704641350211 0.48388671875 0.028481012658227847 0.0244140625
0 0.08544303797468354 0.52001953125 0.029535864978902954 0.0439453125
0 0.11814345991561181 0.5205078125 0.027426160337552744 0.04296875
0 0.10179324894514769 0.78076171875 0.049578059071729956 0.0771484375
0 0.10021097046413502 0.63916015625 0.06540084388185655 0.0751953125