0 0.33653846153846156 0.19533762057877813 0.07478632478632478 0.09163987138263666
0 0.5470085470085471 0.19533762057877813 0.07264957264957266 0.09163987138263666
0 0.7596153846153846 0.1977491961414791 0.07478632478632478 0.09003215434083602
0 0.3386752136752137 0.362540192926045 0.07051282051282051 0.09485530546623794
0 0.5480769230769231 0.3641479099678457 0.07051282051282051 0.09485530546623794
0 0.7574786324786325 0.3641479099678457 0.07051282051282051 0.09485530546623794
0 0.3408119658119658 0.5321543408360129 0.07478632478632478 0.0932475884244373
0 0.7564102564102564 0.5321543408360129 0.07692307692307693 0.0932475884244373
0 0.5470085470085471 0.5490353697749196 0.07692307692307693 0.12379421221864952
0 0.7553418803418803 0.03858520900321544 0.0405982905982906 0.04823151125401929
0 0.5523504273504274 0.03697749196141479 0.0405982905982906 0.04823151125401929
0 0.3386752136752137 0.7146302250803859 0.1388888888888889 0.08520900321543408
0 0.5427350427350427 0.7146302250803859 0.14102564102564102 0.08520900321543408
0 0.7510683760683761 0.7130225080385852 0.1388888888888889 0.08520900321543408