0 0.09138381201044386 0.29541015625 0.06788511749347259 0.0322265625
0 0.09399477806788512 0.349609375 0.06788511749347259 0.03125
0 0.09138381201044386 0.412109375 0.06788511749347259 0.03125
0 0.09138381201044386 0.466796875 0.06788511749347259 0.03125
0 0.09399477806788512 0.5224609375 0.06788511749347259 0.03125
0 0.09138381201044386 0.57666015625 0.06788511749347259 0.0322265625
0 0.08877284595300261 0.6318359375 0.06788511749347259 0.03125
0 0.09138381201044386 0.6865234375 0.06788511749347259 0.03125
0 0.0926892950391645 0.7490234375 0.06527415143603134 0.037109375
0 0.09138381201044386 0.2412109375 0.06266318537859007 0.03125
0 0.33159268929503916 0.2392578125 0.06788511749347259 0.033203125
0 0.49869451697127937 0.23974609375 0.06788511749347259 0.0322265625
0 0.664490861618799 0.2392578125 0.07049608355091384 0.033203125
0 0.9007832898172323 0.24462890625 0.06788511749347259 0.0322265625
0 0.33159268929503916 0.29541015625 0.06788511749347259 0.0322265625
0 0.5 0.2939453125 0.07049608355091384 0.033203125
0 0.6618798955613577 0.294921875 0.07049608355091384 0.033203125
0 0.8981723237597912 0.2978515625 0.06788511749347259 0.033203125
0 0.902088772845953 0.353515625 0.07049608355091384 0.033203125
0 0.6618798955613577 0.3486328125 0.07049608355091384 0.033203125
0 0.49738903394255873 0.3486328125 0.07049608355091384 0.033203125
0 0.3328981723237598 0.3486328125 0.07049608355091384 0.033203125
0 0.33159268929503916 0.41064453125 0.06788511749347259 0.0322265625
0 0.5 0.41064453125 0.07049608355091384 0.0322265625
0 0.664490861618799 0.4111328125 0.07049608355091384 0.033203125
0 0.8981723237597912 0.4130859375 0.06788511749347259 0.033203125
0 0.8994778067885117 0.46875 0.07049608355091384 0.033203125
0 0.664490861618799 0.4658203125 0.07049608355091384 0.033203125
0 0.49869451697127937 0.46533203125 0.06788511749347259 0.0322265625
0 0.3328981723237598 0.4658203125 0.07049608355091384 0.033203125
0 0.33159268929503916 0.52001953125 0.06788511749347259 0.0322265625
0 0.5013054830287206 0.52001953125 0.06788511749347259 0.0322265625
0 0.6631853785900783 0.521484375 0.06788511749347259 0.033203125
0 0.8981723237597912 0.5234375 0.06788511749347259 0.033203125
0 0.902088772845953 0.5771484375 0.07049608355091384 0.033203125
0 0.664490861618799 0.576171875 0.07049608355091384 0.033203125
0 0.5 0.5751953125 0.07049608355091384 0.033203125
0 0.33550913838120106 0.576171875 0.07049608355091384 0.033203125
0 0.33159268929503916 0.630859375 0.06788511749347259 0.033203125
0 0.49869451697127937 0.630859375 0.06788511749347259 0.033203125
0 0.664490861618799 0.62890625 0.07049608355091384 0.033203125
0 0.8981723237597912 0.6318359375 0.06788511749347259 0.033203125
0 0.8994778067885117 0.685546875 0.07049608355091384 0.033203125
0 0.664490861618799 0.68505859375 0.07049608355091384 0.0322265625
0 0.49738903394255873 0.6845703125 0.07049608355091384 0.033203125
0 0.33159268929503916 0.6865234375 0.06788511749347259 0.033203125
0 0.8994778067885117 0.7490234375 0.06527415143603134 0.037109375
0 0.6631853785900783 0.7509765625 0.06788511749347259 0.044921875
0 0.49738903394255873 0.7529296875 0.07049608355091384 0.044921875
0 0.3289817232375979 0.095703125 0.12010443864229765 0.060546875
0 0.5 0.09619140625 0.1227154046997389 0.0615234375
0 0.6671018276762402 0.09619140625 0.1174934725848564 0.0615234375
0 0.6631853785900783 0.16650390625 0.12010443864229765 0.0537109375
0 0.4934725848563969 0.16748046875 0.12532637075718014 0.0517578125
0 0.3289817232375979 0.166015625 0.12010443864229765 0.0546875
0 0.8733681462140992 0.13916015625 0.08616187989556136 0.0537109375
0 0.8707571801566579 0.18505859375 0.09138381201044386 0.0224609375
0 0.11618798955613577 0.1806640625 0.1122715404699739 0.025390625
0 0.1122715404699739 0.13427734375 0.10966057441253264 0.0517578125
0 0.09007832898172324 0.814453125 0.10182767624020887 0.033203125
0 0.9060052219321149 0.81298828125 0.09921671018276762 0.0322265625