0 0.07177734375 0.349 0.0361328125 0.098
0 0.1669921875 0.349 0.03515625 0.098
0 0.26220703125 0.347 0.0361328125 0.098
0 0.91943359375 0.35 0.0361328125 0.096
0 0.8232421875 0.349 0.03515625 0.098
0 0.7275390625 0.347 0.03515625 0.098
0 0.5908203125 0.349 0.03515625 0.098
0 0.49462890625 0.35 0.0361328125 0.096
0 0.3984375 0.346 0.03515625 0.096
0 0.9228515625 0.595 0.037109375 0.118
0 0.8251953125 0.596 0.037109375 0.12
0 0.728515625 0.596 0.037109375 0.12
0 0.5927734375 0.6 0.037109375 0.12
0 0.49560546875 0.598 0.0380859375 0.12
0 0.3984375 0.599 0.037109375 0.118
0 0.263671875 0.598 0.037109375 0.12
0 0.1640625 0.596 0.037109375 0.12
0 0.0712890625 0.596 0.037109375 0.12