0 0.1748046875 0.24439102564102563 0.060546875 0.14262820512820512
0 0.30908203125 0.24358974358974358 0.0595703125 0.14102564102564102
0 0.44384765625 0.24519230769230768 0.0595703125 0.14102564102564102
0 0.57568359375 0.24439102564102563 0.0595703125 0.14262820512820512
0 0.70703125 0.24599358974358973 0.060546875 0.14262820512820512
0 0.1748046875 0.5849358974358975 0.0625 0.16025641025641027
0 0.30859375 0.5833333333333334 0.0625 0.16025641025641027
0 0.4404296875 0.5865384615384616 0.0625 0.16025641025641027
0 0.572265625 0.5849358974358975 0.0625 0.16025641025641027
0 0.705078125 0.5865384615384616 0.0625 0.16025641025641027
0 0.92578125 0.6153846153846154 0.02734375 0.060897435897435896
0 0.84375 0.6057692307692307 0.02734375 0.0673076923076923
0 0.8427734375 0.7411858974358975 0.029296875 0.06891025641025642
0 0.92529296875 0.7411858974358975 0.0263671875 0.06570512820512821