0 0.27060270602706027 0.2861328125 0.0910209102091021 0.111328125
0 0.48523985239852396 0.2841796875 0.0897908979089791 0.111328125
0 0.7011070110701108 0.28125 0.0910209102091021 0.111328125
0 0.27121771217712176 0.53076171875 0.0897908979089791 0.1572265625
0 0.4858548585485855 0.529296875 0.0910209102091021 0.158203125
0 0.7004920049200491 0.529296875 0.0897908979089791 0.158203125
0 0.2644526445264453 0.8916015625 0.0910209102091021 0.107421875
0 0.48154981549815495 0.890625 0.0897908979089791 0.107421875
0 0.6980319803198032 0.892578125 0.0897908979089791 0.107421875
0 0.7017220172201722 0.72705078125 0.0897908979089791 0.0771484375
0 0.48031980319803197 0.7255859375 0.0897908979089791 0.078125
0 0.26691266912669126 0.72705078125 0.0910209102091021 0.0771484375