0 0.125 0.2106299212598425 0.037109375 0.0984251968503937
0 0.1279296875 0.4146981627296588 0.037109375 0.10761154855643044
0 0.1279296875 0.6174540682414699 0.037109375 0.1089238845144357
0 0.23828125 0.21653543307086615 0.037109375 0.09973753280839895
0 0.287109375 0.2178477690288714 0.037109375 0.09973753280839895
0 0.3896484375 0.2178477690288714 0.037109375 0.09973753280839895
0 0.4384765625 0.21916010498687663 0.037109375 0.09973753280839895
0 0.546875 0.21719160104986876 0.037109375 0.0984251968503937
0 0.5966796875 0.21719160104986876 0.037109375 0.0984251968503937
0 0.7021484375 0.21719160104986876 0.037109375 0.0984251968503937
0 0.75390625 0.21653543307086615 0.037109375 0.09973753280839895
0 0.87060546875 0.21653543307086615 0.0400390625 0.09973753280839895
0 0.23779296875 0.41732283464566927 0.0361328125 0.10761154855643044
0 0.23828125 0.6200787401574803 0.037109375 0.1089238845144357
0 0.2861328125 0.41732283464566927 0.03515625 0.10761154855643044
0 0.28662109375 0.6213910761154856 0.0361328125 0.1089238845144357
0 0.390625 0.41732283464566927 0.03515625 0.10761154855643044
0 0.39208984375 0.6213910761154856 0.0361328125 0.1089238845144357
0 0.43994140625 0.6213910761154856 0.0361328125 0.1089238845144357
0 0.54638671875 0.6213910761154856 0.0361328125 0.1089238845144357
0 0.59619140625 0.6240157480314961 0.0361328125 0.1089238845144357
0 0.70361328125 0.6240157480314961 0.0361328125 0.1089238845144357
0 0.75244140625 0.6227034120734908 0.0361328125 0.1089238845144357
0 0.43896484375 0.4179790026246719 0.0361328125 0.1089238845144357
0 0.87060546875 0.6213910761154856 0.0380859375 0.1089238845144357
0 0.54736328125 0.41863517060367456 0.0361328125 0.10761154855643044
0 0.5966796875 0.4166666666666667 0.03515625 0.1062992125984252
0 0.7041015625 0.4199475065616798 0.03515625 0.10761154855643044
0 0.7529296875 0.41732283464566927 0.03515625 0.10761154855643044
0 0.87109375 0.4166666666666667 0.0390625 0.1062992125984252
0 0.263671875 0.8353018372703412 0.0546875 0.1325459317585302
0 0.49853515625 0.8379265091863517 0.0419921875 0.13517060367454067
0 0.57080078125 0.8412073490813649 0.0537109375 0.13648293963254593
0 0.72607421875 0.8385826771653543 0.0537109375 0.13648293963254593
0 0.8671875 0.8418635170603674 0.056640625 0.13517060367454067