0 0.26717557251908397 0.08596837944664032 0.0648854961832061 0.08498023715415019
0 0.5190839694656488 0.08695652173913043 0.0648854961832061 0.07114624505928854
0 0.49904580152671757 0.3231225296442688 0.08587786259541985 0.13636363636363635
0 0.2385496183206107 0.3211462450592885 0.08396946564885496 0.1324110671936759
0 0.49713740458015265 0.5592885375494071 0.08206106870229007 0.13438735177865613
0 0.2366412213740458 0.5592885375494071 0.08396946564885496 0.13438735177865613
0 0.2318702290076336 0.8013833992094862 0.08206106870229007 0.1482213438735178
0 0.4952290076335878 0.8092885375494071 0.08206106870229007 0.1482213438735178
0 0.8568702290076335 0.8033596837944664 0.08396946564885496 0.1482213438735178
0 0.8520992366412213 0.35177865612648224 0.08206106870229007 0.1541501976284585
0 0.8530534351145038 0.5869565217391305 0.08396946564885496 0.16600790513833993
0 0.8530534351145038 0.13438735177865613 0.08396946564885496 0.10276679841897234