0 0.13720703125 0.3403846153846154 0.0400390625 0.10128205128205128
0 0.19580078125 0.3403846153846154 0.0380859375 0.10128205128205128
0 0.2880859375 0.3403846153846154 0.0390625 0.10128205128205128
0 0.3466796875 0.34102564102564104 0.0390625 0.10256410256410256
0 0.4365234375 0.3416666666666667 0.0390625 0.10128205128205128
0 0.494140625 0.3416666666666667 0.0390625 0.10128205128205128
0 0.14013671875 0.5391025641025641 0.0380859375 0.09871794871794871
0 0.1953125 0.5391025641025641 0.037109375 0.09871794871794871
0 0.2900390625 0.5397435897435897 0.037109375 0.09743589743589744
0 0.345703125 0.5391025641025641 0.037109375 0.09871794871794871
0 0.4404296875 0.514102564102564 0.03125 0.10256410256410256
0 0.47705078125 0.5147435897435897 0.0302734375 0.10128205128205128
0 0.513671875 0.5147435897435897 0.03125 0.10384615384615385
0 0.58642578125 0.5384615384615384 0.0380859375 0.09743589743589744
0 0.6416015625 0.5391025641025641 0.037109375 0.09615384615384616
0 0.73583984375 0.5391025641025641 0.0380859375 0.09615384615384616
0 0.7900390625 0.5391025641025641 0.0390625 0.09615384615384616
0 0.5849609375 0.3416666666666667 0.0390625 0.10128205128205128
0 0.64306640625 0.34102564102564104 0.0400390625 0.1
0 0.73583984375 0.3416666666666667 0.0380859375 0.10128205128205128
0 0.7919921875 0.34102564102564104 0.0390625 0.1
0 0.58642578125 0.7371794871794872 0.0380859375 0.1
0 0.640625 0.7371794871794872 0.0390625 0.1
0 0.73583984375 0.7371794871794872 0.0380859375 0.1
0 0.78955078125 0.7371794871794872 0.0380859375 0.1
0 0.44873046875 0.7237179487179487 0.0458984375 0.11666666666666667
0 0.50537109375 0.7237179487179487 0.0478515625 0.11666666666666667
0 0.345703125 0.7371794871794872 0.0390625 0.1
0 0.291015625 0.7378205128205129 0.0390625 0.10128205128205128
0 0.19482421875 0.7378205128205129 0.0380859375 0.10128205128205128
0 0.13916015625 0.7378205128205129 0.0400390625 0.10128205128205128
0 0.92529296875 0.175 0.0537109375 0.08846153846153847
0 0.92626953125 0.03141025641025641 0.0419921875 0.05512820512820513
0 0.92333984375 0.3608974358974359 0.0400390625 0.09102564102564102