0 0.271484375 0.43896484375 0.053385416666666664 0.0712890625
0 0.2701822916666667 0.580078125 0.053385416666666664 0.076171875
0 0.3984375 0.439453125 0.0546875 0.0703125
0 0.5260416666666666 0.43994140625 0.0546875 0.0693359375
0 0.396484375 0.580078125 0.053385416666666664 0.076171875
0 0.525390625 0.5810546875 0.053385416666666664 0.076171875
0 0.662109375 0.4404296875 0.053385416666666664 0.0703125
0 0.7473958333333334 0.43994140625 0.0546875 0.0693359375
0 0.6614583333333334 0.58056640625 0.052083333333333336 0.0751953125
0 0.7467447916666666 0.58056640625 0.053385416666666664 0.0751953125
0 0.6595052083333334 0.724609375 0.053385416666666664 0.076171875
0 0.7473958333333334 0.724609375 0.0546875 0.076171875
0 0.5234375 0.724609375 0.0546875 0.076171875
0 0.396484375 0.7353515625 0.053385416666666664 0.09765625
0 0.26953125 0.72509765625 0.0546875 0.0771484375
0 0.6608072916666666 0.8896484375 0.053385416666666664 0.072265625
0 0.7467447916666666 0.88916015625 0.053385416666666664 0.0712890625
0 0.13346354166666666 0.439453125 0.053385416666666664 0.0703125
0 0.13216145833333334 0.580078125 0.05078125 0.078125
0 0.1328125 0.724609375 0.0546875 0.076171875
0 0.9016927083333334 0.310546875 0.04296875 0.05859375
0 0.900390625 0.41650390625 0.04296875 0.0576171875
0 0.8990885416666666 0.52587890625 0.04296875 0.0576171875