0 0.25594149908592323 0.09276437847866419 0.054844606946983544 0.059369202226345084
0 0.4524680073126143 0.08812615955473098 0.05301645338208409 0.0575139146567718
0 0.6526508226691042 0.0862708719851577 0.054844606946983544 0.0575139146567718
0 0.6590493601462523 0.2606679035250464 0.0712979890310786 0.10575139146567718
0 0.25411334552102377 0.2653061224489796 0.06946983546617916 0.1038961038961039
0 0.45521023765996343 0.26716141001855287 0.06946983546617916 0.1150278293135436
0 0.24954296160877515 0.4619666048237477 0.0712979890310786 0.12987012987012986
0 0.659963436928702 0.4582560296846011 0.06946983546617916 0.13358070500927643
0 0.4524680073126143 0.44805194805194803 0.06764168190127971 0.10575139146567718
0 0.45429616087751373 0.6326530612244898 0.0712979890310786 0.11131725417439703
0 0.24314442413162707 0.6493506493506493 0.06946983546617916 0.11873840445269017
0 0.6617915904936015 0.6437847866419295 0.07312614259597806 0.12987012987012986
0 0.24040219378427788 0.8358070500927643 0.0712979890310786 0.09833024118738404
0 0.4506398537477148 0.8358070500927643 0.0712979890310786 0.09833024118738404
0 0.6645338208409507 0.8348794063079777 0.0712979890310786 0.10018552875695733
0 0.6636197440585009 0.9749536178107606 0.054844606946983544 0.04638218923933209
0 0.44789762340036565 0.9749536178107606 0.054844606946983544 0.04638218923933209
0 0.23583180987202926 0.9730983302411874 0.054844606946983544 0.04638218923933209