0 0.13352272727272727 0.02734375 0.09943181818181818 0.01953125
0 0.2663352272727273 0.0263671875 0.10085227272727272 0.01953125
0 0.13352272727272727 0.0537109375 0.09943181818181818 0.01953125
0 0.1328125 0.0771484375 0.10085227272727272 0.01953125
0 0.1328125 0.099609375 0.10085227272727272 0.01953125
0 0.13352272727272727 0.1240234375 0.09943181818181818 0.01953125
0 0.13210227272727273 0.14990234375 0.09943181818181818 0.0166015625
0 0.13210227272727273 0.17333984375 0.10227272727272728 0.0146484375
0 0.13068181818181818 0.19775390625 0.09943181818181818 0.0166015625
0 0.13210227272727273 0.22216796875 0.09943181818181818 0.0166015625
0 0.13210227272727273 0.24755859375 0.09943181818181818 0.0166015625
0 0.13068181818181818 0.27294921875 0.09943181818181818 0.0166015625
0 0.13068181818181818 0.29638671875 0.09943181818181818 0.0166015625
0 0.13210227272727273 0.32177734375 0.09943181818181818 0.0166015625
0 0.13068181818181818 0.34619140625 0.09943181818181818 0.0166015625
0 0.2649147727272727 0.0517578125 0.10085227272727272 0.015625
0 0.265625 0.07666015625 0.09943181818181818 0.0166015625
0 0.2649147727272727 0.10009765625 0.10085227272727272 0.0166015625
0 0.2663352272727273 0.12353515625 0.10085227272727272 0.0166015625
0 0.26420454545454547 0.14892578125 0.09943181818181818 0.0166015625
0 0.26420454545454547 0.17333984375 0.09943181818181818 0.0166015625
0 0.26420454545454547 0.19775390625 0.09943181818181818 0.0166015625
0 0.26420454545454547 0.22119140625 0.09943181818181818 0.0166015625
0 0.265625 0.24658203125 0.09943181818181818 0.0166015625
0 0.265625 0.27197265625 0.09943181818181818 0.0166015625
0 0.265625 0.2958984375 0.09943181818181818 0.015625
0 0.26420454545454547 0.32080078125 0.09943181818181818 0.0166015625
0 0.2627840909090909 0.34619140625 0.09943181818181818 0.0166015625
0 0.3984375 0.05126953125 0.10085227272727272 0.0166015625
0 0.3991477272727273 0.07568359375 0.09943181818181818 0.0166015625
0 0.3991477272727273 0.10009765625 0.09943181818181818 0.0166015625
0 0.3984375 0.12353515625 0.10085227272727272 0.0166015625
0 0.3984375 0.14892578125 0.10085227272727272 0.0166015625
0 0.3991477272727273 0.17333984375 0.09943181818181818 0.0166015625
0 0.3984375 0.19580078125 0.10085227272727272 0.0166015625
0 0.4005681818181818 0.220703125 0.09943181818181818 0.015625
0 0.3991477272727273 0.24609375 0.09943181818181818 0.015625
0 0.3991477272727273 0.27099609375 0.09943181818181818 0.0166015625
0 0.3984375 0.29638671875 0.10085227272727272 0.0166015625
0 0.3984375 0.32080078125 0.10085227272727272 0.0166015625
0 0.3984375 0.34619140625 0.10085227272727272 0.0166015625
0 0.5284090909090909 0.05126953125 0.09943181818181818 0.0166015625
0 0.53125 0.07568359375 0.09943181818181818 0.0166015625
0 0.5284090909090909 0.09912109375 0.09943181818181818 0.0166015625
0 0.5291193181818182 0.12353515625 0.10085227272727272 0.0166015625
0 0.53125 0.14794921875 0.09943181818181818 0.0166015625
0 0.5298295454545454 0.17333984375 0.09943181818181818 0.0166015625
0 0.53125 0.19677734375 0.09943181818181818 0.0166015625
0 0.53125 0.22021484375 0.09943181818181818 0.0166015625
0 0.5333806818181818 0.24658203125 0.10085227272727272 0.0166015625
0 0.5326704545454546 0.27099609375 0.09943181818181818 0.0166015625
0 0.5348011363636364 0.29638671875 0.10085227272727272 0.0166015625
0 0.5333806818181818 0.32080078125 0.10085227272727272 0.0166015625
0 0.5333806818181818 0.34619140625 0.10085227272727272 0.0166015625
0 0.6605113636363636 0.05224609375 0.09943181818181818 0.0166015625
0 0.6626420454545454 0.07470703125 0.10085227272727272 0.0166015625
0 0.6647727272727273 0.10009765625 0.09943181818181818 0.0166015625
0 0.6633522727272727 0.12353515625 0.09943181818181818 0.0166015625
0 0.6647727272727273 0.14794921875 0.09943181818181818 0.0166015625
0 0.6676136363636364 0.17333984375 0.09943181818181818 0.0166015625
0 0.6676136363636364 0.19677734375 0.09943181818181818 0.0166015625
0 0.6669034090909091 0.22119140625 0.10085227272727272 0.0166015625
0 0.6661931818181818 0.24658203125 0.09943181818181818 0.0166015625
0 0.6669034090909091 0.27099609375 0.10085227272727272 0.0166015625
0 0.6676136363636364 0.29638671875 0.09943181818181818 0.0166015625
0 0.6704545454545454 0.32177734375 0.09943181818181818 0.0166015625
0 0.6704545454545454 0.34716796875 0.09943181818181818 0.0166015625
0 0.7911931818181818 0.05322265625 0.09943181818181818 0.0166015625
0 0.7911931818181818 0.07666015625 0.09943181818181818 0.0166015625
0 0.7926136363636364 0.10009765625 0.09943181818181818 0.0166015625
0 0.7911931818181818 0.12353515625 0.09943181818181818 0.0166015625
0 0.7954545454545454 0.14990234375 0.09943181818181818 0.0166015625
0 0.796875 0.17333984375 0.09943181818181818 0.0166015625
0 0.7940340909090909 0.19775390625 0.09943181818181818 0.0166015625
0 0.7954545454545454 0.22314453125 0.09943181818181818 0.0166015625
0 0.796875 0.24853515625 0.09943181818181818 0.0166015625
0 0.796875 0.27099609375 0.09943181818181818 0.0166015625
0 0.8011363636363636 0.29638671875 0.09943181818181818 0.0166015625
0 0.8025568181818182 0.32275390625 0.09943181818181818 0.0166015625
0 0.8032670454545454 0.34716796875 0.10085227272727272 0.0166015625
0 0.9261363636363636 0.05322265625 0.09943181818181818 0.0166015625
0 0.9247159090909091 0.07763671875 0.09943181818181818 0.0166015625
0 0.9254261363636364 0.10009765625 0.10085227272727272 0.0166015625
0 0.9289772727272727 0.12548828125 0.09943181818181818 0.0166015625
0 0.9296875 0.14990234375 0.10085227272727272 0.0166015625
0 0.9318181818181818 0.17333984375 0.09943181818181818 0.0166015625
0 0.9318181818181818 0.1982421875 0.09943181818181818 0.015625
0 0.9332386363636364 0.22412109375 0.09943181818181818 0.0166015625
0 0.9346590909090909 0.2490234375 0.09943181818181818 0.015625
0 0.9367897727272727 0.27392578125 0.10085227272727272 0.0166015625
0 0.9353693181818182 0.29833984375 0.10085227272727272 0.0166015625
0 0.9367897727272727 0.32373046875 0.10085227272727272 0.0166015625
0 0.9403409090909091 0.3505859375 0.09943181818181818 0.015625
0 0.39701704545454547 0.02587890625 0.10085227272727272 0.0166015625
0 0.5284090909090909 0.025390625 0.09943181818181818 0.015625
0 0.6605113636363636 0.025390625 0.09943181818181818 0.015625
0 0.7897727272727273 0.02587890625 0.09943181818181818 0.0166015625
0 0.9247159090909091 0.02685546875 0.09943181818181818 0.0166015625
0 0.13068181818181818 0.3720703125 0.09943181818181818 0.015625
0 0.13068181818181818 0.39794921875 0.10227272727272728 0.0166015625
0 0.1278409090909091 0.42236328125 0.10227272727272728 0.0166015625
0 0.1278409090909091 0.44775390625 0.10227272727272728 0.0166015625
0 0.12642045454545456 0.47412109375 0.10227272727272728 0.0166015625
0 0.12642045454545456 0.49951171875 0.10227272727272728 0.0166015625
0 0.1278409090909091 0.52490234375 0.10227272727272728 0.0166015625
0 0.12642045454545456 0.55322265625 0.10227272727272728 0.0166015625
0 0.12642045454545456 0.5791015625 0.10227272727272728 0.015625
0 0.12926136363636365 0.6044921875 0.10227272727272728 0.015625
0 0.1278409090909091 0.63037109375 0.10227272727272728 0.0166015625
0 0.12642045454545456 0.65673828125 0.10227272727272728 0.0166015625
0 0.12642045454545456 0.68408203125 0.10227272727272728 0.0166015625
0 0.1278409090909091 0.7099609375 0.10227272727272728 0.015625
0 0.1278409090909091 0.73779296875 0.10227272727272728 0.0166015625
0 0.1278409090909091 0.76220703125 0.10227272727272728 0.0166015625
0 0.1278409090909091 0.78955078125 0.10227272727272728 0.0166015625
0 0.265625 0.3720703125 0.10227272727272728 0.015625
0 0.2627840909090909 0.39697265625 0.10227272727272728 0.0166015625
0 0.2627840909090909 0.42333984375 0.10227272727272728 0.0166015625
0 0.265625 0.44873046875 0.10227272727272728 0.0166015625
0 0.26136363636363635 0.47412109375 0.10227272727272728 0.0166015625
0 0.2627840909090909 0.49951171875 0.10227272727272728 0.0166015625
0 0.2627840909090909 0.52587890625 0.10227272727272728 0.0166015625
0 0.26420454545454547 0.55224609375 0.10227272727272728 0.0166015625
0 0.26420454545454547 0.57763671875 0.10227272727272728 0.0166015625
0 0.26420454545454547 0.60400390625 0.10227272727272728 0.0166015625
0 0.265625 0.6298828125 0.10227272727272728 0.015625
0 0.2627840909090909 0.65771484375 0.10227272727272728 0.0166015625
0 0.26420454545454547 0.68408203125 0.10227272727272728 0.0166015625
0 0.26420454545454547 0.71044921875 0.10227272727272728 0.0166015625
0 0.265625 0.73681640625 0.10227272727272728 0.0166015625
0 0.26420454545454547 0.76416015625 0.10227272727272728 0.0166015625
0 0.26420454545454547 0.7900390625 0.10227272727272728 0.015625
0 0.39701704545454547 0.3720703125 0.10085227272727272 0.015625
0 0.3991477272727273 0.39794921875 0.10227272727272728 0.0166015625
0 0.3991477272727273 0.42236328125 0.10227272727272728 0.0166015625
0 0.4005681818181818 0.44873046875 0.10227272727272728 0.0166015625
0 0.3977272727272727 0.47314453125 0.10227272727272728 0.0166015625
0 0.40269886363636365 0.49951171875 0.10085227272727272 0.0166015625
0 0.40269886363636365 0.52490234375 0.10085227272727272 0.0166015625
0 0.40198863636363635 0.55224609375 0.10227272727272728 0.0166015625
0 0.40198863636363635 0.5791015625 0.10227272727272728 0.015625
0 0.40198863636363635 0.6044921875 0.10227272727272728 0.015625
0 0.4005681818181818 0.6298828125 0.10227272727272728 0.015625
0 0.4034090909090909 0.65771484375 0.10227272727272728 0.0166015625
0 0.40269886363636365 0.6845703125 0.10085227272727272 0.015625
0 0.4034090909090909 0.71142578125 0.10227272727272728 0.0166015625
0 0.40269886363636365 0.73681640625 0.10085227272727272 0.0166015625
0 0.40269886363636365 0.76416015625 0.10085227272727272 0.0166015625
0 0.4005681818181818 0.79052734375 0.10227272727272728 0.0166015625
0 0.5355113636363636 0.37158203125 0.10227272727272728 0.0166015625
0 0.6704545454545454 0.37353515625 0.10227272727272728 0.0166015625
0 0.8068181818181818 0.37451171875 0.10227272727272728 0.0166015625
0 0.9403409090909091 0.37353515625 0.10227272727272728 0.0166015625
0 0.9389204545454546 0.3994140625 0.10227272727272728 0.015625
0 0.9403409090909091 0.42333984375 0.10227272727272728 0.0166015625
0 0.9417613636363636 0.45068359375 0.10227272727272728 0.0166015625
0 0.9403409090909091 0.47705078125 0.10227272727272728 0.0166015625
0 0.9403409090909091 0.50439453125 0.10227272727272728 0.0166015625
0 0.9417613636363636 0.52978515625 0.10227272727272728 0.0166015625
0 0.9417613636363636 0.5556640625 0.10227272727272728 0.015625
0 0.9431818181818182 0.58251953125 0.10227272727272728 0.0166015625
0 0.9431818181818182 0.60986328125 0.10227272727272728 0.0166015625
0 0.9460227272727273 0.63330078125 0.10227272727272728 0.0166015625
0 0.9446022727272727 0.65966796875 0.10227272727272728 0.0166015625
0 0.9431818181818182 0.68603515625 0.10227272727272728 0.0166015625
0 0.9446022727272727 0.71337890625 0.10227272727272728 0.0166015625
0 0.9403409090909091 0.73876953125 0.10227272727272728 0.0166015625
0 0.9403409090909091 0.76611328125 0.10227272727272728 0.0166015625
0 0.9417613636363636 0.79150390625 0.10227272727272728 0.0166015625
0 0.5355113636363636 0.39697265625 0.10227272727272728 0.0166015625
0 0.6690340909090909 0.39794921875 0.10227272727272728 0.0166015625
0 0.8053977272727273 0.39794921875 0.10227272727272728 0.0166015625
0 0.8053977272727273 0.42529296875 0.10227272727272728 0.0166015625
0 0.8068181818181818 0.4501953125 0.10227272727272728 0.015625
0 0.8068181818181818 0.47509765625 0.10227272727272728 0.0166015625
0 0.8096590909090909 0.5029296875 0.10227272727272728 0.015625
0 0.8096590909090909 0.52783203125 0.10227272727272728 0.0166015625
0 0.8096590909090909 0.55322265625 0.10227272727272728 0.0166015625
0 0.8082386363636364 0.58154296875 0.10227272727272728 0.0166015625
0 0.671875 0.42236328125 0.10227272727272728 0.0166015625
0 0.6732954545454546 0.44873046875 0.10227272727272728 0.0166015625
0 0.6732954545454546 0.47412109375 0.10227272727272728 0.0166015625
0 0.6732954545454546 0.50048828125 0.10227272727272728 0.0166015625
0 0.6732954545454546 0.52685546875 0.10227272727272728 0.0166015625
0 0.6732954545454546 0.55224609375 0.10227272727272728 0.0166015625
0 0.6747159090909091 0.57958984375 0.10227272727272728 0.0166015625
0 0.5383522727272727 0.57958984375 0.10227272727272728 0.0166015625
0 0.5383522727272727 0.55224609375 0.10227272727272728 0.0166015625
0 0.5383522727272727 0.52685546875 0.10227272727272728 0.0166015625
0 0.5383522727272727 0.50048828125 0.10227272727272728 0.0166015625
0 0.5355113636363636 0.47314453125 0.10227272727272728 0.0166015625
0 0.5355113636363636 0.44970703125 0.10227272727272728 0.0166015625
0 0.5340909090909091 0.42333984375 0.10227272727272728 0.0166015625
0 0.5383522727272727 0.60595703125 0.10227272727272728 0.0166015625
0 0.5383522727272727 0.63134765625 0.10227272727272728 0.0166015625
0 0.5383522727272727 0.65869140625 0.10227272727272728 0.0166015625
0 0.5397727272727273 0.68603515625 0.10227272727272728 0.0166015625
0 0.5369318181818182 0.71142578125 0.10227272727272728 0.0166015625
0 0.5369318181818182 0.73876953125 0.10227272727272728 0.0166015625
0 0.5383522727272727 0.76416015625 0.10227272727272728 0.0166015625
0 0.5411931818181818 0.79052734375 0.10227272727272728 0.0166015625
0 0.6775568181818182 0.6064453125 0.10227272727272728 0.015625
0 0.6775568181818182 0.63232421875 0.10227272727272728 0.0166015625
0 0.8125 0.60693359375 0.10227272727272728 0.0166015625
0 0.8125 0.63330078125 0.10227272727272728 0.0166015625
0 0.8125 0.65966796875 0.10227272727272728 0.0166015625
0 0.6761363636363636 0.65966796875 0.10227272727272728 0.0166015625
0 0.6761363636363636 0.68603515625 0.10227272727272728 0.0166015625
0 0.6761363636363636 0.71337890625 0.10227272727272728 0.0166015625
0 0.6747159090909091 0.73974609375 0.10227272727272728 0.0166015625
0 0.6747159090909091 0.76611328125 0.10227272727272728 0.0166015625
0 0.6747159090909091 0.79052734375 0.10227272727272728 0.0166015625
0 0.6761363636363636 0.81884765625 0.10227272727272728 0.0166015625
0 0.8125 0.81884765625 0.10227272727272728 0.0166015625
0 0.8096590909090909 0.79150390625 0.10227272727272728 0.0166015625
0 0.8082386363636364 0.76611328125 0.10227272727272728 0.0166015625
0 0.8096590909090909 0.73974609375 0.10227272727272728 0.0166015625
0 0.8125 0.71435546875 0.10227272727272728 0.0166015625
0 0.8125 0.68603515625 0.10227272727272728 0.0166015625
0 0.12926136363636365 0.81591796875 0.10227272727272728 0.0166015625
0 0.1278409090909091 0.84130859375 0.10227272727272728 0.0166015625
0 0.12926136363636365 0.86767578125 0.10227272727272728 0.0166015625
0 0.13068181818181818 0.89404296875 0.10227272727272728 0.0166015625
0 0.13210227272727273 0.91748046875 0.10227272727272728 0.0166015625
0 0.26420454545454547 0.81591796875 0.10227272727272728 0.0166015625
0 0.26704545454545453 0.84326171875 0.10227272727272728 0.0166015625
0 0.26420454545454547 0.86767578125 0.10227272727272728 0.0166015625
0 0.26420454545454547 0.89404296875 0.10227272727272728 0.0166015625
0 0.2684659090909091 0.91943359375 0.10227272727272728 0.0166015625
0 0.40198863636363635 0.81689453125 0.10227272727272728 0.0166015625
0 0.40482954545454547 0.84228515625 0.10227272727272728 0.0166015625
0 0.4005681818181818 0.87060546875 0.10227272727272728 0.0166015625
0 0.40198863636363635 0.89404296875 0.10227272727272728 0.0166015625
0 0.4005681818181818 0.91845703125 0.10227272727272728 0.0166015625
0 0.5369318181818182 0.81689453125 0.10227272727272728 0.0166015625
0 0.5390625 0.84228515625 0.10085227272727272 0.0166015625
0 0.5355113636363636 0.86962890625 0.10227272727272728 0.0166015625
0 0.5369318181818182 0.89501953125 0.10227272727272728 0.0166015625
0 0.5326704545454546 0.91845703125 0.10227272727272728 0.0166015625
0 0.6690340909090909 0.92041015625 0.10227272727272728 0.0166015625
0 0.6661931818181818 0.89306640625 0.10227272727272728 0.0166015625
0 0.6711647727272727 0.87109375 0.10085227272727272 0.015625
0 0.671875 0.84326171875 0.10227272727272728 0.0166015625
0 0.9389204545454546 0.81884765625 0.10227272727272728 0.0166015625
0 0.9360795454545454 0.84521484375 0.10227272727272728 0.0166015625
0 0.9360795454545454 0.86865234375 0.10227272727272728 0.0166015625
0 0.9353693181818182 0.89599609375 0.10085227272727272 0.0166015625
0 0.9303977272727273 0.91943359375 0.10227272727272728 0.0166015625
0 0.9289772727272727 0.94384765625 0.10227272727272728 0.0166015625
0 0.8053977272727273 0.84423828125 0.10227272727272728 0.0166015625
0 0.8053977272727273 0.87060546875 0.10227272727272728 0.0166015625
0 0.8032670454545454 0.89404296875 0.10085227272727272 0.0166015625
0 0.8032670454545454 0.91845703125 0.10085227272727272 0.0166015625
0 0.9275568181818182 0.96923828125 0.10227272727272728 0.0166015625
0 0.7975852272727273 0.94482421875 0.10085227272727272 0.0166015625
0 0.7940340909090909 0.97021484375 0.10227272727272728 0.0166015625
0 0.6661931818181818 0.96826171875 0.10227272727272728 0.0166015625
0 0.6661931818181818 0.94384765625 0.10227272727272728 0.0166015625
0 0.5340909090909091 0.94482421875 0.10227272727272728 0.0166015625
0 0.5326704545454546 0.96923828125 0.10227272727272728 0.0166015625
0 0.40198863636363635 0.96923828125 0.10227272727272728 0.0166015625
0 0.40198863636363635 0.94482421875 0.10227272727272728 0.0166015625
0 0.26704545454545453 0.96923828125 0.10227272727272728 0.0166015625
0 0.2677556818181818 0.94482421875 0.10085227272727272 0.0166015625
0 0.13494318181818182 0.94384765625 0.10227272727272728 0.0166015625
0 0.1377840909090909 0.96630859375 0.10227272727272728 0.0166015625
0 0.2684659090909091 0.9912109375 0.09943181818181818 0.01171875
0 0.13707386363636365 0.9912109375 0.10085227272727272 0.01171875
0 0.4005681818181818 0.9921875 0.09943181818181818 0.01171875
0 0.5340909090909091 0.99072265625 0.09943181818181818 0.0126953125
0 0.6647727272727273 0.9921875 0.09943181818181818 0.01171875
0 0.7926136363636364 0.9912109375 0.09943181818181818 0.01171875
0 0.03480113636363636 0.02880859375 0.03835227272727273 0.0185546875
0 0.033380681818181816 0.05419921875 0.03835227272727273 0.0185546875
0 0.033380681818181816 0.07958984375 0.03835227272727273 0.0185546875
0 0.033380681818181816 0.10205078125 0.03835227272727273 0.0185546875
0 0.033380681818181816 0.12744140625 0.03835227272727273 0.0185546875
0 0.030539772727272728 0.15087890625 0.03835227272727273 0.0185546875
0 0.02911931818181818 0.173828125 0.03835227272727273 0.017578125
0 0.03196022727272727 0.20068359375 0.03835227272727273 0.0185546875
0 0.030539772727272728 0.2255859375 0.03835227272727273 0.017578125
0 0.03196022727272727 0.24951171875 0.03835227272727273 0.0185546875
0 0.03196022727272727 0.27294921875 0.03835227272727273 0.0185546875
0 0.03196022727272727 0.29833984375 0.03835227272727273 0.0185546875
0 0.030539772727272728 0.322265625 0.03835227272727273 0.017578125
0 0.030539772727272728 0.34765625 0.03835227272727273 0.017578125
0 0.027698863636363636 0.37255859375 0.03835227272727273 0.0185546875
0 0.027698863636363636 0.39892578125 0.03835227272727273 0.0185546875
0 0.026278409090909092 0.4228515625 0.03835227272727273 0.017578125
0 0.022017045454545456 0.44873046875 0.03835227272727273 0.0185546875
0 0.0234375 0.474609375 0.03835227272727273 0.017578125
0 0.0234375 0.49951171875 0.03835227272727273 0.0185546875
0 0.024857954545454544 0.5263671875 0.03835227272727273 0.017578125
0 0.024857954545454544 0.5517578125 0.03835227272727273 0.017578125
0 0.024857954545454544 0.57861328125 0.03835227272727273 0.0185546875
0 0.024857954545454544 0.603515625 0.03835227272727273 0.017578125
0 0.026278409090909092 0.630859375 0.03835227272727273 0.017578125
0 0.026278409090909092 0.6572265625 0.03835227272727273 0.017578125
0 0.024857954545454544 0.68310546875 0.03835227272727273 0.0185546875
0 0.027698863636363636 0.70947265625 0.03835227272727273 0.0185546875
0 0.026278409090909092 0.7373046875 0.03835227272727273 0.017578125
0 0.026278409090909092 0.76123046875 0.03835227272727273 0.0185546875
0 0.026278409090909092 0.79052734375 0.03835227272727273 0.0185546875
0 0.026278409090909092 0.8173828125 0.03835227272727273 0.017578125
0 0.026278409090909092 0.84130859375 0.03835227272727273 0.0185546875
0 0.027698863636363636 0.86865234375 0.03835227272727273 0.0185546875
0 0.030539772727272728 0.892578125 0.03835227272727273 0.017578125
0 0.03196022727272727 0.91748046875 0.03835227272727273 0.0185546875
0 0.033380681818181816 0.94189453125 0.03835227272727273 0.0185546875
0 0.03480113636363636 0.9697265625 0.03835227272727273 0.017578125
0 0.03480113636363636 0.9912109375 0.03835227272727273 0.01171875