0 0.08984375 0.42150395778364114 0.03125 0.07519788918205805
0 0.162109375 0.420844327176781 0.03125 0.07651715039577836
0 0.234375 0.4188654353562005 0.03125 0.07519788918205805
0 0.29736328125 0.4188654353562005 0.0302734375 0.07519788918205805
0 0.369140625 0.41160949868073876 0.03125 0.08179419525065963
0 0.4443359375 0.4175461741424802 0.03125 0.07519788918205805
0 0.52734375 0.41688654353562005 0.03125 0.07651715039577836
0 0.6103515625 0.4162269129287599 0.03125 0.07519788918205805
0 0.6845703125 0.41160949868073876 0.03125 0.079155672823219
0 0.755859375 0.4188654353562005 0.03125 0.07519788918205805
0 0.82421875 0.42018469656992086 0.03125 0.07519788918205805
0 0.88916015625 0.4188654353562005 0.0302734375 0.07519788918205805
0 0.95556640625 0.42018469656992086 0.0302734375 0.07519788918205805
0 0.08984375 0.5507915567282322 0.03125 0.07519788918205805
0 0.16015625 0.5507915567282322 0.03125 0.07519788918205805
0 0.2353515625 0.5527704485488126 0.03125 0.07651715039577836
0 0.298828125 0.5507915567282322 0.03125 0.07519788918205805
0 0.3671875 0.5481530343007915 0.03125 0.07519788918205805
0 0.6865234375 0.5461741424802111 0.03125 0.07651715039577836
0 0.755859375 0.5494722955145118 0.03125 0.07519788918205805
0 0.82177734375 0.5481530343007915 0.0302734375 0.07519788918205805
0 0.8876953125 0.5494722955145118 0.03125 0.07519788918205805
0 0.9541015625 0.5481530343007915 0.03125 0.07519788918205805
0 0.822265625 0.6701846965699209 0.02734375 0.06068601583113457
0 0.88720703125 0.6701846965699209 0.0283203125 0.06068601583113457
0 0.95361328125 0.6675461741424802 0.0283203125 0.06068601583113457
0 0.755859375 0.6715039577836411 0.02734375 0.06068601583113457
0 0.6865234375 0.6715039577836411 0.02734375 0.06068601583113457
0 0.61181640625 0.6741424802110818 0.0283203125 0.06068601583113457
0 0.52783203125 0.6728232189973615 0.0283203125 0.06068601583113457
0 0.44287109375 0.6741424802110818 0.0283203125 0.06068601583113457
0 0.36865234375 0.6741424802110818 0.0283203125 0.06068601583113457
0 0.29833984375 0.6767810026385225 0.0283203125 0.06068601583113457
0 0.2353515625 0.6754617414248021 0.02734375 0.06068601583113457
0 0.09033203125 0.6728232189973615 0.0283203125 0.06068601583113457
0 0.4443359375 0.5501319261213721 0.03515625 0.07387862796833773
0 0.52734375 0.5468337730870713 0.03515625 0.08047493403693931
0 0.611328125 0.5481530343007915 0.03515625 0.07783641160949868
0 0.177734375 0.2974934036939314 0.01953125 0.040897097625329816
0 0.28466796875 0.29353562005277045 0.0205078125 0.040897097625329816
0 0.880859375 0.29353562005277045 0.01953125 0.040897097625329816
0 0.77783203125 0.2922163588390501 0.0205078125 0.040897097625329816
0 0.52587890625 0.27770448548812665 0.0361328125 0.032981530343007916