0 0.20182992465016147 0.33349609375 0.06996770721205597 0.1005859375
0 0.04520990312163617 0.35791015625 0.0688912809472551 0.1005859375
0 0.3681377825618945 0.33251953125 0.0688912809472551 0.1005859375
0 0.5532831001076426 0.33544921875 0.0688912809472551 0.1005859375
0 0.7341227125941873 0.33056640625 0.0688912809472551 0.1005859375
0 0.8961248654467169 0.33349609375 0.06996770721205597 0.1005859375
0 0.9009687836383208 0.87255859375 0.0688912809472551 0.1005859375
0 0.9015069967707212 0.55224609375 0.06996770721205597 0.1396484375
0 0.7368137782561894 0.5390625 0.06996770721205597 0.11328125
0 0.5489773950484392 0.5400390625 0.0688912809472551 0.109375
0 0.36921420882669537 0.53759765625 0.0688912809472551 0.1123046875
0 0.20613562970936491 0.53759765625 0.06996770721205597 0.1123046875
0 0.20129171151776104 0.87158203125 0.0688912809472551 0.1005859375
0 0.9015069967707212 0.72607421875 0.06996770721205597 0.0693359375
0 0.7346609257265877 0.724609375 0.06996770721205597 0.068359375
0 0.35844994617868675 0.724609375 0.07104413347685684 0.068359375
0 0.2007534983853606 0.72314453125 0.06996770721205597 0.0693359375
0 0.2007534983853606 0.72314453125 0.06996770721205597 0.0693359375