0 0.3095703125 0.45618556701030927 0.052734375 0.09536082474226804
0 0.4140625 0.45554123711340205 0.052734375 0.09664948453608248
0 0.517578125 0.45618556701030927 0.052734375 0.09536082474226804
0 0.6748046875 0.4581185567010309 0.052734375 0.09664948453608248
0 0.8017578125 0.4581185567010309 0.052734375 0.09664948453608248
0 0.3095703125 0.6720360824742269 0.064453125 0.11469072164948453
0 0.4130859375 0.6713917525773195 0.064453125 0.1134020618556701
0 0.513671875 0.6707474226804123 0.064453125 0.11469072164948453
0 0.67578125 0.6707474226804123 0.064453125 0.11469072164948453
0 0.8056640625 0.6707474226804123 0.064453125 0.11469072164948453
0 0.12158203125 0.43427835051546393 0.0634765625 0.11597938144329897
0 0.12158203125 0.6701030927835051 0.0634765625 0.1211340206185567