0 0.2294921875 0.17281420765027322 0.037109375 0.031420765027322405
0 0.5009765625 0.17349726775956284 0.037109375 0.030054644808743168
0 0.7646484375 0.1830601092896175 0.037109375 0.030054644808743168
0 0.076171875 0.3674863387978142 0.048828125 0.1092896174863388
0 0.216796875 0.366120218579235 0.048828125 0.10655737704918032
0 0.35986328125 0.3633879781420765 0.0478515625 0.10655737704918032
0 0.50048828125 0.36475409836065575 0.0478515625 0.10655737704918032
0 0.64013671875 0.36885245901639346 0.0478515625 0.10655737704918032
0 0.779296875 0.3729508196721312 0.048828125 0.10655737704918032
0 0.9111328125 0.38114754098360654 0.048828125 0.10655737704918032
0 0.0810546875 0.8504098360655737 0.046875 0.0942622950819672
0 0.22119140625 0.851775956284153 0.0458984375 0.0942622950819672
0 0.359375 0.8504098360655737 0.046875 0.0942622950819672
0 0.63671875 0.8483606557377049 0.046875 0.09289617486338798
0 0.7763671875 0.8449453551912568 0.046875 0.0942622950819672
0 0.90576171875 0.8442622950819673 0.0458984375 0.09289617486338798
0 0.07763671875 0.5983606557377049 0.0439453125 0.1284153005464481
0 0.21728515625 0.5969945355191257 0.0439453125 0.1284153005464481
0 0.35986328125 0.5997267759562842 0.0439453125 0.1284153005464481
0 0.50146484375 0.5983606557377049 0.0439453125 0.1284153005464481
0 0.64111328125 0.5983606557377049 0.0439453125 0.1284153005464481
0 0.7763671875 0.5983606557377049 0.044921875 0.1284153005464481
0 0.91064453125 0.5983606557377049 0.0439453125 0.1284153005464481