0 0.3349609375 0.2709424083769634 0.052734375 0.1099476439790576
0 0.39453125 0.2709424083769634 0.052734375 0.1099476439790576
0 0.515625 0.2696335078534031 0.052734375 0.1099476439790576
0 0.5791015625 0.27159685863874344 0.052734375 0.10863874345549739
0 0.7001953125 0.2683246073298429 0.052734375 0.1099476439790576
0 0.76318359375 0.2696335078534031 0.0517578125 0.1099476439790576
0 0.33642578125 0.5104712041884817 0.0517578125 0.1099476439790576
0 0.396484375 0.5104712041884817 0.052734375 0.1099476439790576
0 0.515625 0.5091623036649214 0.052734375 0.1099476439790576
0 0.580078125 0.5104712041884817 0.052734375 0.1099476439790576
0 0.7001953125 0.5130890052356021 0.052734375 0.1099476439790576
0 0.763671875 0.5117801047120419 0.052734375 0.1099476439790576
0 0.1064453125 0.262434554973822 0.05859375 0.14528795811518325
0 0.1083984375 0.5477748691099477 0.05859375 0.16099476439790575
0 0.97216796875 0.1668848167539267 0.0517578125 0.12958115183246074