0 0.47831978319783197 0.1767485822306238 0.06233062330623306 0.043478260869565216
0 0.14092140921409213 0.3705103969754253 0.06504065040650407 0.11720226843100189
0 0.2791327913279133 0.3553875236294896 0.06504065040650407 0.08695652173913043
0 0.28387533875338755 0.6001890359168242 0.06097560975609756 0.1342155009451796
0 0.28319783197831977 0.8497164461247637 0.06504065040650407 0.1342155009451796
0 0.8340108401084011 0.8459357277882797 0.06097560975609756 0.13043478260869565
0 0.6754742547425474 0.8459357277882797 0.06097560975609756 0.13043478260869565
0 0.8367208672086721 0.6020793950850661 0.06097560975609756 0.13043478260869565
0 0.674119241192412 0.5897920604914934 0.06097560975609756 0.10964083175803403
0 0.6659891598915989 0.3601134215500945 0.06097560975609756 0.08506616257088846
0 0.47560975609756095 0.3279773156899811 0.06233062330623306 0.1001890359168242
0 0.47628726287262874 0.46880907372400754 0.05555555555555555 0.166351606805293
0 0.47560975609756095 0.6909262759924386 0.056910569105691054 0.1720226843100189
0 0.4749322493224932 0.5765595463137996 0.06097560975609756 0.04914933837429111
0 0.3712737127371274 0.6190926275992439 0.032520325203252036 0.062381852551984876
0 0.5691056910569106 0.32608695652173914 0.018970189701897018 0.04725897920604915
0 0.5833333333333334 0.6266540642722117 0.036585365853658534 0.07750472589792061
0 0.5826558265582655 0.7863894139886578 0.032520325203252036 0.03780718336483932
0 0.5826558265582655 0.8724007561436673 0.032520325203252036 0.08128544423440454
0 0.3712737127371274 0.8742911153119093 0.032520325203252036 0.08128544423440454
0 0.3719512195121951 0.7892249527410208 0.03387533875338753 0.035916824196597356
0 0.12872628726287264 0.6086956521739131 0.0975609756097561 0.12098298676748583
0 0.13008130081300814 0.8497164461247637 0.0975609756097561 0.11909262759924386
0 0.5169376693766937 0.9130434782608695 0.044715447154471545 0.10207939508506617