0 0.7871004566210046 0.24462890625 0.05821917808219178 0.0673828125
0 0.966324200913242 0.2470703125 0.04908675799086758 0.068359375
0 0.603310502283105 0.24365234375 0.05821917808219178 0.0673828125
0 0.4172374429223744 0.24462890625 0.05821917808219178 0.0673828125
0 0.2345890410958904 0.24853515625 0.05821917808219178 0.0673828125
0 0.057648401826484015 0.25244140625 0.05821917808219178 0.0673828125
0 0.2345890410958904 0.37646484375 0.05821917808219178 0.0791015625
0 0.4160958904109589 0.37353515625 0.05821917808219178 0.0791015625
0 0.6021689497716894 0.37255859375 0.05821917808219178 0.0791015625
0 0.7893835616438356 0.37158203125 0.05821917808219178 0.0791015625
0 0.605593607305936 0.51416015625 0.05821917808219178 0.0791015625
0 0.4172374429223744 0.51416015625 0.05821917808219178 0.0791015625
0 0.7893835616438356 0.51220703125 0.05821917808219178 0.0791015625
0 0.23116438356164384 0.51611328125 0.05821917808219178 0.0791015625
0 0.2288812785388128 0.65771484375 0.05593607305936073 0.0869140625
0 0.603310502283105 0.6474609375 0.06050228310502283 0.07421875
0 0.4138127853881279 0.6494140625 0.06050228310502283 0.07421875
0 0.7922374429223744 0.6533203125 0.0547945205479452 0.087890625
0 0.23230593607305935 0.79345703125 0.05365296803652968 0.0634765625
0 0.4138127853881279 0.79638671875 0.05365296803652968 0.0634765625
0 0.6044520547945206 0.79443359375 0.05365296803652968 0.0634765625
0 0.7928082191780822 0.79443359375 0.05365296803652968 0.0634765625
0 0.420662100456621 0.07666015625 0.05593607305936073 0.0166015625
0 0.6021689497716894 0.07568359375 0.05593607305936073 0.0166015625
0 0.24029680365296804 0.08056640625 0.05593607305936073 0.0166015625
0 0.06792237442922375 0.0859375 0.05593607305936073 0.017578125
0 0.7848173515981736 0.07568359375 0.05593607305936073 0.0166015625