0 0.19781931464174454 0.04296875 0.10903426791277258 0.046875
0 0.3629283489096573 0.04345703125 0.10903426791277258 0.0458984375
0 0.5311526479750779 0.0439453125 0.10903426791277258 0.046875
0 0.6931464174454829 0.04345703125 0.10903426791277258 0.0458984375
0 0.8582554517133957 0.04296875 0.10903426791277258 0.046875
0 0.8644859813084113 0.1064453125 0.10903426791277258 0.033203125
0 0.6947040498442367 0.107421875 0.11214953271028037 0.033203125
0 0.5311526479750779 0.107421875 0.10903426791277258 0.033203125
0 0.3613707165109034 0.107421875 0.11214953271028037 0.033203125
0 0.19314641744548286 0.1083984375 0.11214953271028037 0.033203125
0 0.8598130841121495 0.25927734375 0.1059190031152648 0.0341796875
0 0.6915887850467289 0.2587890625 0.1059190031152648 0.033203125
0 0.5202492211838006 0.25927734375 0.1059190031152648 0.0341796875
0 0.34890965732087226 0.259765625 0.1059190031152648 0.033203125
0 0.1806853582554517 0.26123046875 0.1059190031152648 0.0341796875
0 0.8566978193146417 0.19580078125 0.11214953271028037 0.0439453125
0 0.6900311526479751 0.1962890625 0.10903426791277258 0.04296875
0 0.34890965732087226 0.1962890625 0.11214953271028037 0.04296875
0 0.1838006230529595 0.1953125 0.11214953271028037 0.04296875
0 0.8566978193146417 0.34130859375 0.11214953271028037 0.0439453125
0 0.6915887850467289 0.33740234375 0.11214953271028037 0.0439453125
0 0.5171339563862928 0.3427734375 0.11214953271028037 0.04296875
0 0.3411214953271028 0.34228515625 0.10903426791277258 0.0439453125
0 0.17757009345794392 0.34423828125 0.11214953271028037 0.0439453125
0 0.1791277258566978 0.412109375 0.102803738317757 0.03125
0 0.34890965732087226 0.412109375 0.1059190031152648 0.03125
0 0.5171339563862928 0.41064453125 0.1059190031152648 0.0302734375
0 0.6915887850467289 0.41015625 0.1059190031152648 0.03125
0 0.8629283489096573 0.40966796875 0.1059190031152648 0.0302734375
0 0.8598130841121495 0.49072265625 0.11838006230529595 0.0478515625
0 0.6884735202492211 0.4912109375 0.11838006230529595 0.048828125
0 0.5155763239875389 0.49169921875 0.11526479750778816 0.0478515625
0 0.34735202492211836 0.4931640625 0.10903426791277258 0.048828125
0 0.17757009345794392 0.4931640625 0.11214953271028037 0.048828125
0 0.8582554517133957 0.5673828125 0.10903426791277258 0.046875
0 0.6869158878504673 0.568359375 0.10903426791277258 0.046875
0 0.514018691588785 0.56982421875 0.11214953271028037 0.0458984375
0 0.3442367601246106 0.5712890625 0.11526479750778816 0.046875
0 0.17289719626168223 0.57177734375 0.11526479750778816 0.0458984375
0 0.8582554517133957 0.64453125 0.10903426791277258 0.046875
0 0.6900311526479751 0.6455078125 0.10903426791277258 0.046875
0 0.5155763239875389 0.646484375 0.10903426791277258 0.046875
0 0.34890965732087226 0.6484375 0.11214953271028037 0.046875
0 0.1806853582554517 0.6474609375 0.11214953271028037 0.046875
0 0.8520249221183801 0.79296875 0.10903426791277258 0.04296875
0 0.6838006230529595 0.79296875 0.10903426791277258 0.04296875
0 0.5171339563862928 0.7939453125 0.11214953271028037 0.04296875
0 0.35358255451713394 0.79443359375 0.10903426791277258 0.0419921875
0 0.1853582554517134 0.79296875 0.10903426791277258 0.04296875
0 0.5249221183800623 0.19384765625 0.10903426791277258 0.0498046875
0 0.8582554517133957 0.71923828125 0.11526479750778816 0.0439453125
0 0.6869158878504673 0.72021484375 0.11526479750778816 0.0439453125
0 0.5155763239875389 0.72021484375 0.11526479750778816 0.0439453125
0 0.34890965732087226 0.72216796875 0.11214953271028037 0.0439453125
0 0.1806853582554517 0.72216796875 0.1059190031152648 0.0439453125
0 0.2071651090342679 0.865234375 0.12149532710280374 0.041015625