0 0.23882113821138212 0.3215767634854772 0.07926829268292683 0.12448132780082988
0 0.4695121951219512 0.3236514522821577 0.08130081300813008 0.12448132780082988
0 0.23577235772357724 0.5705394190871369 0.07723577235772358 0.13692946058091288
0 0.4695121951219512 0.5674273858921162 0.07723577235772358 0.13900414937759337
0 0.23272357723577236 0.83298755186722 0.07926829268292683 0.14730290456431536
0 0.47052845528455284 0.8246887966804979 0.07926829268292683 0.14730290456431536
0 0.758130081300813 0.8195020746887967 0.06504065040650407 0.13278008298755187
0 0.7540650406504065 0.58298755186722 0.07317073170731707 0.12448132780082988
0 0.7510162601626016 0.35892116182572614 0.07520325203252033 0.11618257261410789
0 0.7449186991869918 0.14107883817427386 0.046747967479674794 0.07053941908713693
0 0.34247967479674796 0.08298755186721991 0.046747967479674794 0.07053941908713693
0 0.4451219512195122 0.11099585062240663 0.04065040650406504 0.014522821576763486