0 0.1162109375 0.27040816326530615 0.02734375 0.05442176870748299
0 0.1484375 0.27040816326530615 0.02734375 0.05442176870748299
0 0.2158203125 0.2695578231292517 0.029296875 0.05612244897959184
0 0.24755859375 0.26785714285714285 0.0283203125 0.05612244897959184
0 0.3212890625 0.2687074829931973 0.029296875 0.05782312925170068
0 0.35400390625 0.26700680272108845 0.0283203125 0.05442176870748299
0 0.421875 0.26700680272108845 0.029296875 0.05782312925170068
0 0.45361328125 0.2653061224489796 0.0302734375 0.05782312925170068
0 0.11376953125 0.4064625850340136 0.0302734375 0.06802721088435375
0 0.1455078125 0.40476190476190477 0.029296875 0.06462585034013606
0 0.21533203125 0.40476190476190477 0.0283203125 0.06802721088435375
0 0.2470703125 0.40476190476190477 0.029296875 0.06802721088435375
0 0.31982421875 0.40476190476190477 0.0302734375 0.06802721088435375
0 0.3525390625 0.40476190476190477 0.029296875 0.06802721088435375
0 0.419921875 0.4039115646258503 0.029296875 0.06972789115646258
0 0.453125 0.4039115646258503 0.029296875 0.06972789115646258
0 0.1142578125 0.548469387755102 0.029296875 0.07653061224489796
0 0.146484375 0.548469387755102 0.029296875 0.07993197278911565
0 0.212890625 0.548469387755102 0.029296875 0.07993197278911565
0 0.2470703125 0.5476190476190477 0.029296875 0.08163265306122448
0 0.318359375 0.548469387755102 0.029296875 0.07993197278911565
0 0.3525390625 0.548469387755102 0.03125 0.08333333333333333
0 0.41943359375 0.5459183673469388 0.0302734375 0.0782312925170068
0 0.45263671875 0.5467687074829932 0.0302734375 0.07993197278911565
0 0.53466796875 0.266156462585034 0.0302734375 0.05952380952380952
0 0.56787109375 0.266156462585034 0.0302734375 0.05952380952380952
0 0.63916015625 0.26785714285714285 0.0302734375 0.05952380952380952
0 0.671875 0.2687074829931973 0.029296875 0.061224489795918366
0 0.748046875 0.27040816326530615 0.029296875 0.05782312925170068
0 0.78125 0.27040816326530615 0.029296875 0.05782312925170068
0 0.85107421875 0.2687074829931973 0.0302734375 0.061224489795918366
0 0.8837890625 0.2687074829931973 0.029296875 0.061224489795918366
0 0.5341796875 0.4039115646258503 0.029296875 0.06972789115646258
0 0.5673828125 0.40476190476190477 0.029296875 0.06802721088435375
0 0.63720703125 0.40476190476190477 0.0302734375 0.07142857142857142
0 0.67138671875 0.40561224489795916 0.0302734375 0.06972789115646258
0 0.74853515625 0.40816326530612246 0.0283203125 0.06802721088435375
0 0.7802734375 0.407312925170068 0.029296875 0.0663265306122449
0 0.8505859375 0.4064625850340136 0.029296875 0.06802721088435375
0 0.88330078125 0.407312925170068 0.0283203125 0.0663265306122449
0 0.533203125 0.5467687074829932 0.03125 0.07993197278911565
0 0.56689453125 0.5467687074829932 0.0302734375 0.07993197278911565
0 0.63671875 0.5476190476190477 0.03125 0.08163265306122448
0 0.67138671875 0.548469387755102 0.0302734375 0.07993197278911565
0 0.74609375 0.5493197278911565 0.029296875 0.08163265306122448
0 0.78076171875 0.5493197278911565 0.0302734375 0.08163265306122448
0 0.84912109375 0.5493197278911565 0.0302734375 0.08163265306122448
0 0.8837890625 0.5501700680272109 0.029296875 0.07993197278911565
0 0.11474609375 0.7193877551020408 0.0283203125 0.1054421768707483
0 0.14599609375 0.7193877551020408 0.0283203125 0.1054421768707483
0 0.21337890625 0.7210884353741497 0.0283203125 0.1054421768707483
0 0.24560546875 0.7202380952380952 0.0283203125 0.10714285714285714
0 0.3173828125 0.7202380952380952 0.02734375 0.10374149659863946
0 0.3505859375 0.7202380952380952 0.029296875 0.10714285714285714
0 0.41796875 0.7219387755102041 0.03125 0.10714285714285714
0 0.45166015625 0.7219387755102041 0.0283203125 0.10714285714285714
0 0.5322265625 0.7210884353741497 0.03125 0.10884353741496598
0 0.56640625 0.7210884353741497 0.03125 0.10884353741496598
0 0.63623046875 0.7210884353741497 0.0302734375 0.10884353741496598
0 0.66943359375 0.7219387755102041 0.0302734375 0.10714285714285714
0 0.74560546875 0.7227891156462585 0.0302734375 0.10884353741496598
0 0.77978515625 0.7236394557823129 0.0302734375 0.10714285714285714
0 0.84912109375 0.7244897959183674 0.0302734375 0.10884353741496598
0 0.88330078125 0.7244897959183674 0.0302734375 0.10884353741496598
0 0.49462890625 0.1377551020408163 0.0400390625 0.05442176870748299
0 0.0283203125 0.15136054421768708 0.021484375 0.034013605442176874
0 0.0615234375 0.1641156462585034 0.02734375 0.03571428571428571
0 0.9599609375 0.13690476190476192 0.021484375 0.03231292517006803
0 0.9345703125 0.15306122448979592 0.013671875 0.04421768707482993
0 0.98388671875 0.1488095238095238 0.0126953125 0.0391156462585034
0 0.404296875 0.9336734693877551 0.033203125 0.0782312925170068
0 0.6572265625 0.939625850340136 0.03515625 0.07993197278911565
0 0.87890625 0.9642857142857143 0.0234375 0.06462585034013606
0 0.06201171875 0.2627551020408163 0.0224609375 0.06292517006802721
0 0.0283203125 0.25 0.021484375 0.05102040816326531
0 0.0625 0.40561224489795916 0.025390625 0.06972789115646258
0 0.0283203125 0.397108843537415 0.021484375 0.0663265306122449
0 0.0263671875 0.5331632653061225 0.021484375 0.07993197278911565
0 0.02685546875 0.7100340136054422 0.0244140625 0.11054421768707483
0 0.06005859375 0.717687074829932 0.0244140625 0.10884353741496598
0 0.06103515625 0.5416666666666666 0.0283203125 0.08333333333333333
0 0.9599609375 0.23979591836734693 0.0234375 0.05782312925170068
0 0.93359375 0.25255102040816324 0.015625 0.0663265306122449
0 0.98486328125 0.24829931972789115 0.0126953125 0.06462585034013606
0 0.9814453125 0.39285714285714285 0.01171875 0.0782312925170068
0 0.95556640625 0.3877551020408163 0.0244140625 0.07142857142857142
0 0.93115234375 0.3979591836734694 0.0126953125 0.07482993197278912
0 0.955078125 0.5348639455782312 0.0234375 0.08333333333333333
0 0.9814453125 0.5416666666666666 0.009765625 0.08673469387755102
0 0.9296875 0.5459183673469388 0.01171875 0.08163265306122448
0 0.9287109375 0.7236394557823129 0.009765625 0.10034013605442177
0 0.97900390625 0.7210884353741497 0.0107421875 0.10884353741496598
0 0.95458984375 0.7193877551020408 0.0224609375 0.10884353741496598