0 0.60546875 0.6845703125 0.020833333333333332 0.013671875
0 0.6328125 0.6845703125 0.026041666666666668 0.013671875
0 0.6328125 0.708984375 0.026041666666666668 0.029296875
0 0.60546875 0.708984375 0.020833333333333332 0.029296875
0 0.6171875 0.7900390625 0.052083333333333336 0.05078125
0 0.4309895833333333 0.8779296875 0.036458333333333336 0.03515625
0 0.177734375 0.78955078125 0.053385416666666664 0.0498046875
0 0.1640625 0.68408203125 0.0234375 0.0146484375
0 0.19270833333333334 0.6845703125 0.0234375 0.013671875
0 0.19270833333333334 0.70849609375 0.0234375 0.0283203125
0 0.1640625 0.70849609375 0.0234375 0.0283203125
0 0.3912760416666667 0.68017578125 0.024739583333333332 0.0146484375
0 0.419921875 0.6806640625 0.024739583333333332 0.015625
0 0.419921875 0.7060546875 0.024739583333333332 0.03125
0 0.3912760416666667 0.7060546875 0.024739583333333332 0.03125
0 0.7662760416666666 0.52685546875 0.03515625 0.0439453125
0 0.744140625 0.61865234375 0.02734375 0.0439453125
0 0.7819010416666666 0.61865234375 0.024739583333333332 0.0419921875
0 0.7493489583333334 0.8076171875 0.02734375 0.044921875
0 0.7662760416666666 0.71240234375 0.05859375 0.0439453125
0 0.056640625 0.5751953125 0.02734375 0.05078125
0 0.017578125 0.57470703125 0.02734375 0.0517578125
0 0.057291666666666664 0.6650390625 0.03125 0.048828125
0 0.056640625 0.76123046875 0.029947916666666668 0.0498046875
0 0.36328125 0.9619140625 0.03125 0.03515625
0 0.2955729166666667 0.9609375 0.03125 0.03515625
0 0.17838541666666666 0.95703125 0.046875 0.03515625
0 0.7486979166666666 0.9033203125 0.026041666666666668 0.044921875
0 0.19140625 0.51708984375 0.0234375 0.0400390625
0 0.1640625 0.5166015625 0.0234375 0.041015625
0 0.4088541666666667 0.51904296875 0.0234375 0.0419921875
0 0.3821614583333333 0.51904296875 0.022135416666666668 0.0419921875
0 0.630859375 0.51806640625 0.022135416666666668 0.0419921875
0 0.603515625 0.51806640625 0.022135416666666668 0.0419921875
0 0.634765625 0.60888671875 0.024739583333333332 0.0478515625
0 0.6048177083333334 0.60888671875 0.022135416666666668 0.0478515625
0 0.380859375 0.60888671875 0.022135416666666668 0.0478515625
0 0.4134114583333333 0.60888671875 0.022135416666666668 0.0478515625
0 0.19466145833333334 0.60791015625 0.022135416666666668 0.0478515625
0 0.16341145833333334 0.60693359375 0.022135416666666668 0.0478515625
0 0.2942708333333333 0.5166015625 0.036458333333333336 0.048828125
0 0.5026041666666666 0.5166015625 0.036458333333333336 0.048828125
0 0.5013020833333334 0.6083984375 0.036458333333333336 0.048828125
0 0.2955729166666667 0.6083984375 0.036458333333333336 0.048828125
0 0.294921875 0.69873046875 0.03515625 0.0537109375
0 0.501953125 0.69873046875 0.03515625 0.0537109375
0 0.4993489583333333 0.79296875 0.037760416666666664 0.048828125
0 0.4296875 0.79296875 0.036458333333333336 0.048828125
0 0.3619791666666667 0.79345703125 0.036458333333333336 0.0498046875
0 0.29296875 0.79443359375 0.036458333333333336 0.0498046875
0 0.1796875 0.88330078125 0.046875 0.0517578125
0 0.62109375 0.8837890625 0.046875 0.052734375
0 0.5026041666666666 0.88427734375 0.036458333333333336 0.0498046875
0 0.3645833333333333 0.88427734375 0.036458333333333336 0.0498046875
0 0.2942708333333333 0.88427734375 0.036458333333333336 0.0498046875