0 0.10245901639344263 0.2607421875 0.059718969555035126 0.091796875
0 0.5005854800936768 0.2607421875 0.059718969555035126 0.09375
0 0.8992974238875878 0.2607421875 0.06088992974238876 0.09375
0 0.9033957845433255 0.44287109375 0.059718969555035126 0.0947265625
0 0.5023419203747073 0.44189453125 0.06088992974238876 0.0947265625
0 0.10362997658079626 0.443359375 0.059718969555035126 0.09375
0 0.10597189695550352 0.63134765625 0.05737704918032787 0.1025390625
0 0.5046838407494145 0.63232421875 0.05620608899297424 0.1005859375
0 0.9016393442622951 0.63525390625 0.05620608899297424 0.1005859375
0 0.7312646370023419 0.6337890625 0.040983606557377046 0.1015625
0 0.6785714285714286 0.6337890625 0.040983606557377046 0.1015625
0 0.32728337236533955 0.6318359375 0.040983606557377046 0.1015625
0 0.2781030444964871 0.63232421875 0.040983606557377046 0.1005859375
0 0.275175644028103 0.26123046875 0.03981264637002342 0.0947265625
0 0.3231850117096019 0.2607421875 0.03981264637002342 0.09375
0 0.6721311475409836 0.26220703125 0.03981264637002342 0.0947265625
0 0.7271662763466042 0.2587890625 0.03981264637002342 0.09375
0 0.724824355971897 0.4404296875 0.03981264637002342 0.09375
0 0.6744730679156908 0.44287109375 0.03981264637002342 0.0947265625
0 0.32728337236533955 0.44091796875 0.03864168618266979 0.0986328125
0 0.27576112412177983 0.44287109375 0.03864168618266979 0.0986328125
0 0.30269320843091335 0.876953125 0.14402810304449648 0.21875
0 0.7031615925058547 0.8779296875 0.14402810304449648 0.21875
0 0.10304449648711944 0.87353515625 0.11007025761124122 0.2138671875
0 0.9063231850117096 0.880859375 0.11007025761124122 0.21484375
0 0.502927400468384 0.79052734375 0.08782201405152225 0.0458984375