0 0.09242761692650334 0.20166015625 0.0957683741648107 0.0556640625
0 0.21046770601336304 0.20068359375 0.0957683741648107 0.0556640625
0 0.3307349665924276 0.20068359375 0.0957683741648107 0.0556640625
0 0.44766146993318484 0.20068359375 0.0935412026726058 0.0556640625
0 0.5623608017817372 0.2021484375 0.0957683741648107 0.0546875
0 0.6804008908685969 0.201171875 0.0957683741648107 0.0546875
0 0.799554565701559 0.201171875 0.0935412026726058 0.0546875
0 0.9187082405345212 0.20166015625 0.0957683741648107 0.0556640625
0 0.09020044543429843 0.2861328125 0.09131403118040089 0.048828125
0 0.20935412026726058 0.28515625 0.0935412026726058 0.048828125
0 0.3262806236080178 0.28515625 0.09131403118040089 0.048828125
0 0.44320712694877507 0.28515625 0.0935412026726058 0.048828125
0 0.5612472160356348 0.28466796875 0.0935412026726058 0.0478515625
0 0.6815144766146993 0.28515625 0.0935412026726058 0.048828125
0 0.7962138084632516 0.2861328125 0.09131403118040089 0.048828125
0 0.9153674832962138 0.28662109375 0.0935412026726058 0.0478515625
0 0.8017817371937639 0.369140625 0.08908685968819599 0.05078125
0 0.9153674832962138 0.369140625 0.08908685968819599 0.05078125
0 0.6815144766146993 0.36865234375 0.08908685968819599 0.0498046875
0 0.5634743875278396 0.3681640625 0.08908685968819599 0.05078125
0 0.44543429844098 0.3701171875 0.08908685968819599 0.05078125
0 0.3273942093541203 0.3681640625 0.08908685968819599 0.05078125
0 0.21158129175946547 0.369140625 0.08908685968819599 0.05078125
0 0.09131403118040089 0.369140625 0.08908685968819599 0.05078125
0 0.08908685968819599 0.453125 0.0935412026726058 0.052734375
0 0.20935412026726058 0.4521484375 0.0935412026726058 0.052734375
0 0.3273942093541203 0.45263671875 0.0935412026726058 0.0517578125
0 0.44766146993318484 0.45263671875 0.08908685968819599 0.0517578125
0 0.5679287305122495 0.45166015625 0.08908685968819599 0.0517578125
0 0.6837416481069042 0.45361328125 0.08908685968819599 0.0517578125
0 0.8017817371937639 0.45361328125 0.08908685968819599 0.0517578125
0 0.9242761692650334 0.45166015625 0.08908685968819599 0.0517578125
0 0.923162583518931 0.53662109375 0.09131403118040089 0.0517578125
0 0.8073496659242761 0.53662109375 0.09131403118040089 0.0517578125
0 0.6904231625835189 0.53759765625 0.08908685968819599 0.0517578125
0 0.5734966592427617 0.5380859375 0.09131403118040089 0.052734375
0 0.4487750556792873 0.5380859375 0.09131403118040089 0.052734375
0 0.3285077951002227 0.5380859375 0.09131403118040089 0.052734375
0 0.21158129175946547 0.53662109375 0.0935412026726058 0.0517578125
0 0.09020044543429843 0.5380859375 0.09131403118040089 0.052734375
0 0.9253897550111359 0.62060546875 0.09131403118040089 0.0517578125
0 0.8073496659242761 0.62109375 0.09131403118040089 0.052734375
0 0.6893095768374164 0.6220703125 0.09131403118040089 0.052734375
0 0.5779510022271714 0.6220703125 0.09131403118040089 0.052734375
0 0.44988864142538976 0.62255859375 0.0935412026726058 0.0517578125
0 0.33296213808463254 0.62353515625 0.09131403118040089 0.0517578125
0 0.21158129175946547 0.62353515625 0.0935412026726058 0.0517578125
0 0.09465478841870824 0.62353515625 0.09131403118040089 0.0517578125
0 0.09465478841870824 0.70654296875 0.09131403118040089 0.0517578125
0 0.21158129175946547 0.7080078125 0.0935412026726058 0.052734375
0 0.33296213808463254 0.70751953125 0.09131403118040089 0.0517578125
0 0.4521158129175947 0.7060546875 0.0935412026726058 0.052734375
0 0.5757238307349666 0.7060546875 0.09131403118040089 0.052734375
0 0.6848552338530067 0.70654296875 0.09131403118040089 0.0517578125
0 0.8129175946547884 0.705078125 0.0935412026726058 0.052734375
0 0.10022271714922049 0.81103515625 0.10244988864142539 0.0693359375
0 0.20935412026726058 0.8115234375 0.10244988864142539 0.0703125
0 0.34075723830734966 0.8095703125 0.10244988864142539 0.0703125
0 0.44988864142538976 0.80908203125 0.10244988864142539 0.0693359375
0 0.579064587973274 0.80908203125 0.10244988864142539 0.0693359375
0 0.6826280623608018 0.80859375 0.0957683741648107 0.0703125
0 0.8173719376391982 0.8076171875 0.09799554565701558 0.068359375
0 0.3930957683741648 0.92724609375 0.19821826280623608 0.0654296875
0 0.15367483296213807 0.92822265625 0.19599109131403117 0.0654296875
0 0.09242761692650334 0.1171875 0.09131403118040089 0.046875
0 0.21380846325167038 0.115234375 0.09799554565701558 0.044921875
0 0.32516703786191536 0.115234375 0.09799554565701558 0.044921875
0 0.44320712694877507 0.115234375 0.09799554565701558 0.044921875
0 0.5612472160356348 0.1162109375 0.09799554565701558 0.044921875
0 0.6815144766146993 0.1162109375 0.09799554565701558 0.044921875
0 0.7939866369710468 0.1162109375 0.10022271714922049 0.044921875
0 0.9097995545657016 0.1162109375 0.10022271714922049 0.044921875