0 0.26483516483516484 0.05941704035874439 0.054945054945054944 0.05605381165919283
0 0.7307692307692307 0.13452914798206278 0.041758241758241756 0.03139013452914798
0 0.7791208791208791 0.13228699551569506 0.041758241758241756 0.03139013452914798
0 0.14615384615384616 0.16704035874439463 0.054945054945054944 0.07847533632286996
0 0.26263736263736265 0.16704035874439463 0.054945054945054944 0.07847533632286996
0 0.3791208791208791 0.16704035874439463 0.054945054945054944 0.07847533632286996
0 0.14175824175824175 0.30829596412556054 0.054945054945054944 0.07847533632286996
0 0.26263736263736265 0.3060538116591928 0.054945054945054944 0.07847533632286996
0 0.3769230769230769 0.30829596412556054 0.054945054945054944 0.07847533632286996
0 0.13956043956043956 0.4495515695067265 0.054945054945054944 0.07847533632286996
0 0.26043956043956046 0.4495515695067265 0.054945054945054944 0.07399103139013453
0 0.3769230769230769 0.4484304932735426 0.054945054945054944 0.07174887892376682
0 0.13956043956043956 0.5885650224215246 0.054945054945054944 0.07399103139013453
0 0.26043956043956046 0.5874439461883408 0.054945054945054944 0.07174887892376682
0 0.3747252747252747 0.5863228699551569 0.054945054945054944 0.07399103139013453
0 0.37362637362637363 0.7230941704035875 0.05274725274725275 0.06950672645739911
0 0.13846153846153847 0.7253363228699552 0.05274725274725275 0.06950672645739911
0 0.25934065934065936 0.7242152466367713 0.05274725274725275 0.07174887892376682
0 0.856043956043956 0.3508968609865471 0.03296703296703297 0.05605381165919283
0 0.8978021978021978 0.34977578475336324 0.03296703296703297 0.053811659192825115
0 0.932967032967033 0.34977578475336324 0.03296703296703297 0.053811659192825115
0 0.6626373626373626 0.3475336322869955 0.03296703296703297 0.053811659192825115
0 0.6208791208791209 0.3452914798206278 0.03296703296703297 0.053811659192825115
0 0.6 0.218609865470852 0.05714285714285714 0.06502242152466367
0 0.7186813186813187 0.2219730941704036 0.05714285714285714 0.06278026905829596
0 0.8395604395604396 0.2219730941704036 0.05714285714285714 0.06278026905829596
0 0.5714285714285714 0.48878923766816146 0.03076923076923077 0.06726457399103139
0 0.610989010989011 0.4899103139013453 0.03076923076923077 0.06502242152466367
0 0.7879120879120879 0.4910313901345291 0.03296703296703297 0.06278026905829596
0 0.8263736263736263 0.4899103139013453 0.03076923076923077 0.06053811659192825
0 0.8725274725274725 0.4899103139013453 0.03076923076923077 0.06053811659192825
0 0.9098901098901099 0.4899103139013453 0.03076923076923077 0.06053811659192825
0 0.5714285714285714 0.6311659192825112 0.03076923076923077 0.05605381165919283
0 0.610989010989011 0.6300448430493274 0.03076923076923077 0.053811659192825115
0 0.7857142857142857 0.6289237668161435 0.03296703296703297 0.06053811659192825
0 0.8241758241758241 0.6289237668161435 0.03076923076923077 0.06053811659192825
0 0.8714285714285714 0.6278026905829597 0.03296703296703297 0.06278026905829596
0 0.9087912087912088 0.6278026905829597 0.03296703296703297 0.06278026905829596
0 0.5692307692307692 0.7623318385650224 0.03076923076923077 0.05829596412556054
0 0.6076923076923076 0.7623318385650224 0.03296703296703297 0.05829596412556054
0 0.7197802197802198 0.7623318385650224 0.03296703296703297 0.05829596412556054
0 0.7593406593406593 0.7623318385650224 0.03296703296703297 0.05829596412556054
0 0.8670329670329671 0.7600896860986547 0.03296703296703297 0.05829596412556054
0 0.9098901098901099 0.7623318385650224 0.03076923076923077 0.05829596412556054