0 0.07666015625 0.2689655172413793 0.0791015625 0.15172413793103448
0 0.23486328125 0.2660098522167488 0.0791015625 0.15172413793103448
0 0.40869140625 0.27192118226600986 0.0791015625 0.15172413793103448
0 0.0751953125 0.5231527093596059 0.080078125 0.16354679802955666
0 0.23779296875 0.5216748768472906 0.0791015625 0.1625615763546798
0 0.40966796875 0.5275862068965518 0.0791015625 0.1625615763546798
0 0.5693359375 0.26945812807881775 0.0859375 0.1566502463054187
0 0.7412109375 0.274384236453202 0.0859375 0.1566502463054187
0 0.91162109375 0.2665024630541872 0.0869140625 0.1566502463054187
0 0.90869140625 0.532512315270936 0.0830078125 0.17044334975369457
0 0.7412109375 0.5295566502463054 0.083984375 0.17044334975369457
0 0.572265625 0.5295566502463054 0.083984375 0.17044334975369457
0 0.06787109375 0.7305418719211823 0.0927734375 0.042364532019704436
0 0.80029296875 0.8566502463054187 0.3369140625 0.2354679802955665