0 0.1611328125 0.25627769571639586 0.05078125 0.14623338257016247
0 0.28759765625 0.2570162481536189 0.0517578125 0.1447562776957164
0 0.4130859375 0.2555391432791728 0.05078125 0.1447562776957164
0 0.5390625 0.2570162481536189 0.05078125 0.1447562776957164
0 0.66748046875 0.25627769571639586 0.0517578125 0.14623338257016247
0 0.16015625 0.5420974889217134 0.05078125 0.15952732644017725
0 0.28564453125 0.5435745937961596 0.0517578125 0.15952732644017725
0 0.41259765625 0.5435745937961596 0.0517578125 0.15952732644017725
0 0.54052734375 0.5420974889217134 0.0517578125 0.15952732644017725
0 0.66748046875 0.5435745937961596 0.0517578125 0.15952732644017725
0 0.91845703125 0.2673559822747415 0.0498046875 0.10635155096011817
0 0.86328125 0.2673559822747415 0.044921875 0.10635155096011817
0 0.91943359375 0.5096011816838996 0.0478515625 0.10930576070901034
0 0.8642578125 0.5096011816838996 0.041015625 0.10930576070901034