0 0.21868787276341947 0.0693359375 0.13916500994035785 0.0390625
0 0.49502982107355864 0.06884765625 0.13916500994035785 0.0400390625
0 0.7713717693836978 0.0693359375 0.13916500994035785 0.0390625
0 0.7733598409542743 0.1357421875 0.13916500994035785 0.037109375
0 0.49502982107355864 0.13134765625 0.13916500994035785 0.0302734375
0 0.21868787276341947 0.13427734375 0.14314115308151093 0.0302734375
0 0.21868787276341947 0.21826171875 0.11530815109343936 0.0380859375
0 0.21669980119284293 0.27783203125 0.11530815109343936 0.0361328125
0 0.4960238568588469 0.27783203125 0.11332007952286283 0.0361328125
0 0.7733598409542743 0.2783203125 0.11530815109343936 0.03515625
0 0.7743538767395626 0.21875 0.11332007952286283 0.0390625
0 0.4960238568588469 0.21875 0.11332007952286283 0.0390625
0 0.14314115308151093 0.34765625 0.09145129224652088 0.0390625
0 0.28429423459244535 0.34716796875 0.09145129224652088 0.0380859375
0 0.4254473161033797 0.34765625 0.09145129224652088 0.0390625
0 0.5666003976143141 0.3486328125 0.09145129224652088 0.0390625
0 0.709741550695825 0.34765625 0.09145129224652088 0.0390625
0 0.8508946322067594 0.3486328125 0.09145129224652088 0.0390625
0 0.852882703777336 0.41650390625 0.09145129224652088 0.0380859375
0 0.709741550695825 0.416015625 0.09145129224652088 0.0390625
0 0.5725646123260437 0.4150390625 0.09145129224652088 0.0390625
0 0.4274353876739563 0.41650390625 0.09145129224652088 0.0380859375
0 0.2823061630218688 0.41552734375 0.09145129224652088 0.0380859375
0 0.1411530815109344 0.416015625 0.09145129224652088 0.0390625
0 0.1411530815109344 0.482421875 0.09145129224652088 0.0390625
0 0.2852882703777336 0.48291015625 0.09343936381709742 0.0419921875
0 0.43240556660039764 0.48291015625 0.09343936381709742 0.0419921875
0 0.5715705765407555 0.4833984375 0.09343936381709742 0.041015625
0 0.7166998011928429 0.48583984375 0.09343936381709742 0.0419921875
0 0.8538767395626242 0.48388671875 0.09343936381709742 0.0419921875
0 0.8538767395626242 0.5537109375 0.09343936381709742 0.041015625
0 0.7176938369781312 0.5537109375 0.09145129224652088 0.041015625
0 0.5735586481113321 0.55224609375 0.09343936381709742 0.0419921875
0 0.4304174950298211 0.55322265625 0.09343936381709742 0.0419921875
0 0.2912524850894632 0.55322265625 0.09343936381709742 0.0419921875
0 0.1441351888667992 0.55322265625 0.09343936381709742 0.0419921875
0 0.1441351888667992 0.62158203125 0.09343936381709742 0.0419921875
0 0.28926441351888665 0.62255859375 0.09343936381709742 0.0419921875
0 0.426441351888668 0.62158203125 0.09343936381709742 0.0419921875
0 0.5735586481113321 0.62158203125 0.09343936381709742 0.0419921875
0 0.7127236580516899 0.62353515625 0.09343936381709742 0.0419921875
0 0.8558648111332008 0.62353515625 0.09343936381709742 0.0419921875
0 0.8518886679920478 0.69091796875 0.09343936381709742 0.0419921875
0 0.7147117296222664 0.68994140625 0.09343936381709742 0.0419921875
0 0.5725646123260437 0.69091796875 0.09145129224652088 0.0419921875
0 0.4294234592445328 0.68994140625 0.09145129224652088 0.0419921875
0 0.2852882703777336 0.6884765625 0.09343936381709742 0.041015625
0 0.14214711729622267 0.68994140625 0.09343936381709742 0.0419921875
0 0.8459244532803181 0.75830078125 0.09343936381709742 0.0419921875
0 0.7087475149105368 0.7587890625 0.09343936381709742 0.041015625
0 0.5735586481113321 0.76025390625 0.09343936381709742 0.0419921875
0 0.4294234592445328 0.75830078125 0.09145129224652088 0.0419921875
0 0.29025844930417494 0.75927734375 0.09145129224652088 0.0419921875
0 0.147117296222664 0.75927734375 0.09145129224652088 0.0419921875
0 0.15009940357852883 0.82568359375 0.08946322067594434 0.0400390625
0 0.28926441351888665 0.82568359375 0.08946322067594434 0.0400390625
0 0.4304174950298211 0.82568359375 0.08946322067594434 0.0400390625
0 0.5695825049701789 0.82421875 0.08946322067594434 0.0390625
0 0.7067594433399602 0.82568359375 0.08946322067594434 0.0400390625
0 0.8449304174950298 0.82421875 0.0874751491053678 0.0390625
0 0.20178926441351888 0.89453125 0.15308151093439365 0.037109375
0 0.49403578528827036 0.89453125 0.15308151093439365 0.03515625
0 0.7872763419483101 0.89306640625 0.147117296222664 0.0361328125
0 0.49304174950298213 0.96044921875 0.18687872763419483 0.0458984375
0 0.7813121272365805 0.9619140625 0.1908548707753479 0.048828125
0 0.20576540755467196 0.9677734375 0.19284294234592445 0.05859375