0 0.25927734375 0.6058558558558559 0.0322265625 0.09759759759759759
0 0.33447265625 0.6058558558558559 0.0322265625 0.09759759759759759
0 0.40966796875 0.6051051051051051 0.0322265625 0.0990990990990991
0 0.48388671875 0.6058558558558559 0.0322265625 0.09759759759759759
0 0.55908203125 0.6058558558558559 0.0322265625 0.09759759759759759
0 0.78662109375 0.6081081081081081 0.0322265625 0.0990990990990991
0 0.71044921875 0.6073573573573574 0.0322265625 0.09759759759759759
0 0.63525390625 0.6073573573573574 0.0322265625 0.09759759759759759
0 0.259765625 0.7417417417417418 0.017578125 0.03003003003003003
0 0.3369140625 0.7417417417417418 0.017578125 0.03003003003003003
0 0.412109375 0.7417417417417418 0.017578125 0.03003003003003003
0 0.564453125 0.7432432432432432 0.017578125 0.03003003003003003
0 0.48779296875 0.7417417417417418 0.0166015625 0.03003003003003003
0 0.25927734375 0.8213213213213213 0.0166015625 0.04504504504504504
0 0.3349609375 0.8205705705705706 0.017578125 0.04354354354354354
0 0.48681640625 0.8205705705705706 0.0166015625 0.04354354354354354
0 0.56396484375 0.8220720720720721 0.0166015625 0.04354354354354354
0 0.71728515625 0.8228228228228228 0.0166015625 0.04504504504504504
0 0.12646484375 0.5367867867867868 0.0478515625 0.17867867867867868
0 0.259765625 0.46096096096096095 0.01953125 0.02702702702702703
0 0.3349609375 0.4617117117117117 0.01953125 0.028528528528528527
0 0.41064453125 0.4617117117117117 0.0185546875 0.028528528528528527
0 0.48486328125 0.4617117117117117 0.0185546875 0.028528528528528527
0 0.56103515625 0.4624624624624625 0.0185546875 0.02702702702702703
0 0.63671875 0.4624624624624625 0.01953125 0.02702702702702703
0 0.7138671875 0.4617117117117117 0.01953125 0.028528528528528527
0 0.78955078125 0.4624624624624625 0.0185546875 0.02702702702702703
0 0.2841796875 0.1629129129129129 0.025390625 0.03753753753753754
0 0.388671875 0.16441441441441443 0.025390625 0.03753753753753754
0 0.4931640625 0.16441441441441443 0.025390625 0.03753753753753754
0 0.59765625 0.16441441441441443 0.025390625 0.03753753753753754
0 0.703125 0.1629129129129129 0.025390625 0.03753753753753754
0 0.12646484375 0.3400900900900901 0.0205078125 0.013513513513513514
0 0.3369140625 0.4039039039039039 0.017578125 0.015015015015015015
0 0.26123046875 0.4039039039039039 0.0185546875 0.015015015015015015
0 0.41259765625 0.40465465465465467 0.0185546875 0.013513513513513514
0 0.48779296875 0.40465465465465467 0.0185546875 0.013513513513513514
0 0.56396484375 0.40465465465465467 0.0185546875 0.013513513513513514
0 0.64013671875 0.40465465465465467 0.0185546875 0.013513513513513514
0 0.7177734375 0.4039039039039039 0.017578125 0.015015015015015015
0 0.79443359375 0.40465465465465467 0.0185546875 0.013513513513513514