0 0.5835030549898167 0.02195945945945946 0.06720977596741344 0.02702702702702703
0 0.34521384928716903 0.34121621621621623 0.059063136456211814 0.14864864864864866
0 0.4287169042769857 0.3403716216216216 0.059063136456211814 0.14358108108108109
0 0.4226069246435845 0.5396959459459459 0.059063136456211814 0.13344594594594594
0 0.34012219959266804 0.5380067567567568 0.06517311608961303 0.1266891891891892
0 0.42057026476578413 0.745777027027027 0.059063136456211814 0.11993243243243243
0 0.3360488798370672 0.7449324324324325 0.06109979633401222 0.11824324324324324
0 0.8553971486761711 0.53125 0.09368635437881874 0.11655405405405406
0 0.8543788187372708 0.3217905405405405 0.09164969450101833 0.11655405405405406
0 0.8553971486761711 0.745777027027027 0.09368635437881874 0.11655405405405406
0 0.6221995926680245 0.53125 0.08757637474541752 0.11655405405405406
0 0.6232179226069247 0.3217905405405405 0.0855397148676171 0.11655405405405406
0 0.6221995926680245 0.745777027027027 0.08757637474541752 0.11655405405405406
0 0.1415478615071283 0.7440878378378378 0.08757637474541752 0.11655405405405406
0 0.15173116089613034 0.53125 0.08757637474541752 0.11655405405405406
0 0.15274949083503056 0.3277027027027027 0.0855397148676171 0.11486486486486487
0 0.4623217922606925 0.13513513513513514 0.17922606924643583 0.08783783783783784