0 0.201171875 0.3518057285180573 0.033203125 0.08094645080946451
0 0.201171875 0.5292652552926526 0.03125 0.0821917808219178
0 0.28076171875 0.5286425902864259 0.0302734375 0.08094645080946451
0 0.28173828125 0.3530510585305106 0.0322265625 0.08343711083437111
0 0.3603515625 0.3530510585305106 0.03125 0.08343711083437111
0 0.44140625 0.3530510585305106 0.03125 0.08343711083437111
0 0.52197265625 0.3530510585305106 0.0341796875 0.08343711083437111
0 0.6015625 0.35367372353673726 0.033203125 0.08468244084682441
0 0.681640625 0.3530510585305106 0.03515625 0.08343711083437111
0 0.68310546875 0.5298879202988792 0.0322265625 0.08343711083437111
0 0.60302734375 0.5298879202988792 0.0322265625 0.08343711083437111
0 0.52294921875 0.5305105853051059 0.0341796875 0.0821917808219178
0 0.443359375 0.5311332503113325 0.03515625 0.08343711083437111
0 0.3623046875 0.5292652552926526 0.033203125 0.0821917808219178
0 0.20166015625 0.7036114570361146 0.0322265625 0.08468244084682441
0 0.28173828125 0.7036114570361146 0.0322265625 0.08468244084682441
0 0.36181640625 0.702988792029888 0.0322265625 0.08343711083437111
0 0.44189453125 0.7023661270236613 0.0341796875 0.08468244084682441
0 0.52197265625 0.7042341220423413 0.0283203125 0.08343711083437111
0 0.60498046875 0.702988792029888 0.0283203125 0.08343711083437111
0 0.68212890625 0.7036114570361146 0.0361328125 0.08468244084682441
0 0.68212890625 0.8785803237858032 0.0302734375 0.08343711083437111
0 0.6025390625 0.8779576587795765 0.03125 0.08468244084682441
0 0.5234375 0.8767123287671232 0.03125 0.08468244084682441
0 0.44287109375 0.8754669987546699 0.0322265625 0.0896637608966376
0 0.361328125 0.8748443337484434 0.033203125 0.08841843088418432
0 0.2822265625 0.8748443337484434 0.033203125 0.08841843088418432
0 0.201171875 0.8748443337484434 0.033203125 0.08841843088418432
0 0.0634765625 0.3443337484433375 0.03515625 0.0859277708592777
0 0.0634765625 0.524906600249066 0.03515625 0.0859277708592777
0 0.064453125 0.6980074719800747 0.03515625 0.0859277708592777
0 0.064453125 0.8729763387297634 0.03515625 0.08468244084682441
0 0.78955078125 0.3518057285180573 0.0341796875 0.0859277708592777
0 0.951171875 0.35242839352428396 0.03515625 0.08468244084682441
0 0.8701171875 0.3530510585305106 0.03515625 0.0859277708592777
0 0.7880859375 0.5298879202988792 0.03515625 0.0859277708592777
0 0.869140625 0.5298879202988792 0.03515625 0.0859277708592777
0 0.9501953125 0.5292652552926526 0.03515625 0.08468244084682441
0 0.9501953125 0.7048567870485679 0.03515625 0.08468244084682441
0 0.8701171875 0.7036114570361146 0.03515625 0.08468244084682441
0 0.7890625 0.7042341220423413 0.03515625 0.0859277708592777
0 0.7890625 0.8779576587795765 0.03515625 0.08468244084682441
0 0.87109375 0.8767123287671232 0.03515625 0.08468244084682441
0 0.78173828125 0.17745952677459526 0.0283203125 0.053549190535491904
0 0.67578125 0.17683686176836863 0.029296875 0.052303860523038606
0 0.59521484375 0.17683686176836863 0.0302734375 0.052303860523038606
0 0.51513671875 0.17621419676214198 0.0302734375 0.053549190535491904
0 0.43603515625 0.17621419676214198 0.0302734375 0.053549190535491904
0 0.35791015625 0.17621419676214198 0.0302734375 0.053549190535491904
0 0.8642578125 0.17683686176836863 0.0234375 0.052303860523038606
0 0.9453125 0.17683686176836863 0.021484375 0.052303860523038606
0 0.27880859375 0.17745952677459526 0.0302734375 0.053549190535491904
0 0.19873046875 0.17496886674968867 0.0302734375 0.053549190535491904
0 0.75390625 0.08468244084682441 0.015625 0.029887920298879204