0 0.23763020833333334 0.4306640625 0.040364583333333336 0.05859375
0 0.23763020833333334 0.541015625 0.040364583333333336 0.05859375
0 0.3326822916666667 0.54150390625 0.040364583333333336 0.0595703125
0 0.3795572916666667 0.43017578125 0.08463541666666667 0.0576171875
0 0.4270833333333333 0.541015625 0.044270833333333336 0.060546875
0 0.5247395833333334 0.54150390625 0.041666666666666664 0.0595703125
0 0.5247395833333334 0.4306640625 0.0390625 0.056640625
0 0.6477864583333334 0.4296875 0.032552083333333336 0.056640625
0 0.69921875 0.4296875 0.03125 0.056640625
0 0.6477864583333334 0.54052734375 0.032552083333333336 0.0595703125
0 0.6998697916666666 0.54052734375 0.032552083333333336 0.0595703125
0 0.6490885416666666 0.65771484375 0.032552083333333336 0.0673828125
0 0.7018229166666666 0.658203125 0.033854166666666664 0.06640625
0 0.6484375 0.77978515625 0.033854166666666664 0.0615234375
0 0.701171875 0.77978515625 0.032552083333333336 0.0615234375
0 0.5260416666666666 0.91455078125 0.0390625 0.0751953125
0 0.4283854166666667 0.91552734375 0.046875 0.0751953125
0 0.3313802083333333 0.91552734375 0.048177083333333336 0.0751953125
0 0.236328125 0.7802734375 0.040364583333333336 0.0625
0 0.33203125 0.77978515625 0.041666666666666664 0.0615234375
0 0.4290364583333333 0.7802734375 0.040364583333333336 0.0625
0 0.5240885416666666 0.7802734375 0.040364583333333336 0.0625
0 0.525390625 0.65869140625 0.040364583333333336 0.0654296875
0 0.427734375 0.67138671875 0.045572916666666664 0.0927734375
0 0.3326822916666667 0.67138671875 0.040364583333333336 0.0927734375
0 0.236328125 0.658203125 0.040364583333333336 0.06640625
0 0.23697916666666666 0.3681640625 0.044270833333333336 0.01171875
0 0.3333333333333333 0.3681640625 0.044270833333333336 0.01171875
0 0.4270833333333333 0.36865234375 0.044270833333333336 0.0107421875
0 0.5240885416666666 0.36767578125 0.045572916666666664 0.0107421875
0 0.6731770833333334 0.3671875 0.049479166666666664 0.01171875
0 0.11393229166666667 0.4296875 0.03515625 0.060546875
0 0.0625 0.43017578125 0.033854166666666664 0.0615234375
0 0.11328125 0.5400390625 0.033854166666666664 0.0625
0 0.11263020833333333 0.6572265625 0.032552083333333336 0.068359375
0 0.08854166666666667 0.3671875 0.049479166666666664 0.01171875