0 0.8272569444444444 0.2722672064777328 0.03993055555555555 0.06680161943319839
0 0.6744791666666666 0.2722672064777328 0.03993055555555555 0.06680161943319839
0 0.5260416666666666 0.27125506072874495 0.041666666666666664 0.06477732793522267
0 0.3602430555555556 0.2682186234817814 0.03993055555555555 0.06680161943319839
0 0.5260416666666666 0.4291497975708502 0.05555555555555555 0.10931174089068826
0 0.359375 0.42813765182186236 0.05555555555555555 0.11133603238866396
0 0.6736111111111112 0.4291497975708502 0.05555555555555555 0.10931174089068826
0 0.8289930555555556 0.43218623481781376 0.05381944444444445 0.11133603238866396
0 0.3602430555555556 0.6022267206477733 0.05381944444444445 0.11133603238866396
0 0.5243055555555556 0.6012145748987854 0.05555555555555555 0.11336032388663968
0 0.6770833333333334 0.6032388663967612 0.05555555555555555 0.11336032388663968
0 0.8307291666666666 0.6032388663967612 0.05381944444444445 0.11336032388663968
0 0.8315972222222222 0.7732793522267206 0.05555555555555555 0.11336032388663968
0 0.6770833333333334 0.7742914979757085 0.05555555555555555 0.11538461538461539
0 0.5243055555555556 0.7753036437246964 0.05555555555555555 0.11740890688259109
0 0.359375 0.7773279352226721 0.05555555555555555 0.11740890688259109
0 0.359375 0.9534412955465587 0.05555555555555555 0.08906882591093117
0 0.5260416666666666 0.9554655870445344 0.05555555555555555 0.08906882591093117
0 0.8315972222222222 0.9534412955465587 0.05555555555555555 0.0931174089068826
0 0.6788194444444444 0.951417004048583 0.05555555555555555 0.0931174089068826
0 0.11979166666666667 0.757085020242915 0.041666666666666664 0.11336032388663968
0 0.1675347222222222 0.7580971659919028 0.043402777777777776 0.11538461538461539
0 0.17100694444444445 0.5738866396761133 0.03993055555555555 0.11538461538461539
0 0.12239583333333333 0.5718623481781376 0.03993055555555555 0.11538461538461539
0 0.16927083333333334 0.9473684210526315 0.03993055555555555 0.10526315789473684
0 0.1189236111111111 0.9473684210526315 0.03993055555555555 0.10526315789473684
0 0.14583333333333334 0.39979757085020245 0.04861111111111111 0.09109311740890688
0 0.18663194444444445 0.39979757085020245 0.015625 0.09109311740890688
0 0.10503472222222222 0.4008097165991903 0.015625 0.08906882591093117
0 0.17274305555555555 0.23582995951417005 0.05381944444444445 0.038461538461538464
0 0.9826388888888888 0.26619433198380565 0.027777777777777776 0.11133603238866396
0 0.9809027777777778 0.4392712550607287 0.024305555555555556 0.11336032388663968
0 0.9409722222222222 0.4291497975708502 0.013888888888888888 0.09716599190283401
0 0.9435763888888888 0.7732793522267206 0.012152777777777778 0.10526315789473684
0 0.9435763888888888 0.5991902834008097 0.012152777777777778 0.10526315789473684