0 0.34797297297297297 0.29897959183673467 0.09864864864864865 0.09591836734693877
0 0.17364864864864865 0.3020408163265306 0.09594594594594595 0.09795918367346938
0 0.17364864864864865 0.4969387755102041 0.09594594594594595 0.09591836734693877
0 0.3506756756756757 0.4989795918367347 0.09594594594594595 0.09591836734693877
0 0.17094594594594595 0.6979591836734694 0.09594594594594595 0.09795918367346938
0 0.35202702702702704 0.7010204081632653 0.09594594594594595 0.09591836734693877
0 0.15067567567567566 0.12448979591836734 0.08783783783783784 0.08979591836734693
0 0.5216216216216216 0.1 0.0918918918918919 0.08979591836734693
0 0.5209459459459459 0.29591836734693877 0.10675675675675676 0.09795918367346938
0 0.7216216216216216 0.29591836734693877 0.1 0.09387755102040816
0 0.8932432432432432 0.3 0.1 0.09387755102040816
0 0.8986486486486487 0.4959183673469388 0.1 0.09387755102040816
0 0.7283783783783784 0.4959183673469388 0.1 0.09387755102040816
0 0.7283783783783784 0.6959183673469388 0.1 0.09387755102040816
0 0.9 0.6938775510204082 0.1 0.09387755102040816
0 0.5256756756756756 0.6979591836734694 0.1 0.09387755102040816
0 0.5256756756756756 0.49795918367346936 0.1 0.09795918367346938
0 0.9033783783783784 0.11632653061224489 0.08783783783783784 0.07755102040816327
0 0.3472972972972973 0.09591836734693877 0.0891891891891892 0.07755102040816327
0 0.7243243243243244 0.07244897959183673 0.0891891891891892 0.03469387755102041
0 0.8006756756756757 0.9153061224489796 0.09594594594594595 0.13673469387755102
0 0.25472972972972974 0.8959183673469387 0.06351351351351352 0.09795918367346938
0 0.3614864864864865 0.9010204081632653 0.06351351351351352 0.1
0 0.1527027027027027 0.8959183673469387 0.062162162162162166 0.09795918367346938
0 0.46283783783783783 0.8989795918367347 0.06351351351351352 0.1
0 0.9087837837837838 0.9163265306122449 0.08783783783783784 0.13877551020408163