0 0.4765625 0.6728515625 0.08854166666666667 0.078125
0 0.4772135416666667 0.525390625 0.08984375 0.076171875
0 0.2649739583333333 0.5263671875 0.08984375 0.076171875
0 0.263671875 0.67431640625 0.08984375 0.0791015625
0 0.2610677083333333 0.8203125 0.08463541666666667 0.080078125
0 0.4088541666666667 0.81982421875 0.0625 0.0810546875
0 0.5442708333333334 0.81982421875 0.059895833333333336 0.0810546875
0 0.6920572916666666 0.8193359375 0.08723958333333333 0.08203125
0 0.69140625 0.671875 0.08854166666666667 0.080078125
0 0.6927083333333334 0.5234375 0.09114583333333333 0.076171875
0 0.693359375 0.3798828125 0.08984375 0.076171875
0 0.7220052083333334 0.23291015625 0.037760416666666664 0.0751953125
0 0.66796875 0.2333984375 0.036458333333333336 0.076171875
0 0.4772135416666667 0.380859375 0.08984375 0.076171875
0 0.5032552083333334 0.2353515625 0.037760416666666664 0.076171875
0 0.4498697916666667 0.2353515625 0.03515625 0.076171875
0 0.2649739583333333 0.38134765625 0.08984375 0.0751953125
0 0.2923177083333333 0.236328125 0.03515625 0.076171875
0 0.23893229166666666 0.236328125 0.03515625 0.076171875
0 0.029947916666666668 0.2509765625 0.0546875 0.078125
0 0.9407552083333334 0.189453125 0.08984375 0.076171875
0 0.9375 0.33837890625 0.08854166666666667 0.0869140625