0 0.10695187165775401 0.208984375 0.06684491978609626 0.0859375
0 0.26336898395721925 0.2099609375 0.06417112299465241 0.0859375
0 0.4217914438502674 0.21044921875 0.06550802139037433 0.0869140625
0 0.5788770053475936 0.20947265625 0.06684491978609626 0.0849609375
0 0.7346256684491979 0.21044921875 0.06550802139037433 0.0849609375
0 0.8903743315508021 0.21044921875 0.06684491978609626 0.0849609375
0 0.10695187165775401 0.3759765625 0.06684491978609626 0.087890625
0 0.2647058823529412 0.376953125 0.06684491978609626 0.08984375
0 0.42245989304812837 0.376953125 0.06684491978609626 0.087890625
0 0.5795454545454546 0.376953125 0.06818181818181818 0.087890625
0 0.7359625668449198 0.376953125 0.06550802139037433 0.08984375
0 0.8917112299465241 0.37646484375 0.06684491978609626 0.0888671875
0 0.10762032085561497 0.55322265625 0.06818181818181818 0.0947265625
0 0.26537433155080214 0.5537109375 0.06818181818181818 0.09375
0 0.42245989304812837 0.5537109375 0.06951871657754011 0.09375
0 0.5795454545454546 0.55419921875 0.07085561497326204 0.0947265625
0 0.7359625668449198 0.55517578125 0.06818181818181818 0.0947265625
0 0.8937165775401069 0.5537109375 0.07085561497326204 0.09375
0 0.10828877005347594 0.7314453125 0.06684491978609626 0.083984375
0 0.2660427807486631 0.73193359375 0.06684491978609626 0.0849609375
0 0.42379679144385024 0.732421875 0.06684491978609626 0.083984375
0 0.5808823529411765 0.7314453125 0.06550802139037433 0.083984375
0 0.7379679144385026 0.7314453125 0.06684491978609626 0.083984375
0 0.8957219251336899 0.7314453125 0.06684491978609626 0.0859375
0 0.10628342245989304 0.095703125 0.02540106951871658 0.021484375
0 0.2640374331550802 0.0966796875 0.02540106951871658 0.021484375
0 0.4217914438502674 0.0966796875 0.02540106951871658 0.021484375
0 0.5782085561497327 0.09765625 0.02540106951871658 0.021484375
0 0.892379679144385 0.0966796875 0.02540106951871658 0.021484375
0 0.7346256684491979 0.09765625 0.02540106951871658 0.021484375