0 0.8933601609657947 0.13037109375 0.08450704225352113 0.0693359375
0 0.7243460764587525 0.13134765625 0.08450704225352113 0.0693359375
0 0.5613682092555332 0.13232421875 0.08450704225352113 0.0693359375
0 0.3440643863179074 0.13134765625 0.08450704225352113 0.0693359375
0 0.1529175050301811 0.13134765625 0.08450704225352113 0.0693359375
0 0.14989939637826963 0.24853515625 0.08249496981891348 0.0693359375
0 0.3420523138832998 0.24853515625 0.08450704225352113 0.0693359375
0 0.5603621730382293 0.24658203125 0.08249496981891348 0.0693359375
0 0.7243460764587525 0.24658203125 0.08450704225352113 0.0693359375
0 0.8953722334004024 0.24560546875 0.08450704225352113 0.0693359375
0 0.89738430583501 0.36865234375 0.08450704225352113 0.0693359375
0 0.727364185110664 0.369140625 0.08249496981891348 0.068359375
0 0.5613682092555332 0.37060546875 0.08450704225352113 0.0693359375
0 0.34909456740442657 0.37060546875 0.08249496981891348 0.0693359375
0 0.15090543259557343 0.36962890625 0.08450704225352113 0.0693359375
0 0.15090543259557343 0.49072265625 0.08450704225352113 0.0693359375
0 0.3501006036217304 0.48974609375 0.08450704225352113 0.0693359375
0 0.5603621730382293 0.48876953125 0.07847082494969819 0.0693359375
0 0.727364185110664 0.49072265625 0.07847082494969819 0.0693359375
0 0.9024144869215291 0.48974609375 0.07847082494969819 0.0693359375
0 0.89738430583501 0.60498046875 0.08048289738430583 0.0693359375
0 0.7303822937625755 0.60595703125 0.08048289738430583 0.0693359375
0 0.5593561368209256 0.60595703125 0.08048289738430583 0.0693359375
0 0.3501006036217304 0.60595703125 0.08048289738430583 0.0693359375
0 0.15191146881287726 0.60791015625 0.07847082494969819 0.0693359375
0 0.89738430583501 0.71826171875 0.08048289738430583 0.0693359375
0 0.7293762575452716 0.72021484375 0.07847082494969819 0.0693359375