0 0.10066740823136819 0.21630859375 0.058954393770856504 0.0810546875
0 0.3348164627363737 0.220703125 0.048943270300333706 0.080078125
0 0.4638487208008899 0.22021484375 0.04671857619577308 0.0771484375
0 0.5311457174638488 0.220703125 0.04560622914349277 0.078125
0 0.6601779755283649 0.220703125 0.04338153503893215 0.076171875
0 0.7263626251390434 0.22021484375 0.04449388209121246 0.0771484375
0 0.85706340378198 0.220703125 0.05005561735261402 0.076171875
0 0.10011123470522804 0.376953125 0.05784204671857619 0.080078125
0 0.3331479421579533 0.380859375 0.047830923248053395 0.078125
0 0.46273637374860954 0.38134765625 0.04449388209121246 0.0791015625
0 0.5283648498331479 0.38134765625 0.042269187986651836 0.0791015625
0 0.657397107897664 0.38037109375 0.042269187986651836 0.0791015625
0 0.7235817575083426 0.38134765625 0.04338153503893215 0.0791015625
0 0.853726362625139 0.380859375 0.047830923248053395 0.078125
0 0.09955506117908787 0.5400390625 0.05672969966629588 0.08203125
0 0.3348164627363737 0.54296875 0.048943270300333706 0.083984375
0 0.4610678531701891 0.5419921875 0.041156840934371525 0.080078125
0 0.5283648498331479 0.54345703125 0.04004449388209121 0.0830078125
0 0.8531701890989989 0.54248046875 0.04449388209121246 0.0830078125
0 0.7230255839822024 0.53173828125 0.04449388209121246 0.0595703125
0 0.6579532814238043 0.53662109375 0.041156840934371525 0.0712890625
0 0.09955506117908787 0.70947265625 0.05672969966629588 0.0888671875
0 0.3342602892102336 0.7109375 0.05005561735261402 0.08984375
0 0.09566184649610679 0.87890625 0.04671857619577308 0.08984375
0 0.46051167964404893 0.71142578125 0.042269187986651836 0.0908203125
0 0.5261401557285873 0.71142578125 0.042269187986651836 0.0888671875
0 0.4610678531701891 0.8779296875 0.047830923248053395 0.087890625
0 0.8531701890989989 0.8798828125 0.048943270300333706 0.091796875
0 0.7202447163515017 0.87890625 0.05228031145717464 0.0859375
0 0.853726362625139 0.71142578125 0.05005561735261402 0.0888671875
0 0.7235817575083426 0.70654296875 0.04560622914349277 0.0830078125
0 0.6579532814238043 0.70751953125 0.04560622914349277 0.0830078125