0 0.2161594963273872 0.2816377171215881 0.01888772298006296 0.08684863523573201
0 0.332109129066107 0.2816377171215881 0.01993704092339979 0.08684863523573201
0 0.2166841552990556 0.4851116625310174 0.01993704092339979 0.08684863523573201
0 0.33315844700944386 0.48759305210918114 0.01993704092339979 0.08684863523573201
0 0.21773347324239245 0.6910669975186104 0.01993704092339979 0.08684863523573201
0 0.3336831059811123 0.6885856079404467 0.01888772298006296 0.08684863523573201
0 0.9333683105981112 0.6786600496277916 0.01993704092339979 0.08684863523573201
0 0.8153200419727177 0.6811414392059554 0.01888772298006296 0.08684863523573201
0 0.8179433368310598 0.47022332506203474 0.01993704092339979 0.08684863523573201
0 0.9354669464847849 0.46774193548387094 0.01993704092339979 0.08684863523573201
0 0.9365162644281217 0.2555831265508685 0.01993704092339979 0.09429280397022333
0 0.8158447009443861 0.25930521091811415 0.01993704092339979 0.09181141439205956
0 0.1390346274921301 0.2853598014888337 0.04302203567681007 0.09429280397022333
0 0.14008394543546696 0.49379652605459057 0.04302203567681007 0.09429280397022333
0 0.1390346274921301 0.6960297766749379 0.04302203567681007 0.0967741935483871
0 0.14113326337880377 0.8746898263027295 0.030430220356768102 0.07196029776674938
0 0.2738719832109129 0.3858560794044665 0.03987408184679958 0.10173697270471464
0 0.2759706190975866 0.5918114143920595 0.03987408184679958 0.10173697270471464
0 0.41395592864637987 0.28287841191067 0.04302203567681007 0.09429280397022333
0 0.41500524658971666 0.48883374689826303 0.04302203567681007 0.09429280397022333
0 0.41395592864637987 0.6947890818858561 0.04302203567681007 0.09429280397022333
0 0.7329485834207765 0.2642679900744417 0.04302203567681007 0.0967741935483871
0 0.7345225603357818 0.47642679900744417 0.046169989506820566 0.09429280397022333
0 0.7329485834207765 0.6836228287841191 0.0472193074501574 0.0967741935483871
0 0.8767051416579223 0.36724565756823824 0.040923399790136414 0.10421836228287841
0 0.8756558237145855 0.5781637717121588 0.040923399790136414 0.10421836228287841
0 0.6694648478488983 0.2667493796526055 0.04407135362014691 0.10669975186104218
0 0.6694648478488983 0.4826302729528536 0.04407135362014691 0.10669975186104218
0 0.6684155299055614 0.6910669975186104 0.04407135362014691 0.10669975186104218
0 0.5104931794333684 0.6997518610421837 0.06190975865687303 0.09925558312655088
0 0.5104931794333684 0.4913151364764268 0.06190975865687303 0.09925558312655088
0 0.5041972717733473 0.28287841191067 0.06190975865687303 0.09925558312655088
0 0.4087093389296957 0.8722084367245657 0.055613850996852045 0.052109181141439205
0 0.5073452256033578 0.8598014888337469 0.026232948583420776 0.02729528535980149
0 0.6558237145855194 0.8622828784119106 0.02728226652675761 0.02729528535980149
0 0.7371458551941238 0.869727047146402 0.055613850996852045 0.052109181141439205
0 0.2203567681007345 0.869727047146402 0.016789087093389297 0.052109181141439205