0 0.1345679012345679 0.16968911917098445 0.05925925925925926 0.08549222797927461
0 0.13271604938271606 0.36139896373056996 0.05555555555555555 0.08549222797927461
0 0.13271604938271606 0.5505181347150259 0.05555555555555555 0.08549222797927461
0 0.13209876543209875 0.7422279792746114 0.05432098765432099 0.08549222797927461
0 0.42345679012345677 0.560880829015544 0.05432098765432099 0.08549222797927461
0 0.42160493827160495 0.7603626943005182 0.05802469135802469 0.08549222797927461
0 0.42777777777777776 0.3588082901554404 0.05555555555555555 0.08549222797927461
0 0.42345679012345677 0.1645077720207254 0.05432098765432099 0.08549222797927461
0 0.5320987654320988 0.16968911917098445 0.05432098765432099 0.08549222797927461
0 0.5320987654320988 0.36658031088082904 0.05432098765432099 0.08549222797927461
0 0.5314814814814814 0.5634715025906736 0.05555555555555555 0.08549222797927461
0 0.5271604938271605 0.7655440414507773 0.05432098765432099 0.08549222797927461
0 0.8537037037037037 0.1567357512953368 0.06296296296296296 0.08549222797927461
0 0.8537037037037037 0.36658031088082904 0.06296296296296296 0.08549222797927461
0 0.8518518518518519 0.5764248704663213 0.06172839506172839 0.09067357512953368
0 0.8506172839506173 0.7810880829015544 0.06172839506172839 0.09067357512953368
0 0.2006172839506173 0.16839378238341968 0.03827160493827161 0.09326424870466321
0 0.19814814814814816 0.36139896373056996 0.03333333333333333 0.08549222797927461
0 0.1993827160493827 0.5544041450777202 0.03333333333333333 0.08808290155440414
0 0.19814814814814816 0.7487046632124352 0.03333333333333333 0.08808290155440414
0 0.35246913580246914 0.16968911917098445 0.03827160493827161 0.08549222797927461
0 0.3530864197530864 0.3639896373056995 0.04197530864197531 0.08549222797927461
0 0.35185185185185186 0.5582901554404145 0.04197530864197531 0.08549222797927461
0 0.3506172839506173 0.7551813471502591 0.03950617283950617 0.09067357512953368
0 0.6061728395061728 0.1645077720207254 0.04197530864197531 0.08549222797927461
0 0.604320987654321 0.3626943005181347 0.03827160493827161 0.09326424870466321
0 0.604320987654321 0.5699481865284974 0.03827160493827161 0.09326424870466321
0 0.6074074074074074 0.7694300518134715 0.03950617283950617 0.09326424870466321
0 0.778395061728395 0.16062176165803108 0.03827160493827161 0.09326424870466321
0 0.7746913580246914 0.36528497409326427 0.03827160493827161 0.09326424870466321
0 0.7746913580246914 0.572538860103627 0.03827160493827161 0.09326424870466321
0 0.7728395061728395 0.7797927461139896 0.04197530864197531 0.09326424870466321
0 0.2759259259259259 0.2707253886010363 0.07530864197530865 0.11139896373056994
0 0.27901234567901234 0.4650259067357513 0.07407407407407407 0.11139896373056994
0 0.2740740740740741 0.6593264248704663 0.07407407407407407 0.11139896373056994
0 0.6901234567901234 0.26813471502590674 0.08148148148148149 0.12176165803108809
0 0.6901234567901234 0.47150259067357514 0.08148148148148149 0.11917098445595854
0 0.6876543209876543 0.6761658031088082 0.08148148148148149 0.11917098445595854
0 0.13333333333333333 0.9183937823834197 0.05432098765432099 0.04404145077720207
0 0.1993827160493827 0.9209844559585493 0.03580246913580247 0.04404145077720207
0 0.35 0.9339378238341969 0.03580246913580247 0.04404145077720207