0 0.2786458333333333 0.36962890625 0.049479166666666664 0.0673828125
0 0.3444010416666667 0.3681640625 0.048177083333333336 0.06640625
0 0.314453125 0.50537109375 0.07942708333333333 0.0673828125
0 0.53125 0.376953125 0.06770833333333333 0.06640625
0 0.6393229166666666 0.37841796875 0.049479166666666664 0.0654296875
0 0.7024739583333334 0.37841796875 0.048177083333333336 0.0654296875
0 0.7037760416666666 0.51318359375 0.048177083333333336 0.0673828125
0 0.6412760416666666 0.51220703125 0.048177083333333336 0.0673828125
0 0.5338541666666666 0.5107421875 0.06510416666666667 0.06640625
0 0.537109375 0.642578125 0.06640625 0.06640625
0 0.5442708333333334 0.78125 0.06510416666666667 0.06640625
0 0.6432291666666666 0.64306640625 0.046875 0.0654296875
0 0.70703125 0.64404296875 0.046875 0.0673828125
0 0.6516927083333334 0.78369140625 0.04296875 0.0673828125
0 0.708984375 0.78271484375 0.04296875 0.0673828125
0 0.6555989583333334 0.90869140625 0.04296875 0.0654296875
0 0.7096354166666666 0.9091796875 0.044270833333333336 0.06640625
0 0.5481770833333334 0.90673828125 0.06510416666666667 0.0654296875
0 0.3404947916666667 0.8974609375 0.07682291666666667 0.05859375
0 0.3346354166666667 0.7802734375 0.08854166666666667 0.06640625
0 0.3177083333333333 0.638671875 0.08072916666666667 0.06640625
0 0.8098958333333334 0.3798828125 0.049479166666666664 0.06640625
0 0.8736979166666666 0.380859375 0.049479166666666664 0.06640625
0 0.8131510416666666 0.51416015625 0.048177083333333336 0.0654296875
0 0.8763020833333334 0.51416015625 0.049479166666666664 0.0654296875
0 0.8131510416666666 0.64453125 0.048177083333333336 0.06640625
0 0.8763020833333334 0.64501953125 0.049479166666666664 0.0654296875
0 0.8209635416666666 0.78369140625 0.04296875 0.0654296875
0 0.876953125 0.78466796875 0.04296875 0.0654296875
0 0.8216145833333334 0.90966796875 0.041666666666666664 0.0654296875
0 0.2877604166666667 0.89794921875 0.018229166666666668 0.0634765625
0 0.38671875 0.900390625 0.0078125 0.0625