0 0.1849942726231386 0.2294921875 0.10652920962199312 0.08203125
0 0.3888888888888889 0.2314453125 0.10652920962199312 0.08203125
0 0.5927835051546392 0.232421875 0.10652920962199312 0.080078125
0 0.7932416953035509 0.23095703125 0.1111111111111111 0.0791015625
0 0.19415807560137457 0.419921875 0.1111111111111111 0.111328125
0 0.4020618556701031 0.4189453125 0.11225658648339061 0.111328125
0 0.6134020618556701 0.41845703125 0.1111111111111111 0.1083984375
0 0.8230240549828178 0.4189453125 0.1134020618556701 0.111328125
0 0.1958762886597938 0.61962890625 0.11225658648339061 0.1103515625
0 0.4043528064146621 0.6201171875 0.10996563573883161 0.107421875
0 0.6122565864833907 0.62060546875 0.10882016036655212 0.1083984375
0 0.8230240549828178 0.62158203125 0.1111111111111111 0.1103515625
0 0.7869415807560137 0.017578125 0.06872852233676977 0.029296875
0 0.5853379152348225 0.0185546875 0.06872852233676977 0.029296875
0 0.19129438717067582 0.875 0.16036655211912945 0.19921875
0 0.39060710194730813 0.8740234375 0.16036655211912945 0.19921875
0 0.5933562428407789 0.8740234375 0.16036655211912945 0.19921875
0 0.7903780068728522 0.87353515625 0.15578465063001146 0.1982421875
0 0.936426116838488 0.89306640625 0.049255441008018326 0.1591796875
0 0.048109965635738834 0.89501953125 0.045819014891179836 0.1591796875
0 0.38717067583046966 0.0615234375 0.041237113402061855 0.02734375
0 0.5847651775486827 0.0634765625 0.037800687285223365 0.02734375
0 0.7852233676975945 0.06298828125 0.037800687285223365 0.0263671875