0 0.23893229166666666 0.462890625 0.05078125 0.064453125
0 0.337890625 0.462890625 0.048177083333333336 0.064453125
0 0.24088541666666666 0.5849609375 0.049479166666666664 0.06640625
0 0.3391927083333333 0.5849609375 0.048177083333333336 0.06640625
0 0.4375 0.462890625 0.046875 0.064453125
0 0.4381510416666667 0.58447265625 0.048177083333333336 0.0673828125
0 0.6490885416666666 0.5810546875 0.048177083333333336 0.06640625
0 0.6490885416666666 0.4580078125 0.048177083333333336 0.064453125
0 0.6549479166666666 0.71044921875 0.052083333333333336 0.0712890625
0 0.6536458333333334 0.84326171875 0.049479166666666664 0.0712890625
0 0.240234375 0.8466796875 0.048177083333333336 0.0703125
0 0.337890625 0.8466796875 0.048177083333333336 0.0703125
0 0.4361979166666667 0.8466796875 0.046875 0.0703125
0 0.4368489583333333 0.71533203125 0.048177083333333336 0.0693359375
0 0.3385416666666667 0.71630859375 0.049479166666666664 0.0693359375
0 0.240234375 0.71630859375 0.048177083333333336 0.0693359375
0 0.13932291666666666 0.4638671875 0.049479166666666664 0.064453125
0 0.040364583333333336 0.462890625 0.049479166666666664 0.064453125
0 0.13932291666666666 0.5849609375 0.049479166666666664 0.068359375
0 0.040364583333333336 0.58642578125 0.049479166666666664 0.0673828125
0 0.14127604166666666 0.71728515625 0.048177083333333336 0.0693359375
0 0.142578125 0.8466796875 0.048177083333333336 0.0703125
0 0.6536458333333334 0.2744140625 0.03125 0.0234375