0 0.1418816388467375 0.15877437325905291 0.07738998482549317 0.08913649025069638
0 0.2966616084977238 0.1615598885793872 0.07738998482549317 0.08913649025069638
0 0.2966616084977238 0.3384401114206128 0.07738998482549317 0.08635097493036212
0 0.1433990895295903 0.3384401114206128 0.07738998482549317 0.08635097493036212
0 0.295144157814871 0.5250696378830083 0.07738998482549317 0.08635097493036212
0 0.13657056145675264 0.5250696378830083 0.07890743550834597 0.08635097493036212
0 0.6016691957511381 0.16573816155988857 0.07738998482549317 0.08635097493036212
0 0.7564491654021245 0.16434540389972144 0.07738998482549317 0.08913649025069638
0 0.6031866464339909 0.3426183844011142 0.07738998482549317 0.08913649025069638
0 0.7594840667678301 0.34540389972144847 0.07738998482549317 0.08913649025069638
0 0.6001517450682853 0.5292479108635098 0.07738998482549317 0.08913649025069638
0 0.7564491654021245 0.5292479108635098 0.07738998482549317 0.08913649025069638
0 0.7564491654021245 0.7103064066852368 0.07738998482549317 0.08913649025069638
0 0.6031866464339909 0.713091922005571 0.08042488619119878 0.08913649025069638
0 0.2921092564491654 0.7116991643454039 0.08042488619119878 0.08635097493036212
0 0.13657056145675264 0.7103064066852368 0.07890743550834597 0.08913649025069638
0 0.9028831562974203 0.20334261838440112 0.07890743550834597 0.10027855153203342
0 0.9028831562974203 0.35376044568245124 0.08497723823975721 0.06128133704735376
0 0.9044006069802731 0.5334261838440112 0.08497723823975721 0.06406685236768803
0 0.9059180576631259 0.7158774373259053 0.0819423368740516 0.08356545961002786
0 0.04400606980273141 0.1713091922005571 0.07283763277693475 0.052924791086350974
0 0.04324734446130501 0.34958217270194986 0.07435508345978756 0.052924791086350974
0 0.04552352048558422 0.5376044568245125 0.07283763277693475 0.055710306406685235
0 0.044764795144157814 0.7033426183844012 0.07132018209408195 0.09192200557103064
0 0.47344461305007585 0.17270194986072424 0.03945371775417299 0.06685236768802229
0 0.47116843702579664 0.3551532033426184 0.0409711684370258 0.06963788300835655
0 0.47192716236722304 0.532033426183844 0.03945371775417299 0.06685236768802229
0 0.47268588770864944 0.713091922005571 0.0409711684370258 0.07799442896935933
0 0.4006069802731411 0.1671309192200557 0.036418816388467376 0.06128133704735376
0 0.3960546282245827 0.35236768802228413 0.036418816388467376 0.0584958217270195
0 0.3952959028831563 0.5306406685236769 0.03490136570561457 0.0584958217270195
0 0.3960546282245827 0.7284122562674095 0.036418816388467376 0.07520891364902507
0 0.38088012139605465 0.8690807799442897 0.03945371775417299 0.05013927576601671
0 0.5364188163884673 0.7200557103064067 0.01669195751138088 0.0807799442896936
0 0.5371775417298937 0.5306406685236769 0.015174506828528073 0.07520891364902507
0 0.5356600910470409 0.34818941504178275 0.015174506828528073 0.06685236768802229
0 0.5341426403641881 0.1671309192200557 0.018209408194233688 0.055710306406685235