0 0.22128378378378377 0.0966796875 0.125 0.046875
0 0.7618243243243243 0.09716796875 0.125 0.0478515625
0 0.49324324324324326 0.095703125 0.1554054054054054 0.046875
0 0.22466216216216217 0.17236328125 0.125 0.0400390625
0 0.7652027027027027 0.17138671875 0.125 0.0400390625
0 0.49493243243243246 0.17236328125 0.15878378378378377 0.0400390625
0 0.2195945945945946 0.26953125 0.14189189189189189 0.046875
0 0.7635135135135135 0.26953125 0.14189189189189189 0.046875
0 0.49493243243243246 0.26953125 0.15878378378378377 0.046875
0 0.21621621621621623 0.35693359375 0.12837837837837837 0.0595703125
0 0.768581081081081 0.35546875 0.13175675675675674 0.05859375
0 0.49324324324324326 0.3564453125 0.16216216216216217 0.056640625
0 0.49493243243243246 0.44873046875 0.15878378378378377 0.0654296875
0 0.7753378378378378 0.44580078125 0.125 0.0576171875
0 0.22128378378378377 0.44775390625 0.125 0.0576171875
0 0.7820945945945946 0.54052734375 0.13175675675675674 0.0478515625
0 0.21452702702702703 0.5439453125 0.13175675675675674 0.046875
0 0.777027027027027 0.63037109375 0.12162162162162163 0.0537109375
0 0.22466216216216217 0.6328125 0.125 0.0546875
0 0.5016891891891891 0.63427734375 0.16554054054054054 0.0615234375
0 0.5 0.72802734375 0.16216216216216217 0.0537109375
0 0.777027027027027 0.72607421875 0.12837837837837837 0.0537109375
0 0.22128378378378377 0.72998046875 0.11824324324324324 0.0537109375
0 0.5625 0.8330078125 0.3614864864864865 0.052734375
0 0.8209459459459459 0.83203125 0.05405405405405406 0.0546875
0 0.5 0.5419921875 0.22972972972972974 0.044921875