0 0.193359375 0.20408163265306123 0.03515625 0.09523809523809523
0 0.3154296875 0.20612244897959184 0.03515625 0.09659863945578231
0 0.37646484375 0.20748299319727892 0.0361328125 0.09659863945578231
0 0.451171875 0.20612244897959184 0.03515625 0.09659863945578231
0 0.51171875 0.20612244897959184 0.03515625 0.09659863945578231
0 0.58740234375 0.20748299319727892 0.0361328125 0.09659863945578231
0 0.646484375 0.20612244897959184 0.03515625 0.09659863945578231
0 0.7236328125 0.2054421768707483 0.03515625 0.09795918367346938
0 0.78271484375 0.2054421768707483 0.0361328125 0.09795918367346938
0 0.31591796875 0.41156462585034015 0.0361328125 0.09659863945578231
0 0.375 0.4129251700680272 0.03515625 0.09931972789115646
0 0.4521484375 0.4122448979591837 0.03515625 0.09795918367346938
0 0.51171875 0.4122448979591837 0.037109375 0.10068027210884353
0 0.587890625 0.41156462585034015 0.037109375 0.09931972789115646
0 0.64599609375 0.4108843537414966 0.0341796875 0.10068027210884353
0 0.1953125 0.41156462585034015 0.03515625 0.09931972789115646
0 0.7236328125 0.41020408163265304 0.03515625 0.09931972789115646
0 0.78125 0.4095238095238095 0.03515625 0.10068027210884353
0 0.19482421875 0.6204081632653061 0.0361328125 0.10340136054421768
0 0.31640625 0.6204081632653061 0.03515625 0.10612244897959183
0 0.3779296875 0.6204081632653061 0.03515625 0.10612244897959183
0 0.4521484375 0.6217687074829932 0.03515625 0.10612244897959183
0 0.51025390625 0.6224489795918368 0.0361328125 0.10476190476190476
0 0.5869140625 0.6217687074829932 0.03515625 0.10612244897959183
0 0.64453125 0.6204081632653061 0.03515625 0.10612244897959183
0 0.72265625 0.6204081632653061 0.03515625 0.10612244897959183
0 0.78173828125 0.6204081632653061 0.0361328125 0.10340136054421768
0 0.06787109375 0.23401360544217686 0.0224609375 0.08707482993197278
0 0.06884765625 0.43741496598639457 0.0224609375 0.10476190476190476
0 0.068359375 0.6340136054421769 0.0234375 0.10068027210884353
0 0.87744140625 0.26666666666666666 0.0361328125 0.09795918367346938
0 0.93798828125 0.2646258503401361 0.0361328125 0.09931972789115646
0 0.87890625 0.47006802721088436 0.037109375 0.09931972789115646
0 0.93896484375 0.46938775510204084 0.0380859375 0.09795918367346938
0 0.87841796875 0.6775510204081633 0.0361328125 0.10612244897959183
0 0.939453125 0.6775510204081633 0.037109375 0.10884353741496598
0 0.19580078125 0.8333333333333334 0.0732421875 0.1292517006802721
0 0.3486328125 0.8312925170068027 0.0703125 0.1251700680272109
0 0.06787109375 0.8700680272108844 0.0224609375 0.09931972789115646