0 0.22916666666666666 0.4736328125 0.08333333333333333 0.091796875
0 0.4186197916666667 0.47412109375 0.08463541666666667 0.0908203125
0 0.23046875 0.666015625 0.09375 0.111328125
0 0.4205729166666667 0.666015625 0.09635416666666667 0.111328125
0 0.6119791666666666 0.666015625 0.09635416666666667 0.111328125
0 0.8040364583333334 0.666015625 0.09505208333333333 0.111328125
0 0.798828125 0.47265625 0.08463541666666667 0.091796875
0 0.6087239583333334 0.4736328125 0.08463541666666667 0.08984375
0 0.4264322916666667 0.88623046875 0.11588541666666667 0.1064453125
0 0.8118489583333334 0.88720703125 0.12109375 0.1044921875
0 0.042317708333333336 0.474609375 0.07942708333333333 0.091796875