0 0.3168067226890756 0.2199546485260771 0.06554621848739496 0.13151927437641722
0 0.32605042016806723 0.4897959183673469 0.0773109243697479 0.14965986394557823
0 0.3277310924369748 0.7517006802721088 0.0773109243697479 0.15192743764172337
0 0.807563025210084 0.7426303854875284 0.07899159663865546 0.15192743764172337
0 0.8058823529411765 0.48639455782312924 0.07899159663865546 0.15192743764172337
0 0.795798319327731 0.21541950113378686 0.06554621848739496 0.13151927437641722
0 0.5680672268907563 0.2471655328798186 0.07058823529411765 0.17687074829931973
0 0.5689075630252101 0.5102040816326531 0.07563025210084033 0.18594104308390022
0 0.5705882352941176 0.782312925170068 0.07226890756302522 0.20861678004535147
0 0.07394957983193277 0.22789115646258504 0.05042016806722689 0.1655328798185941
0 0.073109243697479 0.4943310657596372 0.04873949579831933 0.16780045351473924
0 0.06890756302521009 0.7619047619047619 0.05042016806722689 0.16780045351473924