0 0.46746031746031746 0.19397590361445782 0.07142857142857142 0.09879518072289156
0 0.7880952380952381 0.19397590361445782 0.07142857142857142 0.09879518072289156
0 0.4452380952380952 0.372289156626506 0.07142857142857142 0.09879518072289156
0 0.8150793650793651 0.3759036144578313 0.06507936507936508 0.10120481927710843
0 0.44603174603174606 0.5433734939759036 0.06666666666666667 0.05542168674698795
0 0.8126984126984127 0.5445783132530121 0.06666666666666667 0.05301204819277108
0 0.6349206349206349 0.1746987951807229 0.06984126984126984 0.06506024096385542
0 0.23015873015873015 0.13975903614457832 0.08888888888888889 0.0819277108433735
0 0.15555555555555556 0.3469879518072289 0.0761904761904762 0.163855421686747
0 0.2865079365079365 0.3650602409638554 0.0746031746031746 0.17590361445783131
0 0.6333333333333333 0.39879518072289155 0.07301587301587302 0.1566265060240964
0 0.6333333333333333 0.5421686746987951 0.06666666666666667 0.05301204819277108
0 0.18095238095238095 0.5240963855421686 0.047619047619047616 0.09397590361445783
0 0.1246031746031746 0.5204819277108433 0.03968253968253968 0.09156626506024096
0 0.2523809523809524 0.5253012048192771 0.044444444444444446 0.09156626506024096
0 0.3111111111111111 0.5313253012048192 0.04126984126984127 0.07951807228915662