0 0.6399739583333334 0.80078125 0.04296875 0.04296875
0 0.6477864583333334 0.904296875 0.04296875 0.052734375
0 0.5013020833333334 0.904296875 0.052083333333333336 0.05078125
0 0.53515625 0.8037109375 0.033854166666666664 0.05078125
0 0.4674479166666667 0.80419921875 0.033854166666666664 0.0498046875
0 0.4010416666666667 0.80419921875 0.033854166666666664 0.0517578125
0 0.3645833333333333 0.89697265625 0.052083333333333336 0.0380859375
0 0.2265625 0.79931640625 0.044270833333333336 0.0400390625
0 0.22721354166666666 0.90380859375 0.04296875 0.0537109375
0 0.333984375 0.80419921875 0.032552083333333336 0.0517578125
0 0.33203125 0.701171875 0.033854166666666664 0.05078125
0 0.234375 0.689453125 0.044270833333333336 0.052734375
0 0.533203125 0.70166015625 0.032552083333333336 0.0498046875
0 0.4661458333333333 0.701171875 0.03125 0.05078125
0 0.3997395833333333 0.70166015625 0.03125 0.0498046875
0 0.533203125 0.60009765625 0.032552083333333336 0.0498046875
0 0.4661458333333333 0.60009765625 0.03125 0.0498046875
0 0.3997395833333333 0.60009765625 0.03125 0.0498046875
0 0.6673177083333334 0.6904296875 0.04296875 0.052734375
0 0.666015625 0.58349609375 0.04296875 0.0517578125
0 0.6458333333333334 0.48583984375 0.041666666666666664 0.0361328125
0 0.5358072916666666 0.49560546875 0.032552083333333336 0.0498046875
0 0.4680989583333333 0.49560546875 0.032552083333333336 0.0498046875
0 0.400390625 0.49560546875 0.032552083333333336 0.0498046875
0 0.33203125 0.60009765625 0.033854166666666664 0.0498046875
0 0.23307291666666666 0.58349609375 0.044270833333333336 0.0517578125
0 0.3326822916666667 0.4951171875 0.032552083333333336 0.05078125
0 0.22526041666666666 0.4833984375 0.041666666666666664 0.03125
0 0.07747395833333333 0.5517578125 0.040364583333333336 0.048828125
0 0.07682291666666667 0.65185546875 0.036458333333333336 0.0498046875
0 0.07877604166666667 0.75634765625 0.032552083333333336 0.0498046875
0 0.806640625 0.49755859375 0.055989583333333336 0.0498046875
0 0.8053385416666666 0.599609375 0.055989583333333336 0.05078125
0 0.8040364583333334 0.7021484375 0.055989583333333336 0.05078125
0 0.6510416666666666 0.98486328125 0.0390625 0.0263671875
0 0.22916666666666666 0.9833984375 0.041666666666666664 0.02734375