0 0.5111420612813371 0.32142857142857145 0.06963788300835655 0.05263157894736842
0 0.3607242339832869 0.32048872180451127 0.06963788300835655 0.05451127819548872
0 0.6601671309192201 0.32048872180451127 0.06685236768802229 0.05451127819548872
0 0.21309192200557103 0.4323308270676692 0.0807799442896936 0.06015037593984962
0 0.362116991643454 0.43139097744360905 0.07799442896935933 0.06203007518796992
0 0.5111420612813371 0.43139097744360905 0.0807799442896936 0.06203007518796992
0 0.6559888579387186 0.42951127819548873 0.0807799442896936 0.06203007518796992
0 0.8119777158774373 0.42951127819548873 0.0807799442896936 0.06203007518796992
0 0.21587743732590528 0.543233082706767 0.0807799442896936 0.06390977443609022
0 0.3607242339832869 0.5460526315789473 0.0807799442896936 0.06578947368421052
0 0.5125348189415042 0.5451127819548872 0.08356545961002786 0.06390977443609022
0 0.6643454038997214 0.5413533834586466 0.0807799442896936 0.06390977443609022
0 0.8091922005571031 0.5413533834586466 0.0807799442896936 0.06390977443609022
0 0.21309192200557103 0.6578947368421053 0.0807799442896936 0.06390977443609022
0 0.3607242339832869 0.6560150375939849 0.0807799442896936 0.06390977443609022
0 0.5139275766016713 0.6578947368421053 0.0807799442896936 0.06390977443609022
0 0.6615598885793872 0.6578947368421053 0.0807799442896936 0.06390977443609022
0 0.8119777158774373 0.6560150375939849 0.0807799442896936 0.06390977443609022
0 0.8119777158774373 0.7669172932330827 0.0807799442896936 0.06390977443609022
0 0.6615598885793872 0.768796992481203 0.0807799442896936 0.06390977443609022
0 0.5111420612813371 0.768796992481203 0.0807799442896936 0.06390977443609022
0 0.36908077994428967 0.7706766917293233 0.0807799442896936 0.06390977443609022
0 0.21309192200557103 0.7697368421052632 0.0807799442896936 0.06578947368421052
0 0.09192200557103064 0.5507518796992481 0.03899721448467967 0.05639097744360902
0 0.0947075208913649 0.6560150375939849 0.033426183844011144 0.06015037593984962
0 0.09331476323119778 0.768796992481203 0.036211699164345405 0.06015037593984962
0 0.935933147632312 0.5451127819548872 0.033426183844011144 0.06015037593984962
0 0.9331476323119777 0.6560150375939849 0.033426183844011144 0.06015037593984962
0 0.9345403899721448 0.768796992481203 0.036211699164345405 0.06015037593984962
0 0.5139275766016713 0.2349624060150376 0.06406685236768803 0.022556390977443608